0.467000    2.184    0.008 
0.468343    2.179    0.009 
0.469687    2.175    0.010 
0.471030    2.170    0.010 
0.472374    2.164    0.011 
0.473717    2.159    0.012 
0.475061    2.152    0.013 
0.476404    2.146    0.014 
0.477747    2.139    0.016 
0.479091    2.131    0.017 
0.480434    2.122    0.019 
0.481778    2.113    0.021 
0.483121    2.103    0.023 
0.484465    2.091    0.026 
0.485808    2.078    0.029 
0.487152    2.064    0.033 
0.488495    2.048    0.038 
0.489838    2.030    0.044 
0.491182    2.010    0.051 
0.492525    1.986    0.059 
0.493869    1.959    0.070 
0.495212    1.927    0.085 
0.496556    1.889    0.104 
0.497899    1.844    0.130 
0.499242    1.790    0.168 
0.500586    1.724    0.222 
0.501929    1.647    0.305 
0.503273    1.563    0.437 
0.504616    1.497    0.647 
0.505960    1.514    0.947 
0.507303    1.697    1.293 
0.508646    2.105    1.558 
0.509990    2.657    1.540 
0.511333    3.053    1.202 
0.512677    3.157    0.816 
0.514020    3.109    0.546 
0.515364    3.024    0.378 
0.516707    2.942    0.273 
0.518051    2.871    0.205 
0.519394    2.812    0.160 
0.520737    2.763    0.127 
0.522081    2.722    0.104 
0.523424    2.688    0.087 
0.524768    2.659    0.073 
0.526111    2.634    0.063 
0.527455    2.612    0.054 
0.528798    2.593    0.048 
0.530141    2.576    0.042 
0.531485    2.561    0.037 
0.532828    2.548    0.033 
0.534172    2.536    0.030 
0.535515    2.525    0.027 
0.536859    2.515    0.025 
0.538202    2.506    0.023 
0.539545    2.498    0.021 
0.540889    2.490    0.019 
0.542232    2.484    0.018 
0.543576    2.477    0.017 
0.544919    2.471    0.015 
0.546263    2.466    0.014 
0.547606    2.461    0.014 
0.548949    2.456    0.013 
0.550293    2.451    0.012 
0.551636    2.447    0.011 
0.552980    2.443    0.011 
0.554323    2.440    0.010 
0.555667    2.436    0.010 
0.557010    2.433    0.009 
0.558354    2.430    0.009 
0.559697    2.427    0.008 
0.561040    2.424    0.008 
0.562384    2.421    0.007 
0.563727    2.419    0.007 
0.565071    2.416    0.007 
0.566414    2.414    0.007 
0.567758    2.412    0.006 
0.569101    2.410    0.006 
0.570444    2.408    0.006 
0.571788    2.406    0.006 
0.573131    2.404    0.005 
0.574475    2.402    0.005 
0.575818    2.400    0.005 
0.577162    2.399    0.005 
0.578505    2.397    0.005 
0.579848    2.396    0.005 
0.581192    2.394    0.004 
0.582535    2.393    0.004 
0.583879    2.391    0.004 
0.585222    2.390    0.004 
0.586566    2.389    0.004 
0.587909    2.388    0.004 
0.589253    2.386    0.004 
0.590596    2.385    0.004 
0.591939    2.384    0.003 
0.593283    2.383    0.003 
0.594626    2.382    0.003 
0.595970    2.381    0.003 
0.597313    2.380    0.003 
0.598657    2.379    0.003 
0.600000    2.378    0.003 
