1.937000 0.240000 14.080000 
1.610000 0.150000 11.850000 
1.393000 0.130000 10.100000 
1.216000 0.090000 8.828000 
1.088000 0.040000 7.795000 
0.984000 0.040000 6.992000 
0.892000 0.040000 6.312000 
0.821100 0.040000 5.727000 
0.756000 0.030000 5.242000 
0.704500 0.040000 4.838000 
0.659500 0.050000 4.483000 
0.616800 0.060000 4.152000 
0.582100 0.050000 3.858000 
0.548600 0.060000 3.586000 
0.520900 0.050000 3.324000 
0.495900 0.050000 3.093000 
0.471400 0.050000 2.869000 
0.450900 0.040000 2.657000 
0.430500 0.040000 2.462000 
0.413300 0.050000 2.275000 
0.397400 0.050000 2.070000 
0.381500 0.050000 1.864000 
0.367900 0.070000 1.657000 
0.354200 0.100000 1.419000 
0.342500 0.140000 1.142000 
0.331500 0.170000 0.829000 
0.320400 0.810000 0.392000 
0.310700 1.130000 0.616000 
0.300900 1.340000 0.964000 
0.292400 1.390000 1.161000 
0.284400 1.410000 1.264000 
0.276100 1.410000 1.331000 
0.268900 1.380000 1.372000 
0.261600 1.350000 1.387000 
0.255100 1.330000 1.393000 
0.249000 1.310000 1.389000 
0.242600 1.300000 1.378000 
0.237100 1.280000 1.367000 
0.231300 1.280000 1.357000 
0.226200 1.260000 1.344000 
0.221400 1.250000 1.342000 
0.216400 1.220000 1.336000 
0.211900 1.200000 1.325000 
0.207300 1.180000 1.312000 
0.203300 1.150000 1.296000 
0.199300 1.140000 1.277000 
0.195300 1.120000 1.255000 
0.191600 1.100000 1.232000 
0.187900 1.070000 1.212000 
