1.100000 	 1.179780 	 11.045400 
1.099000 	 1.179660 	 11.032500 
1.098000 	 1.179560 	 11.019600 
1.097000 	 1.179470 	 11.006700 
1.096000 	 1.179400 	 10.993800 
1.095000 	 1.179340 	 10.980800 
1.094000 	 1.179290 	 10.967900 
1.093000 	 1.179260 	 10.954900 
1.092000 	 1.179250 	 10.941900 
1.091000 	 1.179250 	 10.928900 
1.090000 	 1.179270 	 10.915900 
1.089000 	 1.179300 	 10.902800 
1.088000 	 1.179350 	 10.889800 
1.087000 	 1.179410 	 10.876700 
1.086000 	 1.179490 	 10.863700 
1.085000 	 1.179590 	 10.850600 
1.084000 	 1.179710 	 10.837400 
1.083000 	 1.179840 	 10.824300 
1.082000 	 1.179990 	 10.811200 
1.081000 	 1.180160 	 10.798000 
1.080000 	 1.180350 	 10.784800 
1.079000 	 1.180560 	 10.771600 
1.078000 	 1.180780 	 10.758400 
1.077000 	 1.181030 	 10.745200 
1.076000 	 1.181290 	 10.732000 
1.075000 	 1.181570 	 10.718700 
1.074000 	 1.181870 	 10.705400 
1.073000 	 1.182200 	 10.692100 
1.072000 	 1.182540 	 10.678800 
1.071000 	 1.182900 	 10.665500 
1.070000 	 1.183290 	 10.652100 
1.069000 	 1.183700 	 10.638800 
1.068000 	 1.184120 	 10.625400 
1.067000 	 1.184580 	 10.612000 
1.066000 	 1.185050 	 10.598600 
1.065000 	 1.185540 	 10.585200 
1.064000 	 1.186060 	 10.571700 
1.063000 	 1.186610 	 10.558300 
1.062000 	 1.187170 	 10.544800 
1.061000 	 1.187760 	 10.531300 
1.060000 	 1.188380 	 10.517800 
1.059000 	 1.189020 	 10.504200 
1.058000 	 1.189680 	 10.490700 
1.057000 	 1.190380 	 10.477100 
1.056000 	 1.191090 	 10.463500 
1.055000 	 1.191840 	 10.449900 
1.054000 	 1.192610 	 10.436300 
1.053000 	 1.193410 	 10.422700 
1.052000 	 1.194230 	 10.409000 
1.051000 	 1.195090 	 10.395300 
1.050000 	 1.195970 	 10.381600 
1.049000 	 1.196880 	 10.367900 
1.048000 	 1.197820 	 10.354200 
1.047000 	 1.198790 	 10.340500 
1.046000 	 1.199790 	 10.326700 
1.045000 	 1.200830 	 10.312900 
1.044000 	 1.201890 	 10.299100 
1.043000 	 1.202990 	 10.285300 
1.042000 	 1.204110 	 10.271500 
1.041000 	 1.205280 	 10.257600 
1.040000 	 1.206470 	 10.243700 
1.039000 	 1.207700 	 10.229900 
1.038000 	 1.208960 	 10.215900 
1.037000 	 1.210260 	 10.202000 
1.036000 	 1.211590 	 10.188100 
1.035000 	 1.212960 	 10.174100 
1.034000 	 1.214360 	 10.160200 
1.033000 	 1.215810 	 10.146200 
1.032000 	 1.217290 	 10.132200 
1.031000 	 1.218810 	 10.118100 
1.030000 	 1.220360 	 10.104100 
1.029000 	 1.221960 	 10.090000 
1.028000 	 1.223600 	 10.075900 
1.027000 	 1.225270 	 10.061900 
1.026000 	 1.226990 	 10.047700 
1.025000 	 1.228750 	 10.033600 
1.024000 	 1.230560 	 10.019500 
1.023000 	 1.232410 	 10.005300 
1.022000 	 1.234300 	 9.991140 
1.021000 	 1.236230 	 9.976950 
1.020000 	 1.238210 	 9.962750 
1.019000 	 1.240240 	 9.948530 
1.018000 	 1.242310 	 9.934290 
1.017000 	 1.244430 	 9.920040 
1.016000 	 1.246600 	 9.905780 
1.015000 	 1.248820 	 9.891500 
1.014000 	 1.251090 	 9.877210 
1.013000 	 1.253410 	 9.862900 
1.012000 	 1.255780 	 9.848580 
1.011000 	 1.258200 	 9.834250 
1.010000 	 1.260670 	 9.819900 
1.009000 	 1.263200 	 9.805550 
1.008000 	 1.265780 	 9.791180 
1.007000 	 1.268420 	 9.776800 
1.006000 	 1.271110 	 9.762410 
1.005000 	 1.273860 	 9.748010 
1.004000 	 1.276670 	 9.733600 
1.003000 	 1.279540 	 9.719180 
1.002000 	 1.282460 	 9.704750 
1.001000 	 1.285450 	 9.690320 
1.000000 	 1.288500 	 9.675880 
0.999000 	 1.291600 	 9.661430 
0.998000 	 1.294780 	 9.646970 
0.997000 	 1.298010 	 9.632510 
0.996000 	 1.301310 	 9.618040 
0.995000 	 1.304680 	 9.603580 
0.994000 	 1.308110 	 9.589110 
0.993000 	 1.311610 	 9.574630 
0.992000 	 1.315180 	 9.560160 
0.991000 	 1.318820 	 9.545690 
0.990000 	 1.322530 	 9.531210 
0.989000 	 1.326310 	 9.516750 
0.988000 	 1.330160 	 9.502280 
0.987000 	 1.334080 	 9.487820 
0.986000 	 1.338080 	 9.473370 
0.985000 	 1.342150 	 9.458920 
0.984000 	 1.346300 	 9.444490 
0.983000 	 1.350530 	 9.430070 
0.982000 	 1.354830 	 9.415660 
0.981000 	 1.359210 	 9.401260 
0.980000 	 1.363660 	 9.386880 
0.979000 	 1.368200 	 9.372520 
0.978000 	 1.372810 	 9.358180 
0.977000 	 1.377510 	 9.343870 
0.976000 	 1.382280 	 9.329580 
0.975000 	 1.387140 	 9.315320 
0.974000 	 1.392070 	 9.301090 
0.973000 	 1.397090 	 9.286900 
0.972000 	 1.402180 	 9.272750 
0.971000 	 1.407350 	 9.258630 
0.970000 	 1.412610 	 9.244570 
0.969000 	 1.417940 	 9.230550 
0.968000 	 1.423340 	 9.216590 
0.967000 	 1.428820 	 9.202680 
0.966000 	 1.434370 	 9.188840 
0.965000 	 1.439980 	 9.175060 
0.964000 	 1.445660 	 9.161360 
0.963000 	 1.451400 	 9.147740 
0.962000 	 1.457190 	 9.134200 
0.961000 	 1.463020 	 9.120750 
0.960000 	 1.468890 	 9.107390 
0.959000 	 1.474780 	 9.094140 
0.958000 	 1.480680 	 9.080990 
0.957000 	 1.486570 	 9.067950 
0.956000 	 1.492450 	 9.055020 
0.955000 	 1.498280 	 9.042210 
0.954000 	 1.504040 	 9.029500 
0.953000 	 1.509700 	 9.016900 
0.952000 	 1.515230 	 9.004380 
0.951000 	 1.520590 	 8.991940 
0.950000 	 1.525750 	 8.979530 
0.949000 	 1.530670 	 8.967120 
0.948000 	 1.535320 	 8.954650 
0.947000 	 1.539660 	 8.942040 
0.946000 	 1.543690 	 8.929200 
0.945000 	 1.547410 	 8.916020 
0.944000 	 1.550870 	 8.902390 
0.943000 	 1.554140 	 8.888170 
0.942000 	 1.557370 	 8.873260 
0.941000 	 1.560710 	 8.857580 
0.940000 	 1.564370 	 8.841120 
0.939000 	 1.568560 	 8.823910 
0.938000 	 1.573480 	 8.806070 
0.937000 	 1.579280 	 8.787770 
0.936000 	 1.586050 	 8.769220 
0.935000 	 1.593820 	 8.750630 
0.934000 	 1.602530 	 8.732220 
0.933000 	 1.612090 	 8.714130 
0.932000 	 1.622380 	 8.696500 
0.931000 	 1.633260 	 8.679380 
0.930000 	 1.644620 	 8.662810 
0.929000 	 1.656350 	 8.646800 
0.928000 	 1.668340 	 8.631330 
0.927000 	 1.680520 	 8.616350 
0.926000 	 1.692840 	 8.601840 
0.925000 	 1.705260 	 8.587760 
0.924000 	 1.717740 	 8.574070 
0.923000 	 1.730280 	 8.560740 
0.922000 	 1.742850 	 8.547730 
0.921000 	 1.755450 	 8.535020 
0.920000 	 1.768080 	 8.522580 
0.919000 	 1.780730 	 8.510410 
0.918000 	 1.793410 	 8.498480 
0.917000 	 1.806120 	 8.486780 
0.916000 	 1.818860 	 8.475300 
0.915000 	 1.831640 	 8.464040 
0.914000 	 1.844460 	 8.452980 
0.913000 	 1.857320 	 8.442130 
0.912000 	 1.870230 	 8.431480 
0.911000 	 1.883180 	 8.421030 
0.910000 	 1.896180 	 8.410780 
0.909000 	 1.909230 	 8.400730 
0.908000 	 1.922340 	 8.390880 
0.907000 	 1.935500 	 8.381240 
0.906000 	 1.948710 	 8.371790 
0.905000 	 1.961970 	 8.362550 
0.904000 	 1.975290 	 8.353520 
0.903000 	 1.988660 	 8.344700 
0.902000 	 2.002070 	 8.336100 
0.901000 	 2.015540 	 8.327710 
0.900000 	 2.029060 	 8.319540 
0.899000 	 2.042610 	 8.311590 
0.898000 	 2.056220 	 8.303870 
0.897000 	 2.069850 	 8.296380 
0.896000 	 2.083530 	 8.289120 
0.895000 	 2.097240 	 8.282100 
0.894000 	 2.110970 	 8.275310 
0.893000 	 2.124730 	 8.268770 
0.892000 	 2.138510 	 8.262480 
0.891000 	 2.152310 	 8.256440 
0.890000 	 2.166110 	 8.250640 
0.889000 	 2.179920 	 8.245100 
0.888000 	 2.193730 	 8.239820 
0.887000 	 2.207530 	 8.234800 
0.886000 	 2.221320 	 8.230040 
0.885000 	 2.235100 	 8.225550 
0.884000 	 2.248840 	 8.221320 
0.883000 	 2.262560 	 8.217360 
0.882000 	 2.276240 	 8.213670 
0.881000 	 2.289880 	 8.210250 
0.880000 	 2.303460 	 8.207100 
0.879000 	 2.316990 	 8.204230 
0.878000 	 2.330450 	 8.201630 
0.877000 	 2.343830 	 8.199310 
0.876000 	 2.357140 	 8.197260 
0.875000 	 2.370360 	 8.195480 
0.874000 	 2.383480 	 8.193980 
0.873000 	 2.396490 	 8.192750 
0.872000 	 2.409400 	 8.191790 
0.871000 	 2.422180 	 8.191110 
0.870000 	 2.434830 	 8.190690 
0.869000 	 2.447350 	 8.190540 
0.868000 	 2.459730 	 8.190650 
0.867000 	 2.471950 	 8.191030 
0.866000 	 2.484000 	 8.191660 
0.865000 	 2.495890 	 8.192550 
0.864000 	 2.507600 	 8.193690 
0.863000 	 2.519130 	 8.195080 
0.862000 	 2.530460 	 8.196710 
0.861000 	 2.541590 	 8.198570 
0.860000 	 2.552520 	 8.200670 
0.859000 	 2.563220 	 8.203000 
0.858000 	 2.573700 	 8.205540 
0.857000 	 2.583950 	 8.208300 
0.856000 	 2.593960 	 8.211260 
0.855000 	 2.603730 	 8.214430 
0.854000 	 2.613240 	 8.217780 
0.853000 	 2.622490 	 8.221320 
0.852000 	 2.631480 	 8.225040 
0.851000 	 2.640200 	 8.228920 
0.850000 	 2.648650 	 8.232950 
0.849000 	 2.656810 	 8.237140 
0.848000 	 2.664690 	 8.241460 
0.847000 	 2.672270 	 8.245910 
0.846000 	 2.679570 	 8.250480 
0.845000 	 2.686560 	 8.255150 
0.844000 	 2.693260 	 8.259920 
0.843000 	 2.699660 	 8.264760 
0.842000 	 2.705750 	 8.269680 
0.841000 	 2.711540 	 8.274660 
0.840000 	 2.717030 	 8.279690 
0.839000 	 2.722210 	 8.284750 
0.838000 	 2.727080 	 8.289830 
0.837000 	 2.731660 	 8.294920 
0.836000 	 2.735940 	 8.300000 
0.835000 	 2.739920 	 8.305070 
0.834000 	 2.743610 	 8.310110 
0.833000 	 2.747020 	 8.315100 
0.832000 	 2.750150 	 8.320040 
0.831000 	 2.753010 	 8.324910 
0.830000 	 2.755600 	 8.329710 
0.829000 	 2.757940 	 8.334400 
0.828000 	 2.760040 	 8.339000 
0.827000 	 2.761910 	 8.343480 
0.826000 	 2.763560 	 8.347840 
0.825000 	 2.765000 	 8.352070 
0.824000 	 2.766260 	 8.356150 
0.823000 	 2.767340 	 8.360080 
0.822000 	 2.768260 	 8.363870 
0.821000 	 2.769050 	 8.367490 
0.820000 	 2.769720 	 8.370960 
0.819000 	 2.770290 	 8.374260 
0.818000 	 2.770780 	 8.377400 
0.817000 	 2.771210 	 8.380390 
0.816000 	 2.771610 	 8.383230 
0.815000 	 2.771990 	 8.385920 
0.814000 	 2.772370 	 8.388490 
0.813000 	 2.772770 	 8.390940 
0.812000 	 2.773220 	 8.393290 
0.811000 	 2.773720 	 8.395560 
0.810000 	 2.774300 	 8.397770 
0.809000 	 2.774960 	 8.399940 
0.808000 	 2.775720 	 8.402100 
0.807000 	 2.776580 	 8.404290 
0.806000 	 2.777540 	 8.406530 
0.805000 	 2.778610 	 8.408840 
0.804000 	 2.779780 	 8.411280 
0.803000 	 2.781040 	 8.413850 
0.802000 	 2.782370 	 8.416600 
0.801000 	 2.783760 	 8.419560 
0.800000 	 2.785180 	 8.422750 
0.799000 	 2.786600 	 8.426200 
0.798000 	 2.788000 	 8.429920 
0.797000 	 2.789350 	 8.433950 
0.796000 	 2.790590 	 8.438280 
0.795000 	 2.791700 	 8.442920 
0.794000 	 2.792640 	 8.447880 
0.793000 	 2.793360 	 8.453160 
0.792000 	 2.793830 	 8.458740 
0.791000 	 2.794010 	 8.464620 
0.790000 	 2.793870 	 8.470770 
0.789000 	 2.793370 	 8.477170 
0.788000 	 2.792480 	 8.483800 
0.787000 	 2.791170 	 8.490630 
0.786000 	 2.789430 	 8.497620 
0.785000 	 2.787240 	 8.504750 
0.784000 	 2.784580 	 8.511980 
0.783000 	 2.781440 	 8.519270 
0.782000 	 2.777830 	 8.526580 
0.781000 	 2.773730 	 8.533890 
0.780000 	 2.769160 	 8.541170 
0.779000 	 2.764110 	 8.548370 
0.778000 	 2.758590 	 8.555470 
0.777000 	 2.752620 	 8.562440 
0.776000 	 2.746210 	 8.569250 
0.775000 	 2.739380 	 8.575890 
0.774000 	 2.732130 	 8.582320 
0.773000 	 2.724500 	 8.588530 
0.772000 	 2.716480 	 8.594500 
0.771000 	 2.708120 	 8.600220 
0.770000 	 2.699420 	 8.605670 
0.769000 	 2.690400 	 8.610850 
0.768000 	 2.681090 	 8.615740 
0.767000 	 2.671490 	 8.620330 
0.766000 	 2.661640 	 8.624630 
0.765000 	 2.651550 	 8.628620 
0.764000 	 2.641230 	 8.632300 
0.763000 	 2.630710 	 8.635680 
0.762000 	 2.619990 	 8.638740 
0.761000 	 2.609110 	 8.641490 
0.760000 	 2.598060 	 8.643930 
0.759000 	 2.586860 	 8.646070 
0.758000 	 2.575540 	 8.647890 
0.757000 	 2.564090 	 8.649420 
0.756000 	 2.552540 	 8.650640 
0.755000 	 2.540890 	 8.651570 
0.754000 	 2.529160 	 8.652200 
0.753000 	 2.517350 	 8.652540 
0.752000 	 2.505480 	 8.652600 
0.751000 	 2.493560 	 8.652380 
0.750000 	 2.481590 	 8.651890 
0.749000 	 2.469570 	 8.651130 
0.748000 	 2.457530 	 8.650100 
0.747000 	 2.445460 	 8.648810 
0.746000 	 2.433380 	 8.647260 
0.745000 	 2.421280 	 8.645470 
0.744000 	 2.409180 	 8.643430 
0.743000 	 2.397080 	 8.641150 
0.742000 	 2.384980 	 8.638640 
0.741000 	 2.372900 	 8.635890 
0.740000 	 2.360830 	 8.632920 
0.739000 	 2.348770 	 8.629740 
0.738000 	 2.336740 	 8.626330 
0.737000 	 2.324740 	 8.622720 
0.736000 	 2.312760 	 8.618900 
0.735000 	 2.300820 	 8.614880 
0.734000 	 2.288910 	 8.610670 
0.733000 	 2.277050 	 8.606260 
0.732000 	 2.265220 	 8.601660 
0.731000 	 2.253440 	 8.596880 
0.730000 	 2.241700 	 8.591930 
0.729000 	 2.230010 	 8.586790 
0.728000 	 2.218370 	 8.581490 
0.727000 	 2.206780 	 8.576020 
0.726000 	 2.195240 	 8.570390 
0.725000 	 2.183760 	 8.564600 
0.724000 	 2.172330 	 8.558650 
0.723000 	 2.160970 	 8.552550 
0.722000 	 2.149660 	 8.546300 
0.721000 	 2.138410 	 8.539910 
0.720000 	 2.127220 	 8.533380 
0.719000 	 2.116090 	 8.526710 
0.718000 	 2.105020 	 8.519900 
0.717000 	 2.094020 	 8.512960 
0.716000 	 2.083080 	 8.505900 
0.715000 	 2.072200 	 8.498700 
0.714000 	 2.061390 	 8.491390 
0.713000 	 2.050650 	 8.483960 
0.712000 	 2.039970 	 8.476410 
0.711000 	 2.029360 	 8.468740 
0.710000 	 2.018810 	 8.460970 
0.709000 	 2.008330 	 8.453090 
0.708000 	 1.997910 	 8.445100 
0.707000 	 1.987570 	 8.437000 
0.706000 	 1.977290 	 8.428810 
0.705000 	 1.967080 	 8.420520 
0.704000 	 1.956930 	 8.412130 
0.703000 	 1.946850 	 8.403640 
0.702000 	 1.936840 	 8.395070 
0.701000 	 1.926900 	 8.386410 
0.700000 	 1.917020 	 8.377660 
0.699000 	 1.907210 	 8.368820 
0.698000 	 1.897470 	 8.359900 
0.697000 	 1.887800 	 8.350900 
0.696000 	 1.878190 	 8.341820 
0.695000 	 1.868640 	 8.332660 
0.694000 	 1.859170 	 8.323430 
0.693000 	 1.849760 	 8.314120 
0.692000 	 1.840410 	 8.304740 
0.691000 	 1.831130 	 8.295290 
0.690000 	 1.821920 	 8.285780 
0.689000 	 1.812770 	 8.276190 
0.688000 	 1.803680 	 8.266540 
0.687000 	 1.794660 	 8.256830 
0.686000 	 1.785700 	 8.247050 
0.685000 	 1.776800 	 8.237220 
0.684000 	 1.767970 	 8.227320 
0.683000 	 1.759200 	 8.217370 
0.682000 	 1.750490 	 8.207360 
0.681000 	 1.741850 	 8.197300 
0.680000 	 1.733260 	 8.187180 
0.679000 	 1.724740 	 8.177010 
0.678000 	 1.716280 	 8.166780 
0.677000 	 1.707870 	 8.156510 
0.676000 	 1.699530 	 8.146190 
0.675000 	 1.691250 	 8.135830 
0.674000 	 1.683020 	 8.125410 
0.673000 	 1.674850 	 8.114950 
0.672000 	 1.666740 	 8.104450 
0.671000 	 1.658690 	 8.093900 
0.670000 	 1.650700 	 8.083310 
0.669000 	 1.642760 	 8.072680 
0.668000 	 1.634880 	 8.062010 
0.667000 	 1.627050 	 8.051300 
0.666000 	 1.619280 	 8.040560 
0.665000 	 1.611560 	 8.029770 
0.664000 	 1.603900 	 8.018950 
0.663000 	 1.596290 	 8.008100 
0.662000 	 1.588730 	 7.997210 
0.661000 	 1.581230 	 7.986280 
0.660000 	 1.573770 	 7.975330 
0.659000 	 1.566370 	 7.964340 
0.658000 	 1.559030 	 7.953320 
0.657000 	 1.551730 	 7.942260 
0.656000 	 1.544480 	 7.931180 
0.655000 	 1.537290 	 7.920070 
0.654000 	 1.530140 	 7.908940 
0.653000 	 1.523040 	 7.897770 
0.652000 	 1.515990 	 7.886580 
0.651000 	 1.508990 	 7.875360 
0.650000 	 1.502030 	 7.864110 
0.649000 	 1.495130 	 7.852840 
0.648000 	 1.488270 	 7.841550 
0.647000 	 1.481450 	 7.830230 
0.646000 	 1.474680 	 7.818890 
0.645000 	 1.467960 	 7.807520 
0.644000 	 1.461280 	 7.796140 
0.643000 	 1.454650 	 7.784730 
0.642000 	 1.448060 	 7.773300 
0.641000 	 1.441520 	 7.761850 
0.640000 	 1.435020 	 7.750380 
0.639000 	 1.428560 	 7.738890 
0.638000 	 1.422140 	 7.727380 
0.637000 	 1.415770 	 7.715850 
0.636000 	 1.409430 	 7.704310 
0.635000 	 1.403140 	 7.692740 
0.634000 	 1.396890 	 7.681160 
0.633000 	 1.390680 	 7.669560 
0.632000 	 1.384510 	 7.657950 
0.631000 	 1.378380 	 7.646320 
0.630000 	 1.372280 	 7.634670 
0.629000 	 1.366230 	 7.623010 
0.628000 	 1.360220 	 7.611330 
0.627000 	 1.354240 	 7.599640 
0.626000 	 1.348300 	 7.587940 
0.625000 	 1.342400 	 7.576220 
0.624000 	 1.336530 	 7.564480 
0.623000 	 1.330700 	 7.552740 
0.622000 	 1.324910 	 7.540980 
0.621000 	 1.319150 	 7.529210 
0.620000 	 1.313430 	 7.517420 
0.619000 	 1.307740 	 7.505630 
0.618000 	 1.302090 	 7.493820 
0.617000 	 1.296470 	 7.482000 
0.616000 	 1.290890 	 7.470170 
0.615000 	 1.285340 	 7.458330 
0.614000 	 1.279820 	 7.446480 
0.613000 	 1.274340 	 7.434610 
0.612000 	 1.268890 	 7.422740 
0.611000 	 1.263470 	 7.410860 
0.610000 	 1.258080 	 7.398970 
0.609000 	 1.252730 	 7.387070 
0.608000 	 1.247400 	 7.375160 
0.607000 	 1.242110 	 7.363240 
0.606000 	 1.236850 	 7.351310 
0.605000 	 1.231610 	 7.339370 
0.604000 	 1.226410 	 7.327420 
0.603000 	 1.221240 	 7.315470 
0.602000 	 1.216100 	 7.303510 
0.601000 	 1.210980 	 7.291540 
0.600000 	 1.205900 	 7.279560 
0.599000 	 1.200840 	 7.267580 
0.598000 	 1.195810 	 7.255590 
0.597000 	 1.190810 	 7.243590 
0.596000 	 1.185840 	 7.231580 
0.595000 	 1.180890 	 7.219570 
0.594000 	 1.175970 	 7.207550 
0.593000 	 1.171080 	 7.195530 
0.592000 	 1.166220 	 7.183500 
0.591000 	 1.161380 	 7.171460 
0.590000 	 1.156570 	 7.159410 
0.589000 	 1.151780 	 7.147360 
0.588000 	 1.147020 	 7.135310 
0.587000 	 1.142280 	 7.123250 
0.586000 	 1.137570 	 7.111180 
0.585000 	 1.132890 	 7.099110 
0.584000 	 1.128230 	 7.087030 
0.583000 	 1.123590 	 7.074950 
0.582000 	 1.118980 	 7.062860 
0.581000 	 1.114390 	 7.050770 
0.580000 	 1.109820 	 7.038670 
0.579000 	 1.105280 	 7.026570 
0.578000 	 1.100760 	 7.014460 
0.577000 	 1.096260 	 7.002350 
0.576000 	 1.091790 	 6.990230 
0.575000 	 1.087340 	 6.978110 
0.574000 	 1.082910 	 6.965990 
0.573000 	 1.078500 	 6.953860 
0.572000 	 1.074120 	 6.941730 
0.571000 	 1.069760 	 6.929590 
0.570000 	 1.065410 	 6.917450 
0.569000 	 1.061090 	 6.905310 
0.568000 	 1.056790 	 6.893160 
0.567000 	 1.052510 	 6.881010 
0.566000 	 1.048260 	 6.868850 
0.565000 	 1.044020 	 6.856690 
0.564000 	 1.039800 	 6.844530 
0.563000 	 1.035600 	 6.832360 
0.562000 	 1.031420 	 6.820190 
0.561000 	 1.027260 	 6.808020 
0.560000 	 1.023120 	 6.795840 
0.559000 	 1.019000 	 6.783660 
0.558000 	 1.014900 	 6.771480 
0.557000 	 1.010820 	 6.759300 
0.556000 	 1.006760 	 6.747110 
0.555000 	 1.002710 	 6.734920 
0.554000 	 0.998685 	 6.722720 
0.553000 	 0.994677 	 6.710520 
0.552000 	 0.990686 	 6.698320 
0.551000 	 0.986714 	 6.686120 
0.550000 	 0.982759 	 6.673910 
0.549000 	 0.978821 	 6.661700 
0.548000 	 0.974901 	 6.649490 
0.547000 	 0.970998 	 6.637280 
0.546000 	 0.967112 	 6.625060 
0.545000 	 0.963242 	 6.612840 
0.544000 	 0.959390 	 6.600620 
0.543000 	 0.955554 	 6.588390 
0.542000 	 0.951734 	 6.576170 
0.541000 	 0.947931 	 6.563940 
0.540000 	 0.944144 	 6.551700 
0.539000 	 0.940373 	 6.539470 
0.538000 	 0.936617 	 6.527230 
0.537000 	 0.932878 	 6.514990 
0.536000 	 0.929154 	 6.502750 
0.535000 	 0.925445 	 6.490500 
0.534000 	 0.921751 	 6.478260 
0.533000 	 0.918073 	 6.466010 
0.532000 	 0.914410 	 6.453760 
0.531000 	 0.910761 	 6.441500 
0.530000 	 0.907127 	 6.429250 
0.529000 	 0.903508 	 6.416990 
0.528000 	 0.899903 	 6.404730 
0.527000 	 0.896313 	 6.392460 
0.526000 	 0.892737 	 6.380200 
0.525000 	 0.889175 	 6.367930 
0.524000 	 0.885627 	 6.355660 
0.523000 	 0.882093 	 6.343390 
0.522000 	 0.878572 	 6.331120 
0.521000 	 0.875065 	 6.318840 
0.520000 	 0.871572 	 6.306560 
0.519000 	 0.868092 	 6.294280 
0.518000 	 0.864625 	 6.282000 
0.517000 	 0.861172 	 6.269720 
0.516000 	 0.857732 	 6.257430 
0.515000 	 0.854304 	 6.245140 
0.514000 	 0.850890 	 6.232850 
0.513000 	 0.847488 	 6.220550 
0.512000 	 0.844098 	 6.208260 
0.511000 	 0.840722 	 6.195960 
0.510000 	 0.837358 	 6.183660 
0.509000 	 0.834006 	 6.171360 
0.508000 	 0.830666 	 6.159060 
0.507000 	 0.827338 	 6.146750 
0.506000 	 0.824023 	 6.134440 
0.505000 	 0.820719 	 6.122130 
0.504000 	 0.817428 	 6.109820 
0.503000 	 0.814148 	 6.097500 
0.502000 	 0.810879 	 6.085190 
0.501000 	 0.807622 	 6.072870 
0.500000 	 0.804377 	 6.060550 
0.499000 	 0.801143 	 6.048220 
0.498000 	 0.797921 	 6.035900 
0.497000 	 0.794709 	 6.023570 
0.496000 	 0.791509 	 6.011240 
0.495000 	 0.788320 	 5.998910 
0.494000 	 0.785141 	 5.986570 
0.493000 	 0.781974 	 5.974240 
0.492000 	 0.778817 	 5.961900 
0.491000 	 0.775671 	 5.949560 
0.490000 	 0.772536 	 5.937210 
0.489000 	 0.769411 	 5.924870 
0.488000 	 0.766297 	 5.912520 
0.487000 	 0.763193 	 5.900170 
0.486000 	 0.760100 	 5.887820 
0.485000 	 0.757016 	 5.875460 
0.484000 	 0.753943 	 5.863110 
0.483000 	 0.750880 	 5.850750 
0.482000 	 0.747827 	 5.838380 
0.481000 	 0.744784 	 5.826020 
0.480000 	 0.741751 	 5.813650 
0.479000 	 0.738727 	 5.801290 
0.478000 	 0.735713 	 5.788910 
0.477000 	 0.732709 	 5.776540 
0.476000 	 0.729715 	 5.764160 
0.475000 	 0.726730 	 5.751790 
0.474000 	 0.723755 	 5.739400 
0.473000 	 0.720789 	 5.727020 
0.472000 	 0.717832 	 5.714640 
0.471000 	 0.714885 	 5.702250 
0.470000 	 0.711947 	 5.689860 
0.469000 	 0.709018 	 5.677460 
0.468000 	 0.706098 	 5.665070 
0.467000 	 0.703187 	 5.652670 
0.466000 	 0.700285 	 5.640270 
0.465000 	 0.697392 	 5.627860 
0.464000 	 0.694508 	 5.615450 
0.463000 	 0.691632 	 5.603050 
0.462000 	 0.688766 	 5.590630 
0.461000 	 0.685908 	 5.578220 
0.460000 	 0.683059 	 5.565800 
0.459000 	 0.680218 	 5.553380 
0.458000 	 0.677386 	 5.540960 
0.457000 	 0.674562 	 5.528530 
0.456000 	 0.671747 	 5.516100 
0.455000 	 0.668940 	 5.503670 
0.454000 	 0.666141 	 5.491240 
0.453000 	 0.663351 	 5.478800 
0.452000 	 0.660569 	 5.466360 
0.451000 	 0.657795 	 5.453920 
0.450000 	 0.655029 	 5.441470 
0.449000 	 0.652272 	 5.429020 
0.448000 	 0.649522 	 5.416570 
0.447000 	 0.646780 	 5.404120 
0.446000 	 0.644047 	 5.391660 
0.445000 	 0.641321 	 5.379200 
0.444000 	 0.638603 	 5.366740 
0.443000 	 0.635892 	 5.354270 
0.442000 	 0.633190 	 5.341800 
0.441000 	 0.630495 	 5.329330 
0.440000 	 0.627808 	 5.316850 
0.439000 	 0.625129 	 5.304370 
0.438000 	 0.622457 	 5.291890 
0.437000 	 0.619792 	 5.279400 
0.436000 	 0.617136 	 5.266910 
0.435000 	 0.614486 	 5.254420 
0.434000 	 0.611844 	 5.241920 
0.433000 	 0.609210 	 5.229420 
0.432000 	 0.606583 	 5.216920 
0.431000 	 0.603963 	 5.204420 
0.430000 	 0.601350 	 5.191910 
0.429000 	 0.598745 	 5.179390 
0.428000 	 0.596147 	 5.166880 
0.427000 	 0.593556 	 5.154360 
0.426000 	 0.590972 	 5.141830 
0.425000 	 0.588396 	 5.129310 
0.424000 	 0.585826 	 5.116780 
0.423000 	 0.583264 	 5.104240 
0.422000 	 0.580708 	 5.091710 
0.421000 	 0.578159 	 5.079160 
0.420000 	 0.575618 	 5.066620 
0.419000 	 0.573083 	 5.054070 
0.418000 	 0.570555 	 5.041520 
0.417000 	 0.568034 	 5.028960 
0.416000 	 0.565520 	 5.016400 
0.415000 	 0.563013 	 5.003840 
0.414000 	 0.560512 	 4.991270 
0.413000 	 0.558018 	 4.978700 
0.412000 	 0.555531 	 4.966120 
0.411000 	 0.553050 	 4.953540 
0.410000 	 0.550576 	 4.940960 
0.409000 	 0.548109 	 4.928370 
0.408000 	 0.545648 	 4.915780 
0.407000 	 0.543194 	 4.903180 
0.406000 	 0.540747 	 4.890580 
0.405000 	 0.538306 	 4.877980 
0.404000 	 0.535871 	 4.865370 
0.403000 	 0.533443 	 4.852760 
0.402000 	 0.531021 	 4.840140 
0.401000 	 0.528606 	 4.827520 
0.400000 	 0.526197 	 4.814900 
0.399000 	 0.523795 	 4.802270 
0.398000 	 0.521398 	 4.789630 
0.397000 	 0.519009 	 4.776990 
0.396000 	 0.516625 	 4.764350 
0.395000 	 0.514248 	 4.751700 
0.394000 	 0.511877 	 4.739050 
0.393000 	 0.509512 	 4.726400 
0.392000 	 0.507154 	 4.713730 
0.391000 	 0.504801 	 4.701070 
0.390000 	 0.502455 	 4.688400 
0.389000 	 0.500115 	 4.675720 
0.388000 	 0.497781 	 4.663040 
0.387000 	 0.495454 	 4.650360 
0.386000 	 0.493132 	 4.637670 
0.385000 	 0.490817 	 4.624980 
0.384000 	 0.488507 	 4.612280 
0.383000 	 0.486204 	 4.599580 
0.382000 	 0.483906 	 4.586870 
0.381000 	 0.481615 	 4.574150 
0.380000 	 0.479330 	 4.561430 
0.379000 	 0.477050 	 4.548710 
0.378000 	 0.474777 	 4.535980 
0.377000 	 0.472509 	 4.523250 
0.376000 	 0.470248 	 4.510510 
0.375000 	 0.467992 	 4.497770 
0.374000 	 0.465743 	 4.485020 
0.373000 	 0.463499 	 4.472260 
0.372000 	 0.461261 	 4.459500 
0.371000 	 0.459029 	 4.446740 
0.370000 	 0.456803 	 4.433970 
0.369000 	 0.454582 	 4.421190 
0.368000 	 0.452368 	 4.408410 
0.367000 	 0.450159 	 4.395620 
0.366000 	 0.447956 	 4.382830 
0.365000 	 0.445759 	 4.370030 
0.364000 	 0.443568 	 4.357230 
0.363000 	 0.441382 	 4.344420 
0.362000 	 0.439202 	 4.331600 
0.361000 	 0.437028 	 4.318780 
0.360000 	 0.434860 	 4.305950 
0.359000 	 0.432697 	 4.293120 
0.358000 	 0.430540 	 4.280280 
0.357000 	 0.428389 	 4.267440 
0.356000 	 0.426244 	 4.254590 
0.355000 	 0.424104 	 4.241730 
0.354000 	 0.421970 	 4.228870 
0.353000 	 0.419841 	 4.216000 
0.352000 	 0.417718 	 4.203120 
0.351000 	 0.415601 	 4.190240 
0.350000 	 0.413490 	 4.177350 
0.349000 	 0.411384 	 4.164460 
0.348000 	 0.409284 	 4.151560 
0.347000 	 0.407189 	 4.138650 
0.346000 	 0.405100 	 4.125740 
0.345000 	 0.403016 	 4.112820 
0.344000 	 0.400939 	 4.099890 
0.343000 	 0.398866 	 4.086960 
0.342000 	 0.396800 	 4.074020 
0.341000 	 0.394739 	 4.061070 
0.340000 	 0.392683 	 4.048120 
0.339000 	 0.390633 	 4.035160 
0.338000 	 0.388589 	 4.022190 
0.337000 	 0.386550 	 4.009220 
0.336000 	 0.384517 	 3.996240 
0.335000 	 0.382489 	 3.983250 
0.334000 	 0.380467 	 3.970260 
0.333000 	 0.378450 	 3.957250 
0.332000 	 0.376439 	 3.944250 
0.331000 	 0.374434 	 3.931230 
0.330000 	 0.372434 	 3.918200 
0.329000 	 0.370439 	 3.905170 
0.328000 	 0.368450 	 3.892130 
0.327000 	 0.366467 	 3.879090 
0.326000 	 0.364489 	 3.866030 
0.325000 	 0.362517 	 3.852970 
0.324000 	 0.360550 	 3.839900 
0.323000 	 0.358589 	 3.826830 
0.322000 	 0.356633 	 3.813740 
0.321000 	 0.354682 	 3.800650 
0.320000 	 0.352738 	 3.787550 
0.319000 	 0.350798 	 3.774440 
0.318000 	 0.348865 	 3.761320 
0.317000 	 0.346936 	 3.748200 
0.316000 	 0.345014 	 3.735060 
0.315000 	 0.343096 	 3.721920 
0.314000 	 0.341185 	 3.708770 
0.313000 	 0.339278 	 3.695610 
0.312000 	 0.337378 	 3.682450 
0.311000 	 0.335483 	 3.669270 
0.310000 	 0.333593 	 3.656090 
0.309000 	 0.331709 	 3.642890 
0.308000 	 0.329830 	 3.629690 
0.307000 	 0.327957 	 3.616480 
0.306000 	 0.326089 	 3.603260 
0.305000 	 0.324227 	 3.590030 
0.304000 	 0.322371 	 3.576790 
0.303000 	 0.320520 	 3.563550 
0.302000 	 0.318674 	 3.550290 
0.301000 	 0.316834 	 3.537020 
0.300000 	 0.315000 	 3.523750 
