0.20664	1.34306	2.89882
0.20764	1.35866	2.91231
0.20864	1.37441	2.92576
0.20964	1.3903	2.93914
0.21064	1.40635	2.95248
0.21164	1.42255	2.96575
0.21264	1.4389	2.97897
0.21364	1.45541	2.99213
0.21464	1.47207	3.00522
0.21564	1.48888	3.01824
0.21664	1.50585	3.0312
0.21764	1.52299	3.04409
0.21864	1.54027	3.05691
0.21964	1.55772	3.06966
0.22064	1.57533	3.08232
0.22164	1.59311	3.09491
0.22264	1.61104	3.10742
0.22364	1.62915	3.11984
0.22464	1.64741	3.13218
0.22564	1.66585	3.14443
0.22664	1.68445	3.15658
0.22764	1.70321	3.16864
0.22864	1.72215	3.18061
0.22964	1.74126	3.19247
0.23064	1.76053	3.20423
0.23164	1.77998	3.21588
0.23264	1.7996	3.22743
0.23364	1.81939	3.23886
0.23464	1.83935	3.25018
0.23564	1.85949	3.26137
0.23664	1.87981	3.27245
0.23764	1.90029	3.2834
0.23864	1.92095	3.29422
0.23964	1.94179	3.3049
0.24064	1.9628	3.31546
0.24164	1.98399	3.32587
0.24264	2.00535	3.33614
0.24364	2.02689	3.34626
0.24464	2.04861	3.35622
0.24564	2.0705	3.36604
0.24664	2.09256	3.37569
0.24764	2.1148	3.38518
0.24864	2.13722	3.39451
0.24964	2.1598	3.40366
0.25064	2.18257	3.41263
0.25164	2.2055	3.42143
0.25264	2.22861	3.43004
0.25364	2.25189	3.43847
0.25464	2.27533	3.4467
0.25564	2.29895	3.45473
0.25664	2.32274	3.46257
0.25764	2.34669	3.47019
0.25864	2.3708	3.47761
0.25964	2.39508	3.48481
0.26064	2.41953	3.49179
0.26164	2.44413	3.49855
0.26264	2.46889	3.50507
0.26364	2.4938	3.51136
0.26464	2.51887	3.51742
0.26564	2.54409	3.52323
0.26664	2.56946	3.52879
0.26764	2.59497	3.5341
0.26864	2.62063	3.53915
0.26964	2.64643	3.54394
0.27064	2.67236	3.54847
0.27164	2.69843	3.55272
0.27264	2.72462	3.55669
0.27364	2.75095	3.56039
0.27464	2.77739	3.56379
0.27564	2.80396	3.56691
0.27664	2.83063	3.56974
0.27764	2.85742	3.57226
0.27864	2.88431	3.57449
0.27964	2.91131	3.5764
0.28064	2.9384	3.578
0.28164	2.96558	3.57929
0.28264	2.99284	3.58026
0.28364	3.02019	3.5809
0.28464	3.04761	3.58121
0.28564	3.0751	3.5812
0.28664	3.10265	3.58085
0.28764	3.13026	3.58015
0.28864	3.15792	3.57912
0.28964	3.18562	3.57774
0.29064	3.21337	3.57601
0.29164	3.24114	3.57393
0.29264	3.26894	3.5715
0.29364	3.29676	3.56871
0.29464	3.32459	3.56556
0.29564	3.35242	3.56205
0.29664	3.38024	3.55818
0.29764	3.40806	3.55394
0.29864	3.43585	3.54933
0.29964	3.46362	3.54436
0.30064	3.49136	3.53901
0.30164	3.51905	3.5333
0.30264	3.54669	3.52721
0.30364	3.57427	3.52075
0.30464	3.60179	3.51392
0.30564	3.62923	3.50672
0.30664	3.65659	3.49915
0.30764	3.68386	3.4912
0.30864	3.71103	3.48289
0.30964	3.73809	3.4742
0.31064	3.76503	3.46515
0.31164	3.79185	3.45573
0.31264	3.81854	3.44595
0.31364	3.84509	3.4358
0.31464	3.87149	3.42529
0.31564	3.89773	3.41443
0.31664	3.9238	3.40321
0.31764	3.9497	3.39164
0.31864	3.97543	3.37971
0.31964	4.00096	3.36745
0.32064	4.02629	3.35484
0.32164	4.05142	3.3419
0.32264	4.07634	3.32862
0.32364	4.10104	3.31502
0.32464	4.12551	3.3011
0.32564	4.14975	3.28685
0.32664	4.17374	3.2723
0.32764	4.19749	3.25744
0.32864	4.22098	3.24227
0.32964	4.24422	3.22682
0.33064	4.26718	3.21107
0.33164	4.28988	3.19504
0.33264	4.31229	3.17874
0.33364	4.33442	3.16216
0.33464	4.35626	3.14533
0.33564	4.37781	3.12824
0.33664	4.39905	3.1109
0.33764	4.41999	3.09332
0.33864	4.44063	3.0755
0.33964	4.46094	3.05747
0.34064	4.48095	3.03921
0.34164	4.50063	3.02074
0.34264	4.51999	3.00207
0.34364	4.53902	2.98321
0.34464	4.55772	2.96416
0.34564	4.57609	2.94493
0.34664	4.59413	2.92553
0.34764	4.61182	2.90597
0.34864	4.62918	2.88625
0.34964	4.6462	2.86639
0.35064	4.66288	2.84638
0.35164	4.67922	2.82625
0.35264	4.69521	2.80599
0.35364	4.71085	2.78562
0.35464	4.72616	2.76515
0.35564	4.74111	2.74457
0.35664	4.75573	2.7239
0.35764	4.77	2.70315
0.35864	4.78393	2.68232
0.35964	4.79751	2.66143
0.36064	4.81075	2.64047
0.36164	4.82366	2.61946
0.36264	4.83622	2.59841
0.36364	4.84845	2.57732
0.36464	4.86034	2.55619
0.36564	4.8719	2.53504
0.36664	4.88312	2.51387
0.36764	4.89402	2.49269
0.36864	4.90459	2.4715
0.36964	4.91484	2.45032
0.37064	4.92477	2.42914
0.37164	4.93437	2.40798
0.37264	4.94367	2.38683
0.37364	4.95265	2.36571
0.37464	4.96132	2.34462
0.37564	4.96969	2.32357
0.37664	4.97775	2.30256
0.37764	4.98552	2.28159
0.37864	4.99299	2.26068
0.37964	5.00017	2.23983
0.38064	5.00707	2.21903
0.38164	5.01368	2.1983
0.38264	5.02001	2.17764
0.38364	5.02607	2.15706
0.38464	5.03185	2.13655
0.38564	5.03737	2.11613
0.38664	5.04263	2.09579
0.38764	5.04762	2.07554
0.38864	5.05237	2.05538
0.38964	5.05686	2.03533
0.39064	5.06111	2.01537
0.39164	5.06511	1.99551
0.39264	5.06888	1.97576
0.39364	5.07241	1.95611
0.39464	5.07571	1.93658
0.39564	5.07879	1.91716
0.39664	5.08165	1.89785
0.39764	5.08429	1.87866
0.39864	5.08672	1.85959
0.39964	5.08894	1.84065
0.40064	5.09096	1.82182
0.40164	5.09278	1.80312
0.40264	5.09441	1.78455
0.40364	5.09584	1.76611
0.40464	5.09708	1.74779
0.40564	5.09814	1.72961
0.40664	5.09902	1.71155
0.40764	5.09973	1.69363
0.40864	5.10027	1.67585
0.40964	5.10063	1.6582
0.41064	5.10084	1.64068
0.41164	5.10088	1.6233
0.41264	5.10077	1.60606
0.41364	5.1005	1.58895
0.41464	5.10009	1.57199
0.41564	5.09952	1.55516
0.41664	5.09882	1.53847
0.41764	5.09798	1.52191
0.41864	5.09701	1.5055
0.41964	5.0959	1.48923
0.42064	5.09466	1.47309
0.42164	5.0933	1.4571
0.42264	5.09182	1.44124
0.42364	5.09022	1.42552
0.42464	5.0885	1.40994
0.42564	5.08667	1.3945
0.42664	5.08473	1.37919
0.42764	5.08269	1.36403
0.42864	5.08054	1.349
0.42964	5.07829	1.33411
0.43064	5.07594	1.31935
0.43164	5.07349	1.30473
0.43264	5.07096	1.29025
0.43364	5.06833	1.2759
0.43464	5.06562	1.26168
0.43564	5.06282	1.2476
0.43664	5.05994	1.23365
0.43764	5.05697	1.21984
0.43864	5.05394	1.20615
0.43964	5.05082	1.1926
0.44064	5.04763	1.17917
0.44164	5.04437	1.16588
0.44264	5.04105	1.15271
0.44364	5.03765	1.13968
0.44464	5.03419	1.12677
0.44564	5.03067	1.11398
0.44664	5.02709	1.10132
0.44764	5.02345	1.08879
0.44864	5.01975	1.07637
0.44964	5.016	1.06408
0.45064	5.01219	1.05192
0.45164	5.00834	1.03987
0.45264	5.00443	1.02794
0.45364	5.00048	1.01613
0.45464	4.99648	1.00444
0.45564	4.99244	0.99287
0.45664	4.98835	0.98141
0.45764	4.98422	0.97007
0.45864	4.98005	0.95884
0.45964	4.97584	0.94773
0.46064	4.9716	0.93672
0.46164	4.96732	0.92583
0.46264	4.96301	0.91505
0.46364	4.95866	0.90438
0.46464	4.95428	0.89382
0.46564	4.94987	0.88336
0.46664	4.94543	0.87301
0.46764	4.94097	0.86276
0.46864	4.93648	0.85262
0.46964	4.93196	0.84259
0.47064	4.92741	0.83265
0.47164	4.92285	0.82282
0.47264	4.91826	0.81309
0.47364	4.91365	0.80346
0.47464	4.90902	0.79392
0.47564	4.90437	0.78449
0.47664	4.8997	0.77515
0.47764	4.89502	0.7659
0.47864	4.89031	0.75676
0.47964	4.8856	0.7477
0.48064	4.88086	0.73874
0.48164	4.87612	0.72987
0.48264	4.87136	0.7211
0.48364	4.86658	0.71241
0.48464	4.8618	0.70381
0.48564	4.857	0.6953
0.48664	4.8522	0.68688
0.48764	4.84739	0.67855
0.48864	4.84256	0.6703
0.48964	4.83773	0.66214
0.49064	4.83289	0.65406
0.49164	4.82804	0.64607
0.49264	4.82319	0.63816
0.49364	4.81834	0.63033
0.49464	4.81347	0.62258
0.49564	4.80861	0.61491
0.49664	4.80373	0.60732
0.49764	4.79886	0.59981
0.49864	4.79398	0.59237
0.49964	4.7891	0.58502
0.50064	4.78422	0.57774
0.50164	4.77934	0.57053
0.50264	4.77446	0.5634
0.50364	4.76957	0.55635
0.50464	4.76469	0.54936
0.50564	4.75981	0.54245
0.50664	4.75492	0.53561
0.50764	4.75004	0.52885
0.50864	4.74516	0.52215
0.50964	4.74029	0.51552
0.51064	4.73541	0.50896
0.51164	4.73054	0.50247
0.51264	4.72567	0.49605
0.51364	4.72081	0.48969
0.51464	4.71594	0.4834
0.51564	4.71109	0.47718
0.51664	4.70623	0.47102
0.51764	4.70139	0.46492
0.51864	4.69654	0.45889
0.51964	4.6917	0.45292
0.52064	4.68687	0.44701
0.52164	4.68205	0.44116
0.52264	4.67723	0.43538
0.52364	4.67241	0.42965
0.52464	4.6676	0.42399
0.52564	4.6628	0.41838
0.52664	4.65801	0.41283
0.52764	4.65323	0.40734
0.52864	4.64845	0.40191
0.52964	4.64368	0.39654
0.53064	4.63891	0.39122
0.53164	4.63416	0.38595
0.53264	4.62941	0.38074
0.53364	4.62468	0.37559
0.53464	4.61995	0.37049
0.53564	4.61523	0.36545
0.53664	4.61052	0.36045
0.53764	4.60582	0.35551
0.53864	4.60112	0.35062
0.53964	4.59644	0.34579
0.54064	4.59177	0.341
0.54164	4.58711	0.33626
0.54264	4.58245	0.33158
0.54364	4.57781	0.32694
0.54464	4.57318	0.32236
0.54564	4.56855	0.31782
0.54664	4.56394	0.31333
0.54764	4.55934	0.30888
0.54864	4.55475	0.30449
0.54964	4.55017	0.30014
0.55064	4.5456	0.29584
0.55164	4.54105	0.29158
0.55264	4.5365	0.28737
0.55364	4.53196	0.2832
0.55464	4.52744	0.27908
0.55564	4.52293	0.275
0.55664	4.51842	0.27097
0.55764	4.51394	0.26698
0.55864	4.50946	0.26303
0.55964	4.50499	0.25913
0.56064	4.50054	0.25527
0.56164	4.49609	0.25144
0.56264	4.49166	0.24766
0.56364	4.48724	0.24393
0.56464	4.48284	0.24023
0.56564	4.47844	0.23657
0.56664	4.47406	0.23295
0.56764	4.46969	0.22937
0.56864	4.46533	0.22583
0.56964	4.46099	0.22233
0.57064	4.45666	0.21887
0.57164	4.45234	0.21545
0.57264	4.44803	0.21206
0.57364	4.44373	0.20871
0.57464	4.43945	0.2054
0.57564	4.43518	0.20213
0.57664	4.43092	0.19889
0.57764	4.42668	0.19569
0.57864	4.42245	0.19252
0.57964	4.41823	0.18939
0.58064	4.41402	0.18629
0.58164	4.40983	0.18323
0.58264	4.40565	0.1802
0.58364	4.40148	0.17721
0.58464	4.39733	0.17425
0.58564	4.39318	0.17133
0.58664	4.38905	0.16844
0.58764	4.38494	0.16558
0.58864	4.38084	0.16276
0.58964	4.37675	0.15996
0.59064	4.37267	0.1572
0.59164	4.36861	0.15448
0.59264	4.36456	0.15178
0.59364	4.36052	0.14911
0.59464	4.3565	0.14648
0.59564	4.35249	0.14388
0.59664	4.34849	0.14131
0.59764	4.34451	0.13876
0.59864	4.34053	0.13625
0.59964	4.33658	0.13377
0.60064	4.33263	0.13132
0.60164	4.3287	0.1289
0.60264	4.32478	0.12651
0.60364	4.32088	0.12414
0.60464	4.31699	0.12181
0.60564	4.31311	0.1195
0.60664	4.30925	0.11722
0.60764	4.30539	0.11497
0.60864	4.30156	0.11275
0.60964	4.29773	0.11055
0.61064	4.29392	0.10839
0.61164	4.29012	0.10625
0.61264	4.28634	0.10413
0.61364	4.28257	0.10205
0.61464	4.27881	0.09999
0.61564	4.27507	0.09796
0.61664	4.27134	0.09595
0.61764	4.26762	0.09397
0.61864	4.26392	0.09201
0.61964	4.26023	0.09008
0.62064	4.25655	0.08818
0.62164	4.25289	0.0863
0.62264	4.24924	0.08444
0.62364	4.2456	0.08261
0.62464	4.24198	0.08081
0.62564	4.23837	0.07903
0.62664	4.23477	0.07727
0.62764	4.23119	0.07554
0.62864	4.22762	0.07383
0.62964	4.22407	0.07215
0.63064	4.22052	0.07049
0.63164	4.21699	0.06885
0.63264	4.21348	0.06724
0.63364	4.20998	0.06565
0.63464	4.20649	0.06408
0.63564	4.20302	0.06253
0.63664	4.19956	0.06101
0.63764	4.19611	0.05951
0.63864	4.19268	0.05803
0.63964	4.18926	0.05658
0.64064	4.18585	0.05514
0.64164	4.18246	0.05373
0.64264	4.17908	0.05234
0.64364	4.17571	0.05097
0.64464	4.17236	0.04962
0.64564	4.16902	0.04829
0.64664	4.1657	0.04699
0.64764	4.16238	0.0457
0.64864	4.15909	0.04444
0.64964	4.1558	0.04319
0.65064	4.15253	0.04197
0.65164	4.14928	0.04077
0.65264	4.14604	0.03959
0.65364	4.14281	0.03842
0.65464	4.13959	0.03728
0.65564	4.13639	0.03616
0.65664	4.1332	0.03505
0.65764	4.13003	0.03397
0.65864	4.12687	0.0329
0.65964	4.12372	0.03186
0.66064	4.12059	0.03083
0.66164	4.11747	0.02983
0.66264	4.11437	0.02884
0.66364	4.11127	0.02787
0.66464	4.1082	0.02692
0.66564	4.10513	0.02599
0.66664	4.10208	0.02507
0.66764	4.09905	0.02418
0.66864	4.09603	0.0233
0.66964	4.09302	0.02244
0.67064	4.09003	0.0216
0.67164	4.08705	0.02078
0.67264	4.08408	0.01997
0.67364	4.08113	0.01918
0.67464	4.0782	0.01841
0.67564	4.07527	0.01766
0.67664	4.07236	0.01692
0.67764	4.06947	0.0162
0.67864	4.06659	0.0155
0.67964	4.06373	0.01482
0.68064	4.06088	0.01415
0.68164	4.05804	0.0135
0.68264	4.05522	0.01286
0.68364	4.05241	0.01224
0.68464	4.04962	0.01164
0.68564	4.04684	0.01106
0.68664	4.04408	0.01049
0.68764	4.04133	0.00993
0.68864	4.03859	0.0094
0.68964	4.03587	0.00888
0.69064	4.03317	0.00837
0.69164	4.03048	0.00788
0.69264	4.0278	0.00741
0.69364	4.02515	0.00695
0.69464	4.0225	0.00651
0.69564	4.01987	0.00608
0.69664	4.01726	0.00567
0.69764	4.01466	0.00527
0.69864	4.01208	0.00489
0.69964	4.00951	0.00452
0.70064	4.00696	0.00417
0.70164	4.00442	0.00384
0.70264	4.00191	0.00351
0.70364	3.9994	0.00321
0.70464	3.99691	0.00291
0.70564	3.99444	0.00264
0.70664	3.99199	0.00237
0.70764	3.98955	0.00212
0.70864	3.98713	0.00189
0.70964	3.98473	0.00167
0.71064	3.98234	0.00146
0.71164	3.97997	0.00127
0.71264	3.97762	0.00109
0.71364	3.97528	9.24E-4
0.71464	3.97297	7.73E-4
0.71564	3.97067	6.36E-4
0.71664	3.96839	5.12E-4
0.71764	3.96613	4.02E-4
0.71864	3.96389	3.06E-4
0.71964	3.96167	2.22E-4
0.72064	3.95947	1.52E-4
0.72164	3.95729	9.6E-5
0.72264	3.95513	5.2E-5
0.72364	3.953	2.2E-5
0.72464	3.95089	5E-6
0.72564	3.94881	0
0.72664	3.94676	0
0.72764	3.94474	0
0.72864	3.94275	0
0.72964	3.94077	0
0.73064	3.93882	0
0.73164	3.93689	0
0.73264	3.93497	0
0.73364	3.93308	0
0.73464	3.9312	0
0.73564	3.92934	0
0.73664	3.92749	0
0.73764	3.92567	0
0.73864	3.92385	0
0.73964	3.92206	0
0.74064	3.92028	0
0.74164	3.91851	0
0.74264	3.91676	0
0.74364	3.91502	0
0.74464	3.9133	0
0.74564	3.91159	0
0.74664	3.90989	0
0.74764	3.90821	0
0.74864	3.90654	0
0.74964	3.90488	0
0.75064	3.90324	0
0.75164	3.90161	0
0.75264	3.89999	0
0.75364	3.89838	0
0.75464	3.89678	0
0.75564	3.8952	0
0.75664	3.89362	0
0.75764	3.89206	0
0.75864	3.89051	0
0.75964	3.88897	0
0.76064	3.88744	0
0.76164	3.88592	0
0.76264	3.88441	0
0.76364	3.88292	0
0.76464	3.88143	0
0.76564	3.87995	0
0.76664	3.87848	0
0.76764	3.87703	0
0.76864	3.87558	0
0.76964	3.87414	0
0.77064	3.87271	0
0.77164	3.87129	0
0.77264	3.86988	0
0.77364	3.86848	0
0.77464	3.86709	0
0.77564	3.86571	0
0.77664	3.86433	0
0.77764	3.86297	0
0.77864	3.86161	0
0.77964	3.86026	0
0.78064	3.85892	0
0.78164	3.85759	0
0.78264	3.85627	0
0.78364	3.85495	0
0.78464	3.85365	0
0.78564	3.85235	0
0.78664	3.85106	0
0.78764	3.84977	0
0.78864	3.8485	0
0.78964	3.84723	0
0.79064	3.84597	0
0.79164	3.84472	0
0.79264	3.84347	0
0.79364	3.84224	0
0.79464	3.84101	0
0.79564	3.83978	0
0.79664	3.83857	0
0.79764	3.83736	0
0.79864	3.83616	0
0.79964	3.83496	0
0.80064	3.83377	0
0.80164	3.83259	0
0.80264	3.83142	0
0.80364	3.83025	0
0.80464	3.82909	0
0.80564	3.82794	0
0.80664	3.82679	0
0.80764	3.82564	0
0.80864	3.82451	0
0.80964	3.82338	0
0.81064	3.82226	0
0.81164	3.82114	0
0.81264	3.82003	0
0.81364	3.81893	0
0.81464	3.81783	0
0.81564	3.81674	0
0.81664	3.81565	0
0.81764	3.81457	0
0.81864	3.8135	0
0.81964	3.81243	0
0.82064	3.81137	0
0.82164	3.81031	0
0.82264	3.80926	0
0.82364	3.80822	0
0.82464	3.80718	0
0.82564	3.80614	0
0.82664	3.80511	0
0.82764	3.80409	0
0.82864	3.80307	0
0.82964	3.80206	0
0.83064	3.80105	0
0.83164	3.80005	0
0.83264	3.79905	0
0.83364	3.79806	0
0.83464	3.79707	0
0.83564	3.79609	0
0.83664	3.79511	0
0.83764	3.79414	0
0.83864	3.79317	0
0.83964	3.79221	0
0.84064	3.79126	0
0.84164	3.7903	0
0.84264	3.78936	0
0.84364	3.78841	0
0.84464	3.78748	0
0.84564	3.78654	0
0.84664	3.78562	0
0.84764	3.78469	0
0.84864	3.78377	0
0.84964	3.78286	0
0.85064	3.78195	0
0.85164	3.78104	0
0.85264	3.78014	0
0.85364	3.77924	0
0.85464	3.77835	0
0.85564	3.77746	0
0.85664	3.77658	0
0.85764	3.7757	0
0.85864	3.77482	0
0.85964	3.77395	0
0.86064	3.77309	0
0.86164	3.77222	0
0.86264	3.77137	0
0.86364	3.77051	0
0.86464	3.76966	0
0.86564	3.76882	0
0.86664	3.76797	0
0.86764	3.76713	0
0.86864	3.7663	0
0.86964	3.76547	0
0.87064	3.76464	0
0.87164	3.76382	0
0.87264	3.763	0
0.87364	3.76219	0
0.87464	3.76138	0
0.87564	3.76057	0
0.87664	3.75976	0
0.87764	3.75897	0
0.87864	3.75817	0
0.87964	3.75738	0
0.88064	3.75659	0
0.88164	3.7558	0
0.88264	3.75502	0
0.88364	3.75424	0
0.88464	3.75347	0
0.88564	3.7527	0
0.88664	3.75193	0
0.88764	3.75117	0
0.88864	3.75041	0
0.88964	3.74965	0
0.89064	3.7489	0
0.89164	3.74815	0
0.89264	3.7474	0
0.89364	3.74665	0
0.89464	3.74591	0
0.89564	3.74518	0
0.89664	3.74444	0
0.89764	3.74371	0
0.89864	3.74299	0
0.89964	3.74226	0
0.90064	3.74154	0
0.90164	3.74082	0
0.90264	3.74011	0
0.90364	3.7394	0
0.90464	3.73869	0
0.90564	3.73798	0
0.90664	3.73728	0
0.90764	3.73658	0
0.90864	3.73589	0
0.90964	3.73519	0
0.91064	3.7345	0
0.91164	3.73381	0
0.91264	3.73313	0
0.91364	3.73245	0
0.91464	3.73177	0
0.91564	3.73109	0
0.91664	3.73042	0
0.91764	3.72975	0
0.91864	3.72909	0
0.91964	3.72842	0
0.92064	3.72776	0
0.92164	3.7271	0
0.92264	3.72645	0
0.92364	3.72579	0
0.92464	3.72514	0
0.92564	3.7245	0
0.92664	3.72385	0
0.92764	3.72321	0
0.92864	3.72257	0
0.92964	3.72193	0
0.93064	3.7213	0
0.93164	3.72067	0
0.93264	3.72004	0
0.93364	3.71941	0
0.93464	3.71879	0
0.93564	3.71817	0
0.93664	3.71755	0
0.93764	3.71693	0
0.93864	3.71632	0
0.93964	3.71571	0
0.94064	3.7151	0
0.94164	3.71449	0
0.94264	3.71389	0
0.94364	3.71329	0
0.94464	3.71269	0
0.94564	3.71209	0
0.94664	3.7115	0
0.94764	3.71091	0
0.94864	3.71032	0
0.94964	3.70973	0
0.95064	3.70915	0
0.95164	3.70857	0
0.95264	3.70798	0
0.95364	3.70741	0
0.95464	3.70683	0
0.95564	3.70626	0
0.95664	3.70569	0
0.95764	3.70512	0
0.95864	3.70455	0
0.95964	3.70399	0
0.96064	3.70343	0
0.96164	3.70287	0
0.96264	3.70231	0
0.96364	3.70176	0
0.96464	3.7012	0
0.96564	3.70065	0
0.96664	3.7001	0
0.96764	3.69956	0
0.96864	3.69901	0
0.96964	3.69847	0
0.97064	3.69793	0
0.97164	3.69739	0
0.97264	3.69686	0
0.97364	3.69632	0
0.97464	3.69579	0
0.97564	3.69526	0
0.97664	3.69473	0
0.97764	3.69421	0
0.97864	3.69368	0
0.97964	3.69316	0
0.98064	3.69264	0
0.98164	3.69212	0
0.98264	3.69161	0
0.98364	3.69109	0
0.98464	3.69058	0
0.98564	3.69007	0
0.98664	3.68956	0
0.98764	3.68905	0
0.98864	3.68855	0
0.98964	3.68805	0
0.99064	3.68755	0
0.99164	3.68705	0
0.99264	3.68655	0
0.99364	3.68606	0
0.99464	3.68556	0
0.99564	3.68507	0
0.99664	3.68458	0
0.99764	3.68409	0
0.99864	3.68361	0
0.99964	3.68312	0
1.00064	3.68264	0
1.00164	3.68216	0
1.00264	3.68168	0
1.00364	3.6812	0
1.00464	3.68073	0
1.00564	3.68025	0
1.00664	3.67978	0
1.00764	3.67931	0
1.00864	3.67884	0
1.00964	3.67838	0
1.01064	3.67791	0
1.01164	3.67745	0
1.01264	3.67699	0
1.01364	3.67653	0
1.01464	3.67607	0
1.01564	3.67561	0
1.01664	3.67516	0
1.01764	3.6747	0
1.01864	3.67425	0
1.01964	3.6738	0
1.02064	3.67335	0
1.02164	3.67291	0
1.02264	3.67246	0
1.02364	3.67202	0
1.02464	3.67157	0
1.02564	3.67113	0
1.02664	3.67069	0
1.02764	3.67026	0
1.02864	3.66982	0
1.02964	3.66938	0
1.03064	3.66895	0
1.03164	3.66852	0
1.03264	3.66809	0
1.03364	3.66766	0
1.03464	3.66723	0
1.03564	3.66681	0
1.03664	3.66638	0
1.03764	3.66596	0
1.03864	3.66554	0
1.03964	3.66512	0
1.04064	3.6647	0
1.04164	3.66429	0
1.04264	3.66387	0
1.04364	3.66346	0
1.04464	3.66304	0
1.04564	3.66263	0
1.04664	3.66222	0
1.04764	3.66182	0
1.04864	3.66141	0
1.04964	3.661	0
1.05064	3.6606	0
1.05164	3.6602	0
1.05264	3.6598	0
1.05364	3.6594	0
1.05464	3.659	0
1.05564	3.6586	0
1.05664	3.65821	0
1.05764	3.65781	0
1.05864	3.65742	0
1.05964	3.65703	0
1.06064	3.65663	0
1.06164	3.65625	0
1.06264	3.65586	0
1.06364	3.65547	0
1.06464	3.65509	0
1.06564	3.6547	0
1.06664	3.65432	0
1.06764	3.65394	0
1.06864	3.65356	0
1.06964	3.65318	0
1.07064	3.6528	0
1.07164	3.65242	0
1.07264	3.65205	0
1.07364	3.65167	0
1.07464	3.6513	0
1.07564	3.65093	0
1.07664	3.65056	0
1.07764	3.65019	0
1.07864	3.64982	0
1.07964	3.64946	0
1.08064	3.64909	0
1.08164	3.64873	0
1.08264	3.64836	0
1.08364	3.648	0
1.08464	3.64764	0
1.08564	3.64728	0
1.08664	3.64693	0
1.08764	3.64657	0
1.08864	3.64621	0
1.08964	3.64586	0
1.09064	3.6455	0
1.09164	3.64515	0
1.09264	3.6448	0
1.09364	3.64445	0
1.09464	3.6441	0
1.09564	3.64375	0
1.09664	3.64341	0
1.09764	3.64306	0
1.09864	3.64271	0
1.09964	3.64237	0
1.10064	3.64203	0
1.10164	3.64169	0
1.10264	3.64135	0
1.10364	3.64101	0
1.10464	3.64067	0
1.10564	3.64033	0
1.10664	3.64	0
1.10764	3.63966	0
1.10864	3.63933	0
1.10964	3.63899	0
1.11064	3.63866	0
1.11164	3.63833	0
1.11264	3.638	0
1.11364	3.63767	0
1.11464	3.63735	0
1.11564	3.63702	0
1.11664	3.63669	0
1.11764	3.63637	0
1.11864	3.63605	0
1.11964	3.63572	0
1.12064	3.6354	0
1.12164	3.63508	0
1.12264	3.63476	0
1.12364	3.63444	0
1.12464	3.63413	0
1.12564	3.63381	0
1.12664	3.63349	0
1.12764	3.63318	0
1.12864	3.63287	0
1.12964	3.63255	0
1.13064	3.63224	0
1.13164	3.63193	0
1.13264	3.63162	0
1.13364	3.63131	0
1.13464	3.63101	0
1.13564	3.6307	0
1.13664	3.63039	0
1.13764	3.63009	0
1.13864	3.62978	0
1.13964	3.62948	0
1.14064	3.62918	0
1.14164	3.62888	0
1.14264	3.62858	0
1.14364	3.62828	0
1.14464	3.62798	0
1.14564	3.62768	0
1.14664	3.62738	0
1.14764	3.62709	0
1.14864	3.62679	0
1.14964	3.6265	0
1.15064	3.62621	0
1.15164	3.62591	0
1.15264	3.62562	0
1.15364	3.62533	0
1.15464	3.62504	0
1.15564	3.62475	0
1.15664	3.62446	0
1.15764	3.62418	0
1.15864	3.62389	0
1.15964	3.62361	0
1.16064	3.62332	0
1.16164	3.62304	0
1.16264	3.62275	0
1.16364	3.62247	0
1.16464	3.62219	0
1.16564	3.62191	0
1.16664	3.62163	0
1.16764	3.62135	0
1.16864	3.62107	0
1.16964	3.6208	0
1.17064	3.62052	0
1.17164	3.62025	0
1.17264	3.61997	0
1.17364	3.6197	0
1.17464	3.61942	0
1.17564	3.61915	0
1.17664	3.61888	0
1.17764	3.61861	0
1.17864	3.61834	0
1.17964	3.61807	0
1.18064	3.6178	0
1.18164	3.61753	0
1.18264	3.61727	0
1.18364	3.617	0
1.18464	3.61674	0
1.18564	3.61647	0
1.18664	3.61621	0
1.18764	3.61595	0
1.18864	3.61568	0
1.18964	3.61542	0
1.19064	3.61516	0
1.19164	3.6149	0
1.19264	3.61464	0
1.19364	3.61438	0
1.19464	3.61413	0
1.19564	3.61387	0
1.19664	3.61361	0
1.19764	3.61336	0
1.19864	3.6131	0
1.19964	3.61285	0
1.20064	3.61259	0
1.20164	3.61234	0
1.20264	3.61209	0
1.20364	3.61184	0
1.20464	3.61159	0
1.20564	3.61134	0
1.20664	3.61109	0
1.20764	3.61084	0
1.20864	3.61059	0
1.20964	3.61035	0
1.21064	3.6101	0
1.21164	3.60986	0
1.21264	3.60961	0
1.21364	3.60936	0
1.21464	3.60912	0
1.21564	3.60888	0
1.21664	3.60864	0
1.21764	3.6084	0
1.21864	3.60816	0
1.21964	3.60792	0
1.22064	3.60768	0
1.22164	3.60744	0
1.22264	3.6072	0
1.22364	3.60696	0
1.22464	3.60672	0
1.22564	3.60649	0
1.22664	3.60625	0
1.22764	3.60602	0
1.22864	3.60578	0
1.22964	3.60555	0
1.23064	3.60532	0
1.23164	3.60508	0
1.23264	3.60485	0
1.23364	3.60462	0
1.23464	3.60439	0
1.23564	3.60416	0
1.23664	3.60393	0
1.23764	3.6037	0
1.23864	3.60348	0
1.23964	3.60325	0
1.24064	3.60302	0
1.24164	3.6028	0
1.24264	3.60257	0
1.24364	3.60235	0
1.24464	3.60212	0
1.24564	3.6019	0
1.24664	3.60168	0
1.24764	3.60145	0
1.24864	3.60123	0
1.24964	3.60101	0
1.25064	3.60079	0
1.25164	3.60057	0
1.25264	3.60035	0
1.25364	3.60013	0
1.25464	3.59991	0
1.25564	3.5997	0
1.25664	3.59948	0
1.25764	3.59926	0
1.25864	3.59905	0
1.25964	3.59883	0
1.26064	3.59862	0
1.26164	3.5984	0
1.26264	3.59819	0
1.26364	3.59798	0
1.26464	3.59776	0
1.26564	3.59755	0
1.26664	3.59734	0
1.26764	3.59713	0
1.26864	3.59692	0
1.26964	3.59671	0
1.27064	3.5965	0
1.27164	3.59629	0
1.27264	3.59608	0
1.27364	3.59588	0
1.27464	3.59567	0
1.27564	3.59546	0
1.27664	3.59526	0
1.27764	3.59505	0
1.27864	3.59485	0
1.27964	3.59464	0
1.28064	3.59444	0
1.28164	3.59424	0
1.28264	3.59403	0
1.28364	3.59383	0
1.28464	3.59363	0
1.28564	3.59343	0
1.28664	3.59323	0
1.28764	3.59303	0
1.28864	3.59283	0
1.28964	3.59263	0
1.29064	3.59243	0
1.29164	3.59224	0
1.29264	3.59204	0
1.29364	3.59184	0
1.29464	3.59164	0
1.29564	3.59145	0
1.29664	3.59125	0
1.29764	3.59106	0
1.29864	3.59086	0
1.29964	3.59067	0
1.30064	3.59048	0
1.30164	3.59028	0
1.30264	3.59009	0
1.30364	3.5899	0
1.30464	3.58971	0
1.30564	3.58952	0
1.30664	3.58933	0
1.30764	3.58914	0
1.30864	3.58895	0
1.30964	3.58876	0
1.31064	3.58857	0
1.31164	3.58838	0
1.31264	3.58819	0
1.31364	3.58801	0
1.31464	3.58782	0
1.31564	3.58763	0
1.31664	3.58745	0
1.31764	3.58726	0
1.31864	3.58708	0
1.31964	3.58689	0
1.32064	3.58671	0
1.32164	3.58653	0
1.32264	3.58635	0
1.32364	3.58616	0
1.32464	3.58598	0
1.32564	3.5858	0
1.32664	3.58562	0
1.32764	3.58544	0
1.32864	3.58526	0
1.32964	3.58508	0
1.33064	3.5849	0
1.33164	3.58472	0
1.33264	3.58454	0
1.33364	3.58436	0
1.33464	3.58419	0
1.33564	3.58401	0
1.33664	3.58383	0
1.33764	3.58366	0
1.33864	3.58348	0
1.33964	3.58331	0
1.34064	3.58313	0
1.34164	3.58296	0
1.34264	3.58278	0
1.34364	3.58261	0
1.34464	3.58244	0
1.34564	3.58226	0
1.34664	3.58209	0
1.34764	3.58192	0
1.34864	3.58175	0
1.34964	3.58158	0
1.35064	3.58141	0
1.35164	3.58123	0
1.35264	3.58107	0
1.35364	3.5809	0
1.35464	3.58073	0
1.35564	3.58056	0
1.35664	3.58039	0
1.35764	3.58022	0
1.35864	3.58005	0
1.35964	3.57989	0
1.36064	3.57972	0
1.36164	3.57956	0
1.36264	3.57939	0
1.36364	3.57923	0
1.36464	3.57906	0
1.36564	3.5789	0
1.36664	3.57873	0
1.36764	3.57857	0
1.36864	3.57841	0
1.36964	3.57824	0
1.37064	3.57808	0
1.37164	3.57792	0
1.37264	3.57776	0
1.37364	3.5776	0
1.37464	3.57743	0
1.37564	3.57727	0
1.37664	3.57711	0
1.37764	3.57695	0
1.37864	3.57679	0
1.37964	3.57664	0
1.38064	3.57648	0
1.38164	3.57632	0
1.38264	3.57616	0
1.38364	3.576	0
1.38464	3.57585	0
1.38564	3.57569	0
1.38664	3.57553	0
1.38764	3.57538	0
1.38864	3.57522	0
1.38964	3.57507	0
1.39064	3.57491	0
1.39164	3.57476	0
1.39264	3.5746	0
1.39364	3.57445	0
1.39464	3.5743	0
1.39564	3.57414	0
1.39664	3.57399	0
1.39764	3.57384	0
1.39864	3.57369	0
1.39964	3.57353	0
1.40064	3.57338	0
1.40164	3.57323	0
1.40264	3.57308	0
1.40364	3.57293	0
1.40464	3.57278	0
1.40564	3.57263	0
1.40664	3.57248	0
1.40764	3.57233	0
1.40864	3.57218	0
1.40964	3.57204	0
1.41064	3.57189	0
1.41164	3.57174	0
1.41264	3.57159	0
1.41364	3.57145	0
1.41464	3.5713	0
1.41564	3.57115	0
1.41664	3.57101	0
1.41764	3.57086	0
1.41864	3.57072	0
1.41964	3.57057	0
1.42064	3.57043	0
1.42164	3.57029	0
1.42264	3.57014	0
1.42364	3.57	0
1.42464	3.56985	0
1.42564	3.56971	0
1.42664	3.56957	0
1.42764	3.56943	0
1.42864	3.56928	0
1.42964	3.56914	0
1.43064	3.569	0
1.43164	3.56886	0
1.43264	3.56872	0
1.43364	3.56858	0
1.43464	3.56844	0
1.43564	3.5683	0
1.43664	3.56816	0
1.43764	3.56802	0
1.43864	3.56789	0
1.43964	3.56775	0
1.44064	3.56761	0
1.44164	3.56747	0
1.44264	3.56733	0
1.44364	3.5672	0
1.44464	3.56706	0
1.44564	3.56692	0
1.44664	3.56679	0
1.44764	3.56665	0
1.44864	3.56652	0
1.44964	3.56638	0
1.45064	3.56625	0
1.45164	3.56611	0
1.45264	3.56598	0
1.45364	3.56584	0
1.45464	3.56571	0
1.45564	3.56558	0
1.45664	3.56544	0
1.45764	3.56531	0
1.45864	3.56518	0
1.45964	3.56505	0
1.46064	3.56491	0
1.46164	3.56478	0
1.46264	3.56465	0
1.46364	3.56452	0
1.46464	3.56439	0
1.46564	3.56426	0
1.46664	3.56413	0
1.46764	3.564	0
1.46864	3.56387	0
1.46964	3.56374	0
1.47064	3.56361	0
1.47164	3.56348	0
1.47264	3.56335	0
1.47364	3.56323	0
1.47464	3.5631	0
1.47564	3.56297	0
1.47664	3.56284	0
1.47764	3.56272	0
1.47864	3.56259	0
1.47964	3.56246	0
1.48064	3.56234	0
1.48164	3.56221	0
1.48264	3.56208	0
1.48364	3.56196	0
1.48464	3.56183	0
1.48564	3.56171	0
1.48664	3.56159	0
1.48764	3.56146	0
1.48864	3.56134	0
1.48964	3.56121	0
1.49064	3.56109	0
1.49164	3.56097	0
1.49264	3.56084	0
1.49364	3.56072	0
1.49464	3.5606	0
1.49564	3.56048	0
1.49664	3.56035	0
1.49764	3.56023	0
1.49864	3.56011	0
1.49964	3.55999	0
1.50064	3.55987	0
1.50164	3.55975	0
1.50264	3.55963	0
1.50364	3.55951	0
1.50464	3.55939	0
1.50564	3.55927	0
1.50664	3.55915	0
1.50764	3.55903	0
1.50864	3.55891	0
1.50964	3.55879	0
1.51064	3.55868	0
1.51164	3.55856	0
1.51264	3.55844	0
1.51364	3.55832	0
1.51464	3.55821	0
1.51564	3.55809	0
1.51664	3.55797	0
1.51764	3.55786	0
1.51864	3.55774	0
1.51964	3.55762	0
1.52064	3.55751	0
1.52164	3.55739	0
1.52264	3.55728	0
1.52364	3.55716	0
1.52464	3.55705	0
1.52564	3.55693	0
1.52664	3.55682	0
1.52764	3.5567	0
1.52864	3.55659	0
1.52964	3.55648	0
1.53064	3.55636	0
1.53164	3.55625	0
1.53264	3.55614	0
1.53364	3.55603	0
1.53464	3.55591	0
1.53564	3.5558	0
1.53664	3.55569	0
1.53764	3.55558	0
1.53864	3.55547	0
1.53964	3.55535	0
1.54064	3.55524	0
1.54164	3.55513	0
1.54264	3.55502	0
1.54364	3.55491	0
1.54464	3.5548	0
1.54564	3.55469	0
1.54664	3.55458	0
1.54764	3.55447	0
1.54864	3.55436	0
1.54964	3.55425	0
1.55064	3.55415	0
1.55164	3.55404	0
1.55264	3.55393	0
1.55364	3.55382	0
1.55464	3.55371	0
1.55564	3.55361	0
1.55664	3.5535	0
1.55764	3.55339	0
1.55864	3.55329	0
1.55964	3.55318	0
1.56064	3.55307	0
1.56164	3.55297	0
1.56264	3.55286	0
1.56364	3.55275	0
1.56464	3.55265	0
1.56564	3.55254	0
1.56664	3.55244	0
1.56764	3.55233	0
1.56864	3.55223	0
1.56964	3.55212	0
1.57064	3.55202	0
1.57164	3.55192	0
1.57264	3.55181	0
1.57364	3.55171	0
1.57464	3.5516	0
1.57564	3.5515	0
1.57664	3.5514	0
1.57764	3.5513	0
1.57864	3.55119	0
1.57964	3.55109	0
1.58064	3.55099	0
1.58164	3.55089	0
1.58264	3.55078	0
1.58364	3.55068	0
1.58464	3.55058	0
1.58564	3.55048	0
1.58664	3.55038	0
1.58764	3.55028	0
1.58864	3.55018	0
1.58964	3.55008	0
1.59064	3.54998	0
1.59164	3.54988	0
1.59264	3.54978	0
1.59364	3.54968	0
1.59464	3.54958	0
1.59564	3.54948	0
1.59664	3.54938	0
1.59764	3.54928	0
1.59864	3.54919	0
1.59964	3.54909	0
1.60064	3.54899	0
1.60164	3.54889	0
1.60264	3.54879	0
1.60364	3.5487	0
1.60464	3.5486	0
1.60564	3.5485	0
1.60664	3.5484	0
1.60764	3.54831	0
1.60864	3.54821	0
1.60964	3.54812	0
1.61064	3.54802	0
1.61164	3.54792	0
1.61264	3.54783	0
1.61364	3.54773	0
1.61464	3.54764	0
1.61564	3.54754	0
1.61664	3.54744	0
1.61764	3.54735	0
1.61864	3.54726	0
1.61964	3.54716	0
1.62064	3.54707	0
1.62164	3.54697	0
1.62264	3.54688	0
1.62364	3.54678	0
1.62464	3.54669	0
1.62564	3.5466	0
1.62664	3.54651	0
1.62764	3.54641	0
1.62864	3.54632	0
1.62964	3.54623	0
1.63064	3.54614	0
1.63164	3.54604	0
1.63264	3.54595	0
1.63364	3.54586	0
1.63464	3.54577	0
1.63564	3.54568	0
1.63664	3.54558	0
1.63764	3.54549	0
1.63864	3.5454	0
1.63964	3.54531	0
1.64064	3.54522	0
1.64164	3.54513	0
1.64264	3.54504	0
1.64364	3.54495	0
1.64464	3.54486	0
1.64564	3.54477	0
1.64664	3.54468	0
1.64764	3.54459	0
1.64864	3.5445	0
1.64964	3.54441	0
1.65064	3.54432	0
1.65164	3.54424	0
1.65264	3.54415	0
1.65364	3.54406	0
1.65464	3.54397	0
1.65564	3.54388	0
1.65664	3.54379	0
1.65764	3.54371	0
1.65864	3.54362	0
1.65964	3.54353	0
1.66064	3.54344	0
1.66164	3.54336	0
1.66264	3.54327	0
1.66364	3.54318	0
1.66464	3.5431	0
1.66564	3.54301	0
1.66664	3.54292	0
1.66764	3.54284	0
1.66864	3.54275	0
1.66964	3.54267	0
1.67064	3.54258	0
1.67164	3.54249	0
1.67264	3.54241	0
1.67364	3.54232	0
1.67464	3.54224	0
1.67564	3.54216	0
1.67664	3.54207	0
1.67764	3.54199	0
1.67864	3.5419	0
1.67964	3.54182	0
1.68064	3.54174	0
1.68164	3.54165	0
1.68264	3.54157	0
1.68364	3.54148	0
1.68464	3.5414	0
1.68564	3.54132	0
1.68664	3.54123	0
1.68764	3.54115	0
1.68864	3.54107	0
1.68964	3.54099	0
1.69064	3.5409	0
1.69164	3.54082	0
1.69264	3.54074	0
1.69364	3.54066	0
1.69464	3.54058	0
1.69564	3.54049	0
1.69664	3.54041	0
1.69764	3.54033	0
1.69864	3.54025	0
1.69964	3.54017	0
1.70064	3.54009	0
1.70164	3.54001	0
1.70264	3.53993	0
1.70364	3.53985	0
1.70464	3.53977	0
1.70564	3.53969	0
1.70664	3.53961	0
1.70764	3.53953	0
1.70864	3.53945	0
1.70964	3.53937	0
1.71064	3.53929	0
1.71164	3.53921	0
1.71264	3.53913	0
1.71364	3.53905	0
1.71464	3.53897	0
1.71564	3.53889	0
1.71664	3.53882	0
1.71764	3.53874	0
1.71864	3.53866	0
1.71964	3.53858	0
1.72064	3.5385	0
1.72164	3.53843	0
1.72264	3.53835	0
1.72364	3.53827	0
1.72464	3.53819	0
1.72564	3.53811	0
1.72664	3.53804	0
1.72764	3.53796	0
1.72864	3.53789	0
1.72964	3.53781	0
1.73064	3.53773	0
1.73164	3.53766	0
1.73264	3.53758	0
1.73364	3.5375	0
1.73464	3.53743	0
1.73564	3.53735	0
1.73664	3.53728	0
1.73764	3.5372	0
1.73864	3.53713	0
1.73964	3.53705	0
1.74064	3.53698	0
1.74164	3.5369	0
1.74264	3.53682	0
1.74364	3.53675	0
1.74464	3.53668	0
1.74564	3.5366	0
1.74664	3.53653	0
1.74764	3.53645	0
1.74864	3.53638	0
1.74964	3.53631	0
1.75064	3.53623	0
1.75164	3.53616	0
1.75264	3.53608	0
1.75364	3.53601	0
1.75464	3.53594	0
1.75564	3.53587	0
1.75664	3.53579	0
1.75764	3.53572	0
1.75864	3.53565	0
1.75964	3.53557	0
1.76064	3.5355	0
1.76164	3.53543	0
1.76264	3.53536	0
1.76364	3.53529	0
1.76464	3.53521	0
1.76564	3.53514	0
1.76664	3.53507	0
1.76764	3.535	0
1.76864	3.53493	0
1.76964	3.53486	0
1.77064	3.53478	0
1.77164	3.53471	0
1.77264	3.53464	0
1.77364	3.53457	0
1.77464	3.5345	0
1.77564	3.53443	0
1.77664	3.53436	0
1.77764	3.53429	0
1.77864	3.53422	0
1.77964	3.53415	0
1.78064	3.53408	0
1.78164	3.53401	0
1.78264	3.53394	0
1.78364	3.53387	0
1.78464	3.5338	0
1.78564	3.53373	0
1.78664	3.53366	0
1.78764	3.5336	0
1.78864	3.53353	0
1.78964	3.53346	0
1.79064	3.53339	0
1.79164	3.53332	0
1.79264	3.53325	0
1.79364	3.53318	0
1.79464	3.53312	0
1.79564	3.53305	0
1.79664	3.53298	0
1.79764	3.53291	0
1.79864	3.53284	0
1.79964	3.53278	0
1.80064	3.53271	0
1.80164	3.53264	0
1.80264	3.53257	0
1.80364	3.53251	0
1.80464	3.53244	0
1.80564	3.53237	0
1.80664	3.53231	0
1.80764	3.53224	0
1.80864	3.53217	0
1.80964	3.53211	0
1.81064	3.53204	0
1.81164	3.53198	0
1.81264	3.53191	0
1.81364	3.53184	0
1.81464	3.53178	0
1.81564	3.53171	0
1.81664	3.53165	0
1.81764	3.53158	0
1.81864	3.53151	0
1.81964	3.53145	0
1.82064	3.53139	0
1.82164	3.53132	0
1.82264	3.53125	0
1.82364	3.53119	0
1.82464	3.53112	0
1.82564	3.53106	0
1.82664	3.531	0
1.82764	3.53093	0
1.82864	3.53087	0
1.82964	3.5308	0
1.83064	3.53074	0
1.83164	3.53068	0
1.83264	3.53061	0
1.83364	3.53055	0
1.83464	3.53049	0
1.83564	3.53042	0
1.83664	3.53036	0
1.83764	3.53029	0
1.83864	3.53023	0
1.83964	3.53017	0
1.84064	3.53011	0
1.84164	3.53004	0
1.84264	3.52998	0
1.84364	3.52992	0
1.84464	3.52986	0
1.84564	3.52979	0
1.84664	3.52973	0
1.84764	3.52967	0
1.84864	3.52961	0
1.84964	3.52954	0
1.85064	3.52948	0
1.85164	3.52942	0
1.85264	3.52936	0
1.85364	3.5293	0
1.85464	3.52924	0
1.85564	3.52917	0
1.85664	3.52911	0
1.85764	3.52905	0
1.85864	3.52899	0
1.85964	3.52893	0
1.86064	3.52887	0
1.86164	3.52881	0
1.86264	3.52875	0
1.86364	3.52869	0
1.86464	3.52863	0
1.86564	3.52857	0
1.86664	3.52851	0
1.86764	3.52845	0
1.86864	3.52839	0
1.86964	3.52833	0
1.87064	3.52827	0
1.87164	3.52821	0
1.87264	3.52815	0
1.87364	3.52809	0
1.87464	3.52803	0
1.87564	3.52797	0
1.87664	3.52791	0
1.87764	3.52785	0
1.87864	3.52779	0
1.87964	3.52773	0
1.88064	3.52767	0
1.88164	3.52762	0
1.88264	3.52756	0
1.88364	3.5275	0
1.88464	3.52744	0
1.88564	3.52738	0
1.88664	3.52732	0
1.88764	3.52727	0
1.88864	3.52721	0
1.88964	3.52715	0
1.89064	3.52709	0
1.89164	3.52703	0
1.89264	3.52698	0
1.89364	3.52692	0
1.89464	3.52686	0
1.89564	3.5268	0
1.89664	3.52675	0
1.89764	3.52669	0
1.89864	3.52663	0
1.89964	3.52658	0
1.90064	3.52652	0
1.90164	3.52646	0
1.90264	3.52641	0
1.90364	3.52635	0
1.90464	3.52629	0
1.90564	3.52624	0
1.90664	3.52618	0
1.90764	3.52612	0
1.90864	3.52607	0
1.90964	3.52601	0
1.91064	3.52595	0
1.91164	3.5259	0
1.91264	3.52584	0
1.91364	3.52579	0
1.91464	3.52573	0
1.91564	3.52568	0
1.91664	3.52562	0
1.91764	3.52557	0
1.91864	3.52551	0
1.91964	3.52546	0
1.92064	3.5254	0
1.92164	3.52535	0
1.92264	3.52529	0
1.92364	3.52524	0
1.92464	3.52518	0
1.92564	3.52513	0
1.92664	3.52507	0
1.92764	3.52502	0
1.92864	3.52496	0
1.92964	3.52491	0
1.93064	3.52486	0
1.93164	3.5248	0
1.93264	3.52475	0
1.93364	3.52469	0
1.93464	3.52464	0
1.93564	3.52459	0
1.93664	3.52453	0
1.93764	3.52448	0
1.93864	3.52443	0
1.93964	3.52437	0
1.94064	3.52432	0
1.94164	3.52427	0
1.94264	3.52421	0
1.94364	3.52416	0
1.94464	3.52411	0
1.94564	3.52406	0
1.94664	3.524	0
1.94764	3.52395	0
1.94864	3.5239	0
1.94964	3.52384	0
1.95064	3.52379	0
1.95164	3.52374	0
1.95264	3.52369	0
1.95364	3.52364	0
1.95464	3.52358	0
1.95564	3.52353	0
1.95664	3.52348	0
1.95764	3.52343	0
1.95864	3.52338	0
1.95964	3.52332	0
1.96064	3.52327	0
1.96164	3.52322	0
1.96264	3.52317	0
1.96364	3.52312	0
1.96464	3.52307	0
1.96564	3.52302	0
1.96664	3.52296	0
1.96764	3.52291	0
1.96864	3.52286	0
1.96964	3.52281	0
1.97064	3.52276	0
1.97164	3.52271	0
1.97264	3.52266	0
1.97364	3.52261	0
1.97464	3.52256	0
1.97564	3.52251	0
1.97664	3.52246	0
1.97764	3.52241	0
1.97864	3.52236	0
1.97964	3.52231	0
1.98064	3.52226	0
1.98164	3.52221	0
1.98264	3.52216	0
1.98364	3.52211	0
1.98464	3.52206	0
1.98564	3.52201	0
1.98664	3.52196	0
1.98764	3.52191	0
1.98864	3.52186	0
1.98964	3.52181	0
1.99064	3.52176	0
1.99164	3.52171	0
1.99264	3.52166	0
1.99364	3.52162	0
1.99464	3.52157	0
1.99564	3.52152	0
1.99664	3.52147	0
1.99764	3.52142	0
1.99864	3.52137	0
1.99964	3.52132	0
2.00064	3.52127	0
2.00164	3.52123	0
2.00264	3.52118	0
2.00364	3.52113	0
2.00464	3.52108	0
2.00564	3.52103	0
2.00664	3.52099	0
2.00764	3.52094	0
2.00864	3.52089	0
2.00964	3.52084	0
2.01064	3.5208	0
2.01164	3.52075	0
2.01264	3.5207	0
2.01364	3.52065	0
2.01464	3.5206	0
2.01564	3.52056	0
2.01664	3.52051	0
2.01764	3.52046	0
2.01864	3.52041	0
2.01964	3.52037	0
2.02064	3.52032	0
2.02164	3.52027	0
2.02264	3.52023	0
2.02364	3.52018	0
2.02464	3.52013	0
2.02564	3.52009	0
2.02664	3.52004	0
2.02764	3.51999	0
2.02864	3.51995	0
2.02964	3.5199	0
2.03064	3.51986	0
2.03164	3.51981	0
2.03264	3.51976	0
2.03364	3.51972	0
2.03464	3.51967	0
2.03564	3.51963	0
2.03664	3.51958	0
2.03764	3.51953	0
2.03864	3.51949	0
2.03964	3.51944	0
2.04064	3.5194	0
2.04164	3.51935	0
2.04264	3.51931	0
2.04364	3.51926	0
2.04464	3.51922	0
2.04564	3.51917	0
2.04664	3.51913	0
2.04764	3.51908	0
2.04864	3.51904	0
2.04964	3.51899	0
2.05064	3.51895	0
2.05164	3.5189	0
2.05264	3.51886	0
2.05364	3.51881	0
2.05464	3.51877	0
2.05564	3.51872	0
2.05664	3.51868	0
2.05764	3.51863	0
2.05864	3.51859	0
2.05964	3.51855	0
2.06064	3.5185	0
2.06164	3.51846	0
2.06264	3.51841	0
2.06364	3.51837	0
2.06464	3.51833	0
2.06564	3.51828	0
2.06664	3.51824	0
2.06764	3.51819	0
2.06864	3.51815	0
2.06964	3.51811	0
2.07064	3.51806	0
2.07164	3.51802	0
2.07264	3.51798	0
2.07364	3.51793	0
2.07464	3.51789	0
2.07564	3.51785	0
2.07664	3.5178	0
2.07764	3.51776	0
2.07864	3.51772	0
2.07964	3.51768	0
2.08064	3.51763	0
2.08164	3.51759	0
2.08264	3.51755	0
2.08364	3.5175	0
2.08464	3.51746	0
2.08564	3.51742	0
2.08664	3.51738	0
2.08764	3.51733	0
2.08864	3.51729	0
2.08964	3.51725	0
2.09064	3.51721	0
2.09164	3.51717	0
2.09264	3.51712	0
2.09364	3.51708	0
2.09464	3.51704	0
2.09564	3.517	0
2.09664	3.51696	0
2.09764	3.51691	0
2.09864	3.51687	0
2.09964	3.51683	0
2.10064	3.51679	0
2.10164	3.51675	0
2.10264	3.51671	0
2.10364	3.51667	0
2.10464	3.51662	0
2.10564	3.51658	0
2.10664	3.51654	0
2.10764	3.5165	0
2.10864	3.51646	0
2.10964	3.51642	0
2.11064	3.51638	0
2.11164	3.51634	0
2.11264	3.51629	0
2.11364	3.51625	0
2.11464	3.51621	0
2.11564	3.51617	0
2.11664	3.51613	0
2.11764	3.51609	0
2.11864	3.51605	0
2.11964	3.51601	0
2.12064	3.51597	0
2.12164	3.51593	0
2.12264	3.51589	0
2.12364	3.51585	0
2.12464	3.51581	0
2.12564	3.51577	0
2.12664	3.51573	0
2.12764	3.51569	0
2.12864	3.51565	0
2.12964	3.51561	0
2.13064	3.51557	0
2.13164	3.51553	0
2.13264	3.51549	0
2.13364	3.51545	0
2.13464	3.51541	0
2.13564	3.51537	0
2.13664	3.51533	0
2.13764	3.51529	0
2.13864	3.51525	0
2.13964	3.51521	0
2.14064	3.51518	0
2.14164	3.51513	0
2.14264	3.5151	0
2.14364	3.51506	0
2.14464	3.51502	0
2.14564	3.51498	0
2.14664	3.51494	0
2.14764	3.5149	0
2.14864	3.51486	0
2.14964	3.51483	0
2.15064	3.51479	0
2.15164	3.51475	0
2.15264	3.51471	0
2.15364	3.51467	0
2.15464	3.51463	0
2.15564	3.51459	0
2.15664	3.51456	0
2.15764	3.51452	0
2.15864	3.51448	0
2.15964	3.51444	0
2.16064	3.5144	0
2.16164	3.51436	0
2.16264	3.51433	0
2.16364	3.51429	0
2.16464	3.51425	0
2.16564	3.51421	0
2.16664	3.51418	0
2.16764	3.51414	0
2.16864	3.5141	0
2.16964	3.51406	0
2.17064	3.51402	0
2.17164	3.51399	0
2.17264	3.51395	0
2.17364	3.51391	0
2.17464	3.51388	0
2.17564	3.51384	0
2.17664	3.5138	0
2.17764	3.51376	0
2.17864	3.51373	0
2.17964	3.51369	0
2.18064	3.51365	0
2.18164	3.51362	0
2.18264	3.51358	0
2.18364	3.51354	0
2.18464	3.5135	0
2.18564	3.51347	0
2.18664	3.51343	0
2.18764	3.51339	0
2.18864	3.51336	0
2.18964	3.51332	0
2.19064	3.51328	0
2.19164	3.51325	0
2.19264	3.51321	0
2.19364	3.51317	0
2.19464	3.51314	0
2.19564	3.5131	0
2.19664	3.51307	0
2.19764	3.51303	0
2.19864	3.513	0
2.19964	3.51296	0
2.20064	3.51292	0
2.20164	3.51289	0
2.20264	3.51285	0
2.20364	3.51281	0
2.20464	3.51278	0
2.20564	3.51274	0
2.20664	3.51271	0
2.20764	3.51267	0
2.20864	3.51264	0
2.20964	3.5126	0
2.21064	3.51257	0
2.21164	3.51253	0
2.21264	3.51249	0
2.21364	3.51246	0
2.21464	3.51242	0
2.21564	3.51239	0
2.21664	3.51235	0
2.21764	3.51232	0
2.21864	3.51228	0
2.21964	3.51225	0
2.22064	3.51221	0
2.22164	3.51218	0
2.22264	3.51214	0
2.22364	3.51211	0
2.22464	3.51207	0
2.22564	3.51204	0
2.22664	3.51201	0
2.22764	3.51197	0
2.22864	3.51194	0
2.22964	3.5119	0
2.23064	3.51187	0
2.23164	3.51183	0
2.23264	3.5118	0
2.23364	3.51176	0
2.23464	3.51173	0
2.23564	3.5117	0
2.23664	3.51166	0
2.23764	3.51163	0
2.23864	3.51159	0
2.23964	3.51156	0
2.24064	3.51152	0
2.24164	3.51149	0
2.24264	3.51146	0
2.24364	3.51142	0
2.24464	3.51139	0
2.24564	3.51135	0
2.24664	3.51132	0
2.24764	3.51129	0
2.24864	3.51125	0
2.24964	3.51122	0
2.25064	3.51119	0
2.25164	3.51115	0
2.25264	3.51112	0
2.25364	3.51109	0
2.25464	3.51105	0
2.25564	3.51102	0
2.25664	3.51099	0
2.25764	3.51095	0
2.25864	3.51092	0
2.25964	3.51089	0
2.26064	3.51085	0
2.26164	3.51082	0
2.26264	3.51079	0
2.26364	3.51075	0
2.26464	3.51072	0
2.26564	3.51069	0
2.26664	3.51066	0
2.26764	3.51062	0
2.26864	3.51059	0
2.26964	3.51056	0
2.27064	3.51052	0
2.27164	3.51049	0
2.27264	3.51046	0
2.27364	3.51043	0
2.27464	3.51039	0
2.27564	3.51036	0
2.27664	3.51033	0
2.27764	3.5103	0
2.27864	3.51027	0
2.27964	3.51023	0
2.28064	3.5102	0
2.28164	3.51017	0
2.28264	3.51014	0
2.28364	3.51011	0
2.28464	3.51007	0
2.28564	3.51004	0
2.28664	3.51001	0
2.28764	3.50998	0
2.28864	3.50995	0
2.28964	3.50991	0
2.29064	3.50988	0
2.29164	3.50985	0
2.29264	3.50982	0
2.29364	3.50979	0
2.29464	3.50975	0
2.29564	3.50972	0
2.29664	3.50969	0
2.29764	3.50966	0
2.29864	3.50963	0
2.29964	3.5096	0
2.30064	3.50957	0
2.30164	3.50953	0
2.30264	3.5095	0
2.30364	3.50947	0
2.30464	3.50944	0
2.30564	3.50941	0
2.30664	3.50938	0
2.30764	3.50935	0
2.30864	3.50932	0
2.30964	3.50929	0
2.31064	3.50925	0
2.31164	3.50922	0
2.31264	3.50919	0
2.31364	3.50916	0
2.31464	3.50913	0
2.31564	3.5091	0
2.31664	3.50907	0
2.31764	3.50904	0
2.31864	3.50901	0
2.31964	3.50898	0
2.32064	3.50895	0
2.32164	3.50892	0
2.32264	3.50889	0
2.32364	3.50886	0
2.32464	3.50883	0
2.32564	3.5088	0
2.32664	3.50876	0
2.32764	3.50874	0
2.32864	3.50871	0
2.32964	3.50867	0
2.33064	3.50864	0
2.33164	3.50861	0
2.33264	3.50858	0
2.33364	3.50855	0
2.33464	3.50852	0
2.33564	3.50849	0
2.33664	3.50847	0
2.33764	3.50843	0
2.33864	3.5084	0
2.33964	3.50838	0
2.34064	3.50835	0
2.34164	3.50832	0
2.34264	3.50829	0
2.34364	3.50826	0
2.34464	3.50823	0
2.34564	3.5082	0
2.34664	3.50817	0
2.34764	3.50814	0
2.34864	3.50811	0
2.34964	3.50808	0
2.35064	3.50805	0
2.35164	3.50802	0
2.35264	3.50799	0
2.35364	3.50796	0
2.35464	3.50793	0
2.35564	3.50791	0
2.35664	3.50787	0
2.35764	3.50785	0
2.35864	3.50782	0
2.35964	3.50779	0
2.36064	3.50776	0
2.36164	3.50773	0
2.36264	3.5077	0
2.36364	3.50767	0
2.36464	3.50764	0
2.36564	3.50761	0
2.36664	3.50759	0
2.36764	3.50756	0
2.36864	3.50753	0
2.36964	3.5075	0
2.37064	3.50747	0
2.37164	3.50744	0
2.37264	3.50741	0
2.37364	3.50739	0
2.37464	3.50736	0
2.37564	3.50733	0
2.37664	3.5073	0
2.37764	3.50727	0
2.37864	3.50724	0
2.37964	3.50722	0
2.38064	3.50719	0
2.38164	3.50716	0
2.38264	3.50713	0
2.38364	3.5071	0
2.38464	3.50707	0
2.38564	3.50705	0
2.38664	3.50702	0
2.38764	3.50699	0
2.38864	3.50696	0
2.38964	3.50693	0
2.39064	3.50691	0
2.39164	3.50688	0
2.39264	3.50685	0
2.39364	3.50682	0
2.39464	3.5068	0
2.39564	3.50677	0
2.39664	3.50674	0
2.39764	3.50671	0
2.39864	3.50669	0
2.39964	3.50666	0
2.40064	3.50663	0
2.40164	3.5066	0
2.40264	3.50658	0
2.40364	3.50655	0
2.40464	3.50652	0
2.40564	3.50649	0
2.40664	3.50647	0
2.40764	3.50644	0
2.40864	3.50641	0
2.40964	3.50638	0
2.41064	3.50636	0
2.41164	3.50633	0
2.41264	3.5063	0
2.41364	3.50628	0
2.41464	3.50625	0
2.41564	3.50622	0
2.41664	3.5062	0
2.41764	3.50617	0
2.41864	3.50614	0
2.41964	3.50612	0
2.42064	3.50609	0
2.42164	3.50606	0
2.42264	3.50603	0
2.42364	3.50601	0
2.42464	3.50598	0
2.42564	3.50596	0
2.42664	3.50593	0
2.42764	3.5059	0
2.42864	3.50588	0
2.42964	3.50585	0
2.43064	3.50582	0
2.43164	3.5058	0
2.43264	3.50577	0
2.43364	3.50574	0
2.43464	3.50572	0
2.43564	3.50569	0
2.43664	3.50566	0
2.43764	3.50564	0
2.43864	3.50561	0
2.43964	3.50559	0
2.44064	3.50556	0
2.44164	3.50553	0
2.44264	3.50551	0
2.44364	3.50548	0
2.44464	3.50546	0
2.44564	3.50543	0
2.44664	3.5054	0
2.44764	3.50538	0
2.44864	3.50535	0
2.44964	3.50533	0
2.45064	3.5053	0
2.45164	3.50528	0
2.45264	3.50525	0
2.45364	3.50522	0
2.45464	3.5052	0
2.45564	3.50517	0
2.45664	3.50515	0
2.45764	3.50512	0
2.45864	3.50509	0
2.45964	3.50507	0
2.46064	3.50504	0
2.46164	3.50502	0
2.46264	3.50499	0
2.46364	3.50497	0
2.46464	3.50494	0
2.46564	3.50492	0
2.46664	3.50489	0
2.46764	3.50487	0
2.46864	3.50484	0
2.46964	3.50482	0
2.47064	3.50479	0
2.47164	3.50477	0
2.47264	3.50474	0
2.47364	3.50472	0
2.47464	3.50469	0
2.47564	3.50467	0
2.47664	3.50464	0
2.47764	3.50462	0
2.47864	3.50459	0
2.47964	3.50457	0
2.48064	3.50454	0
2.48164	3.50452	0
2.48264	3.50449	0
2.48364	3.50447	0
2.48464	3.50444	0
2.48564	3.50442	0
2.48664	3.50439	0
2.48764	3.50437	0
2.48864	3.50434	0
2.48964	3.50432	0
2.49064	3.50429	0
2.49164	3.50427	0
2.49264	3.50425	0
2.49364	3.50422	0
2.49464	3.5042	0
2.49564	3.50417	0
2.49664	3.50415	0
2.49764	3.50412	0
2.49864	3.5041	0
2.49964	3.50408	0
2.50064	3.50405	0
2.50164	3.50403	0
2.50264	3.504	0
2.50364	3.50398	0
2.50464	3.50395	0
2.50564	3.50393	0
2.50664	3.50391	0
2.50764	3.50388	0
2.50864	3.50386	0
2.50964	3.50384	0
2.51064	3.50381	0
2.51164	3.50379	0
2.51264	3.50376	0
2.51364	3.50374	0
2.51464	3.50372	0
2.51564	3.50369	0
2.51664	3.50367	0
2.51764	3.50364	0
2.51864	3.50362	0
2.51964	3.5036	0
2.52064	3.50357	0
2.52164	3.50355	0
2.52264	3.50353	0
2.52364	3.5035	0
2.52464	3.50348	0
2.52564	3.50345	0
2.52664	3.50343	0
2.52764	3.50341	0
2.52864	3.50338	0
2.52964	3.50336	0
2.53064	3.50334	0
2.53164	3.50331	0
2.53264	3.50329	0
2.53364	3.50327	0
2.53464	3.50325	0
2.53564	3.50322	0
2.53664	3.5032	0
2.53764	3.50318	0
2.53864	3.50315	0
2.53964	3.50313	0
2.54064	3.50311	0
2.54164	3.50308	0
2.54264	3.50306	0
2.54364	3.50304	0
2.54464	3.50301	0
2.54564	3.50299	0
2.54664	3.50297	0
2.54764	3.50295	0
2.54864	3.50292	0
2.54964	3.5029	0
2.55064	3.50288	0
2.55164	3.50285	0
2.55264	3.50283	0
2.55364	3.50281	0
2.55464	3.50279	0
2.55564	3.50276	0
2.55664	3.50274	0
2.55764	3.50272	0
2.55864	3.5027	0
2.55964	3.50267	0
2.56064	3.50265	0
2.56164	3.50263	0
2.56264	3.50261	0
2.56364	3.50258	0
2.56464	3.50256	0
2.56564	3.50254	0
2.56664	3.50251	0
2.56764	3.50249	0
2.56864	3.50247	0
2.56964	3.50245	0
2.57064	3.50243	0
2.57164	3.5024	0
2.57264	3.50238	0
2.57364	3.50236	0
2.57464	3.50234	0
2.57564	3.50231	0
2.57664	3.50229	0
2.57764	3.50227	0
2.57864	3.50225	0
2.57964	3.50223	0
2.58064	3.5022	0
2.58164	3.50218	0
2.58264	3.50216	0
2.58364	3.50214	0
2.58464	3.50212	0
2.58564	3.5021	0
2.58664	3.50207	0
2.58764	3.50205	0
2.58864	3.50203	0
2.58964	3.50201	0
2.59064	3.50199	0
2.59164	3.50196	0
2.59264	3.50194	0
2.59364	3.50192	0
2.59464	3.5019	0
2.59564	3.50188	0
2.59664	3.50186	0
2.59764	3.50183	0
2.59864	3.50181	0
2.59964	3.50179	0
2.60064	3.50177	0
2.60164	3.50175	0
2.60264	3.50173	0
2.60364	3.50171	0
2.60464	3.50169	0
2.60564	3.50166	0
2.60664	3.50164	0
2.60764	3.50162	0
2.60864	3.5016	0
2.60964	3.50158	0
2.61064	3.50156	0
2.61164	3.50154	0
2.61264	3.50151	0
2.61364	3.50149	0
2.61464	3.50147	0
2.61564	3.50145	0
2.61664	3.50143	0
2.61764	3.50141	0
2.61864	3.50139	0
2.61964	3.50137	0
2.62064	3.50135	0
2.62164	3.50133	0
2.62264	3.5013	0
2.62364	3.50128	0
2.62464	3.50126	0
2.62564	3.50124	0
2.62664	3.50122	0
2.62764	3.5012	0
2.62864	3.50118	0
2.62964	3.50116	0
2.63064	3.50114	0
2.63164	3.50112	0
2.63264	3.5011	0
2.63364	3.50108	0
2.63464	3.50106	0
2.63564	3.50103	0
2.63664	3.50101	0
2.63764	3.50099	0
2.63864	3.50097	0
2.63964	3.50095	0
2.64064	3.50093	0
2.64164	3.50091	0
2.64264	3.50089	0
2.64364	3.50087	0
2.64464	3.50085	0
2.64564	3.50083	0
2.64664	3.50081	0
2.64764	3.50079	0
2.64864	3.50077	0
2.64964	3.50075	0
2.65064	3.50073	0
2.65164	3.50071	0
2.65264	3.50069	0
2.65364	3.50067	0
2.65464	3.50065	0
2.65564	3.50063	0
2.65664	3.50061	0
2.65764	3.50059	0
2.65864	3.50057	0
2.65964	3.50055	0
2.66064	3.50053	0
2.66164	3.50051	0
2.66264	3.50049	0
2.66364	3.50047	0
2.66464	3.50045	0
2.66564	3.50043	0
2.66664	3.50041	0
2.66764	3.50039	0
2.66864	3.50037	0
2.66964	3.50035	0
2.67064	3.50033	0
2.67164	3.50031	0
2.67264	3.50029	0
2.67364	3.50027	0
2.67464	3.50025	0
2.67564	3.50023	0
2.67664	3.50021	0
2.67764	3.50019	0
2.67864	3.50017	0
2.67964	3.50015	0
2.68064	3.50013	0
2.68164	3.50011	0
2.68264	3.50009	0
2.68364	3.50007	0
2.68464	3.50005	0
2.68564	3.50003	0
2.68664	3.50001	0
2.68764	3.49999	0
2.68864	3.49998	0
2.68964	3.49996	0
2.69064	3.49994	0
2.69164	3.49992	0
2.69264	3.4999	0
2.69364	3.49988	0
2.69464	3.49986	0
2.69564	3.49984	0
2.69664	3.49982	0
2.69764	3.4998	0
2.69864	3.49978	0
2.69964	3.49976	0
2.70064	3.49974	0
2.70164	3.49972	0
2.70264	3.49971	0
2.70364	3.49969	0
2.70464	3.49967	0
2.70564	3.49965	0
2.70664	3.49963	0
2.70764	3.49961	0
2.70864	3.49959	0
2.70964	3.49957	0
2.71064	3.49955	0
2.71164	3.49953	0
2.71264	3.49952	0
2.71364	3.4995	0
2.71464	3.49948	0
2.71564	3.49946	0
2.71664	3.49944	0
2.71764	3.49942	0
2.71864	3.4994	0
2.71964	3.49938	0
2.72064	3.49937	0
2.72164	3.49935	0
2.72264	3.49933	0
2.72364	3.49931	0
2.72464	3.49929	0
2.72564	3.49927	0
2.72664	3.49925	0
2.72764	3.49924	0
2.72864	3.49922	0
2.72964	3.4992	0
2.73064	3.49918	0
2.73164	3.49916	0
2.73264	3.49914	0
2.73364	3.49912	0
2.73464	3.49911	0
2.73564	3.49909	0
2.73664	3.49907	0
2.73764	3.49905	0
2.73864	3.49903	0
2.73964	3.49902	0
2.74064	3.499	0
2.74164	3.49898	0
2.74264	3.49896	0
2.74364	3.49894	0
2.74464	3.49892	0
2.74564	3.49891	0
2.74664	3.49889	0
2.74764	3.49887	0
2.74864	3.49885	0
2.74964	3.49883	0
2.75064	3.49881	0
2.75164	3.4988	0
2.75264	3.49878	0
2.75364	3.49876	0
2.75464	3.49874	0
2.75564	3.49872	0
2.75664	3.49871	0
2.75764	3.49869	0
2.75864	3.49867	0
2.75964	3.49865	0
2.76064	3.49863	0
2.76164	3.49862	0
2.76264	3.4986	0
2.76364	3.49858	0
2.76464	3.49856	0
2.76564	3.49855	0
2.76664	3.49853	0
2.76764	3.49851	0
2.76864	3.49849	0
2.76964	3.49847	0
2.77064	3.49846	0
2.77164	3.49844	0
2.77264	3.49842	0
2.77364	3.4984	0
2.77464	3.49839	0
2.77564	3.49837	0
2.77664	3.49835	0
2.77764	3.49833	0
2.77864	3.49832	0
2.77964	3.4983	0
2.78064	3.49828	0
2.78164	3.49826	0
2.78264	3.49825	0
2.78364	3.49823	0
2.78464	3.49821	0
2.78564	3.49819	0
2.78664	3.49818	0
2.78764	3.49816	0
2.78864	3.49814	0
2.78964	3.49812	0
2.79064	3.49811	0
2.79164	3.49809	0
2.79264	3.49807	0
2.79364	3.49805	0
2.79464	3.49804	0
2.79564	3.49802	0
2.79664	3.498	0
2.79764	3.49799	0
2.79864	3.49797	0
2.79964	3.49795	0
2.80064	3.49794	0
2.80164	3.49792	0
2.80264	3.4979	0
2.80364	3.49788	0
2.80464	3.49787	0
2.80564	3.49785	0
2.80664	3.49783	0
2.80764	3.49782	0
2.80864	3.4978	0
2.80964	3.49778	0
2.81064	3.49777	0
2.81164	3.49775	0
2.81264	3.49773	0
2.81364	3.49771	0
2.81464	3.4977	0
2.81564	3.49768	0
2.81664	3.49766	0
2.81764	3.49765	0
2.81864	3.49763	0
2.81964	3.49761	0
2.82064	3.4976	0
2.82164	3.49758	0
2.82264	3.49756	0
2.82364	3.49755	0
2.82464	3.49753	0
2.82564	3.49751	0
2.82664	3.4975	0
2.82764	3.49748	0
2.82864	3.49746	0
2.82964	3.49745	0
2.83064	3.49743	0
2.83164	3.49741	0
2.83264	3.4974	0
2.83364	3.49738	0
2.83464	3.49736	0
2.83564	3.49735	0
2.83664	3.49733	0
2.83764	3.49732	0
2.83864	3.4973	0
2.83964	3.49728	0
2.84064	3.49727	0
2.84164	3.49725	0
2.84264	3.49723	0
2.84364	3.49722	0
2.84464	3.4972	0
2.84564	3.49718	0
2.84664	3.49717	0
2.84764	3.49715	0
2.84864	3.49714	0
2.84964	3.49712	0
2.85064	3.4971	0
2.85164	3.49709	0
2.85264	3.49707	0
2.85364	3.49705	0
2.85464	3.49704	0
2.85564	3.49702	0
2.85664	3.49701	0
2.85764	3.49699	0
2.85864	3.49697	0
2.85964	3.49696	0
2.86064	3.49694	0
2.86164	3.49693	0
2.86264	3.49691	0
2.86364	3.49689	0
2.86464	3.49688	0
2.86564	3.49686	0
2.86664	3.49685	0
2.86764	3.49683	0
2.86864	3.49681	0
2.86964	3.4968	0
2.87064	3.49678	0
2.87164	3.49677	0
2.87264	3.49675	0
2.87364	3.49673	0
2.87464	3.49672	0
2.87564	3.4967	0
2.87664	3.49669	0
2.87764	3.49667	0
2.87864	3.49666	0
2.87964	3.49664	0
2.88064	3.49662	0
2.88164	3.49661	0
2.88264	3.49659	0
2.88364	3.49658	0
2.88464	3.49656	0
2.88564	3.49655	0
2.88664	3.49653	0
2.88764	3.49652	0
2.88864	3.4965	0
2.88964	3.49648	0
2.89064	3.49647	0
2.89164	3.49645	0
2.89264	3.49644	0
2.89364	3.49642	0
2.89464	3.49641	0
2.89564	3.49639	0
2.89664	3.49638	0
2.89764	3.49636	0
2.89864	3.49634	0
2.89964	3.49633	0
2.90064	3.49631	0
2.90164	3.4963	0
2.90264	3.49628	0
2.90364	3.49627	0
2.90464	3.49625	0
2.90564	3.49624	0
2.90664	3.49622	0
2.90764	3.49621	0
2.90864	3.49619	0
2.90964	3.49618	0
2.91064	3.49616	0
2.91164	3.49615	0
2.91264	3.49613	0
2.91364	3.49612	0
2.91464	3.4961	0
2.91564	3.49609	0
2.91664	3.49607	0
2.91764	3.49606	0
2.91864	3.49604	0
2.91964	3.49602	0
2.92064	3.49601	0
2.92164	3.496	0
2.92264	3.49598	0
2.92364	3.49597	0
2.92464	3.49595	0
2.92564	3.49594	0
2.92664	3.49592	0
2.92764	3.49591	0
2.92864	3.49589	0
2.92964	3.49587	0
2.93064	3.49586	0
2.93164	3.49585	0
2.93264	3.49583	0
2.93364	3.49582	0
2.93464	3.4958	0
2.93564	3.49579	0
2.93664	3.49577	0
2.93764	3.49576	0
2.93864	3.49574	0
2.93964	3.49573	0
2.94064	3.49571	0
2.94164	3.4957	0
2.94264	3.49568	0
2.94364	3.49567	0
2.94464	3.49565	0
2.94564	3.49564	0
2.94664	3.49562	0
2.94764	3.49561	0
2.94864	3.49559	0
2.94964	3.49558	0
2.95064	3.49557	0
2.95164	3.49555	0
2.95264	3.49554	0
2.95364	3.49552	0
2.95464	3.49551	0
2.95564	3.49549	0
2.95664	3.49548	0
2.95764	3.49546	0
2.95864	3.49545	0
2.95964	3.49544	0
2.96064	3.49542	0
2.96164	3.49541	0
2.96264	3.49539	0
2.96364	3.49538	0
2.96464	3.49536	0
2.96564	3.49535	0
2.96664	3.49533	0
2.96764	3.49532	0
2.96864	3.49531	0
2.96964	3.49529	0
2.97064	3.49528	0
2.97164	3.49526	0
2.97264	3.49525	0
2.97364	3.49523	0
2.97464	3.49522	0
2.97564	3.49521	0
2.97664	3.49519	0
2.97764	3.49518	0
2.97864	3.49516	0
2.97964	3.49515	0
2.98064	3.49513	0
2.98164	3.49512	0
2.98264	3.49511	0
2.98364	3.49509	0
2.98464	3.49508	0
2.98564	3.49506	0
2.98664	3.49505	0
2.98764	3.49504	0
2.98864	3.49502	0
2.98964	3.49501	0
2.99064	3.49499	0
2.99164	3.49498	0
2.99264	3.49497	0
2.99364	3.49495	0
2.99464	3.49494	0
2.99564	3.49492	0
2.99664	3.49491	0
2.99764	3.4949	0
2.99864	3.49488	0
2.99964	3.49487	0
3	3.49487	0