0.260000000000000	2.49956500000000	3.47227900000000
0.265000000000000	2.62857800000000	3.49348500000000
0.270000000000000	2.76064300000000	3.50751600000000
0.275000000000000	2.89519600000000	3.51381100000000
0.280000000000000	3.03156200000000	3.51186300000000
0.285000000000000	3.16896200000000	3.50123900000000
0.290000000000000	3.30652000000000	3.48160700000000
0.295000000000000	3.44328000000000	3.45276200000000
0.300000000000000	3.57822700000000	3.41463900000000
0.305000000000000	3.71032000000000	3.36733600000000
0.310000000000000	3.83851900000000	3.31111700000000
0.315000000000000	3.96182300000000	3.24641400000000
0.320000000000000	4.07930400000000	3.17382100000000
0.325000000000000	4.19014100000000	3.09407100000000
0.330000000000000	4.29364200000000	3.00801500000000
0.335000000000000	4.38927100000000	2.91658700000000
0.340000000000000	4.47664900000000	2.82077800000000
0.345000000000000	4.55556400000000	2.72159300000000
0.350000000000000	4.62596000000000	2.62002100000000
0.355000000000000	4.68792800000000	2.51701300000000
0.360000000000000	4.74168300000000	2.41345000000000
0.365000000000000	4.78754500000000	2.31013100000000
0.370000000000000	4.82592000000000	2.20776200000000
0.375000000000000	4.85726800000000	2.10695000000000
0.380000000000000	4.88209600000000	2.00820300000000
0.385000000000000	4.90092400000000	1.91193300000000
0.390000000000000	4.91428200000000	1.81846500000000
0.395000000000000	4.92269100000000	1.72804000000000
0.400000000000000	4.92665500000000	1.64083000000000
0.405000000000000	4.92665300000000	1.55694500000000
0.410000000000000	4.92313500000000	1.47644000000000
0.415000000000000	4.91651900000000	1.39932900000000
0.420000000000000	4.90718800000000	1.32558800000000
0.425000000000000	4.89549400000000	1.25516700000000
0.430000000000000	4.88175300000000	1.18799100000000
0.435000000000000	4.86625400000000	1.12397100000000
0.440000000000000	4.84925100000000	1.06300500000000
0.445000000000000	4.83097300000000	1.00498100000000
0.450000000000000	4.81162400000000	0.949784000000000
0.455000000000000	4.79138500000000	0.897297000000000
0.460000000000000	4.77041400000000	0.847399000000000
0.465000000000000	4.74885100000000	0.799972000000000
0.470000000000000	4.72681900000000	0.754902000000000
0.475000000000000	4.70442500000000	0.712073000000000
0.480000000000000	4.68176600000000	0.671378000000000
0.485000000000000	4.65892200000000	0.632711000000000
0.490000000000000	4.63596500000000	0.595971000000000
0.495000000000000	4.61295800000000	0.561062000000000
0.500000000000000	4.58995400000000	0.527892000000000
0.505000000000000	4.56700100000000	0.496375000000000
0.510000000000000	4.54413800000000	0.466427000000000
0.515000000000000	4.52140100000000	0.437971000000000
0.520000000000000	4.49881900000000	0.410934000000000
0.525000000000000	4.47641800000000	0.385245000000000
0.530000000000000	4.45421900000000	0.360839000000000
0.535000000000000	4.43224200000000	0.337655000000000
0.540000000000000	4.41050200000000	0.315634000000000
0.545000000000000	4.38901100000000	0.294722000000000
0.550000000000000	4.36778300000000	0.274867000000000
0.555000000000000	4.34682400000000	0.256021000000000
0.560000000000000	4.32614400000000	0.238137000000000
0.565000000000000	4.30574800000000	0.221174000000000
0.570000000000000	4.28564200000000	0.205090000000000
0.575000000000000	4.26583000000000	0.189847000000000
0.580000000000000	4.24631400000000	0.175410000000000
0.585000000000000	4.22709800000000	0.161745000000000
0.590000000000000	4.20818300000000	0.148821000000000
0.595000000000000	4.18957100000000	0.136606000000000
0.600000000000000	4.17126200000000	0.125072000000000
0.605000000000000	4.15325800000000	0.114194000000000
0.610000000000000	4.13555900000000	0.103946000000000
0.615000000000000	4.11816400000000	0.0943030000000000
0.620000000000000	4.10107500000000	0.0852440000000000
0.625000000000000	4.08429100000000	0.0767470000000000
0.630000000000000	4.06781200000000	0.0687920000000000
0.635000000000000	4.05163900000000	0.0613600000000000
0.640000000000000	4.03577200000000	0.0544320000000000
0.645000000000000	4.02021100000000	0.0479930000000000
0.650000000000000	4.00495500000000	0.0420240000000000
0.655000000000000	3.99000700000000	0.0365120000000000
0.660000000000000	3.97536700000000	0.0314410000000000
0.665000000000000	3.96103700000000	0.0267970000000000
0.670000000000000	3.94701800000000	0.0225670000000000
0.675000000000000	3.93331300000000	0.0187380000000000
0.680000000000000	3.91992300000000	0.0152990000000000
0.685000000000000	3.90685400000000	0.0122370000000000
0.690000000000000	3.89410800000000	0.00954200000000000
0.695000000000000	3.88169300000000	0.00720300000000000
0.700000000000000	3.86961300000000	0.00521000000000000
0.705000000000000	3.85787900000000	0.00355300000000000
0.710000000000000	3.84650000000000	0.00222400000000000
0.715000000000000	3.83549100000000	0.00121300000000000
0.720000000000000	3.82487400000000	0.000511000000000000
0.725000000000000	3.81468100000000	0.000110000000000000
0.730000000000000	3.80498700000000	1.00000000000000e-10
0.735000000000000	3.79588200000000	1.00000000000000e-10
0.740000000000000	3.78722300000000	1.00000000000000e-10
0.745000000000000	3.77893600000000	1.00000000000000e-10
0.750000000000000	3.77098100000000	1.00000000000000e-10
0.755000000000000	3.76332800000000	1.00000000000000e-10
0.760000000000000	3.75595100000000	1.00000000000000e-10
0.765000000000000	3.74883000000000	1.00000000000000e-10
0.770000000000000	3.74194900000000	1.00000000000000e-10
0.775000000000000	3.73529100000000	1.00000000000000e-10
0.780000000000000	3.72884600000000	1.00000000000000e-10
0.785000000000000	3.72260000000000	1.00000000000000e-10
0.790000000000000	3.71654200000000	1.00000000000000e-10
0.795000000000000	3.71066400000000	1.00000000000000e-10
0.800000000000000	3.70495600000000	1.00000000000000e-10
0.805000000000000	3.69941000000000	1.00000000000000e-10
0.810000000000000	3.69401900000000	1.00000000000000e-10
0.815000000000000	3.68877600000000	1.00000000000000e-10
0.820000000000000	3.68367400000000	1.00000000000000e-10
0.825000000000000	3.67870800000000	1.00000000000000e-10
0.830000000000000	3.67387100000000	1.00000000000000e-10
0.835000000000000	3.66915900000000	1.00000000000000e-10
0.840000000000000	3.66456600000000	1.00000000000000e-10
0.845000000000000	3.66008800000000	1.00000000000000e-10
0.850000000000000	3.65572000000000	1.00000000000000e-10
0.855000000000000	3.65145900000000	1.00000000000000e-10
0.860000000000000	3.64730100000000	1.00000000000000e-10
0.865000000000000	3.64324000000000	1.00000000000000e-10
0.870000000000000	3.63927500000000	1.00000000000000e-10
0.875000000000000	3.63540200000000	1.00000000000000e-10
0.880000000000000	3.63161800000000	1.00000000000000e-10
0.885000000000000	3.62792000000000	1.00000000000000e-10
0.890000000000000	3.62430400000000	1.00000000000000e-10
0.895000000000000	3.62076900000000	1.00000000000000e-10
0.900000000000000	3.61731000000000	1.00000000000000e-10
0.905000000000000	3.61392700000000	1.00000000000000e-10
0.910000000000000	3.61061700000000	1.00000000000000e-10
0.915000000000000	3.60737700000000	1.00000000000000e-10
0.920000000000000	3.60420500000000	1.00000000000000e-10
0.925000000000000	3.60110000000000	1.00000000000000e-10
0.930000000000000	3.59805800000000	1.00000000000000e-10
0.935000000000000	3.59507900000000	1.00000000000000e-10
0.940000000000000	3.59216000000000	1.00000000000000e-10
0.945000000000000	3.58930000000000	1.00000000000000e-10
0.950000000000000	3.58649600000000	1.00000000000000e-10
0.955000000000000	3.58374800000000	1.00000000000000e-10
0.960000000000000	3.58105400000000	1.00000000000000e-10
0.965000000000000	3.57841200000000	1.00000000000000e-10
0.970000000000000	3.57582100000000	1.00000000000000e-10
0.975000000000000	3.57327800000000	1.00000000000000e-10
0.980000000000000	3.57078500000000	1.00000000000000e-10
0.985000000000000	3.56833800000000	1.00000000000000e-10
0.990000000000000	3.56593700000000	1.00000000000000e-10
0.995000000000000	3.56357900000000	1.00000000000000e-10
1	3.56126500000000	1.00000000000000e-10
1.00500000000000	3.55899300000000	1.00000000000000e-10
1.01000000000000	3.55676200000000	1.00000000000000e-10
1.01500000000000	3.55457100000000	1.00000000000000e-10
1.02000000000000	3.55241900000000	1.00000000000000e-10
1.02500000000000	3.55030500000000	1.00000000000000e-10
1.03000000000000	3.54822800000000	1.00000000000000e-10
1.03500000000000	3.54618700000000	1.00000000000000e-10
1.04000000000000	3.54418100000000	1.00000000000000e-10
1.04500000000000	3.54221000000000	1.00000000000000e-10
1.05000000000000	3.54027100000000	1.00000000000000e-10
1.05500000000000	3.53836600000000	1.00000000000000e-10
1.06000000000000	3.53649300000000	1.00000000000000e-10
1.06500000000000	3.53465100000000	1.00000000000000e-10
1.07000000000000	3.53284000000000	1.00000000000000e-10
1.07500000000000	3.53105800000000	1.00000000000000e-10
1.08000000000000	3.52930500000000	1.00000000000000e-10
1.08500000000000	3.52758100000000	1.00000000000000e-10
1.09000000000000	3.52588500000000	1.00000000000000e-10
1.09500000000000	3.52421600000000	1.00000000000000e-10
1.10000000000000	3.52257300000000	1.00000000000000e-10
1.10500000000000	3.52095700000000	1.00000000000000e-10
1.11000000000000	3.51936500000000	1.00000000000000e-10
1.11500000000000	3.51779900000000	1.00000000000000e-10
1.12000000000000	3.51625700000000	1.00000000000000e-10
1.12500000000000	3.51473900000000	1.00000000000000e-10
1.13000000000000	3.51324400000000	1.00000000000000e-10
1.13500000000000	3.51177200000000	1.00000000000000e-10
1.14000000000000	3.51032200000000	1.00000000000000e-10
1.14500000000000	3.50889500000000	1.00000000000000e-10
1.15000000000000	3.50748800000000	1.00000000000000e-10
1.15500000000000	3.50610200000000	1.00000000000000e-10
1.16000000000000	3.50473700000000	1.00000000000000e-10
1.16500000000000	3.50339200000000	1.00000000000000e-10
1.17000000000000	3.50206700000000	1.00000000000000e-10
1.17500000000000	3.50076100000000	1.00000000000000e-10
1.18000000000000	3.49947300000000	1.00000000000000e-10
1.18500000000000	3.49820500000000	1.00000000000000e-10
1.19000000000000	3.49695500000000	1.00000000000000e-10
1.19500000000000	3.49572200000000	1.00000000000000e-10
1.20000000000000	3.49450700000000	1.00000000000000e-10
1.20500000000000	3.49330900000000	1.00000000000000e-10
1.21000000000000	3.49212700000000	1.00000000000000e-10
1.21500000000000	3.49096300000000	1.00000000000000e-10
1.22000000000000	3.48981400000000	1.00000000000000e-10
1.22500000000000	3.48868100000000	1.00000000000000e-10
1.23000000000000	3.48756400000000	1.00000000000000e-10
1.23500000000000	3.48646200000000	1.00000000000000e-10
1.24000000000000	3.48537400000000	1.00000000000000e-10
1.24500000000000	3.48430200000000	1.00000000000000e-10
1.25000000000000	3.48324400000000	1.00000000000000e-10
1.25500000000000	3.48220000000000	1.00000000000000e-10
1.26000000000000	3.48117000000000	1.00000000000000e-10
1.26500000000000	3.48015400000000	1.00000000000000e-10
1.27000000000000	3.47915100000000	1.00000000000000e-10
1.27500000000000	3.47816100000000	1.00000000000000e-10
1.28000000000000	3.47718400000000	1.00000000000000e-10
1.28500000000000	3.47621900000000	1.00000000000000e-10
1.29000000000000	3.47526800000000	1.00000000000000e-10
1.29500000000000	3.47432800000000	1.00000000000000e-10
1.30000000000000	3.47340000000000	1.00000000000000e-10
1.30500000000000	3.47248500000000	1.00000000000000e-10
1.31000000000000	3.47158100000000	1.00000000000000e-10
1.31500000000000	3.47068800000000	1.00000000000000e-10
1.32000000000000	3.46980700000000	1.00000000000000e-10
1.32500000000000	3.46893600000000	1.00000000000000e-10
1.33000000000000	3.46807600000000	1.00000000000000e-10
1.33500000000000	3.46722700000000	1.00000000000000e-10
1.34000000000000	3.46638900000000	1.00000000000000e-10
1.34500000000000	3.46556000000000	1.00000000000000e-10
1.35000000000000	3.46474200000000	1.00000000000000e-10
1.35500000000000	3.46393300000000	1.00000000000000e-10
1.36000000000000	3.46313500000000	1.00000000000000e-10
1.36500000000000	3.46234700000000	1.00000000000000e-10
1.37000000000000	3.46156700000000	1.00000000000000e-10
1.37500000000000	3.46079700000000	1.00000000000000e-10
1.38000000000000	3.46003500000000	1.00000000000000e-10
1.38500000000000	3.45928400000000	1.00000000000000e-10
1.39000000000000	3.45854100000000	1.00000000000000e-10
1.39500000000000	3.45780600000000	1.00000000000000e-10
1.40000000000000	3.45708100000000	1.00000000000000e-10
1.40500000000000	3.45636300000000	1.00000000000000e-10
1.41000000000000	3.45565400000000	1.00000000000000e-10
1.41500000000000	3.45495300000000	1.00000000000000e-10
1.42000000000000	3.45426100000000	1.00000000000000e-10
1.42500000000000	3.45357600000000	1.00000000000000e-10
1.43000000000000	3.45289900000000	1.00000000000000e-10
1.43500000000000	3.45222900000000	1.00000000000000e-10
1.44000000000000	3.45156700000000	1.00000000000000e-10
1.44500000000000	3.45091300000000	1.00000000000000e-10
1.45000000000000	3.45026600000000	1.00000000000000e-10
1.45500000000000	3.44962600000000	1.00000000000000e-10
1.46000000000000	3.44899300000000	1.00000000000000e-10
1.46500000000000	3.44836700000000	1.00000000000000e-10
1.47000000000000	3.44774900000000	1.00000000000000e-10
1.47500000000000	3.44713700000000	1.00000000000000e-10
1.48000000000000	3.44653100000000	1.00000000000000e-10
1.48500000000000	3.44593200000000	1.00000000000000e-10
1.49000000000000	3.44534100000000	1.00000000000000e-10
1.49500000000000	3.44475500000000	1.00000000000000e-10
1.50000000000000	3.44417500000000	1.00000000000000e-10
1.50500000000000	3.44360100000000	1.00000000000000e-10
1.51000000000000	3.44303400000000	1.00000000000000e-10
1.51500000000000	3.44247400000000	1.00000000000000e-10
1.52000000000000	3.44191800000000	1.00000000000000e-10
1.52500000000000	3.44136900000000	1.00000000000000e-10
1.53000000000000	3.44082500000000	1.00000000000000e-10
1.53500000000000	3.44028700000000	1.00000000000000e-10
1.54000000000000	3.43975500000000	1.00000000000000e-10
1.54500000000000	3.43922800000000	1.00000000000000e-10
1.55000000000000	3.43870700000000	1.00000000000000e-10
1.55500000000000	3.43819200000000	1.00000000000000e-10
1.56000000000000	3.43768100000000	1.00000000000000e-10
1.56500000000000	3.43717600000000	1.00000000000000e-10
1.57000000000000	3.43667500000000	1.00000000000000e-10
1.57500000000000	3.43618100000000	1.00000000000000e-10
1.58000000000000	3.43569100000000	1.00000000000000e-10
1.58500000000000	3.43520500000000	1.00000000000000e-10
1.59000000000000	3.43472500000000	1.00000000000000e-10
1.59500000000000	3.43425000000000	1.00000000000000e-10
1.60000000000000	3.43377900000000	1.00000000000000e-10
1.60500000000000	3.43331300000000	1.00000000000000e-10
1.61000000000000	3.43285200000000	1.00000000000000e-10
1.61500000000000	3.43239500000000	1.00000000000000e-10
1.62000000000000	3.43194300000000	1.00000000000000e-10
1.62500000000000	3.43149500000000	1.00000000000000e-10
1.63000000000000	3.43105200000000	1.00000000000000e-10
1.63500000000000	3.43061200000000	1.00000000000000e-10
1.64000000000000	3.43017700000000	1.00000000000000e-10
1.64500000000000	3.42974700000000	1.00000000000000e-10
1.65000000000000	3.42932100000000	1.00000000000000e-10
1.65500000000000	3.42889800000000	1.00000000000000e-10
1.66000000000000	3.42848000000000	1.00000000000000e-10
1.66500000000000	3.42806600000000	1.00000000000000e-10
1.67000000000000	3.42765500000000	1.00000000000000e-10
1.67500000000000	3.42724900000000	1.00000000000000e-10
1.68000000000000	3.42684600000000	1.00000000000000e-10
1.68500000000000	3.42644700000000	1.00000000000000e-10
1.69000000000000	3.42605200000000	1.00000000000000e-10
1.69500000000000	3.42566100000000	1.00000000000000e-10
1.70000000000000	3.42527300000000	1.00000000000000e-10
1.70500000000000	3.42488900000000	1.00000000000000e-10
1.71000000000000	3.42450800000000	1.00000000000000e-10
1.71500000000000	3.42413100000000	1.00000000000000e-10
1.72000000000000	3.42375800000000	1.00000000000000e-10
1.72500000000000	3.42338800000000	1.00000000000000e-10
1.73000000000000	3.42302100000000	1.00000000000000e-10
1.73500000000000	3.42265700000000	1.00000000000000e-10
1.74000000000000	3.42229700000000	1.00000000000000e-10
1.74500000000000	3.42194000000000	1.00000000000000e-10
1.75000000000000	3.42158700000000	1.00000000000000e-10
1.75500000000000	3.42123600000000	1.00000000000000e-10
1.76000000000000	3.42088900000000	1.00000000000000e-10
1.76500000000000	3.42054500000000	1.00000000000000e-10
1.77000000000000	3.42020400000000	1.00000000000000e-10
1.77500000000000	3.41986500000000	1.00000000000000e-10
1.78000000000000	3.41953000000000	1.00000000000000e-10
1.78500000000000	3.41919800000000	1.00000000000000e-10
1.79000000000000	3.41886900000000	1.00000000000000e-10
1.79500000000000	3.41854300000000	1.00000000000000e-10
1.80000000000000	3.41821900000000	1.00000000000000e-10
1.80500000000000	3.41789900000000	1.00000000000000e-10
1.81000000000000	3.41758100000000	1.00000000000000e-10
1.81500000000000	3.41726600000000	1.00000000000000e-10
1.82000000000000	3.41695300000000	1.00000000000000e-10
1.82500000000000	3.41664400000000	1.00000000000000e-10
1.83000000000000	3.41633700000000	1.00000000000000e-10
1.83500000000000	3.41603300000000	1.00000000000000e-10
1.84000000000000	3.41573000000000	1.00000000000000e-10
1.84500000000000	3.41543100000000	1.00000000000000e-10
1.85000000000000	3.41513500000000	1.00000000000000e-10
1.85500000000000	3.41484100000000	1.00000000000000e-10
1.86000000000000	3.41454900000000	1.00000000000000e-10
1.86500000000000	3.41425900000000	1.00000000000000e-10
1.87000000000000	3.41397300000000	1.00000000000000e-10
1.87500000000000	3.41368800000000	1.00000000000000e-10
1.88000000000000	3.41340600000000	1.00000000000000e-10
1.88500000000000	3.41312700000000	1.00000000000000e-10
1.89000000000000	3.41284900000000	1.00000000000000e-10
1.89500000000000	3.41257400000000	1.00000000000000e-10
1.90000000000000	3.41230200000000	1.00000000000000e-10
1.90500000000000	3.41203100000000	1.00000000000000e-10
1.91000000000000	3.41176300000000	1.00000000000000e-10
1.91500000000000	3.41149700000000	1.00000000000000e-10
1.92000000000000	3.41123300000000	1.00000000000000e-10
1.92500000000000	3.41097100000000	1.00000000000000e-10
1.93000000000000	3.41071100000000	1.00000000000000e-10
1.93500000000000	3.41045400000000	1.00000000000000e-10
1.94000000000000	3.41019800000000	1.00000000000000e-10
1.94500000000000	3.40994500000000	1.00000000000000e-10
1.95000000000000	3.40969400000000	1.00000000000000e-10
1.95500000000000	3.40944400000000	1.00000000000000e-10
1.96000000000000	3.40919700000000	1.00000000000000e-10
1.96500000000000	3.40895100000000	1.00000000000000e-10
1.97000000000000	3.40870700000000	1.00000000000000e-10
1.97500000000000	3.40846600000000	1.00000000000000e-10
1.98000000000000	3.40822600000000	1.00000000000000e-10
1.98500000000000	3.40798800000000	1.00000000000000e-10
1.99000000000000	3.40775200000000	1.00000000000000e-10
1.99500000000000	3.40751800000000	1.00000000000000e-10
2	3.40728600000000	1.00000000000000e-10
2.00500000000000	3.40705600000000	1.00000000000000e-10
2.01000000000000	3.40682700000000	1.00000000000000e-10
2.01500000000000	3.40660000000000	1.00000000000000e-10
2.02000000000000	3.40637500000000	1.00000000000000e-10
2.02500000000000	3.40615200000000	1.00000000000000e-10
2.03000000000000	3.40593000000000	1.00000000000000e-10
2.03500000000000	3.40571000000000	1.00000000000000e-10
2.04000000000000	3.40549200000000	1.00000000000000e-10
2.04500000000000	3.40527500000000	1.00000000000000e-10
2.05000000000000	3.40506000000000	1.00000000000000e-10
2.05500000000000	3.40484700000000	1.00000000000000e-10
2.06000000000000	3.40463500000000	1.00000000000000e-10
2.06500000000000	3.40442500000000	1.00000000000000e-10
2.07000000000000	3.40421600000000	1.00000000000000e-10
2.07500000000000	3.40401000000000	1.00000000000000e-10
2.08000000000000	3.40380400000000	1.00000000000000e-10
2.08500000000000	3.40360000000000	1.00000000000000e-10
2.09000000000000	3.40339800000000	1.00000000000000e-10
2.09500000000000	3.40319700000000	1.00000000000000e-10
2.10000000000000	3.40299700000000	1.00000000000000e-10