1.937000 0.920000 13.780000 
1.610000 0.560000 11.210000 
1.393000 0.430000 9.519000 
1.216000 0.350000 8.145000 
1.088000 0.270000 7.150000 
0.984000 0.220000 6.350000 
0.892000 0.170000 5.663000 
0.821100 0.160000 5.083000 
0.756000 0.140000 4.542000 
0.704500 0.130000 4.103000 
0.659500 0.140000 3.697000 
0.616800 0.210000 3.272000 
0.582100 0.290000 2.863000 
0.548600 0.430000 2.455000 
0.520900 0.620000 2.081000 
0.495900 1.040000 1.833000 
0.471400 1.310000 1.849000 
0.450900 1.380000 1.914000 
0.430500 1.450000 1.948000 
0.413300 1.460000 1.958000 
0.397400 1.470000 1.952000 
0.381500 1.460000 1.933000 
0.367900 1.480000 1.895000 
0.354200 1.500000 1.866000 
0.342500 1.480000 1.871000 
0.331500 1.480000 1.883000 
0.320400 1.540000 1.898000 
0.310700 1.530000 1.893000 
0.300900 1.530000 1.889000 
0.292400 1.490000 1.878000 
0.284400 1.470000 1.869000 
0.276100 1.430000 1.847000 
0.268900 1.380000 1.803000 
0.261600 1.350000 1.749000 
0.255100 1.330000 1.688000 
0.249000 1.330000 1.631000 
0.242600 1.320000 1.577000 
0.237100 1.320000 1.536000 
0.231300 1.300000 1.497000 
0.226200 1.310000 1.460000 
0.221400 1.300000 1.427000 
0.216400 1.300000 1.387000 
0.211900 1.300000 1.350000 
0.207300 1.300000 1.304000 
0.203300 1.330000 1.277000 
0.199300 1.330000 1.251000 
0.195300 1.340000 1.226000 
0.191600 1.320000 1.203000 
0.187900 1.280000 1.188000 
