0.89185613	3.16228	0	0.65951	5.54087	3.16228	0
0.89195611	3.16228	0	0.67435	5.57595	3.16228	0
0.8920561	3.16228	0	0.68976	5.61141	3.16228	0
0.89215608	3.16228	0	0.70574	5.64725	3.16228	0
0.89225606	3.16228	0	0.72235	5.68349	3.16228	0
0.89235605	3.16228	0	0.73959	5.72013	3.16228	0
0.89245603	3.16228	0	0.75752	5.75715	3.16228	0
0.89255602	3.16228	0	0.77615	5.79457	3.16228	0
0.892656	3.16228	0	0.79553	5.83239	3.16228	0
0.89275598	3.16228	0	0.8157	5.87059	3.16228	0
0.89285597	3.16228	0	0.83669	5.90919	3.16228	0
0.89295595	3.16228	0	0.85855	5.94817	3.16228	0
0.89305594	3.16228	0	0.88133	5.98752	3.16228	0
0.89315592	3.16228	0	0.90507	6.02724	3.16228	0
0.8932559	3.16228	0	0.92982	6.06732	3.16228	0
0.89335589	3.16228	0	0.95564	6.10775	3.16228	0
0.89345587	3.16228	0	0.98258	6.1485	3.16228	0
0.89355585	3.16228	0	1.0107	6.18956	3.16228	0
0.89365584	3.16228	0	1.04007	6.23091	3.16228	0
0.89375582	3.16228	0	1.07074	6.27251	3.16228	0
0.89385581	3.16228	0	1.1028	6.31434	3.16228	0
0.89395579	3.16228	0	1.13631	6.35637	3.16228	0
0.89405577	3.16228	0	1.17135	6.39853	3.16228	0
0.89415576	3.16228	0	1.208	6.4408	3.16228	0
0.89425574	3.16228	0	1.24634	6.4831	3.16228	0
0.89435573	3.16228	0	1.28646	6.52538	3.16228	0
0.89445571	3.16228	0	1.32844	6.56756	3.16228	0
0.89455569	3.16228	0	1.37237	6.60955	3.16228	0
0.89465568	3.16228	0	1.41836	6.65126	3.16228	0
0.89475566	3.16228	0	1.46648	6.69258	3.16228	0
0.89485565	3.16228	0	1.51685	6.73339	3.16228	0
0.89495563	3.16228	0	1.56955	6.77354	3.16228	0
0.89505561	3.16228	0	1.62467	6.81287	3.16228	0
0.8951556	3.16228	0	1.6823	6.85123	3.16228	0
0.89525558	3.16228	0	1.74254	6.88841	3.16228	0
0.89535556	3.16228	0	1.80544	6.92419	3.16228	0
0.89545555	3.16228	0	1.87108	6.95834	3.16228	0
0.89555553	3.16228	0	1.93951	6.9906	3.16228	0
0.89565552	3.16228	0	2.01075	7.02068	3.16228	0
0.8957555	3.16228	0	2.08483	7.04827	3.16228	0
0.89585548	3.16228	0	2.16172	7.07303	3.16228	0
0.89595547	3.16228	0	2.24138	7.0946	3.16228	0
0.89605545	3.16228	0	2.32372	7.11261	3.16228	0
0.89615544	3.16228	0	2.40861	7.12664	3.16228	0
0.89625542	3.16228	0	2.49587	7.13629	3.16228	0
0.8963554	3.16228	0	2.58525	7.14112	3.16228	0
0.89645539	3.16228	0	2.67645	7.14071	3.16228	0
0.89655537	3.16228	0	2.7691	7.13463	3.16228	0
0.89665535	3.16228	0	2.86276	7.12248	3.16228	0
0.89675534	3.16228	0	2.9569	7.10388	3.16228	0
0.89685532	3.16228	0	3.05092	7.0785	3.16228	0
0.89695531	3.16228	0	3.14416	7.04606	3.16228	0
0.89705529	3.16228	0	3.23587	7.00637	3.16228	0
0.89715527	3.16228	0	3.32527	6.95932	3.16228	0
0.89725526	3.16228	0	3.4115	6.9049	3.16228	0
0.89735524	3.16228	0	3.49369	6.84321	3.16228	0
0.89745523	3.16228	0	3.57097	6.77449	3.16228	0
0.89755521	3.16228	0	3.64245	6.6991	3.16228	0
0.89765519	3.16228	0	3.70731	6.61752	3.16228	0
0.89775518	3.16228	0	3.76477	6.53035	3.16228	0
0.89785516	3.16228	0	3.81412	6.43832	3.16228	0
0.89795515	3.16228	0	3.85477	6.34223	3.16228	0
0.89805513	3.16228	0	3.88621	6.24298	3.16228	0
0.89815511	3.16228	0	3.90808	6.14151	3.16228	0
0.8982551	3.16228	0	3.92014	6.03881	3.16228	0
0.89835508	3.16228	0	3.92228	5.93587	3.16228	0
0.89845506	3.16228	0	3.9145	5.83368	3.16228	0
0.89855505	3.16228	0	3.89694	5.73319	3.16228	0
0.89865503	3.16228	0	3.86982	5.63533	3.16228	0
0.89875502	3.16228	0	3.83347	5.54095	3.16228	0
0.898855	3.16228	0	3.7883	5.45087	3.16228	0
0.89895498	3.16228	0	3.73478	5.3658	3.16228	0
0.89905497	3.16228	0	3.67345	5.28642	3.16228	0
0.89915495	3.16228	0	3.60487	5.21333	3.16228	0
0.89925494	3.16228	0	3.52965	5.14703	3.16228	0
0.89935492	3.16228	0	3.44843	5.088	3.16228	0
0.8994549	3.16228	0	3.36186	5.03663	3.16228	0
0.89955489	3.16228	0	3.27063	4.99323	3.16228	0
0.89965487	3.16228	0	3.17541	4.95809	3.16228	0
0.89975485	3.16228	0	3.0769	4.93139	3.16228	0
0.89985484	3.16228	0	2.97581	4.91328	3.16228	0
0.89995482	3.16228	0	2.87284	4.90383	3.16228	0
0.90005481	3.16228	0	2.76869	4.90305	3.16228	0
0.90015479	3.16228	0	2.66406	4.91087	3.16228	0
0.90025477	3.16228	0	2.55961	4.92716	3.16228	0
0.90035476	3.16228	0	2.45599	4.95172	3.16228	0
0.90045474	3.16228	0	2.35379	4.98428	3.16228	0
0.90055473	3.16228	0	2.25357	5.0245	3.16228	0
0.90065471	3.16228	0	2.15581	5.07201	3.16228	0
0.90075469	3.16228	0	2.06095	5.1264	3.16228	0
0.90085468	3.16228	0	1.96932	5.18721	3.16228	0
0.90095466	3.16228	0	1.88121	5.254	3.16228	0
0.90105465	3.16228	0	1.79682	5.32629	3.16228	0
0.90115463	3.16228	0	1.71629	5.40363	3.16228	0
0.90125461	3.16228	0	1.63971	5.4856	3.16228	0
0.9013546	3.16228	0	1.56708	5.5718	3.16228	0
0.90145458	3.16228	0	1.49838	5.66185	3.16228	0
0.90155456	3.16228	0	1.43355	5.75542	3.16228	0
0.90165455	3.16228	0	1.37251	5.85222	3.16228	0
0.90175453	3.16228	0	1.31512	5.952	3.16228	0
0.90185452	3.16228	0	1.26127	6.05455	3.16228	0
0.9019545	3.16228	0	1.2108	6.15968	3.16228	0
0.90205448	3.16228	0	1.16358	6.26727	3.16228	0
0.90215447	3.16228	0	1.11945	6.37721	3.16228	0
0.90225445	3.16228	0	1.07827	6.48942	3.16228	0
0.90235444	3.16228	0	1.03989	6.60385	3.16228	0
0.90245442	3.16228	0	1.00418	6.72048	3.16228	0
0.9025544	3.16228	0	0.97099	6.83933	3.16228	0
0.90265439	3.16228	0	0.94021	6.96042	3.16228	0
0.90275437	3.16228	0	0.91172	7.08379	3.16228	0
0.90285435	3.16228	0	0.88542	7.20951	3.16228	0
0.90295434	3.16228	0	0.8612	7.33769	3.16228	0
0.90305432	3.16228	0	0.83898	7.46841	3.16228	0
0.90315431	3.16228	0	0.81867	7.6018	3.16228	0
0.90325429	3.16228	0	0.80021	7.73801	3.16228	0
0.90335427	3.16228	0	0.78353	7.8772	3.16228	0
0.90345426	3.16228	0	0.76858	8.01954	3.16228	0
0.90355424	3.16228	0	0.75531	8.16524	3.16228	0
0.90365423	3.16228	0	0.7437	8.3145	3.16228	0
0.90375421	3.16228	0	0.73371	8.46758	3.16228	0
0.90385419	3.16228	0	0.72533	8.62473	3.16228	0
0.90395418	3.16228	0	0.71856	8.78624	3.16228	0
0.90405416	3.16228	0	0.7134	8.95242	3.16228	0
0.90415415	3.16228	0	0.70987	9.12363	3.16228	0
0.90425413	3.16228	0	0.708	9.30022	3.16228	0
0.90435411	3.16228	0	0.70783	9.48263	3.16228	0
0.9044541	3.16228	0	0.70942	9.6713	3.16228	0
0.90455408	3.16228	0	0.71284	9.86673	3.16228	0
0.90465406	3.16228	0	0.71818	10.06949	3.16228	0
0.90475405	3.16228	0	0.72557	10.28017	3.16228	0
0.90485403	3.16228	0	0.73513	10.49948	3.16228	0
0.90495402	3.16228	0	0.74704	10.72816	3.16228	0
0.905054	3.16228	0	0.76149	10.96706	3.16228	0
0.90515398	3.16228	0	0.77872	11.21715	3.16228	0
0.90525397	3.16228	0	0.79903	11.47949	3.16228	0
0.90535395	3.16228	0	0.82276	11.75531	3.16228	0
0.90545394	3.16228	0	0.85032	12.04599	3.16228	0
0.90555392	3.16228	0	0.88221	12.35312	3.16228	0
0.9056539	3.16228	0	0.91905	12.67851	3.16228	0
0.90575389	3.16228	0	0.96158	13.02427	3.16228	0
0.90585387	3.16228	0	1.01071	13.39284	3.16228	0
0.90595385	3.16228	0	1.06758	13.78708	3.16228	0
0.90605384	3.16228	0	1.1336	14.21037	3.16228	0
0.90615382	3.16228	0	1.21056	14.6667	3.16228	0
0.90625381	3.16228	0	1.30076	15.16086	3.16228	0
0.90635379	3.16228	0	1.40717	15.69863	3.16228	0
0.90645377	3.16228	0	1.53368	16.28708	3.16228	0
0.90655376	3.16228	0	1.68551	16.93487	3.16228	0
0.90665374	3.16228	0	1.86976	17.65283	3.16228	0
0.90675373	3.16228	0	2.09631	18.45456	3.16228	0
0.90685371	3.16228	0	2.37922	19.35737	3.16228	0
0.90695369	3.16228	0	2.73913	20.38355	3.16228	0
0.90705368	3.16228	0	3.20719	21.56187	3.16228	0
0.90715366	3.16228	0	3.8323	22.92952	3.16228	0
0.90725365	3.16228	0	4.69425	24.53323	3.16228	0
0.90735363	3.16228	0	5.92919	26.42653	3.16228	0
0.90745361	3.16228	0	7.77918	28.65021	3.16228	0
0.9075536	3.16228	0	10.68244	31.15054	3.16228	0
0.90765358	3.16228	0	15.37001	33.48671	3.16228	0
0.90775356	3.16228	0	22.50743	34.06927	3.16228	0
0.90785355	3.16228	0	30.46717	30.0875	3.16228	0
0.90795353	3.16228	0	34.54266	22.2032	3.16228	0
0.90805352	3.16228	0	34.05944	15.11816	3.16228	0
0.9081535	3.16228	0	31.8184	10.46475	3.16228	0
0.90825348	3.16228	0	29.40601	7.58406	3.16228	0
0.90835347	3.16228	0	27.26336	5.74943	3.16228	0
0.90845345	3.16228	0	25.4452	4.52517	3.16228	0
0.90855344	3.16228	0	23.91172	3.67068	3.16228	0
0.90865342	3.16228	0	22.61023	3.05069	3.16228	0
0.9087534	3.16228	0	21.49463	2.58595	3.16228	0
0.90885339	3.16228	0	20.52829	2.22796	3.16228	0
0.90895337	3.16228	0	19.68282	1.94581	3.16228	0
0.90905335	3.16228	0	18.9363	1.71905	3.16228	0
0.90915334	3.16228	0	18.27168	1.53375	3.16228	0
0.90925332	3.16228	0	17.67559	1.38013	3.16228	0
0.90935331	3.16228	0	17.13742	1.25116	3.16228	0
0.90945329	3.16228	0	16.64866	1.14168	3.16228	0
0.90955327	3.16228	0	16.2024	1.04784	3.16228	0
0.90965326	3.16228	0	15.79299	0.96669	3.16228	0
0.90975324	3.16228	0	15.41574	0.89597	3.16228	0
0.90985323	3.16228	0	15.06676	0.8339	3.16228	0
0.90995321	3.16228	0	14.74276	0.77907	3.16228	0
0.91005319	3.16228	0	14.44097	0.73036	3.16228	0
0.91015318	3.16228	0	14.15901	0.68684	3.16228	0
0.91025316	3.16228	0	13.89485	0.64779	3.16228	0
0.91035315	3.16228	0	13.64673	0.61258	3.16228	0
0.91045313	3.16228	0	13.41312	0.5807	3.16228	0
0.91055311	3.16228	0	13.19268	0.55172	3.16228	0
0.9106531	3.16228	0	12.98425	0.52529	3.16228	0
0.91075308	3.16228	0	12.7868	0.50109	3.16228	0
0.91085306	3.16228	0	12.59941	0.47888	3.16228	0
0.91095305	3.16228	0	12.42127	0.45843	3.16228	0
0.91105303	3.16228	0	12.25166	0.43955	3.16228	0
0.91115302	3.16228	0	12.08992	0.42206	3.16228	0
0.911253	3.16228	0	11.93549	0.40584	3.16228	0
0.91135298	3.16228	0	11.78783	0.39075	3.16228	0
0.91145297	3.16228	0	11.64648	0.37669	3.16228	0
0.91155295	3.16228	0	11.511	0.36355	3.16228	0
0.91165294	3.16228	0	11.381	0.35125	3.16228	0
0.91175292	3.16228	0	11.25614	0.33972	3.16228	0
0.9118529	3.16228	0	11.13608	0.32889	3.16228	0
0.91195289	3.16228	0	11.02054	0.3187	3.16228	0
0.91205287	3.16228	0	10.90924	0.30909	3.16228	0
0.91215285	3.16228	0	10.80193	0.30003	3.16228	0
0.91225284	3.16228	0	10.69839	0.29146	3.16228	0
0.91235282	3.16228	0	10.59839	0.28335	3.16228	0
0.91245281	3.16228	0	10.50176	0.27566	3.16228	0
0.91255279	3.16228	0	10.4083	0.26836	3.16228	0
0.91265277	3.16228	0	10.31785	0.26143	3.16228	0
0.91275276	3.16228	0	10.23026	0.25483	3.16228	0
0.91285274	3.16228	0	10.14537	0.24855	3.16228	0
0.91295273	3.16228	0	10.06306	0.24256	3.16228	0
0.91305271	3.16228	0	9.9832	0.23685	3.16228	0
0.91315269	3.16228	0	9.90567	0.23138	3.16228	0
0.91325268	3.16228	0	9.83037	0.22616	3.16228	0
0.91335266	3.16228	0	9.75718	0.22116	3.16228	0
0.91345265	3.16228	0	9.68602	0.21637	3.16228	0
0.91355263	3.16228	0	9.6168	0.21178	3.16228	0
0.91365261	3.16228	0	9.54942	0.20737	3.16228	0
0.9137526	3.16228	0	9.48382	0.20313	3.16228	0
0.91385258	3.16228	0	9.41991	0.19906	3.16228	0
0.91395256	3.16228	0	9.35762	0.19515	3.16228	0
0.91405255	3.16228	0	9.2969	0.19138	3.16228	0
0.91415253	3.16228	0	9.23767	0.18775	3.16228	0
0.91425252	3.16228	0	9.17988	0.18425	3.16228	0
0.9143525	3.16228	0	9.12347	0.18087	3.16228	0
0.91445248	3.16228	0	9.06838	0.17761	3.16228	0
0.91455247	3.16228	0	9.01458	0.17446	3.16228	0
0.91465245	3.16228	0	8.962	0.17142	3.16228	0
0.91475244	3.16228	0	8.91061	0.16848	3.16228	0
0.91485242	3.16228	0	8.86036	0.16563	3.16228	0
0.9149524	3.16228	0	8.81121	0.16288	3.16228	0
0.91505239	3.16228	0	8.76312	0.16021	3.16228	0
0.91515237	3.16228	0	8.71605	0.15762	3.16228	0
0.91525235	3.16228	0	8.66998	0.15512	3.16228	0
0.91535234	3.16228	0	8.62486	0.15268	3.16228	0
0.91545232	3.16228	0	8.58067	0.15032	3.16228	0
0.91555231	3.16228	0	8.53737	0.14803	3.16228	0
0.91565229	3.16228	0	8.49493	0.14581	3.16228	0
0.91575227	3.16228	0	8.45333	0.14364	3.16228	0
0.91585226	3.16228	0	8.41255	0.14154	3.16228	0
0.91595224	3.16228	0	8.37254	0.13949	3.16228	0
0.91605223	3.16228	0	8.3333	0.1375	3.16228	0
0.91615221	3.16228	0	8.29479	0.13557	3.16228	0
0.91625219	3.16228	0	8.257	0.13368	3.16228	0
0.91635218	3.16228	0	8.21991	0.13184	3.16228	0
0.91645216	3.16228	0	8.18348	0.13005	3.16228	0
0.91655215	3.16228	0	8.14771	0.12831	3.16228	0
0.91665213	3.16228	0	8.11258	0.12661	3.16228	0
0.91675211	3.16228	0	8.07806	0.12495	3.16228	0
0.9168521	3.16228	0	8.04414	0.12333	3.16228	0
0.91695208	3.16228	0	8.0108	0.12175	3.16228	0
0.91705206	3.16228	0	7.97803	0.12021	3.16228	0
0.91715205	3.16228	0	7.94581	0.1187	3.16228	0
0.91725203	3.16228	0	7.91412	0.11723	3.16228	0
0.91735202	3.16228	0	7.88296	0.11579	3.16228	0
0.917452	3.16228	0	7.85231	0.11438	3.16228	0
0.91755198	3.16228	0	7.82215	0.11301	3.16228	0
0.91765197	3.16228	0	7.79247	0.11167	3.16228	0
0.91775195	3.16228	0	7.76326	0.11035	3.16228	0
0.91785194	3.16228	0	7.7345	0.10906	3.16228	0
0.91795192	3.16228	0	7.7062	0.10781	3.16228	0
0.9180519	3.16228	0	7.67833	0.10657	3.16228	0
0.91815189	3.16228	0	7.65088	0.10537	3.16228	0
0.91825187	3.16228	0	7.62385	0.10418	3.16228	0
0.91835185	3.16228	0	7.59722	0.10303	3.16228	0
0.91845184	3.16228	0	7.57098	0.10189	3.16228	0
0.91855182	3.16228	0	7.54513	0.10078	3.16228	0
0.91865181	3.16228	0	7.51965	0.09969	3.16228	0
0.91875179	3.16228	0	7.49455	0.09862	3.16228	0
0.91885177	3.16228	0	7.4698	0.09757	3.16228	0
0.91895176	3.16228	0	7.4454	0.09654	3.16228	0
0.91905174	3.16228	0	7.42134	0.09554	3.16228	0
0.91915173	3.16228	0	7.39761	0.09455	3.16228	0
0.91925171	3.16228	0	7.37422	0.09358	3.16228	0
0.91935169	3.16228	0	7.35114	0.09262	3.16228	0
0.91945168	3.16228	0	7.32838	0.09169	3.16228	0
0.91955166	3.16228	0	7.30592	0.09077	3.16228	0
0.91965165	3.16228	0	7.28376	0.08987	3.16228	0
0.91975163	3.16228	0	7.2619	0.08898	3.16228	0
0.91985161	3.16228	0	7.24032	0.08811	3.16228	0
0.9199516	3.16228	0	7.21902	0.08725	3.16228	0
0.92005158	3.16228	0	7.198	0.08641	3.16228	0
0.92015156	3.16228	0	7.17725	0.08559	3.16228	0
0.92025155	3.16228	0	7.15676	0.08477	3.16228	0
0.92035153	3.16228	0	7.13653	0.08397	3.16228	0
0.92045152	3.16228	0	7.11655	0.08319	3.16228	0
0.9205515	3.16228	0	7.09682	0.08242	3.16228	0
0.92065148	3.16228	0	7.07734	0.08166	3.16228	0
0.92075147	3.16228	0	7.05809	0.08091	3.16228	0
0.92085145	3.16228	0	7.03908	0.08017	3.16228	0
0.92095144	3.16228	0	7.02029	0.07945	3.16228	0
0.92105142	3.16228	0	7.00173	0.07874	3.16228	0
0.9211514	3.16228	0	6.98339	0.07804	3.16228	0
0.92125139	3.16228	0	6.96527	0.07735	3.16228	0
0.92135137	3.16228	0	6.94736	0.07667	3.16228	0
0.92145135	3.16228	0	6.92966	0.076	3.16228	0
0.92155134	3.16228	0	6.91216	0.07534	3.16228	0
0.92165132	3.16228	0	6.89486	0.07469	3.16228	0
0.92175131	3.16228	0	6.87776	0.07405	3.16228	0
0.92185129	3.16228	0	6.86086	0.07342	3.16228	0
0.92195127	3.16228	0	6.84414	0.0728	3.16228	0
0.92205126	3.16228	0	6.82761	0.07219	3.16228	0
0.92215124	3.16228	0	6.81126	0.07159	3.16228	0
0.92225123	3.16228	0	6.7951	0.07099	3.16228	0
0.92235121	3.16228	0	6.77911	0.07041	3.16228	0
0.92245119	3.16228	0	6.76329	0.06983	3.16228	0
0.92255118	3.16228	0	6.74764	0.06926	3.16228	0
0.92265116	3.16228	0	6.73217	0.0687	3.16228	0
0.92275115	3.16228	0	6.71685	0.06815	3.16228	0
0.92285113	3.16228	0	6.7017	0.06761	3.16228	0
0.92295111	3.16228	0	6.68671	0.06707	3.16228	0
0.9230511	3.16228	0	6.67188	0.06654	3.16228	0
0.92315108	3.16228	0	6.6572	0.06601	3.16228	0
0.92325106	3.16228	0	6.64267	0.0655	3.16228	0
0.92335105	3.16228	0	6.62829	0.06499	3.16228	0
0.92345103	3.16228	0	6.61406	0.06449	3.16228	0
0.92355102	3.16228	0	6.59997	0.06399	3.16228	0
0.923651	3.16228	0	6.58602	0.0635	3.16228	0
0.92375098	3.16228	0	6.57221	0.06302	3.16228	0
0.92385097	3.16228	0	6.55854	0.06254	3.16228	0
0.92395095	3.16228	0	6.54501	0.06207	3.16228	0
0.92405094	3.16228	0	6.53161	0.06161	3.16228	0
0.92415092	3.16228	0	6.51834	0.06115	3.16228	0
0.9242509	3.16228	0	6.5052	0.0607	3.16228	0
0.92435089	3.16228	0	6.49219	0.06025	3.16228	0
0.92445087	3.16228	0	6.4793	0.05981	3.16228	0
0.92455085	3.16228	0	6.46653	0.05937	3.16228	0
0.92465084	3.16228	0	6.45389	0.05894	3.16228	0
0.92475082	3.16228	0	6.44136	0.05852	3.16228	0
0.92485081	3.16228	0	6.42896	0.0581	3.16228	0
0.92495079	3.16228	0	6.41667	0.05768	3.16228	0
0.92505077	3.16228	0	6.40449	0.05728	3.16228	0
0.92515076	3.16228	0	6.39242	0.05687	3.16228	0
0.92525074	3.16228	0	6.38047	0.05647	3.16228	0
0.92535073	3.16228	0	6.36863	0.05608	3.16228	0
0.92545071	3.16228	0	6.35689	0.05569	3.16228	0
0.92555069	3.16228	0	6.34526	0.0553	3.16228	0
0.92565068	3.16228	0	6.33374	0.05492	3.16228	0
0.92575066	3.16228	0	6.32232	0.05454	3.16228	0
0.92585065	3.16228	0	6.311	0.05417	3.16228	0
0.92595063	3.16228	0	6.29978	0.0538	3.16228	0
0.92605061	3.16228	0	6.28866	0.05344	3.16228	0
0.9261506	3.16228	0	6.27763	0.05308	3.16228	0
0.92625058	3.16228	0	6.2667	0.05272	3.16228	0
0.92635056	3.16228	0	6.25587	0.05237	3.16228	0
0.92645055	3.16228	0	6.24513	0.05202	3.16228	0
0.92655053	3.16228	0	6.23449	0.05168	3.16228	0
0.92665052	3.16228	0	6.22393	0.05133	3.16228	0
0.9267505	3.16228	0	6.21346	0.051	3.16228	0
0.92685048	3.16228	0	6.20309	0.05067	3.16228	0
0.92695047	3.16228	0	6.1928	0.05034	3.16228	0
0.92705045	3.16228	0	6.18259	0.05001	3.16228	0
0.92715044	3.16228	0	6.17247	0.04969	3.16228	0
0.92725042	3.16228	0	6.16244	0.04937	3.16228	0
0.9273504	3.16228	0	6.15249	0.04905	3.16228	0
0.92745039	3.16228	0	6.14262	0.04874	3.16228	0
0.92755037	3.16228	0	6.13283	0.04843	3.16228	0
0.92765035	3.16228	0	6.12312	0.04813	3.16228	0
0.92775034	3.16228	0	6.11349	0.04783	3.16228	0
0.92785032	3.16228	0	6.10393	0.04753	3.16228	0
0.92795031	3.16228	0	6.09446	0.04723	3.16228	0
0.92805029	3.16228	0	6.08506	0.04694	3.16228	0
0.92815027	3.16228	0	6.07573	0.04665	3.16228	0
0.92825026	3.16228	0	6.06648	0.04636	3.16228	0
0.92835024	3.16228	0	6.0573	0.04608	3.16228	0
0.92845023	3.16228	0	6.04819	0.0458	3.16228	0
0.92855021	3.16228	0	6.03916	0.04552	3.16228	0
0.92865019	3.16228	0	6.03019	0.04524	3.16228	0
0.92875018	3.16228	0	6.02129	0.04497	3.16228	0
0.92885016	3.16228	0	6.01246	0.0447	3.16228	0
0.92895015	3.16228	0	6.0037	0.04443	3.16228	0
0.92905013	3.16228	0	5.99501	0.04417	3.16228	0
0.92915011	3.16228	0	5.98638	0.04391	3.16228	0
0.9292501	3.16228	0	5.97782	0.04365	3.16228	0
0.92935008	3.16228	0	5.96932	0.04339	3.16228	0
0.92945006	3.16228	0	5.96089	0.04314	3.16228	0
0.92955005	3.16228	0	5.95252	0.04288	3.16228	0
0.92965003	3.16228	0	5.94421	0.04264	3.16228	0
0.92975002	3.16228	0	5.93596	0.04239	3.16228	0
0.92985	3.16228	0	5.92778	0.04214	3.16228	0
0.92994998	3.16228	0	5.91965	0.0419	3.16228	0
0.93004997	3.16228	0	5.91158	0.04166	3.16228	0
0.93014995	3.16228	0	5.90357	0.04142	3.16228	0
0.93024994	3.16228	0	5.89562	0.04119	3.16228	0
0.93034992	3.16228	0	5.88773	0.04095	3.16228	0
0.9304499	3.16228	0	5.8799	0.04072	3.16228	0
0.93054989	3.16228	0	5.87212	0.04049	3.16228	0
0.93064987	3.16228	0	5.86439	0.04027	3.16228	0
0.93074985	3.16228	0	5.85672	0.04004	3.16228	0
0.93084984	3.16228	0	5.84911	0.03982	3.16228	0
0.93094982	3.16228	0	5.84155	0.0396	3.16228	0
0.93104981	3.16228	0	5.83404	0.03938	3.16228	0
0.93114979	3.16228	0	5.82658	0.03916	3.16228	0
0.93124977	3.16228	0	5.81918	0.03895	3.16228	0
0.93134976	3.16228	0	5.81183	0.03873	3.16228	0
0.93144974	3.16228	0	5.80452	0.03852	3.16228	0
0.93154973	3.16228	0	5.79727	0.03831	3.16228	0
0.93164971	3.16228	0	5.79007	0.03811	3.16228	0
0.93174969	3.16228	0	5.78292	0.0379	3.16228	0
0.93184968	3.16228	0	5.77581	0.0377	3.16228	0
0.93194966	3.16228	0	5.76876	0.0375	3.16228	0
0.93204965	3.16228	0	5.76175	0.0373	3.16228	0
0.93214963	3.16228	0	5.75479	0.0371	3.16228	0
0.93224961	3.16228	0	5.74787	0.0369	3.16228	0
0.9323496	3.16228	0	5.741	0.03671	3.16228	0
0.93244958	3.16228	0	5.73418	0.03651	3.16228	0
0.93254956	3.16228	0	5.7274	0.03632	3.16228	0
0.93264955	3.16228	0	5.72067	0.03613	3.16228	0
0.93274953	3.16228	0	5.71398	0.03594	3.16228	0
0.93284952	3.16228	0	5.70734	0.03576	3.16228	0
0.9329495	3.16228	0	5.70073	0.03557	3.16228	0
0.93304948	3.16228	0	5.69418	0.03539	3.16228	0
0.93314947	3.16228	0	5.68766	0.03521	3.16228	0
0.93324945	3.16228	0	5.68119	0.03503	3.16228	0
0.93334944	3.16228	0	5.67475	0.03485	3.16228	0
0.93344942	3.16228	0	5.66836	0.03467	3.16228	0
0.9335494	3.16228	0	5.66201	0.03449	3.16228	0
0.93364939	3.16228	0	5.6557	0.03432	3.16228	0
0.93374937	3.16228	0	5.64943	0.03415	3.16228	0
0.93384935	3.16228	0	5.6432	0.03397	3.16228	0
0.93394934	3.16228	0	5.63701	0.0338	3.16228	0
0.93404932	3.16228	0	5.63085	0.03364	3.16228	0
0.93414931	3.16228	0	5.62474	0.03347	3.16228	0
0.93424929	3.16228	0	5.61866	0.0333	3.16228	0
0.93434927	3.16228	0	5.61263	0.03314	3.16228	0
0.93444926	3.16228	0	5.60662	0.03297	3.16228	0
0.93454924	3.16228	0	5.60066	0.03281	3.16228	0
0.93464923	3.16228	0	5.59473	0.03265	3.16228	0
0.93474921	3.16228	0	5.58884	0.03249	3.16228	0
0.93484919	3.16228	0	5.58299	0.03233	3.16228	0
0.93494918	3.16228	0	5.57716	0.03217	3.16228	0
0.93504916	3.16228	0	5.57138	0.03202	3.16228	0
0.93514915	3.16228	0	5.56563	0.03186	3.16228	0
0.93524913	3.16228	0	5.55992	0.03171	3.16228	0
0.93534911	3.16228	0	5.55423	0.03156	3.16228	0
0.9354491	3.16228	0	5.54859	0.03141	3.16228	0
0.93554908	3.16228	0	5.54297	0.03126	3.16228	0
0.93564906	3.16228	0	5.53739	0.03111	3.16228	0
0.93574905	3.16228	0	5.53185	0.03096	3.16228	0
0.93584903	3.16228	0	5.52633	0.03082	3.16228	0
0.93594902	3.16228	0	5.52085	0.03067	3.16228	0
0.936049	3.16228	0	5.5154	0.03053	3.16228	0
0.93614898	3.16228	0	5.50998	0.03038	3.16228	0
0.93624897	3.16228	0	5.50459	0.03024	3.16228	0
0.93634895	3.16228	0	5.49924	0.0301	3.16228	0
0.93644894	3.16228	0	5.49391	0.02996	3.16228	0
0.93654892	3.16228	0	5.48862	0.02982	3.16228	0
0.9366489	3.16228	0	5.48336	0.02968	3.16228	0
0.93674889	3.16228	0	5.47812	0.02955	3.16228	0
0.93684887	3.16228	0	5.47292	0.02941	3.16228	0
0.93694885	3.16228	0	5.46775	0.02928	3.16228	0
0.93704884	3.16228	0	5.4626	0.02914	3.16228	0
0.93714882	3.16228	0	5.45749	0.02901	3.16228	0
0.93724881	3.16228	0	5.4524	0.02888	3.16228	0
0.93734879	3.16228	0	5.44734	0.02875	3.16228	0
0.93744877	3.16228	0	5.44231	0.02862	3.16228	0
0.93754876	3.16228	0	5.43731	0.02849	3.16228	0
0.93764874	3.16228	0	5.43234	0.02836	3.16228	0
0.93774873	3.16228	0	5.42739	0.02823	3.16228	0
0.93784871	3.16228	0	5.42247	0.02811	3.16228	0
0.93794869	3.16228	0	5.41758	0.02798	3.16228	0
0.93804868	3.16228	0	5.41271	0.02786	3.16228	0
0.93814866	3.16228	0	5.40788	0.02773	3.16228	0
0.93824865	3.16228	0	5.40306	0.02761	3.16228	0
0.93834863	3.16228	0	5.39828	0.02749	3.16228	0
0.93844861	3.16228	0	5.39352	0.02737	3.16228	0
0.9385486	3.16228	0	5.38878	0.02725	3.16228	0
0.93864858	3.16228	0	5.38408	0.02713	3.16228	0
0.93874856	3.16228	0	5.37939	0.02701	3.16228	0
0.93884855	3.16228	0	5.37473	0.02689	3.16228	0
0.93894853	3.16228	0	5.3701	0.02678	3.16228	0
0.93904852	3.16228	0	5.36549	0.02666	3.16228	0
0.9391485	3.16228	0	5.36091	0.02655	3.16228	0
0.93924848	3.16228	0	5.35635	0.02643	3.16228	0
0.93934847	3.16228	0	5.35181	0.02632	3.16228	0
0.93944845	3.16228	0	5.3473	0.02621	3.16228	0
0.93954844	3.16228	0	5.34282	0.02609	3.16228	0
0.93964842	3.16228	0	5.33835	0.02598	3.16228	0
0.9397484	3.16228	0	5.33391	0.02587	3.16228	0
0.93984839	3.16228	0	5.32949	0.02576	3.16228	0
0.93994837	3.16228	0	5.3251	0.02565	3.16228	0
0.94004835	3.16228	0	5.32073	0.02555	3.16228	0
0.94014834	3.16228	0	5.31638	0.02544	3.16228	0
0.94024832	3.16228	0	5.31205	0.02533	3.16228	0
0.94034831	3.16228	0	5.30774	0.02523	3.16228	0
0.94044829	3.16228	0	5.30346	0.02512	3.16228	0
0.94054827	3.16228	0	5.2992	0.02502	3.16228	0
0.94064826	3.16228	0	5.29496	0.02491	3.16228	0
0.94074824	3.16228	0	5.29074	0.02481	3.16228	0
0.94084823	3.16228	0	5.28655	0.02471	3.16228	0
0.94094821	3.16228	0	5.28237	0.02461	3.16228	0
0.94104819	3.16228	0	5.27822	0.02451	3.16228	0
0.94114818	3.16228	0	5.27408	0.02441	3.16228	0
0.94124816	3.16228	0	5.26997	0.02431	3.16228	0
0.94134815	3.16228	0	5.26588	0.02421	3.16228	0
0.94144813	3.16228	0	5.26181	0.02411	3.16228	0
0.94154811	3.16228	0	5.25776	0.02401	3.16228	0
0.9416481	3.16228	0	5.25373	0.02391	3.16228	0
0.94174808	3.16228	0	5.24971	0.02382	3.16228	0
0.94184806	3.16228	0	5.24572	0.02372	3.16228	0
0.94194805	3.16228	0	5.24175	0.02363	3.16228	0
0.94204803	3.16228	0	5.2378	0.02353	3.16228	0
0.94214802	3.16228	0	5.23386	0.02344	3.16228	0
0.942248	3.16228	0	5.22995	0.02334	3.16228	0
0.94234798	3.16228	0	5.22605	0.02325	3.16228	0
0.94244797	3.16228	0	5.22218	0.02316	3.16228	0
0.94254795	3.16228	0	5.21832	0.02307	3.16228	0
0.94264794	3.16228	0	5.21448	0.02298	3.16228	0
0.94274792	3.16228	0	5.21066	0.02289	3.16228	0
0.9428479	3.16228	0	5.20686	0.0228	3.16228	0
0.94294789	3.16228	0	5.20308	0.02271	3.16228	0
0.94304787	3.16228	0	5.19931	0.02262	3.16228	0
0.94314785	3.16228	0	5.19556	0.02253	3.16228	0
0.94324784	3.16228	0	5.19183	0.02244	3.16228	0
0.94334782	3.16228	0	5.18812	0.02235	3.16228	0
0.94344781	3.16228	0	5.18442	0.02227	3.16228	0
0.94354779	3.16228	0	5.18075	0.02218	3.16228	0
0.94364777	3.16228	0	5.17709	0.0221	3.16228	0
0.94374776	3.16228	0	5.17344	0.02201	3.16228	0
0.94384774	3.16228	0	5.16982	0.02193	3.16228	0
0.94394773	3.16228	0	5.16621	0.02184	3.16228	0
0.94404771	3.16228	0	5.16262	0.02176	3.16228	0
0.94414769	3.16228	0	5.15904	0.02168	3.16228	0
0.94424768	3.16228	0	5.15548	0.02159	3.16228	0
0.94434766	3.16228	0	5.15194	0.02151	3.16228	0
0.94444765	3.16228	0	5.14841	0.02143	3.16228	0
0.94454763	3.16228	0	5.1449	0.02135	3.16228	0
0.94464761	3.16228	0	5.14141	0.02127	3.16228	0
0.9447476	3.16228	0	5.13793	0.02119	3.16228	0
0.94484758	3.16228	0	5.13447	0.02111	3.16228	0
0.94494756	3.16228	0	5.13102	0.02103	3.16228	0
0.94504755	3.16228	0	5.12759	0.02095	3.16228	0
0.94514753	3.16228	0	5.12417	0.02087	3.16228	0
0.94524752	3.16228	0	5.12077	0.0208	3.16228	0
0.9453475	3.16228	0	5.11739	0.02072	3.16228	0
0.94544748	3.16228	0	5.11402	0.02064	3.16228	0
0.94554747	3.16228	0	5.11067	0.02057	3.16228	0
0.94564745	3.16228	0	5.10733	0.02049	3.16228	0
0.94574744	3.16228	0	5.104	0.02042	3.16228	0
0.94584742	3.16228	0	5.10069	0.02034	3.16228	0
0.9459474	3.16228	0	5.0974	0.02027	3.16228	0
0.94604739	3.16228	0	5.09412	0.02019	3.16228	0
0.94614737	3.16228	0	5.09085	0.02012	3.16228	0
0.94624735	3.16228	0	5.0876	0.02005	3.16228	0
0.94634734	3.16228	0	5.08436	0.01997	3.16228	0
0.94644732	3.16228	0	5.08114	0.0199	3.16228	0
0.94654731	3.16228	0	5.07793	0.01983	3.16228	0
0.94664729	3.16228	0	5.07474	0.01976	3.16228	0
0.94674727	3.16228	0	5.07155	0.01969	3.16228	0
0.94684726	3.16228	0	5.06839	0.01962	3.16228	0
0.94694724	3.16228	0	5.06523	0.01955	3.16228	0
0.94704723	3.16228	0	5.06209	0.01948	3.16228	0
0.94714721	3.16228	0	5.05897	0.01941	3.16228	0
0.94724719	3.16228	0	5.05585	0.01934	3.16228	0
0.94734718	3.16228	0	5.05275	0.01927	3.16228	0
0.94744716	3.16228	0	5.04967	0.0192	3.16228	0
0.94754715	3.16228	0	5.0466	0.01913	3.16228	0
0.94764713	3.16228	0	5.04354	0.01907	3.16228	0
0.94774711	3.16228	0	5.04049	0.019	3.16228	0
0.9478471	3.16228	0	5.03746	0.01893	3.16228	0
0.94794708	3.16228	0	5.03443	0.01887	3.16228	0
0.94804706	3.16228	0	5.03143	0.0188	3.16228	0
0.94814705	3.16228	0	5.02843	0.01873	3.16228	0
0.94824703	3.16228	0	5.02545	0.01867	3.16228	0
0.94834702	3.16228	0	5.02248	0.0186	3.16228	0
0.948447	3.16228	0	5.01952	0.01854	3.16228	0
0.94854698	3.16228	0	5.01657	0.01848	3.16228	0
0.94864697	3.16228	0	5.01364	0.01841	3.16228	0
0.94874695	3.16228	0	5.01072	0.01835	3.16228	0
0.94884694	3.16228	0	5.00781	0.01829	3.16228	0
0.94894692	3.16228	0	5.00491	0.01822	3.16228	0
0.9490469	3.16228	0	5.00203	0.01816	3.16228	0
0.94914689	3.16228	0	4.99915	0.0181	3.16228	0
0.94924687	3.16228	0	4.99629	0.01804	3.16228	0
0.94934685	3.16228	0	4.99344	0.01798	3.16228	0
0.94944684	3.16228	0	4.9906	0.01791	3.16228	0
0.94954682	3.16228	0	4.98778	0.01785	3.16228	0
0.94964681	3.16228	0	4.98496	0.01779	3.16228	0
0.94974679	3.16228	0	4.98216	0.01773	3.16228	0
0.94984677	3.16228	0	4.97937	0.01767	3.16228	0
0.94994676	3.16228	0	4.97659	0.01761	3.16228	0
0.95004674	3.16228	0	4.97382	0.01755	3.16228	0
0.95014673	3.16228	0	4.97106	0.0175	3.16228	0
0.95024671	3.16228	0	4.96831	0.01744	3.16228	0
0.95034669	3.16228	0	4.96557	0.01738	3.16228	0
0.95044668	3.16228	0	4.96285	0.01732	3.16228	0
0.95054666	3.16228	0	4.96013	0.01726	3.16228	0
0.95064665	3.16228	0	4.95743	0.01721	3.16228	0
0.95074663	3.16228	0	4.95474	0.01715	3.16228	0
0.95084661	3.16228	0	4.95206	0.01709	3.16228	0
0.9509466	3.16228	0	4.94938	0.01704	3.16228	0
0.95104658	3.16228	0	4.94672	0.01698	3.16228	0
0.95114656	3.16228	0	4.94407	0.01693	3.16228	0
0.95124655	3.16228	0	4.94143	0.01687	3.16228	0
0.95134653	3.16228	0	4.9388	0.01681	3.16228	0
0.95144652	3.16228	0	4.93618	0.01676	3.16228	0
0.9515465	3.16228	0	4.93357	0.01671	3.16228	0
0.95164648	3.16228	0	4.93098	0.01665	3.16228	0
0.95174647	3.16228	0	4.92839	0.0166	3.16228	0
0.95184645	3.16228	0	4.92581	0.01654	3.16228	0
0.95194644	3.16228	0	4.92324	0.01649	3.16228	0
0.95204642	3.16228	0	4.92068	0.01644	3.16228	0
0.9521464	3.16228	0	4.91813	0.01638	3.16228	0
0.95224639	3.16228	0	4.91559	0.01633	3.16228	0
0.95234637	3.16228	0	4.91306	0.01628	3.16228	0
0.95244635	3.16228	0	4.91054	0.01623	3.16228	0
0.95254634	3.16228	0	4.90803	0.01618	3.16228	0
0.95264632	3.16228	0	4.90553	0.01612	3.16228	0
0.95274631	3.16228	0	4.90304	0.01607	3.16228	0
0.95284629	3.16228	0	4.90056	0.01602	3.16228	0
0.95294627	3.16228	0	4.89809	0.01597	3.16228	0
0.95304626	3.16228	0	4.89563	0.01592	3.16228	0
0.95314624	3.16228	0	4.89317	0.01587	3.16228	0
0.95324623	3.16228	0	4.89073	0.01582	3.16228	0
0.95334621	3.16228	0	4.8883	0.01577	3.16228	0
0.95344619	3.16228	0	4.88587	0.01572	3.16228	0
0.95354618	3.16228	0	4.88345	0.01567	3.16228	0
0.95364616	3.16228	0	4.88105	0.01562	3.16228	0
0.95374615	3.16228	0	4.87865	0.01557	3.16228	0
0.95384613	3.16228	0	4.87626	0.01553	3.16228	0
0.95394611	3.16228	0	4.87388	0.01548	3.16228	0
0.9540461	3.16228	0	4.87151	0.01543	3.16228	0
0.95414608	3.16228	0	4.86914	0.01538	3.16228	0
0.95424606	3.16228	0	4.86679	0.01533	3.16228	0
0.95434605	3.16228	0	4.86444	0.01529	3.16228	0
0.95444603	3.16228	0	4.86211	0.01524	3.16228	0
0.95454602	3.16228	0	4.85978	0.01519	3.16228	0
0.954646	3.16228	0	4.85746	0.01515	3.16228	0
0.95474598	3.16228	0	4.85515	0.0151	3.16228	0
0.95484597	3.16228	0	4.85285	0.01505	3.16228	0
0.95494595	3.16228	0	4.85055	0.01501	3.16228	0
0.95504594	3.16228	0	4.84827	0.01496	3.16228	0
0.95514592	3.16228	0	4.84599	0.01492	3.16228	0
0.9552459	3.16228	0	4.84372	0.01487	3.16228	0
0.95534589	3.16228	0	4.84146	0.01483	3.16228	0
0.95544587	3.16228	0	4.83921	0.01478	3.16228	0
0.95554585	3.16228	0	4.83696	0.01474	3.16228	0
0.95564584	3.16228	0	4.83472	0.01469	3.16228	0
0.95574582	3.16228	0	4.8325	0.01465	3.16228	0
0.95584581	3.16228	0	4.83028	0.0146	3.16228	0
0.95594579	3.16228	0	4.82806	0.01456	3.16228	0
0.95604577	3.16228	0	4.82586	0.01452	3.16228	0
0.95614576	3.16228	0	4.82366	0.01447	3.16228	0
0.95624574	3.16228	0	4.82147	0.01443	3.16228	0
0.95634573	3.16228	0	4.81929	0.01439	3.16228	0
0.95644571	3.16228	0	4.81712	0.01434	3.16228	0
0.95654569	3.16228	0	4.81495	0.0143	3.16228	0
0.95664568	3.16228	0	4.81279	0.01426	3.16228	0
0.95674566	3.16228	0	4.81064	0.01422	3.16228	0
0.95684565	3.16228	0	4.8085	0.01417	3.16228	0
0.95694563	3.16228	0	4.80637	0.01413	3.16228	0
0.95704561	3.16228	0	4.80424	0.01409	3.16228	0
0.9571456	3.16228	0	4.80212	0.01405	3.16228	0
0.95724558	3.16228	0	4.8	0.01401	3.16228	0
0.95734556	3.16228	0	4.7979	0.01397	3.16228	0
0.95744555	3.16228	0	4.7958	0.01393	3.16228	0
0.95754553	3.16228	0	4.79371	0.01389	3.16228	0
0.95764552	3.16228	0	4.79163	0.01385	3.16228	0
0.9577455	3.16228	0	4.78955	0.01381	3.16228	0
0.95784548	3.16228	0	4.78748	0.01377	3.16228	0
0.95794547	3.16228	0	4.78542	0.01373	3.16228	0
0.95804545	3.16228	0	4.78336	0.01369	3.16228	0
0.95814544	3.16228	0	4.78132	0.01365	3.16228	0
0.95824542	3.16228	0	4.77927	0.01361	3.16228	0
0.9583454	3.16228	0	4.77724	0.01357	3.16228	0
0.95844539	3.16228	0	4.77521	0.01353	3.16228	0
0.95854537	3.16228	0	4.77319	0.01349	3.16228	0
0.95864535	3.16228	0	4.77118	0.01345	3.16228	0
0.95874534	3.16228	0	4.76917	0.01341	3.16228	0
0.95884532	3.16228	0	4.76717	0.01338	3.16228	0
0.95894531	3.16228	0	4.76518	0.01334	3.16228	0
0.95904529	3.16228	0	4.7632	0.0133	3.16228	0
0.95914527	3.16228	0	4.76122	0.01326	3.16228	0
0.95924526	3.16228	0	4.75924	0.01323	3.16228	0
0.95934524	3.16228	0	4.75728	0.01319	3.16228	0
0.95944523	3.16228	0	4.75532	0.01315	3.16228	0
0.95954521	3.16228	0	4.75337	0.01311	3.16228	0
0.95964519	3.16228	0	4.75142	0.01308	3.16228	0
0.95974518	3.16228	0	4.74948	0.01304	3.16228	0
0.95984516	3.16228	0	4.74755	0.013	3.16228	0
0.95994515	3.16228	0	4.74562	0.01297	3.16228	0
0.96004513	3.16228	0	4.7437	0.01293	3.16228	0
0.96014511	3.16228	0	4.74179	0.01289	3.16228	0
0.9602451	3.16228	0	4.73988	0.01286	3.16228	0
0.96034508	3.16228	0	4.73798	0.01282	3.16228	0
0.96044506	3.16228	0	4.73608	0.01279	3.16228	0
0.96054505	3.16228	0	4.73419	0.01275	3.16228	0
0.96064503	3.16228	0	4.73231	0.01272	3.16228	0
0.96074502	3.16228	0	4.73043	0.01268	3.16228	0
0.960845	3.16228	0	4.72856	0.01265	3.16228	0
0.96094498	3.16228	0	4.7267	0.01261	3.16228	0
0.96104497	3.16228	0	4.72484	0.01258	3.16228	0
0.96114495	3.16228	0	4.72299	0.01254	3.16228	0
0.96124494	3.16228	0	4.72114	0.01251	3.16228	0
0.96134492	3.16228	0	4.7193	0.01248	3.16228	0
0.9614449	3.16228	0	4.71747	0.01244	3.16228	0
0.96154489	3.16228	0	4.71564	0.01241	3.16228	0
0.96164487	3.16228	0	4.71382	0.01237	3.16228	0
0.96174485	3.16228	0	4.712	0.01234	3.16228	0
0.96184484	3.16228	0	4.71019	0.01231	3.16228	0
0.96194482	3.16228	0	4.70839	0.01227	3.16228	0
0.96204481	3.16228	0	4.70659	0.01224	3.16228	0
0.96214479	3.16228	0	4.70479	0.01221	3.16228	0
0.96224477	3.16228	0	4.70301	0.01217	3.16228	0
0.96234476	3.16228	0	4.70123	0.01214	3.16228	0
0.96244474	3.16228	0	4.69945	0.01211	3.16228	0
0.96254473	3.16228	0	4.69768	0.01208	3.16228	0
0.96264471	3.16228	0	4.69591	0.01204	3.16228	0
0.96274469	3.16228	0	4.69416	0.01201	3.16228	0
0.96284468	3.16228	0	4.6924	0.01198	3.16228	0
0.96294466	3.16228	0	4.69065	0.01195	3.16228	0
0.96304465	3.16228	0	4.68891	0.01192	3.16228	0
0.96314463	3.16228	0	4.68718	0.01189	3.16228	0
0.96324461	3.16228	0	4.68544	0.01185	3.16228	0
0.9633446	3.16228	0	4.68372	0.01182	3.16228	0
0.96344458	3.16228	0	4.682	0.01179	3.16228	0
0.96354456	3.16228	0	4.68028	0.01176	3.16228	0
0.96364455	3.16228	0	4.67857	0.01173	3.16228	0
0.96374453	3.16228	0	4.67687	0.0117	3.16228	0
0.96384452	3.16228	0	4.67517	0.01167	3.16228	0
0.9639445	3.16228	0	4.67347	0.01164	3.16228	0
0.96404448	3.16228	0	4.67179	0.01161	3.16228	0
0.96414447	3.16228	0	4.6701	0.01158	3.16228	0
0.96424445	3.16228	0	4.66843	0.01155	3.16228	0
0.96434444	3.16228	0	4.66675	0.01152	3.16228	0
0.96444442	3.16228	0	4.66508	0.01149	3.16228	0
0.9645444	3.16228	0	4.66342	0.01146	3.16228	0
0.96464439	3.16228	0	4.66176	0.01143	3.16228	0
0.96474437	3.16228	0	4.66011	0.0114	3.16228	0
0.96484435	3.16228	0	4.65846	0.01137	3.16228	0
0.96494434	3.16228	0	4.65682	0.01134	3.16228	0
0.96504432	3.16228	0	4.65519	0.01131	3.16228	0
0.96514431	3.16228	0	4.65355	0.01128	3.16228	0
0.96524429	3.16228	0	4.65193	0.01125	3.16228	0
0.96534427	3.16228	0	4.6503	0.01122	3.16228	0
0.96544426	3.16228	0	4.64869	0.01119	3.16228	0
0.96554424	3.16228	0	4.64707	0.01117	3.16228	0
0.96564423	3.16228	0	4.64546	0.01114	3.16228	0
0.96574421	3.16228	0	4.64386	0.01111	3.16228	0
0.96584419	3.16228	0	4.64226	0.01108	3.16228	0
0.96594418	3.16228	0	4.64067	0.01105	3.16228	0
0.96604416	3.16228	0	4.63908	0.01102	3.16228	0
0.96614415	3.16228	0	4.6375	0.011	3.16228	0
0.96624413	3.16228	0	4.63592	0.01097	3.16228	0
0.96634411	3.16228	0	4.63435	0.01094	3.16228	0
0.9664441	3.16228	0	4.63278	0.01091	3.16228	0
0.96654408	3.16228	0	4.63121	0.01089	3.16228	0
0.96664406	3.16228	0	4.62965	0.01086	3.16228	0
0.96674405	3.16228	0	4.6281	0.01083	3.16228	0
0.96684403	3.16228	0	4.62655	0.0108	3.16228	0
0.96694402	3.16228	0	4.625	0.01078	3.16228	0
0.967044	3.16228	0	4.62346	0.01075	3.16228	0
0.96714398	3.16228	0	4.62192	0.01072	3.16228	0
0.96724397	3.16228	0	4.62039	0.0107	3.16228	0
0.96734395	3.16228	0	4.61886	0.01067	3.16228	0
0.96744394	3.16228	0	4.61734	0.01064	3.16228	0
0.96754392	3.16228	0	4.61582	0.01062	3.16228	0
0.9676439	3.16228	0	4.6143	0.01059	3.16228	0
0.96774389	3.16228	0	4.61279	0.01057	3.16228	0
0.96784387	3.16228	0	4.61129	0.01054	3.16228	0
0.96794385	3.16228	0	4.60979	0.01051	3.16228	0
0.96804384	3.16228	0	4.60829	0.01049	3.16228	0
0.96814382	3.16228	0	4.6068	0.01046	3.16228	0
0.96824381	3.16228	0	4.60531	0.01044	3.16228	0
0.96834379	3.16228	0	4.60383	0.01041	3.16228	0
0.96844377	3.16228	0	4.60235	0.01038	3.16228	0
0.96854376	3.16228	0	4.60087	0.01036	3.16228	0
0.96864374	3.16228	0	4.5994	0.01033	3.16228	0
0.96874373	3.16228	0	4.59793	0.01031	3.16228	0
0.96884371	3.16228	0	4.59647	0.01028	3.16228	0
0.96894369	3.16228	0	4.59501	0.01026	3.16228	0
0.96904368	3.16228	0	4.59356	0.01023	3.16228	0
0.96914366	3.16228	0	4.59211	0.01021	3.16228	0
0.96924365	3.16228	0	4.59066	0.01018	3.16228	0
0.96934363	3.16228	0	4.58922	0.01016	3.16228	0
0.96944361	3.16228	0	4.58778	0.01014	3.16228	0
0.9695436	3.16228	0	4.58635	0.01011	3.16228	0
0.96964358	3.16228	0	4.58492	0.01009	3.16228	0
0.96974356	3.16228	0	4.58349	0.01006	3.16228	0
0.96984355	3.16228	0	4.58207	0.01004	3.16228	0
0.96994353	3.16228	0	4.58066	0.01001	3.16228	0
0.97004352	3.16228	0	4.57924	0.00999	3.16228	0
0.9701435	3.16228	0	4.57783	0.00997	3.16228	0
0.97024348	3.16228	0	4.57643	0.00994	3.16228	0
0.97034347	3.16228	0	4.57503	0.00992	3.16228	0
0.97044345	3.16228	0	4.57363	0.0099	3.16228	0
0.97054344	3.16228	0	4.57224	0.00987	3.16228	0
0.97064342	3.16228	0	4.57085	0.00985	3.16228	0
0.9707434	3.16228	0	4.56946	0.00983	3.16228	0
0.97084339	3.16228	0	4.56808	0.0098	3.16228	0
0.97094337	3.16228	0	4.5667	0.00978	3.16228	0
0.97104335	3.16228	0	4.56533	0.00976	3.16228	0
0.97114334	3.16228	0	4.56396	0.00973	3.16228	0
0.97124332	3.16228	0	4.56259	0.00971	3.16228	0
0.97134331	3.16228	0	4.56123	0.00969	3.16228	0
0.97144329	3.16228	0	4.55987	0.00967	3.16228	0
0.97154327	3.16228	0	4.55851	0.00964	3.16228	0
0.97164326	3.16228	0	4.55716	0.00962	3.16228	0
0.97174324	3.16228	0	4.55582	0.0096	3.16228	0
0.97184323	3.16228	0	4.55447	0.00958	3.16228	0
0.97194321	3.16228	0	4.55313	0.00955	3.16228	0
0.97204319	3.16228	0	4.5518	0.00953	3.16228	0
0.97214318	3.16228	0	4.55046	0.00951	3.16228	0
0.97224316	3.16228	0	4.54913	0.00949	3.16228	0
0.97234315	3.16228	0	4.54781	0.00946	3.16228	0
0.97244313	3.16228	0	4.54649	0.00944	3.16228	0
0.97254311	3.16228	0	4.54517	0.00942	3.16228	0
0.9726431	3.16228	0	4.54385	0.0094	3.16228	0
0.97274308	3.16228	0	4.54254	0.00938	3.16228	0
0.97284306	3.16228	0	4.54123	0.00936	3.16228	0
0.97294305	3.16228	0	4.53993	0.00933	3.16228	0
0.97304303	3.16228	0	4.53863	0.00931	3.16228	0
0.97314302	3.16228	0	4.53733	0.00929	3.16228	0
0.973243	3.16228	0	4.53604	0.00927	3.16228	0
0.97334298	3.16228	0	4.53475	0.00925	3.16228	0
0.97344297	3.16228	0	4.53346	0.00923	3.16228	0
0.97354295	3.16228	0	4.53218	0.00921	3.16228	0
0.97364294	3.16228	0	4.5309	0.00919	3.16228	0
0.97374292	3.16228	0	4.52963	0.00917	3.16228	0
0.9738429	3.16228	0	4.52835	0.00915	3.16228	0
0.97394289	3.16228	0	4.52708	0.00913	3.16228	0
0.97404287	3.16228	0	4.52582	0.0091	3.16228	0
0.97414285	3.16228	0	4.52455	0.00908	3.16228	0
0.97424284	3.16228	0	4.5233	0.00906	3.16228	0
0.97434282	3.16228	0	4.52204	0.00904	3.16228	0
0.97444281	3.16228	0	4.52079	0.00902	3.16228	0
0.97454279	3.16228	0	4.51954	0.009	3.16228	0
0.97464277	3.16228	0	4.51829	0.00898	3.16228	0
0.97474276	3.16228	0	4.51705	0.00896	3.16228	0
0.97484274	3.16228	0	4.51581	0.00894	3.16228	0
0.97494273	3.16228	0	4.51458	0.00892	3.16228	0
0.97504271	3.16228	0	4.51334	0.0089	3.16228	0
0.97514269	3.16228	0	4.51211	0.00888	3.16228	0
0.97524268	3.16228	0	4.51089	0.00886	3.16228	0
0.97534266	3.16228	0	4.50966	0.00884	3.16228	0
0.97544265	3.16228	0	4.50844	0.00882	3.16228	0
0.97554263	3.16228	0	4.50723	0.0088	3.16228	0
0.97564261	3.16228	0	4.50601	0.00878	3.16228	0
0.9757426	3.16228	0	4.5048	0.00877	3.16228	0
0.97584258	3.16228	0	4.5036	0.00875	3.16228	0
0.97594256	3.16228	0	4.50239	0.00873	3.16228	0
0.97604255	3.16228	0	4.50119	0.00871	3.16228	0
0.97614253	3.16228	0	4.49999	0.00869	3.16228	0
0.97624252	3.16228	0	4.4988	0.00867	3.16228	0
