1.100000 	 3.545720 	 0.000133 
1.099000 	 3.545980 	 0.000132 
1.098000 	 3.546240 	 0.000131 
1.097000 	 3.546500 	 0.000130 
1.096000 	 3.546760 	 0.000129 
1.095000 	 3.547030 	 0.000128 
1.094000 	 3.547290 	 0.000128 
1.093000 	 3.547550 	 0.000127 
1.092000 	 3.547820 	 0.000126 
1.091000 	 3.548080 	 0.000125 
1.090000 	 3.548350 	 0.000125 
1.089000 	 3.548610 	 0.000124 
1.088000 	 3.548880 	 0.000124 
1.087000 	 3.549150 	 0.000123 
1.086000 	 3.549420 	 0.000123 
1.085000 	 3.549690 	 0.000122 
1.084000 	 3.549960 	 0.000122 
1.083000 	 3.550230 	 0.000122 
1.082000 	 3.550500 	 0.000122 
1.081000 	 3.550780 	 0.000121 
1.080000 	 3.551050 	 0.000121 
1.079000 	 3.551330 	 0.000121 
1.078000 	 3.551600 	 0.000121 
1.077000 	 3.551880 	 0.000121 
1.076000 	 3.552160 	 0.000121 
1.075000 	 3.552430 	 0.000121 
1.074000 	 3.552710 	 0.000122 
1.073000 	 3.552990 	 0.000122 
1.072000 	 3.553270 	 0.000122 
1.071000 	 3.553550 	 0.000122 
1.070000 	 3.553840 	 0.000123 
1.069000 	 3.554120 	 0.000123 
1.068000 	 3.554410 	 0.000124 
1.067000 	 3.554690 	 0.000124 
1.066000 	 3.554980 	 0.000125 
1.065000 	 3.555260 	 0.000126 
1.064000 	 3.555550 	 0.000126 
1.063000 	 3.555840 	 0.000127 
1.062000 	 3.556130 	 0.000128 
1.061000 	 3.556420 	 0.000129 
1.060000 	 3.556710 	 0.000130 
1.059000 	 3.557000 	 0.000131 
1.058000 	 3.557300 	 0.000132 
1.057000 	 3.557590 	 0.000133 
1.056000 	 3.557890 	 0.000134 
1.055000 	 3.558180 	 0.000135 
1.054000 	 3.558480 	 0.000137 
1.053000 	 3.558780 	 0.000138 
1.052000 	 3.559070 	 0.000139 
1.051000 	 3.559370 	 0.000141 
1.050000 	 3.559670 	 0.000142 
1.049000 	 3.559980 	 0.000144 
1.048000 	 3.560280 	 0.000146 
1.047000 	 3.560580 	 0.000147 
1.046000 	 3.560890 	 0.000149 
1.045000 	 3.561190 	 0.000151 
1.044000 	 3.561500 	 0.000153 
1.043000 	 3.561810 	 0.000155 
1.042000 	 3.562110 	 0.000157 
1.041000 	 3.562420 	 0.000159 
1.040000 	 3.562730 	 0.000161 
1.039000 	 3.563040 	 0.000163 
1.038000 	 3.563360 	 0.000166 
1.037000 	 3.563670 	 0.000168 
1.036000 	 3.563980 	 0.000170 
1.035000 	 3.564300 	 0.000173 
1.034000 	 3.564610 	 0.000175 
1.033000 	 3.564930 	 0.000178 
1.032000 	 3.565250 	 0.000181 
1.031000 	 3.565570 	 0.000183 
1.030000 	 3.565890 	 0.000186 
1.029000 	 3.566210 	 0.000189 
1.028000 	 3.566530 	 0.000192 
1.027000 	 3.566860 	 0.000195 
1.026000 	 3.567180 	 0.000198 
1.025000 	 3.567510 	 0.000201 
1.024000 	 3.567830 	 0.000205 
1.023000 	 3.568160 	 0.000208 
1.022000 	 3.568490 	 0.000211 
1.021000 	 3.568820 	 0.000215 
1.020000 	 3.569150 	 0.000218 
1.019000 	 3.569480 	 0.000222 
1.018000 	 3.569810 	 0.000226 
1.017000 	 3.570150 	 0.000229 
1.016000 	 3.570480 	 0.000233 
1.015000 	 3.570820 	 0.000237 
1.014000 	 3.571160 	 0.000241 
1.013000 	 3.571490 	 0.000245 
1.012000 	 3.571830 	 0.000249 
1.011000 	 3.572170 	 0.000253 
1.010000 	 3.572520 	 0.000258 
1.009000 	 3.572860 	 0.000262 
1.008000 	 3.573200 	 0.000266 
1.007000 	 3.573550 	 0.000271 
1.006000 	 3.573890 	 0.000276 
1.005000 	 3.574240 	 0.000280 
1.004000 	 3.574590 	 0.000285 
1.003000 	 3.574940 	 0.000290 
1.002000 	 3.575290 	 0.000295 
1.001000 	 3.575640 	 0.000300 
1.000000 	 3.576000 	 0.000305 
0.999000 	 3.576350 	 0.000310 
0.998000 	 3.576710 	 0.000315 
0.997000 	 3.577060 	 0.000321 
0.996000 	 3.577420 	 0.000326 
0.995000 	 3.577780 	 0.000331 
0.994000 	 3.578140 	 0.000337 
0.993000 	 3.578500 	 0.000343 
0.992000 	 3.578860 	 0.000349 
0.991000 	 3.579230 	 0.000354 
0.990000 	 3.579590 	 0.000360 
0.989000 	 3.579960 	 0.000366 
0.988000 	 3.580330 	 0.000372 
0.987000 	 3.580690 	 0.000379 
0.986000 	 3.581060 	 0.000385 
0.985000 	 3.581440 	 0.000391 
0.984000 	 3.581810 	 0.000398 
0.983000 	 3.582180 	 0.000404 
0.982000 	 3.582560 	 0.000411 
0.981000 	 3.582930 	 0.000418 
0.980000 	 3.583310 	 0.000425 
0.979000 	 3.583690 	 0.000432 
0.978000 	 3.584070 	 0.000439 
0.977000 	 3.584450 	 0.000446 
0.976000 	 3.584830 	 0.000453 
0.975000 	 3.585220 	 0.000461 
0.974000 	 3.585600 	 0.000468 
0.973000 	 3.585990 	 0.000476 
0.972000 	 3.586380 	 0.000483 
0.971000 	 3.586770 	 0.000491 
0.970000 	 3.587160 	 0.000499 
0.969000 	 3.587550 	 0.000507 
0.968000 	 3.587950 	 0.000515 
0.967000 	 3.588340 	 0.000523 
0.966000 	 3.588740 	 0.000531 
0.965000 	 3.589130 	 0.000540 
0.964000 	 3.589530 	 0.000548 
0.963000 	 3.589930 	 0.000557 
0.962000 	 3.590340 	 0.000565 
0.961000 	 3.590740 	 0.000574 
0.960000 	 3.591140 	 0.000583 
0.959000 	 3.591550 	 0.000592 
0.958000 	 3.591960 	 0.000601 
0.957000 	 3.592360 	 0.000610 
0.956000 	 3.592780 	 0.000620 
0.955000 	 3.593190 	 0.000629 
0.954000 	 3.593600 	 0.000639 
0.953000 	 3.594010 	 0.000649 
0.952000 	 3.594430 	 0.000658 
0.951000 	 3.594850 	 0.000668 
0.950000 	 3.595270 	 0.000678 
0.949000 	 3.595690 	 0.000689 
0.948000 	 3.596110 	 0.000699 
0.947000 	 3.596530 	 0.000709 
0.946000 	 3.596960 	 0.000720 
0.945000 	 3.597380 	 0.000731 
0.944000 	 3.597810 	 0.000741 
0.943000 	 3.598240 	 0.000752 
0.942000 	 3.598670 	 0.000763 
0.941000 	 3.599110 	 0.000775 
0.940000 	 3.599540 	 0.000786 
0.939000 	 3.599980 	 0.000797 
0.938000 	 3.600410 	 0.000809 
0.937000 	 3.600850 	 0.000821 
0.936000 	 3.601290 	 0.000833 
0.935000 	 3.601730 	 0.000845 
0.934000 	 3.602180 	 0.000857 
0.933000 	 3.602620 	 0.000869 
0.932000 	 3.603070 	 0.000881 
0.931000 	 3.603520 	 0.000894 
0.930000 	 3.603970 	 0.000907 
0.929000 	 3.604420 	 0.000919 
0.928000 	 3.604870 	 0.000932 
0.927000 	 3.605330 	 0.000946 
0.926000 	 3.605790 	 0.000959 
0.925000 	 3.606240 	 0.000972 
0.924000 	 3.606700 	 0.000986 
0.923000 	 3.607170 	 0.001000 
0.922000 	 3.607630 	 0.001014 
0.921000 	 3.608100 	 0.001028 
0.920000 	 3.608560 	 0.001042 
0.919000 	 3.609030 	 0.001056 
0.918000 	 3.609500 	 0.001071 
0.917000 	 3.609970 	 0.001086 
0.916000 	 3.610450 	 0.001100 
0.915000 	 3.610920 	 0.001116 
0.914000 	 3.611400 	 0.001131 
0.913000 	 3.611880 	 0.001146 
0.912000 	 3.612360 	 0.001162 
0.911000 	 3.612840 	 0.001178 
0.910000 	 3.613330 	 0.001193 
0.909000 	 3.613810 	 0.001210 
0.908000 	 3.614300 	 0.001226 
0.907000 	 3.614790 	 0.001242 
0.906000 	 3.615280 	 0.001259 
0.905000 	 3.615780 	 0.001276 
0.904000 	 3.616270 	 0.001293 
0.903000 	 3.616770 	 0.001310 
0.902000 	 3.617270 	 0.001328 
0.901000 	 3.617770 	 0.001346 
0.900000 	 3.618270 	 0.001364 
0.899000 	 3.618780 	 0.001382 
0.898000 	 3.619280 	 0.001400 
0.897000 	 3.619790 	 0.001419 
0.896000 	 3.620300 	 0.001437 
0.895000 	 3.620820 	 0.001456 
0.894000 	 3.621330 	 0.001476 
0.893000 	 3.621850 	 0.001495 
0.892000 	 3.622370 	 0.001515 
0.891000 	 3.622890 	 0.001535 
0.890000 	 3.623410 	 0.001555 
0.889000 	 3.623930 	 0.001576 
0.888000 	 3.624460 	 0.001596 
0.887000 	 3.624990 	 0.001617 
0.886000 	 3.625520 	 0.001638 
0.885000 	 3.626050 	 0.001660 
0.884000 	 3.626590 	 0.001682 
0.883000 	 3.627120 	 0.001704 
0.882000 	 3.627660 	 0.001726 
0.881000 	 3.628200 	 0.001749 
0.880000 	 3.628740 	 0.001772 
0.879000 	 3.629290 	 0.001795 
0.878000 	 3.629840 	 0.001818 
0.877000 	 3.630390 	 0.001842 
0.876000 	 3.630940 	 0.001866 
0.875000 	 3.631490 	 0.001891 
0.874000 	 3.632050 	 0.001916 
0.873000 	 3.632600 	 0.001941 
0.872000 	 3.633160 	 0.001966 
0.871000 	 3.633720 	 0.001992 
0.870000 	 3.634290 	 0.002018 
0.869000 	 3.634850 	 0.002045 
0.868000 	 3.635420 	 0.002072 
0.867000 	 3.635990 	 0.002099 
0.866000 	 3.636560 	 0.002126 
0.865000 	 3.637140 	 0.002154 
0.864000 	 3.637710 	 0.002183 
0.863000 	 3.638290 	 0.002211 
0.862000 	 3.638870 	 0.002240 
0.861000 	 3.639460 	 0.002270 
0.860000 	 3.640040 	 0.002300 
0.859000 	 3.640630 	 0.002330 
0.858000 	 3.641220 	 0.002361 
0.857000 	 3.641810 	 0.002392 
0.856000 	 3.642410 	 0.002423 
0.855000 	 3.643000 	 0.002455 
0.854000 	 3.643600 	 0.002487 
0.853000 	 3.644200 	 0.002520 
0.852000 	 3.644800 	 0.002553 
0.851000 	 3.645410 	 0.002586 
0.850000 	 3.646010 	 0.002620 
0.849000 	 3.646620 	 0.002654 
0.848000 	 3.647230 	 0.002689 
0.847000 	 3.647840 	 0.002723 
0.846000 	 3.648460 	 0.002759 
0.845000 	 3.649080 	 0.002794 
0.844000 	 3.649700 	 0.002830 
0.843000 	 3.650320 	 0.002866 
0.842000 	 3.650940 	 0.002902 
0.841000 	 3.651570 	 0.002939 
0.840000 	 3.652190 	 0.002975 
0.839000 	 3.652820 	 0.003012 
0.838000 	 3.653450 	 0.003049 
0.837000 	 3.654090 	 0.003086 
0.836000 	 3.654720 	 0.003124 
0.835000 	 3.655360 	 0.003161 
0.834000 	 3.656000 	 0.003198 
0.833000 	 3.656640 	 0.003235 
0.832000 	 3.657290 	 0.003272 
0.831000 	 3.657930 	 0.003309 
0.830000 	 3.658580 	 0.003346 
0.829000 	 3.659230 	 0.003383 
0.828000 	 3.659890 	 0.003419 
0.827000 	 3.660540 	 0.003455 
0.826000 	 3.661200 	 0.003491 
0.825000 	 3.661860 	 0.003526 
0.824000 	 3.662520 	 0.003561 
0.823000 	 3.663190 	 0.003596 
0.822000 	 3.663850 	 0.003630 
0.821000 	 3.664520 	 0.003664 
0.820000 	 3.665200 	 0.003697 
0.819000 	 3.665870 	 0.003730 
0.818000 	 3.666550 	 0.003763 
0.817000 	 3.667230 	 0.003795 
0.816000 	 3.667920 	 0.003826 
0.815000 	 3.668600 	 0.003857 
0.814000 	 3.669300 	 0.003887 
0.813000 	 3.669990 	 0.003917 
0.812000 	 3.670690 	 0.003947 
0.811000 	 3.671390 	 0.003976 
0.810000 	 3.672090 	 0.004005 
0.809000 	 3.672800 	 0.004033 
0.808000 	 3.673510 	 0.004061 
0.807000 	 3.674220 	 0.004089 
0.806000 	 3.674940 	 0.004117 
0.805000 	 3.675660 	 0.004144 
0.804000 	 3.676390 	 0.004171 
0.803000 	 3.677110 	 0.004198 
0.802000 	 3.677850 	 0.004225 
0.801000 	 3.678580 	 0.004252 
0.800000 	 3.679320 	 0.004279 
0.799000 	 3.680060 	 0.004306 
0.798000 	 3.680810 	 0.004333 
0.797000 	 3.681560 	 0.004360 
0.796000 	 3.682320 	 0.004388 
0.795000 	 3.683080 	 0.004415 
0.794000 	 3.683840 	 0.004442 
0.793000 	 3.684610 	 0.004470 
0.792000 	 3.685380 	 0.004498 
0.791000 	 3.686150 	 0.004526 
0.790000 	 3.686930 	 0.004555 
0.789000 	 3.687710 	 0.004584 
0.788000 	 3.688500 	 0.004613 
0.787000 	 3.689280 	 0.004642 
0.786000 	 3.690080 	 0.004672 
0.785000 	 3.690880 	 0.004702 
0.784000 	 3.691680 	 0.004733 
0.783000 	 3.692480 	 0.004764 
0.782000 	 3.693290 	 0.004795 
0.781000 	 3.694100 	 0.004827 
0.780000 	 3.694920 	 0.004859 
0.779000 	 3.695740 	 0.004892 
0.778000 	 3.696570 	 0.004925 
0.777000 	 3.697400 	 0.004958 
0.776000 	 3.698230 	 0.004992 
0.775000 	 3.699070 	 0.005026 
0.774000 	 3.699910 	 0.005061 
0.773000 	 3.700750 	 0.005096 
0.772000 	 3.701600 	 0.005132 
0.771000 	 3.702460 	 0.005168 
0.770000 	 3.703310 	 0.005205 
0.769000 	 3.704180 	 0.005242 
0.768000 	 3.705040 	 0.005279 
0.767000 	 3.705910 	 0.005317 
0.766000 	 3.706780 	 0.005355 
0.765000 	 3.707660 	 0.005394 
0.764000 	 3.708540 	 0.005433 
0.763000 	 3.709430 	 0.005473 
0.762000 	 3.710320 	 0.005513 
0.761000 	 3.711220 	 0.005554 
0.760000 	 3.712120 	 0.005595 
0.759000 	 3.713020 	 0.005636 
0.758000 	 3.713930 	 0.005678 
0.757000 	 3.714840 	 0.005721 
0.756000 	 3.715760 	 0.005764 
0.755000 	 3.716680 	 0.005807 
0.754000 	 3.717600 	 0.005851 
0.753000 	 3.718530 	 0.005895 
0.752000 	 3.719470 	 0.005939 
0.751000 	 3.720410 	 0.005984 
0.750000 	 3.721350 	 0.006030 
0.749000 	 3.722300 	 0.006076 
0.748000 	 3.723250 	 0.006122 
0.747000 	 3.724210 	 0.006169 
0.746000 	 3.725170 	 0.006216 
0.745000 	 3.726130 	 0.006264 
0.744000 	 3.727100 	 0.006312 
0.743000 	 3.728080 	 0.006361 
0.742000 	 3.729060 	 0.006410 
0.741000 	 3.730050 	 0.006459 
0.740000 	 3.731040 	 0.006509 
0.739000 	 3.732030 	 0.006559 
0.738000 	 3.733030 	 0.006610 
0.737000 	 3.734040 	 0.006661 
0.736000 	 3.735050 	 0.006713 
0.735000 	 3.736060 	 0.006765 
0.734000 	 3.737080 	 0.006817 
0.733000 	 3.738100 	 0.006870 
0.732000 	 3.739130 	 0.006924 
0.731000 	 3.740170 	 0.006978 
0.730000 	 3.741210 	 0.007032 
0.729000 	 3.742260 	 0.007086 
0.728000 	 3.743310 	 0.007142 
0.727000 	 3.744360 	 0.007197 
0.726000 	 3.745420 	 0.007253 
0.725000 	 3.746490 	 0.007309 
0.724000 	 3.747560 	 0.007366 
0.723000 	 3.748640 	 0.007424 
0.722000 	 3.749720 	 0.007481 
0.721000 	 3.750810 	 0.007540 
0.720000 	 3.751900 	 0.007598 
0.719000 	 3.753000 	 0.007657 
0.718000 	 3.754110 	 0.007717 
0.717000 	 3.755220 	 0.007777 
0.716000 	 3.756330 	 0.007837 
0.715000 	 3.757460 	 0.007898 
0.714000 	 3.758580 	 0.007959 
0.713000 	 3.759720 	 0.008021 
0.712000 	 3.760860 	 0.008083 
0.711000 	 3.762000 	 0.008146 
0.710000 	 3.763150 	 0.008209 
0.709000 	 3.764310 	 0.008273 
0.708000 	 3.765480 	 0.008337 
0.707000 	 3.766640 	 0.008401 
0.706000 	 3.767820 	 0.008466 
0.705000 	 3.769000 	 0.008532 
0.704000 	 3.770190 	 0.008597 
0.703000 	 3.771390 	 0.008664 
0.702000 	 3.772590 	 0.008731 
0.701000 	 3.773790 	 0.008798 
0.700000 	 3.775010 	 0.008866 
0.699000 	 3.776230 	 0.008934 
0.698000 	 3.777450 	 0.009002 
0.697000 	 3.778690 	 0.009072 
0.696000 	 3.779930 	 0.009141 
0.695000 	 3.781170 	 0.009211 
0.694000 	 3.782430 	 0.009282 
0.693000 	 3.783690 	 0.009353 
0.692000 	 3.784950 	 0.009424 
0.691000 	 3.786230 	 0.009496 
0.690000 	 3.787510 	 0.009569 
0.689000 	 3.788790 	 0.009642 
0.688000 	 3.790090 	 0.009715 
0.687000 	 3.791390 	 0.009789 
0.686000 	 3.792700 	 0.009864 
0.685000 	 3.794020 	 0.009939 
0.684000 	 3.795340 	 0.010014 
0.683000 	 3.796670 	 0.010090 
0.682000 	 3.798010 	 0.010167 
0.681000 	 3.799350 	 0.010243 
0.680000 	 3.800710 	 0.010321 
0.679000 	 3.802070 	 0.010399 
0.678000 	 3.803440 	 0.010477 
0.677000 	 3.804810 	 0.010556 
0.676000 	 3.806200 	 0.010636 
0.675000 	 3.807590 	 0.010715 
0.674000 	 3.808990 	 0.010796 
0.673000 	 3.810400 	 0.010877 
0.672000 	 3.811810 	 0.010958 
0.671000 	 3.813240 	 0.011040 
0.670000 	 3.814670 	 0.011123 
0.669000 	 3.816110 	 0.011206 
0.668000 	 3.817560 	 0.011290 
0.667000 	 3.819010 	 0.011374 
0.666000 	 3.820480 	 0.011458 
0.665000 	 3.821950 	 0.011544 
0.664000 	 3.823440 	 0.011629 
0.663000 	 3.824930 	 0.011715 
0.662000 	 3.826430 	 0.011802 
0.661000 	 3.827940 	 0.011889 
0.660000 	 3.829450 	 0.011977 
0.659000 	 3.830980 	 0.012066 
0.658000 	 3.832520 	 0.012155 
0.657000 	 3.834060 	 0.012244 
0.656000 	 3.835620 	 0.012334 
0.655000 	 3.837180 	 0.012424 
0.654000 	 3.838750 	 0.012516 
0.653000 	 3.840330 	 0.012607 
0.652000 	 3.841930 	 0.012699 
0.651000 	 3.843530 	 0.012792 
0.650000 	 3.845140 	 0.012885 
0.649000 	 3.846760 	 0.012979 
0.648000 	 3.848390 	 0.013074 
0.647000 	 3.850030 	 0.013169 
0.646000 	 3.851680 	 0.013264 
0.645000 	 3.853340 	 0.013360 
0.644000 	 3.855010 	 0.013457 
0.643000 	 3.856700 	 0.013554 
0.642000 	 3.858390 	 0.013652 
0.641000 	 3.860090 	 0.013750 
0.640000 	 3.861800 	 0.013849 
0.639000 	 3.863530 	 0.013949 
0.638000 	 3.865260 	 0.014049 
0.637000 	 3.867010 	 0.014149 
0.636000 	 3.868770 	 0.014250 
0.635000 	 3.870530 	 0.014352 
0.634000 	 3.872310 	 0.014455 
0.633000 	 3.874100 	 0.014558 
0.632000 	 3.875910 	 0.014661 
0.631000 	 3.877720 	 0.014765 
0.630000 	 3.879550 	 0.014870 
0.629000 	 3.881380 	 0.014975 
0.628000 	 3.883230 	 0.015081 
0.627000 	 3.885100 	 0.015188 
0.626000 	 3.886970 	 0.015295 
0.625000 	 3.888850 	 0.015403 
0.624000 	 3.890750 	 0.015511 
0.623000 	 3.892660 	 0.015620 
0.622000 	 3.894590 	 0.015729 
0.621000 	 3.896520 	 0.015839 
0.620000 	 3.898470 	 0.015950 
0.619000 	 3.900440 	 0.016061 
0.618000 	 3.902410 	 0.016173 
0.617000 	 3.904400 	 0.016286 
0.616000 	 3.906400 	 0.016399 
0.615000 	 3.908420 	 0.016512 
0.614000 	 3.910450 	 0.016627 
0.613000 	 3.912490 	 0.016741 
0.612000 	 3.914550 	 0.016857 
0.611000 	 3.916620 	 0.016973 
0.610000 	 3.918710 	 0.017090 
0.609000 	 3.920810 	 0.017207 
0.608000 	 3.922920 	 0.017325 
0.607000 	 3.925050 	 0.017444 
0.606000 	 3.927200 	 0.017563 
0.605000 	 3.929360 	 0.017683 
0.604000 	 3.931530 	 0.017804 
0.603000 	 3.933720 	 0.017925 
0.602000 	 3.935930 	 0.018046 
0.601000 	 3.938150 	 0.018169 
0.600000 	 3.940390 	 0.018292 
0.599000 	 3.942640 	 0.018415 
0.598000 	 3.944910 	 0.018540 
0.597000 	 3.947200 	 0.018665 
0.596000 	 3.949500 	 0.018790 
0.595000 	 3.951820 	 0.018916 
0.594000 	 3.954160 	 0.019043 
0.593000 	 3.956520 	 0.019171 
0.592000 	 3.958890 	 0.019299 
0.591000 	 3.961280 	 0.019427 
0.590000 	 3.963680 	 0.019557 
0.589000 	 3.966110 	 0.019687 
0.588000 	 3.968550 	 0.019818 
0.587000 	 3.971020 	 0.019949 
0.586000 	 3.973500 	 0.020081 
0.585000 	 3.976000 	 0.020214 
0.584000 	 3.978510 	 0.020347 
0.583000 	 3.981050 	 0.020481 
0.582000 	 3.983610 	 0.020616 
0.581000 	 3.986190 	 0.020751 
0.580000 	 3.988790 	 0.020887 
0.579000 	 3.991400 	 0.021024 
0.578000 	 3.994040 	 0.021161 
0.577000 	 3.996700 	 0.021300 
0.576000 	 3.999380 	 0.021438 
0.575000 	 4.002080 	 0.021578 
0.574000 	 4.004810 	 0.021718 
0.573000 	 4.007550 	 0.021859 
0.572000 	 4.010320 	 0.022001 
0.571000 	 4.013110 	 0.022143 
0.570000 	 4.015920 	 0.022286 
0.569000 	 4.018750 	 0.022430 
0.568000 	 4.021610 	 0.022575 
0.567000 	 4.024500 	 0.022720 
0.566000 	 4.027400 	 0.022866 
0.565000 	 4.030330 	 0.023013 
0.564000 	 4.033290 	 0.023161 
0.563000 	 4.036260 	 0.023309 
0.562000 	 4.039270 	 0.023459 
0.561000 	 4.042300 	 0.023609 
0.560000 	 4.045350 	 0.023760 
0.559000 	 4.048440 	 0.023911 
0.558000 	 4.051550 	 0.024064 
0.557000 	 4.054680 	 0.024217 
0.556000 	 4.057840 	 0.024372 
0.555000 	 4.061030 	 0.024527 
0.554000 	 4.064250 	 0.024683 
0.553000 	 4.067500 	 0.024840 
0.552000 	 4.070770 	 0.024998 
0.551000 	 4.074080 	 0.025157 
0.550000 	 4.077410 	 0.025317 
0.549000 	 4.080780 	 0.025478 
0.548000 	 4.084170 	 0.025640 
0.547000 	 4.087600 	 0.025803 
0.546000 	 4.091050 	 0.025968 
0.545000 	 4.094540 	 0.026133 
0.544000 	 4.098060 	 0.026299 
0.543000 	 4.101610 	 0.026467 
0.542000 	 4.105200 	 0.026636 
0.541000 	 4.108820 	 0.026806 
0.540000 	 4.112480 	 0.026977 
0.539000 	 4.116160 	 0.027150 
0.538000 	 4.119890 	 0.027324 
0.537000 	 4.123650 	 0.027499 
0.536000 	 4.127440 	 0.027676 
0.535000 	 4.131280 	 0.027854 
0.534000 	 4.135150 	 0.028034 
0.533000 	 4.139050 	 0.028216 
0.532000 	 4.143000 	 0.028399 
0.531000 	 4.146980 	 0.028583 
0.530000 	 4.151010 	 0.028770 
0.529000 	 4.155070 	 0.028958 
0.528000 	 4.159180 	 0.029149 
0.527000 	 4.163330 	 0.029341 
0.526000 	 4.167520 	 0.029535 
0.525000 	 4.171750 	 0.029731 
0.524000 	 4.176020 	 0.029930 
0.523000 	 4.180340 	 0.030130 
0.522000 	 4.184700 	 0.030333 
0.521000 	 4.189110 	 0.030538 
0.520000 	 4.193570 	 0.030746 
0.519000 	 4.198070 	 0.030956 
0.518000 	 4.202620 	 0.031169 
0.517000 	 4.207210 	 0.031384 
0.516000 	 4.211860 	 0.031602 
0.515000 	 4.216550 	 0.031823 
0.514000 	 4.221290 	 0.032046 
0.513000 	 4.226080 	 0.032272 
0.512000 	 4.230930 	 0.032501 
0.511000 	 4.235820 	 0.032732 
0.510000 	 4.240760 	 0.032965 
0.509000 	 4.245760 	 0.033200 
0.508000 	 4.250810 	 0.033437 
0.507000 	 4.255900 	 0.033673 
0.506000 	 4.261050 	 0.033909 
0.505000 	 4.266240 	 0.034142 
0.504000 	 4.271480 	 0.034370 
0.503000 	 4.276760 	 0.034586 
0.502000 	 4.282080 	 0.034784 
0.501000 	 4.287430 	 0.034949 
0.500000 	 4.292810 	 0.035059 
0.499000 	 4.298200 	 0.035070 
0.498000 	 4.303630 	 0.034899 
0.497000 	 4.309160 	 0.034401 
0.496000 	 4.315130 	 0.033394 
0.495000 	 4.322300 	 0.032141 
0.494000 	 4.330770 	 0.032187 
0.493000 	 4.338540 	 0.033957 
0.492000 	 4.345040 	 0.035803 
0.491000 	 4.351090 	 0.037135 
0.490000 	 4.357130 	 0.038090 
0.489000 	 4.363270 	 0.038836 
0.488000 	 4.369540 	 0.039470 
0.487000 	 4.375940 	 0.040043 
0.486000 	 4.382460 	 0.040585 
0.485000 	 4.389100 	 0.041112 
0.484000 	 4.395850 	 0.041635 
0.483000 	 4.402710 	 0.042161 
0.482000 	 4.409680 	 0.042693 
0.481000 	 4.416750 	 0.043235 
0.480000 	 4.423930 	 0.043789 
0.479000 	 4.431220 	 0.044358 
0.478000 	 4.438610 	 0.044943 
0.477000 	 4.446110 	 0.045546 
0.476000 	 4.453720 	 0.046168 
0.475000 	 4.461440 	 0.046810 
0.474000 	 4.469270 	 0.047474 
0.473000 	 4.477220 	 0.048161 
0.472000 	 4.485280 	 0.048873 
0.471000 	 4.493460 	 0.049610 
0.470000 	 4.501760 	 0.050373 
0.469000 	 4.510180 	 0.051165 
0.468000 	 4.518720 	 0.051987 
0.467000 	 4.527390 	 0.052839 
0.466000 	 4.536190 	 0.053723 
0.465000 	 4.545110 	 0.054642 
0.464000 	 4.554170 	 0.055595 
0.463000 	 4.563370 	 0.056585 
0.462000 	 4.572700 	 0.057613 
0.461000 	 4.582170 	 0.058682 
0.460000 	 4.591780 	 0.059792 
0.459000 	 4.601540 	 0.060945 
0.458000 	 4.611450 	 0.062144 
0.457000 	 4.621500 	 0.063389 
0.456000 	 4.631710 	 0.064683 
0.455000 	 4.642070 	 0.066028 
0.454000 	 4.652600 	 0.067425 
0.453000 	 4.663280 	 0.068876 
0.452000 	 4.674130 	 0.070385 
0.451000 	 4.685150 	 0.071951 
0.450000 	 4.696330 	 0.073579 
0.449000 	 4.707690 	 0.075269 
0.448000 	 4.719230 	 0.077024 
0.447000 	 4.730950 	 0.078846 
0.446000 	 4.742850 	 0.080737 
0.445000 	 4.754940 	 0.082700 
0.444000 	 4.767220 	 0.084736 
0.443000 	 4.779690 	 0.086847 
0.442000 	 4.792370 	 0.089037 
0.441000 	 4.805240 	 0.091306 
0.440000 	 4.818320 	 0.093658 
0.439000 	 4.831610 	 0.096094 
0.438000 	 4.845120 	 0.098616 
0.437000 	 4.858850 	 0.101226 
0.436000 	 4.872800 	 0.103927 
0.435000 	 4.886980 	 0.106720 
0.434000 	 4.901400 	 0.109607 
0.433000 	 4.916060 	 0.112590 
0.432000 	 4.930970 	 0.115670 
0.431000 	 4.946130 	 0.118850 
0.430000 	 4.961560 	 0.122131 
0.429000 	 4.977250 	 0.125514 
0.428000 	 4.993230 	 0.129002 
0.427000 	 5.009490 	 0.132594 
0.426000 	 5.026040 	 0.136294 
0.425000 	 5.042910 	 0.140102 
0.424000 	 5.060100 	 0.144020 
0.423000 	 5.077620 	 0.148048 
0.422000 	 5.095480 	 0.152190 
0.421000 	 5.113710 	 0.156446 
0.420000 	 5.132310 	 0.160818 
0.419000 	 5.151310 	 0.165310 
0.418000 	 5.170730 	 0.169922 
0.417000 	 5.190590 	 0.174659 
0.416000 	 5.210910 	 0.179525 
0.415000 	 5.231710 	 0.184524 
0.414000 	 5.253040 	 0.189662 
0.413000 	 5.274910 	 0.194947 
0.412000 	 5.297370 	 0.200386 
0.411000 	 5.320450 	 0.205992 
0.410000 	 5.344190 	 0.211777 
0.409000 	 5.368640 	 0.217758 
0.408000 	 5.393840 	 0.223953 
0.407000 	 5.419850 	 0.230388 
0.406000 	 5.446730 	 0.237089 
0.405000 	 5.474540 	 0.244092 
0.404000 	 5.503340 	 0.251437 
0.403000 	 5.533210 	 0.259174 
0.402000 	 5.564230 	 0.267361 
0.401000 	 5.596460 	 0.276066 
0.400000 	 5.630010 	 0.285371 
0.399000 	 5.664950 	 0.295372 
0.398000 	 5.701380 	 0.306180 
0.397000 	 5.739390 	 0.317926 
0.396000 	 5.779070 	 0.330762 
0.395000 	 5.820500 	 0.344862 
0.394000 	 5.863790 	 0.360427 
0.393000 	 5.908980 	 0.377687 
0.392000 	 5.956160 	 0.396901 
0.391000 	 6.005350 	 0.418361 
0.390000 	 6.056570 	 0.442391 
0.389000 	 6.109810 	 0.469350 
0.388000 	 6.165000 	 0.499625 
0.387000 	 6.222040 	 0.533636 
0.386000 	 6.280770 	 0.571827 
0.385000 	 6.340950 	 0.614658 
0.384000 	 6.402300 	 0.662604 
0.383000 	 6.464420 	 0.716143 
0.382000 	 6.526890 	 0.775752 
0.381000 	 6.589140 	 0.841898 
0.380000 	 6.650550 	 0.915039 
0.379000 	 6.710390 	 0.995620 
0.378000 	 6.767800 	 1.084070 
0.377000 	 6.821760 	 1.180800 
0.376000 	 6.871050 	 1.286170 
0.375000 	 6.914160 	 1.400440 
0.374000 	 6.949290 	 1.523630 
0.373000 	 6.974240 	 1.655410 
0.372000 	 6.986570 	 1.794830 
0.371000 	 6.983710 	 1.940090 
0.370000 	 6.963330 	 2.088350 
0.369000 	 6.923860 	 2.235790 
0.368000 	 6.864950 	 2.377780 
0.367000 	 6.787900 	 2.509550 
0.366000 	 6.695620 	 2.626870 
0.365000 	 6.592310 	 2.726730 
0.364000 	 6.482770 	 2.807760 
0.363000 	 6.371690 	 2.870220 
0.362000 	 6.263070 	 2.915650 
0.361000 	 6.159900 	 2.946430 
0.360000 	 6.064140 	 2.965280 
0.359000 	 5.976820 	 2.974900 
0.358000 	 5.898270 	 2.977750 
0.357000 	 5.828340 	 2.975930 
0.356000 	 5.766560 	 2.971190 
0.355000 	 5.712260 	 2.964930 
0.354000 	 5.664700 	 2.958310 
0.353000 	 5.623010 	 2.952200 
0.352000 	 5.586300 	 2.947270 
0.351000 	 5.553630 	 2.943910 
0.350000 	 5.524130 	 2.942260 
0.349000 	 5.497060 	 2.942190 
0.348000 	 5.471930 	 2.943470 
0.347000 	 5.448440 	 2.945840 
0.346000 	 5.426440 	 2.949120 
0.345000 	 5.405880 	 2.953200 
0.344000 	 5.386680 	 2.958070 
0.343000 	 5.368770 	 2.963730 
0.342000 	 5.352060 	 2.970230 
0.341000 	 5.336450 	 2.977580 
0.340000 	 5.321820 	 2.985810 
0.339000 	 5.308070 	 2.994910 
0.338000 	 5.295100 	 3.004880 
0.337000 	 5.282810 	 3.015710 
0.336000 	 5.271130 	 3.027380 
0.335000 	 5.259980 	 3.039870 
0.334000 	 5.249310 	 3.053150 
0.333000 	 5.239060 	 3.067190 
0.332000 	 5.229190 	 3.081980 
0.331000 	 5.219670 	 3.097480 
0.330000 	 5.210470 	 3.113680 
0.329000 	 5.201570 	 3.130550 
0.328000 	 5.192960 	 3.148080 
0.327000 	 5.184650 	 3.166250 
0.326000 	 5.176620 	 3.185050 
0.325000 	 5.168890 	 3.204450 
0.324000 	 5.161490 	 3.224440 
0.323000 	 5.154460 	 3.244990 
0.322000 	 5.147870 	 3.266090 
0.321000 	 5.141880 	 3.287710 
0.320000 	 5.136740 	 3.309910 
0.319000 	 5.132780 	 3.332980 
0.318000 	 5.130150 	 3.357600 
0.317000 	 5.128310 	 3.384440 
0.316000 	 5.126390 	 3.413450 
0.315000 	 5.124150 	 3.444000 
0.314000 	 5.121920 	 3.475770 
0.313000 	 5.120060 	 3.508850 
0.312000 	 5.118770 	 3.543540 
0.311000 	 5.118120 	 3.580170 
0.310000 	 5.118100 	 3.619110 
0.309000 	 5.118630 	 3.660740 
0.308000 	 5.119580 	 3.705450 
0.307000 	 5.120730 	 3.753690 
0.306000 	 5.121810 	 3.805900 
0.305000 	 5.122420 	 3.862590 
0.304000 	 5.122050 	 3.924260 
0.303000 	 5.120020 	 3.991410 
0.302000 	 5.115480 	 4.064480 
0.301000 	 5.107390 	 4.143860 
0.300000 	 5.094470 	 4.229770 
