1.100000 	 3.545860 	 0.000146 
1.099000 	 3.546120 	 0.000146 
1.098000 	 3.546380 	 0.000146 
1.097000 	 3.546640 	 0.000146 
1.096000 	 3.546900 	 0.000146 
1.095000 	 3.547160 	 0.000146 
1.094000 	 3.547420 	 0.000146 
1.093000 	 3.547680 	 0.000146 
1.092000 	 3.547950 	 0.000146 
1.091000 	 3.548210 	 0.000146 
1.090000 	 3.548480 	 0.000146 
1.089000 	 3.548740 	 0.000146 
1.088000 	 3.549010 	 0.000147 
1.087000 	 3.549280 	 0.000147 
1.086000 	 3.549550 	 0.000147 
1.085000 	 3.549810 	 0.000148 
1.084000 	 3.550080 	 0.000148 
1.083000 	 3.550360 	 0.000149 
1.082000 	 3.550630 	 0.000149 
1.081000 	 3.550900 	 0.000150 
1.080000 	 3.551170 	 0.000151 
1.079000 	 3.551450 	 0.000151 
1.078000 	 3.551720 	 0.000152 
1.077000 	 3.552000 	 0.000153 
1.076000 	 3.552270 	 0.000154 
1.075000 	 3.552550 	 0.000155 
1.074000 	 3.552830 	 0.000156 
1.073000 	 3.553110 	 0.000157 
1.072000 	 3.553390 	 0.000158 
1.071000 	 3.553670 	 0.000159 
1.070000 	 3.553950 	 0.000160 
1.069000 	 3.554230 	 0.000161 
1.068000 	 3.554520 	 0.000163 
1.067000 	 3.554800 	 0.000164 
1.066000 	 3.555090 	 0.000165 
1.065000 	 3.555370 	 0.000167 
1.064000 	 3.555660 	 0.000168 
1.063000 	 3.555950 	 0.000170 
1.062000 	 3.556240 	 0.000172 
1.061000 	 3.556530 	 0.000173 
1.060000 	 3.556820 	 0.000175 
1.059000 	 3.557110 	 0.000177 
1.058000 	 3.557400 	 0.000179 
1.057000 	 3.557690 	 0.000180 
1.056000 	 3.557990 	 0.000182 
1.055000 	 3.558280 	 0.000184 
1.054000 	 3.558580 	 0.000186 
1.053000 	 3.558870 	 0.000189 
1.052000 	 3.559170 	 0.000191 
1.051000 	 3.559470 	 0.000193 
1.050000 	 3.559770 	 0.000195 
1.049000 	 3.560070 	 0.000198 
1.048000 	 3.560370 	 0.000200 
1.047000 	 3.560670 	 0.000202 
1.046000 	 3.560980 	 0.000205 
1.045000 	 3.561280 	 0.000208 
1.044000 	 3.561590 	 0.000210 
1.043000 	 3.561890 	 0.000213 
1.042000 	 3.562200 	 0.000216 
1.041000 	 3.562510 	 0.000219 
1.040000 	 3.562820 	 0.000221 
1.039000 	 3.563130 	 0.000224 
1.038000 	 3.563440 	 0.000227 
1.037000 	 3.563750 	 0.000231 
1.036000 	 3.564060 	 0.000234 
1.035000 	 3.564380 	 0.000237 
1.034000 	 3.564690 	 0.000240 
1.033000 	 3.565010 	 0.000243 
1.032000 	 3.565330 	 0.000247 
1.031000 	 3.565640 	 0.000250 
1.030000 	 3.565960 	 0.000254 
1.029000 	 3.566280 	 0.000257 
1.028000 	 3.566610 	 0.000261 
1.027000 	 3.566930 	 0.000265 
1.026000 	 3.567250 	 0.000269 
1.025000 	 3.567570 	 0.000273 
1.024000 	 3.567900 	 0.000276 
1.023000 	 3.568230 	 0.000280 
1.022000 	 3.568550 	 0.000285 
1.021000 	 3.568880 	 0.000289 
1.020000 	 3.569210 	 0.000293 
1.019000 	 3.569540 	 0.000297 
1.018000 	 3.569870 	 0.000302 
1.017000 	 3.570210 	 0.000306 
1.016000 	 3.570540 	 0.000310 
1.015000 	 3.570880 	 0.000315 
1.014000 	 3.571210 	 0.000320 
1.013000 	 3.571550 	 0.000324 
1.012000 	 3.571890 	 0.000329 
1.011000 	 3.572230 	 0.000334 
1.010000 	 3.572570 	 0.000339 
1.009000 	 3.572910 	 0.000344 
1.008000 	 3.573250 	 0.000349 
1.007000 	 3.573590 	 0.000354 
1.006000 	 3.573940 	 0.000359 
1.005000 	 3.574280 	 0.000365 
1.004000 	 3.574630 	 0.000370 
1.003000 	 3.574980 	 0.000375 
1.002000 	 3.575330 	 0.000381 
1.001000 	 3.575680 	 0.000387 
1.000000 	 3.576030 	 0.000392 
0.999000 	 3.576380 	 0.000398 
0.998000 	 3.576740 	 0.000404 
0.997000 	 3.577090 	 0.000410 
0.996000 	 3.577450 	 0.000416 
0.995000 	 3.577810 	 0.000422 
0.994000 	 3.578170 	 0.000428 
0.993000 	 3.578530 	 0.000434 
0.992000 	 3.578890 	 0.000440 
0.991000 	 3.579250 	 0.000447 
0.990000 	 3.579610 	 0.000453 
0.989000 	 3.579980 	 0.000460 
0.988000 	 3.580350 	 0.000467 
0.987000 	 3.580710 	 0.000473 
0.986000 	 3.581080 	 0.000480 
0.985000 	 3.581450 	 0.000487 
0.984000 	 3.581820 	 0.000494 
0.983000 	 3.582190 	 0.000501 
0.982000 	 3.582570 	 0.000508 
0.981000 	 3.582940 	 0.000515 
0.980000 	 3.583320 	 0.000523 
0.979000 	 3.583700 	 0.000530 
0.978000 	 3.584070 	 0.000538 
0.977000 	 3.584450 	 0.000545 
0.976000 	 3.584830 	 0.000553 
0.975000 	 3.585220 	 0.000561 
0.974000 	 3.585600 	 0.000569 
0.973000 	 3.585990 	 0.000577 
0.972000 	 3.586370 	 0.000585 
0.971000 	 3.586760 	 0.000593 
0.970000 	 3.587150 	 0.000601 
0.969000 	 3.587540 	 0.000609 
0.968000 	 3.587930 	 0.000618 
0.967000 	 3.588320 	 0.000626 
0.966000 	 3.588720 	 0.000635 
0.965000 	 3.589110 	 0.000643 
0.964000 	 3.589510 	 0.000652 
0.963000 	 3.589910 	 0.000661 
0.962000 	 3.590310 	 0.000670 
0.961000 	 3.590710 	 0.000679 
0.960000 	 3.591110 	 0.000688 
0.959000 	 3.591520 	 0.000698 
0.958000 	 3.591920 	 0.000707 
0.957000 	 3.592330 	 0.000716 
0.956000 	 3.592740 	 0.000726 
0.955000 	 3.593150 	 0.000736 
0.954000 	 3.593560 	 0.000745 
0.953000 	 3.593970 	 0.000755 
0.952000 	 3.594390 	 0.000765 
0.951000 	 3.594800 	 0.000775 
0.950000 	 3.595220 	 0.000786 
0.949000 	 3.595640 	 0.000796 
0.948000 	 3.596060 	 0.000806 
0.947000 	 3.596480 	 0.000817 
0.946000 	 3.596900 	 0.000827 
0.945000 	 3.597330 	 0.000838 
0.944000 	 3.597750 	 0.000849 
0.943000 	 3.598180 	 0.000860 
0.942000 	 3.598610 	 0.000871 
0.941000 	 3.599040 	 0.000882 
0.940000 	 3.599470 	 0.000893 
0.939000 	 3.599900 	 0.000905 
0.938000 	 3.600340 	 0.000916 
0.937000 	 3.600770 	 0.000928 
0.936000 	 3.601210 	 0.000939 
0.935000 	 3.601650 	 0.000951 
0.934000 	 3.602090 	 0.000963 
0.933000 	 3.602540 	 0.000975 
0.932000 	 3.602980 	 0.000987 
0.931000 	 3.603430 	 0.000999 
0.930000 	 3.603870 	 0.001012 
0.929000 	 3.604320 	 0.001024 
0.928000 	 3.604770 	 0.001037 
0.927000 	 3.605230 	 0.001050 
0.926000 	 3.605680 	 0.001063 
0.925000 	 3.606140 	 0.001075 
0.924000 	 3.606590 	 0.001089 
0.923000 	 3.607050 	 0.001102 
0.922000 	 3.607510 	 0.001115 
0.921000 	 3.607980 	 0.001129 
0.920000 	 3.608440 	 0.001142 
0.919000 	 3.608910 	 0.001156 
0.918000 	 3.609370 	 0.001170 
0.917000 	 3.609840 	 0.001184 
0.916000 	 3.610310 	 0.001198 
0.915000 	 3.610790 	 0.001212 
0.914000 	 3.611260 	 0.001226 
0.913000 	 3.611740 	 0.001241 
0.912000 	 3.612220 	 0.001255 
0.911000 	 3.612700 	 0.001270 
0.910000 	 3.613180 	 0.001285 
0.909000 	 3.613660 	 0.001300 
0.908000 	 3.614150 	 0.001315 
0.907000 	 3.614630 	 0.001330 
0.906000 	 3.615120 	 0.001346 
0.905000 	 3.615610 	 0.001361 
0.904000 	 3.616100 	 0.001377 
0.903000 	 3.616600 	 0.001392 
0.902000 	 3.617090 	 0.001408 
0.901000 	 3.617590 	 0.001424 
0.900000 	 3.618090 	 0.001441 
0.899000 	 3.618590 	 0.001457 
0.898000 	 3.619100 	 0.001473 
0.897000 	 3.619600 	 0.001490 
0.896000 	 3.620110 	 0.001507 
0.895000 	 3.620620 	 0.001524 
0.894000 	 3.621130 	 0.001541 
0.893000 	 3.621640 	 0.001558 
0.892000 	 3.622160 	 0.001575 
0.891000 	 3.622680 	 0.001593 
0.890000 	 3.623190 	 0.001610 
0.889000 	 3.623720 	 0.001628 
0.888000 	 3.624240 	 0.001646 
0.887000 	 3.624760 	 0.001664 
0.886000 	 3.625290 	 0.001682 
0.885000 	 3.625820 	 0.001701 
0.884000 	 3.626350 	 0.001719 
0.883000 	 3.626880 	 0.001738 
0.882000 	 3.627420 	 0.001757 
0.881000 	 3.627960 	 0.001776 
0.880000 	 3.628490 	 0.001795 
0.879000 	 3.629040 	 0.001814 
0.878000 	 3.629580 	 0.001834 
0.877000 	 3.630120 	 0.001853 
0.876000 	 3.630670 	 0.001873 
0.875000 	 3.631220 	 0.001893 
0.874000 	 3.631770 	 0.001913 
0.873000 	 3.632330 	 0.001933 
0.872000 	 3.632880 	 0.001954 
0.871000 	 3.633440 	 0.001974 
0.870000 	 3.634000 	 0.001995 
0.869000 	 3.634570 	 0.002016 
0.868000 	 3.635130 	 0.002037 
0.867000 	 3.635700 	 0.002058 
0.866000 	 3.636270 	 0.002080 
0.865000 	 3.636840 	 0.002101 
0.864000 	 3.637410 	 0.002123 
0.863000 	 3.637990 	 0.002145 
0.862000 	 3.638570 	 0.002167 
0.861000 	 3.639150 	 0.002189 
0.860000 	 3.639730 	 0.002212 
0.859000 	 3.640320 	 0.002234 
0.858000 	 3.640900 	 0.002257 
0.857000 	 3.641490 	 0.002280 
0.856000 	 3.642090 	 0.002303 
0.855000 	 3.642680 	 0.002326 
0.854000 	 3.643280 	 0.002350 
0.853000 	 3.643880 	 0.002374 
0.852000 	 3.644480 	 0.002398 
0.851000 	 3.645090 	 0.002422 
0.850000 	 3.645690 	 0.002446 
0.849000 	 3.646300 	 0.002470 
0.848000 	 3.646910 	 0.002495 
0.847000 	 3.647530 	 0.002520 
0.846000 	 3.648140 	 0.002545 
0.845000 	 3.648760 	 0.002570 
0.844000 	 3.649390 	 0.002595 
0.843000 	 3.650010 	 0.002621 
0.842000 	 3.650640 	 0.002647 
0.841000 	 3.651270 	 0.002673 
0.840000 	 3.651900 	 0.002699 
0.839000 	 3.652530 	 0.002725 
0.838000 	 3.653170 	 0.002752 
0.837000 	 3.653810 	 0.002778 
0.836000 	 3.654450 	 0.002805 
0.835000 	 3.655100 	 0.002833 
0.834000 	 3.655750 	 0.002860 
0.833000 	 3.656400 	 0.002887 
0.832000 	 3.657050 	 0.002915 
0.831000 	 3.657700 	 0.002943 
0.830000 	 3.658360 	 0.002971 
0.829000 	 3.659020 	 0.003000 
0.828000 	 3.659690 	 0.003028 
0.827000 	 3.660360 	 0.003057 
0.826000 	 3.661030 	 0.003086 
0.825000 	 3.661700 	 0.003116 
0.824000 	 3.662370 	 0.003145 
0.823000 	 3.663050 	 0.003175 
0.822000 	 3.663730 	 0.003205 
0.821000 	 3.664420 	 0.003235 
0.820000 	 3.665100 	 0.003265 
0.819000 	 3.665790 	 0.003296 
0.818000 	 3.666490 	 0.003326 
0.817000 	 3.667180 	 0.003357 
0.816000 	 3.667880 	 0.003389 
0.815000 	 3.668580 	 0.003420 
0.814000 	 3.669290 	 0.003452 
0.813000 	 3.669990 	 0.003484 
0.812000 	 3.670700 	 0.003516 
0.811000 	 3.671420 	 0.003548 
0.810000 	 3.672130 	 0.003581 
0.809000 	 3.672850 	 0.003614 
0.808000 	 3.673580 	 0.003647 
0.807000 	 3.674300 	 0.003680 
0.806000 	 3.675030 	 0.003714 
0.805000 	 3.675770 	 0.003748 
0.804000 	 3.676500 	 0.003782 
0.803000 	 3.677240 	 0.003816 
0.802000 	 3.677980 	 0.003851 
0.801000 	 3.678730 	 0.003886 
0.800000 	 3.679480 	 0.003921 
0.799000 	 3.680230 	 0.003956 
0.798000 	 3.680980 	 0.003991 
0.797000 	 3.681740 	 0.004027 
0.796000 	 3.682500 	 0.004063 
0.795000 	 3.683270 	 0.004100 
0.794000 	 3.684040 	 0.004136 
0.793000 	 3.684810 	 0.004173 
0.792000 	 3.685580 	 0.004210 
0.791000 	 3.686360 	 0.004247 
0.790000 	 3.687140 	 0.004285 
0.789000 	 3.687930 	 0.004323 
0.788000 	 3.688720 	 0.004361 
0.787000 	 3.689510 	 0.004400 
0.786000 	 3.690310 	 0.004438 
0.785000 	 3.691110 	 0.004477 
0.784000 	 3.691910 	 0.004516 
0.783000 	 3.692720 	 0.004556 
0.782000 	 3.693530 	 0.004596 
0.781000 	 3.694340 	 0.004636 
0.780000 	 3.695160 	 0.004676 
0.779000 	 3.695980 	 0.004717 
0.778000 	 3.696810 	 0.004758 
0.777000 	 3.697640 	 0.004799 
0.776000 	 3.698470 	 0.004840 
0.775000 	 3.699310 	 0.004882 
0.774000 	 3.700150 	 0.004924 
0.773000 	 3.700990 	 0.004966 
0.772000 	 3.701840 	 0.005009 
0.771000 	 3.702690 	 0.005052 
0.770000 	 3.703550 	 0.005095 
0.769000 	 3.704410 	 0.005139 
0.768000 	 3.705280 	 0.005183 
0.767000 	 3.706140 	 0.005227 
0.766000 	 3.707020 	 0.005271 
0.765000 	 3.707890 	 0.005316 
0.764000 	 3.708770 	 0.005361 
0.763000 	 3.709660 	 0.005406 
0.762000 	 3.710550 	 0.005452 
0.761000 	 3.711440 	 0.005498 
0.760000 	 3.712340 	 0.005544 
0.759000 	 3.713240 	 0.005591 
0.758000 	 3.714140 	 0.005638 
0.757000 	 3.715050 	 0.005685 
0.756000 	 3.715970 	 0.005732 
0.755000 	 3.716890 	 0.005780 
0.754000 	 3.717810 	 0.005828 
0.753000 	 3.718740 	 0.005877 
0.752000 	 3.719670 	 0.005926 
0.751000 	 3.720610 	 0.005975 
0.750000 	 3.721550 	 0.006024 
0.749000 	 3.722490 	 0.006074 
0.748000 	 3.723440 	 0.006124 
0.747000 	 3.724400 	 0.006175 
0.746000 	 3.725350 	 0.006226 
0.745000 	 3.726320 	 0.006277 
0.744000 	 3.727290 	 0.006328 
0.743000 	 3.728260 	 0.006380 
0.742000 	 3.729240 	 0.006432 
0.741000 	 3.730220 	 0.006485 
0.740000 	 3.731210 	 0.006538 
0.739000 	 3.732200 	 0.006591 
0.738000 	 3.733200 	 0.006645 
0.737000 	 3.734200 	 0.006699 
0.736000 	 3.735210 	 0.006753 
0.735000 	 3.736220 	 0.006808 
0.734000 	 3.737240 	 0.006863 
0.733000 	 3.738260 	 0.006918 
0.732000 	 3.739280 	 0.006974 
0.731000 	 3.740320 	 0.007030 
0.730000 	 3.741350 	 0.007087 
0.729000 	 3.742400 	 0.007144 
0.728000 	 3.743440 	 0.007201 
0.727000 	 3.744500 	 0.007258 
0.726000 	 3.745560 	 0.007316 
0.725000 	 3.746620 	 0.007375 
0.724000 	 3.747690 	 0.007434 
0.723000 	 3.748760 	 0.007493 
0.722000 	 3.749840 	 0.007552 
0.721000 	 3.750930 	 0.007612 
0.720000 	 3.752020 	 0.007673 
0.719000 	 3.753120 	 0.007733 
0.718000 	 3.754220 	 0.007794 
0.717000 	 3.755330 	 0.007856 
0.716000 	 3.756440 	 0.007918 
0.715000 	 3.757560 	 0.007980 
0.714000 	 3.758690 	 0.008043 
0.713000 	 3.759820 	 0.008106 
0.712000 	 3.760950 	 0.008169 
0.711000 	 3.762100 	 0.008233 
0.710000 	 3.763250 	 0.008298 
0.709000 	 3.764400 	 0.008362 
0.708000 	 3.765560 	 0.008427 
0.707000 	 3.766730 	 0.008493 
0.706000 	 3.767900 	 0.008559 
0.705000 	 3.769080 	 0.008625 
0.704000 	 3.770270 	 0.008692 
0.703000 	 3.771460 	 0.008759 
0.702000 	 3.772660 	 0.008827 
0.701000 	 3.773860 	 0.008895 
0.700000 	 3.775070 	 0.008964 
0.699000 	 3.776290 	 0.009033 
0.698000 	 3.777520 	 0.009102 
0.697000 	 3.778750 	 0.009172 
0.696000 	 3.779980 	 0.009242 
0.695000 	 3.781230 	 0.009313 
0.694000 	 3.782480 	 0.009384 
0.693000 	 3.783740 	 0.009456 
0.692000 	 3.785000 	 0.009528 
0.691000 	 3.786270 	 0.009600 
0.690000 	 3.787550 	 0.009673 
0.689000 	 3.788840 	 0.009747 
0.688000 	 3.790130 	 0.009820 
0.687000 	 3.791430 	 0.009895 
0.686000 	 3.792730 	 0.009970 
0.685000 	 3.794050 	 0.010045 
0.684000 	 3.795370 	 0.010121 
0.683000 	 3.796700 	 0.010197 
0.682000 	 3.798030 	 0.010273 
0.681000 	 3.799380 	 0.010351 
0.680000 	 3.800730 	 0.010428 
0.679000 	 3.802090 	 0.010506 
0.678000 	 3.803450 	 0.010585 
0.677000 	 3.804830 	 0.010664 
0.676000 	 3.806210 	 0.010743 
0.675000 	 3.807600 	 0.010823 
0.674000 	 3.809000 	 0.010904 
0.673000 	 3.810400 	 0.010985 
0.672000 	 3.811820 	 0.011066 
0.671000 	 3.813240 	 0.011148 
0.670000 	 3.814670 	 0.011231 
0.669000 	 3.816110 	 0.011314 
0.668000 	 3.817550 	 0.011397 
0.667000 	 3.819010 	 0.011481 
0.666000 	 3.820470 	 0.011565 
0.665000 	 3.821940 	 0.011650 
0.664000 	 3.823420 	 0.011736 
0.663000 	 3.824910 	 0.011822 
0.662000 	 3.826410 	 0.011908 
0.661000 	 3.827920 	 0.011995 
0.660000 	 3.829430 	 0.012083 
0.659000 	 3.830960 	 0.012171 
0.658000 	 3.832490 	 0.012259 
0.657000 	 3.834040 	 0.012348 
0.656000 	 3.835590 	 0.012438 
0.655000 	 3.837150 	 0.012528 
0.654000 	 3.838720 	 0.012619 
0.653000 	 3.840300 	 0.012710 
0.652000 	 3.841890 	 0.012801 
0.651000 	 3.843490 	 0.012894 
0.650000 	 3.845100 	 0.012986 
0.649000 	 3.846720 	 0.013080 
0.648000 	 3.848350 	 0.013173 
0.647000 	 3.849990 	 0.013268 
0.646000 	 3.851640 	 0.013363 
0.645000 	 3.853300 	 0.013458 
0.644000 	 3.854970 	 0.013554 
0.643000 	 3.856650 	 0.013651 
0.642000 	 3.858340 	 0.013748 
0.641000 	 3.860040 	 0.013845 
0.640000 	 3.861750 	 0.013943 
0.639000 	 3.863470 	 0.014042 
0.638000 	 3.865210 	 0.014142 
0.637000 	 3.866950 	 0.014241 
0.636000 	 3.868710 	 0.014342 
0.635000 	 3.870470 	 0.014443 
0.634000 	 3.872250 	 0.014544 
0.633000 	 3.874040 	 0.014647 
0.632000 	 3.875840 	 0.014749 
0.631000 	 3.877650 	 0.014852 
0.630000 	 3.879480 	 0.014956 
0.629000 	 3.881310 	 0.015061 
0.628000 	 3.883160 	 0.015166 
0.627000 	 3.885020 	 0.015271 
0.626000 	 3.886900 	 0.015377 
0.625000 	 3.888780 	 0.015484 
0.624000 	 3.890680 	 0.015591 
0.623000 	 3.892590 	 0.015699 
0.622000 	 3.894510 	 0.015807 
0.621000 	 3.896440 	 0.015916 
0.620000 	 3.898390 	 0.016026 
0.619000 	 3.900350 	 0.016136 
0.618000 	 3.902330 	 0.016247 
0.617000 	 3.904320 	 0.016358 
0.616000 	 3.906320 	 0.016470 
0.615000 	 3.908330 	 0.016583 
0.614000 	 3.910360 	 0.016696 
0.613000 	 3.912400 	 0.016810 
0.612000 	 3.914460 	 0.016924 
0.611000 	 3.916530 	 0.017039 
0.610000 	 3.918610 	 0.017155 
0.609000 	 3.920710 	 0.017271 
0.608000 	 3.922830 	 0.017387 
0.607000 	 3.924960 	 0.017505 
0.606000 	 3.927100 	 0.017623 
0.605000 	 3.929260 	 0.017741 
0.604000 	 3.931440 	 0.017861 
0.603000 	 3.933620 	 0.017980 
0.602000 	 3.935830 	 0.018101 
0.601000 	 3.938050 	 0.018222 
0.600000 	 3.940290 	 0.018343 
