5.166666666666667185e-01 4.436387565602193384e+00 8.741707446472522401e-04 4.436387565602193384e+00 8.741707446472522401e-04 4.436387565602193384e+00 8.741707446472522401e-04
5.203015075376884457e-01 4.433327235905747621e+00 9.536160035857496565e-04 4.433327235905747621e+00 9.536160035857496565e-04 4.433327235905747621e+00 9.536160035857496565e-04
5.239363484087102840e-01 4.430030938294660992e+00 1.042978579710174790e-03 4.430030938294660992e+00 1.042978579710174790e-03 4.430030938294660992e+00 1.042978579710174790e-03
5.275711892797320113e-01 4.426470560853324798e+00 1.143917416425103539e-03 4.426470560853324798e+00 1.143917416425103539e-03 4.426470560853324798e+00 1.143917416425103539e-03
5.312060301507538496e-01 4.422613338761365753e+00 1.258448351301452023e-03 4.422613338761365753e+00 1.258448351301452023e-03 4.422613338761365753e+00 1.258448351301452023e-03
5.348408710217755768e-01 4.418420850361230556e+00 1.389039714189762133e-03 4.418420850361230556e+00 1.389039714189762133e-03 4.418420850361230556e+00 1.389039714189762133e-03
5.384757118927974151e-01 4.413847741626661936e+00 1.538739059090660222e-03 4.413847741626661936e+00 1.538739059090660222e-03 4.413847741626661936e+00 1.538739059090660222e-03
5.421105527638191424e-01 4.408840089283122765e+00 1.711343156177808685e-03 4.408840089283122765e+00 1.711343156177808685e-03 4.408840089283122765e+00 1.711343156177808685e-03
5.457453936348408696e-01 4.403333277267622137e+00 1.911628943012427329e-03 4.403333277267622137e+00 1.911628943012427329e-03 4.403333277267622137e+00 1.911628943012427329e-03
5.493802345058627079e-01 4.397249208976736767e+00 2.145671691275113143e-03 4.397249208976736767e+00 2.145671691275113143e-03 4.397249208976736767e+00 2.145671691275113143e-03
5.530150753768844352e-01 4.390492599676338870e+00 2.421290089008671081e-03 4.390492599676338870e+00 2.421290089008671081e-03 4.390492599676338870e+00 2.421290089008671081e-03
5.566499162479062734e-01 4.382945974516128551e+00 2.748679414822611990e-03 4.382945974516128551e+00 2.748679414822611990e-03 4.382945974516128551e+00 2.748679414822611990e-03
5.602847571189280007e-01 4.374462812597284866e+00 3.141329273148223220e-03 4.374462812597284866e+00 3.141329273148223220e-03 4.374462812597284866e+00 3.141329273148223220e-03
5.639195979899498390e-01 4.364857983045635770e+00 3.617381682168001149e-03 4.364857983045635770e+00 3.617381682168001149e-03 4.364857983045635770e+00 3.617381682168001149e-03
5.675544388609715662e-01 4.353894138002606162e+00 4.201688138168382415e-03 4.353894138002606162e+00 4.201688138168382415e-03 4.353894138002606162e+00 4.201688138168382415e-03
5.711892797319932935e-01 4.341261918721318835e+00 4.929008373931679371e-03 4.341261918721318835e+00 4.929008373931679371e-03 4.341261918721318835e+00 4.929008373931679371e-03
5.748241206030151318e-01 4.326550426424247142e+00 5.849135455821261910e-03 4.326550426424247142e+00 5.849135455821261910e-03 4.326550426424247142e+00 5.849135455821261910e-03
5.784589614740368591e-01 4.309201878540364739e+00 7.035394309297710209e-03 4.309201878540364739e+00 7.035394309297710209e-03 4.309201878540364739e+00 7.035394309297710209e-03
5.820938023450586973e-01 4.288439612531924183e+00 8.599307781026660491e-03 4.288439612531924183e+00 8.599307781026660491e-03 4.288439612531924183e+00 8.599307781026660491e-03
5.857286432160804246e-01 4.263149203259492204e+00 1.071712254987114595e-02 4.263149203259492204e+00 1.071712254987114595e-02 4.263149203259492204e+00 1.071712254987114595e-02
5.893634840871022629e-01 4.231672803636315372e+00 1.368055332025464726e-02 4.231672803636315372e+00 1.368055332025464726e-02 4.231672803636315372e+00 1.368055332025464726e-02
5.929983249581239901e-01 4.191432771394328682e+00 1.800071910134092706e-02 4.191432771394328682e+00 1.800071910134092706e-02 4.191432771394328682e+00 1.800071910134092706e-02
5.966331658291457174e-01 4.138193340918568275e+00 2.463996331612409996e-02 4.138193340918568275e+00 2.463996331612409996e-02 4.138193340918568275e+00 2.463996331612409996e-02
6.002680067001675557e-01 4.064479101471880185e+00 3.558883766057339970e-02 4.064479101471880185e+00 3.558883766057339970e-02 4.064479101471880185e+00 3.558883766057339970e-02
6.039028475711892829e-01 3.955774224755868040e+00 5.553022491001879252e-02 3.955774224755868040e+00 5.553022491001879252e-02 3.955774224755868040e+00 5.553022491001879252e-02
6.075376884422111212e-01 3.779840004599003489e+00 9.776719971581733504e-02 3.779840004599003489e+00 9.776719971581733504e-02 3.779840004599003489e+00 9.776719971581733504e-02
6.111725293132328485e-01 3.449365598892889739e+00 2.137676657745664621e-01 3.449365598892889739e+00 2.137676657745664621e-01 3.449365598892889739e+00 2.137676657745664621e-01
6.148073701842546868e-01 2.675299789222989943e+00 7.698740889619766214e-01 2.675299789222989943e+00 7.698740889619766214e-01 2.675299789222989943e+00 7.698740889619766214e-01
6.184422110552764140e-01 3.285606290098185944e+00 3.933012693320250275e+00 3.285606290098185944e+00 3.933012693320250275e+00 3.285606290098185944e+00 3.933012693320250275e+00
6.220770519262982523e-01 6.761882320816154035e+00 1.277684575843355708e+00 6.761882320816154035e+00 1.277684575843355708e+00 6.761882320816154035e+00 1.277684575843355708e+00
6.257118927973199796e-01 5.746229973125607238e+00 2.973939176054953837e-01 5.746229973125607238e+00 2.973939176054953837e-01 5.746229973125607238e+00 2.973939176054953837e-01
6.293467336683418178e-01 5.334992569990072653e+00 1.274410084242141583e-01 5.334992569990072653e+00 1.274410084242141583e-01 5.334992569990072653e+00 1.274410084242141583e-01
6.329815745393635451e-01 5.127938468064216160e+00 7.069797526723468895e-02 5.127938468064216160e+00 7.069797526723468895e-02 5.127938468064216160e+00 7.069797526723468895e-02
6.366164154103852724e-01 5.004328052083373279e+00 4.506667853463763168e-02 5.004328052083373279e+00 4.506667853463763168e-02 5.004328052083373279e+00 4.506667853463763168e-02
6.402512562814071106e-01 4.922383639389134480e+00 3.132877965761630967e-02 4.922383639389134480e+00 3.132877965761630967e-02 4.922383639389134480e+00 3.132877965761630967e-02
6.438860971524288379e-01 4.864135852051435727e+00 2.310689763463966151e-02 4.864135852051435727e+00 2.310689763463966151e-02 4.864135852051435727e+00 2.310689763463966151e-02
6.475209380234505652e-01 4.820626292041734651e+00 1.779156345200226877e-02 4.820626292041734651e+00 1.779156345200226877e-02 4.820626292041734651e+00 1.779156345200226877e-02
6.511557788944724035e-01 4.786899270968541842e+00 1.415350490661954584e-02 4.786899270968541842e+00 1.415350490661954584e-02 4.786899270968541842e+00 1.415350490661954584e-02
6.547906197654942417e-01 4.759994075712276285e+00 1.155161663432540016e-02 4.759994075712276285e+00 1.155161663432540016e-02 4.759994075712276285e+00 1.155161663432540016e-02
6.584254606365159690e-01 4.738034012842670784e+00 9.624727628535802854e-03 4.738034012842670784e+00 9.624727628535802854e-03 4.738034012842670784e+00 9.624727628535802854e-03
6.620603015075376963e-01 4.719772343705099793e+00 8.156656672196387070e-03 4.719772343705099793e+00 8.156656672196387070e-03 4.719772343705099793e+00 8.156656672196387070e-03
6.656951423785595345e-01 4.704348625788968619e+00 7.011518283001756148e-03 4.704348625788968619e+00 7.011518283001756148e-03 4.704348625788968619e+00 7.011518283001756148e-03
6.693299832495812618e-01 4.691149949860299095e+00 6.100380730869783830e-03 4.691149949860299095e+00 6.100380730869783830e-03 4.691149949860299095e+00 6.100380730869783830e-03
6.729648241206031001e-01 4.679727947969385404e+00 5.363036031327442221e-03 4.679727947969385404e+00 5.363036031327442221e-03 4.679727947969385404e+00 5.363036031327442221e-03
6.765996649916248273e-01 4.669747076808820729e+00 4.757529302575593845e-03 4.669747076808820729e+00 4.757529302575593845e-03 4.669747076808820729e+00 4.757529302575593845e-03
6.802345058626466656e-01 4.660951244878577704e+00 4.253888634187136773e-03 4.660951244878577704e+00 4.253888634187136773e-03 4.660951244878577704e+00 4.253888634187136773e-03
6.838693467336683929e-01 4.653141619245215743e+00 3.830233467454449009e-03 4.653141619245215743e+00 3.830233467454449009e-03 4.653141619245215743e+00 3.830233467454449009e-03
6.875041876046901201e-01 4.646161475239220628e+00 3.470282962324779640e-03 4.646161475239220628e+00 3.470282962324779640e-03 4.646161475239220628e+00 3.470282962324779640e-03
6.911390284757119584e-01 4.639885613341174775e+00 3.161716646002239294e-03 4.639885613341174775e+00 3.161716646002239294e-03 4.639885613341174775e+00 3.161716646002239294e-03
6.947738693467336857e-01 4.634212814266078340e+00 2.895069516883253761e-03 4.634212814266078340e+00 2.895069516883253761e-03 4.634212814266078340e+00 2.895069516883253761e-03
6.984087102177555240e-01 4.629060361396683199e+00 2.662971212846494858e-03 4.629060361396683199e+00 2.662971212846494858e-03 4.629060361396683199e+00 2.662971212846494858e-03
7.020435510887772512e-01 4.624359998705388719e+00 2.459611932498600041e-03 4.624359998705388719e+00 2.459611932498600041e-03 4.624359998705388719e+00 2.459611932498600041e-03
7.056783919597990895e-01 4.620054903732130569e+00 2.280360968870039258e-03 4.620054903732130569e+00 2.280360968870039258e-03 4.620054903732130569e+00 2.280360968870039258e-03
7.093132328308208168e-01 4.616097390235545994e+00 2.121489933815356478e-03 4.616097390235545994e+00 2.121489933815356478e-03 4.616097390235545994e+00 2.121489933815356478e-03
7.129480737018425440e-01 4.612447143274706285e+00 1.979969045218128981e-03 4.612447143274706285e+00 1.979969045218128981e-03 4.612447143274706285e+00 1.979969045218128981e-03
7.165829145728643823e-01 4.609069848137717251e+00 1.853315217755136099e-03 4.609069848137717251e+00 1.853315217755136099e-03 4.609069848137717251e+00 1.853315217755136099e-03
7.202177554438861096e-01 4.605936114273449178e+00 1.739477408210886441e-03 4.605936114273449178e+00 1.739477408210886441e-03 4.605936114273449178e+00 1.739477408210886441e-03
7.238525963149079478e-01 4.603020622747989066e+00 1.636749122876502219e-03 4.603020622747989066e+00 1.636749122876502219e-03 4.603020622747989066e+00 1.636749122876502219e-03
7.274874371859296751e-01 4.600301444875674939e+00 1.543700962578648580e-03 4.600301444875674939e+00 1.543700962578648580e-03 4.600301444875674939e+00 1.543700962578648580e-03
7.311222780569515134e-01 4.597759493231290406e+00 1.459128117430374093e-03 4.597759493231290406e+00 1.459128117430374093e-03 4.597759493231290406e+00 1.459128117430374093e-03
7.347571189279732407e-01 4.595378075981434662e+00 1.382009141499077227e-03 4.595378075981434662e+00 1.382009141499077227e-03 4.595378075981434662e+00 1.382009141499077227e-03
7.383919597989949679e-01 4.593142532542096035e+00 1.311473313051278542e-03 4.593142532542096035e+00 1.311473313051278542e-03 4.593142532542096035e+00 1.311473313051278542e-03
7.420268006700168062e-01 4.591039933761269509e+00 1.246774591625786095e-03 4.591039933761269509e+00 1.246774591625786095e-03 4.591039933761269509e+00 1.246774591625786095e-03
7.456616415410385335e-01 4.589058833678206994e+00 1.187270696001062375e-03 4.589058833678206994e+00 1.187270696001062375e-03 4.589058833678206994e+00 1.187270696001062375e-03
7.492964824120603717e-01 4.587189062797405015e+00 1.132406175299504160e-03 4.587189062797405015e+00 1.132406175299504160e-03 4.587189062797405015e+00 1.132406175299504160e-03
7.529313232830820990e-01 4.585421554997803462e+00 1.081698620703320851e-03 4.585421554997803462e+00 1.081698620703320851e-03 4.585421554997803462e+00 1.081698620703320851e-03
7.565661641541039373e-01 4.583748201861583382e+00 1.034727382694097374e-03 4.583748201861583382e+00 1.034727382694097374e-03 4.583748201861583382e+00 1.034727382694097374e-03
7.602010050251256645e-01 4.582161729485790147e+00 9.911242653035494399e-04 4.582161729485790147e+00 9.911242653035494399e-04 4.582161729485790147e+00 9.911242653035494399e-04
7.638358458961473918e-01 4.580655593830284644e+00 9.505658311718042383e-04 4.580655593830284644e+00 9.505658311718042383e-04 4.580655593830284644e+00 9.505658311718042383e-04
7.674706867671692301e-01 4.579223891427802506e+00 9.127669876186128356e-04 4.579223891427802506e+00 9.127669876186128356e-04 4.579223891427802506e+00 9.127669876186128356e-04
7.711055276381910684e-01 4.577861282888261663e+00 8.774756321232224290e-04 4.577861282888261663e+00 8.774756321232224290e-04 4.577861282888261663e+00 8.774756321232224290e-04
7.747403685092127956e-01 4.576562927108500212e+00 8.444681422234317277e-04 4.576562927108500212e+00 8.444681422234317277e-04 4.576562927108500212e+00 8.444681422234317277e-04
7.783752093802345229e-01 4.575324424479505936e+00 8.135455815324800933e-04 4.575324424479505936e+00 8.135455815324800933e-04 4.575324424479505936e+00 8.135455815324800933e-04
7.820100502512563612e-01 4.574141767687619264e+00 7.845304804332889348e-04 4.574141767687619264e+00 7.845304804332889348e-04 4.574141767687619264e+00 7.845304804332889348e-04
7.856448911222780884e-01 4.573011298950950376e+00 7.572640927300042365e-04 4.573011298950950376e+00 7.572640927300042365e-04 4.573011298950950376e+00 7.572640927300042365e-04
7.892797319932998157e-01 4.571929672729999616e+00 7.316040676646126933e-04 4.571929672729999616e+00 7.316040676646126933e-04 4.571929672729999616e+00 7.316040676646126933e-04
7.929145728643216540e-01 4.570893823112049503e+00 7.074224353357872527e-04 4.570893823112049503e+00 7.074224353357872527e-04 4.570893823112049503e+00 7.074224353357872527e-04
7.965494137353434922e-01 4.569900935199910030e+00 6.846038954781875777e-04 4.569900935199910030e+00 6.846038954781875777e-04 4.569900935199910030e+00 6.846038954781875777e-04
8.001842546063652195e-01 4.568948419942985062e+00 6.630443256204127979e-04 4.568948419942985062e+00 6.630443256204127979e-04 4.568948419942985062e+00 6.630443256204127979e-04
8.038190954773869468e-01 4.568033891936987168e+00 6.426494976508128308e-04 4.568033891936987168e+00 6.426494976508128308e-04 4.568033891936987168e+00 6.426494976508128308e-04
8.074539363484087851e-01 4.567155149791693347e+00 6.233339632717406964e-04 4.567155149791693347e+00 6.233339632717406964e-04 4.567155149791693347e+00 6.233339632717406964e-04
8.110887772194305123e-01 4.566310158726745172e+00 6.050200832142931537e-04 4.566310158726745172e+00 6.050200832142931537e-04 4.566310158726745172e+00 6.050200832142931537e-04
8.147236180904522396e-01 4.565497035105963164e+00 5.876371809264637099e-04 4.565497035105963164e+00 5.876371809264637099e-04 4.565497035105963164e+00 5.876371809264637099e-04
8.183584589614740779e-01 4.564714032662897658e+00 5.711207954106621880e-04 4.564714032662897658e+00 5.711207954106621880e-04 4.564714032662897658e+00 5.711207954106621880e-04
8.219932998324959161e-01 4.563959530205708326e+00 5.554120396062790050e-04 4.563959530205708326e+00 5.554120396062790050e-04 4.563959530205708326e+00 5.554120396062790050e-04
8.256281407035176434e-01 4.563232020619278018e+00 5.404570204302215804e-04 4.563232020619278018e+00 5.404570204302215804e-04 4.563232020619278018e+00 5.404570204302215804e-04
8.292629815745393707e-01 4.562530101007666872e+00 5.262063389074162194e-04 4.562530101007666872e+00 5.262063389074162194e-04 4.562530101007666872e+00 5.262063389074162194e-04
8.328978224455612089e-01 4.561852463841282734e+00 5.126146415610822495e-04 4.561852463841282734e+00 5.126146415610822495e-04 4.561852463841282734e+00 5.126146415610822495e-04
8.365326633165829362e-01 4.561197888991320504e+00 4.996402305053732323e-04 4.561197888991320504e+00 4.996402305053732323e-04 4.561197888991320504e+00 4.996402305053732323e-04
8.401675041876046635e-01 4.560565236549423140e+00 4.872447082671112054e-04 4.560565236549423140e+00 4.872447082671112054e-04 4.560565236549423140e+00 4.872447082671112054e-04
8.438023450586265017e-01 4.559953440343711861e+00 4.753926645406569233e-04 4.559953440343711861e+00 4.753926645406569233e-04 4.559953440343711861e+00 4.753926645406569233e-04
8.474371859296483400e-01 4.559361502073667083e+00 4.640514078061004589e-04 4.559361502073667083e+00 4.640514078061004589e-04 4.559361502073667083e+00 4.640514078061004589e-04
8.510720268006700673e-01 4.558788485996019268e+00 4.531907084429826794e-04 4.558788485996019268e+00 4.531907084429826794e-04 4.558788485996019268e+00 4.531907084429826794e-04
8.547068676716917945e-01 4.558233514102196793e+00 4.427825746812269394e-04 4.558233514102196793e+00 4.427825746812269394e-04 4.558233514102196793e+00 4.427825746812269394e-04
8.583417085427136328e-01 4.557695761735087281e+00 4.328010724554918207e-04 4.557695761735087281e+00 4.328010724554918207e-04 4.557695761735087281e+00 4.328010724554918207e-04
8.619765494137353601e-01 4.557174453599118102e+00 4.232221202151479570e-04 4.557174453599118102e+00 4.232221202151479570e-04 4.557174453599118102e+00 4.232221202151479570e-04
8.656113902847570873e-01 4.556668860123106235e+00 4.140233532493019513e-04 4.556668860123106235e+00 4.140233532493019513e-04 4.556668860123106235e+00 4.140233532493019513e-04
8.692462311557789256e-01 4.556178294139991536e+00 4.051839600386718645e-04 4.556178294139991536e+00 4.051839600386718645e-04 4.556178294139991536e+00 4.051839600386718645e-04
8.728810720268007639e-01 4.555702107851733018e+00 3.966845664066834492e-04 4.555702107851733018e+00 3.966845664066834492e-04 4.555702107851733018e+00 3.966845664066834492e-04
8.765159128978224912e-01 4.555239690051177348e+00 3.885071051171397772e-04 4.555239690051177348e+00 3.885071051171397772e-04 4.555239690051177348e+00 3.885071051171397772e-04
8.801507537688442184e-01 4.554790463575887571e+00 3.806347271842025308e-04 4.554790463575887571e+00 3.806347271842025308e-04 4.554790463575887571e+00 3.806347271842025308e-04
8.837855946398660567e-01 4.554353882971637013e+00 3.730516820468764453e-04 4.554353882971637013e+00 3.730516820468764453e-04 4.554353882971637013e+00 3.730516820468764453e-04
8.874204355108877840e-01 4.553929432345698913e+00 3.657432483164078257e-04 4.553929432345698913e+00 3.657432483164078257e-04 4.553929432345698913e+00 3.657432483164078257e-04
8.910552763819095112e-01 4.553516623392193985e+00 3.586956489828457286e-04 4.553516623392193985e+00 3.586956489828457286e-04 4.553516623392193985e+00 3.586956489828457286e-04
8.946901172529313495e-01 4.553114993573614377e+00 3.518959743215547696e-04 4.553114993573614377e+00 3.518959743215547696e-04 4.553114993573614377e+00 3.518959743215547696e-04
8.983249581239531878e-01 4.552724104444300757e+00 3.453321264581329258e-04 4.552724104444300757e+00 3.453321264581329258e-04 4.552724104444300757e+00 3.453321264581329258e-04
9.019597989949749151e-01 4.552343540103112041e+00 3.389927409707143473e-04 4.552343540103112041e+00 3.389927409707143473e-04 4.552343540103112041e+00 3.389927409707143473e-04
9.055946398659966423e-01 4.551972905763824073e+00 3.328671591301830259e-04 4.551972905763824073e+00 3.328671591301830259e-04 4.551972905763824073e+00 3.328671591301830259e-04
9.092294807370184806e-01 4.551611826432930386e+00 3.269453451097842638e-04 4.551611826432930386e+00 3.269453451097842638e-04 4.551611826432930386e+00 3.269453451097842638e-04
9.128643216080403189e-01 4.551259945685558250e+00 3.212178669250096959e-04 4.551259945685558250e+00 3.212178669250096959e-04 4.551259945685558250e+00 3.212178669250096959e-04
9.164991624790619351e-01 4.550916924531103191e+00 3.156758466347181318e-04 4.550916924531103191e+00 3.156758466347181318e-04 4.550916924531103191e+00 3.156758466347181318e-04
9.201340033500837734e-01 4.550582440361001346e+00 3.103109113201351884e-04 4.550582440361001346e+00 3.103109113201351884e-04 4.550582440361001346e+00 3.103109113201351884e-04
9.237688442211056117e-01 4.550256185971790934e+00 3.051151723252729835e-04 4.550256185971790934e+00 3.051151723252729835e-04 4.550256185971790934e+00 3.051151723252729835e-04
9.274036850921273389e-01 4.549937868657248252e+00 3.000811779749155148e-04 4.549937868657248252e+00 3.000811779749155148e-04 4.549937868657248252e+00 3.000811779749155148e-04
9.310385259631490662e-01 4.549627209363962699e+00 2.952018975756870965e-04 4.549627209363962699e+00 2.952018975756870965e-04 4.549627209363962699e+00 2.952018975756870965e-04
9.346733668341709045e-01 4.549323941905255353e+00 2.904706861666925049e-04 4.549323941905255353e+00 2.904706861666925049e-04 4.549323941905255353e+00 2.904706861666925049e-04
9.383082077051927428e-01 4.549027812228760403e+00 2.858812625734497817e-04 4.549027812228760403e+00 2.858812625734497817e-04 4.549027812228760403e+00 2.858812625734497817e-04
9.419430485762143590e-01 4.548738577733482558e+00 2.814276713827538090e-04 4.548738577733482558e+00 2.814276713827538090e-04 4.548738577733482558e+00 2.814276713827538090e-04
9.455778894472361973e-01 4.548456006632447313e+00 2.771042917084080479e-04 4.548456006632447313e+00 2.771042917084080479e-04 4.548456006632447313e+00 2.771042917084080479e-04
9.492127303182580356e-01 4.548179877357436673e+00 2.729057812656329610e-04 4.548179877357436673e+00 2.729057812656329610e-04 4.548179877357436673e+00 2.729057812656329610e-04
9.528475711892797628e-01 4.547909978002614650e+00 2.688270845003407723e-04 4.547909978002614650e+00 2.688270845003407723e-04 4.547909978002614650e+00 2.688270845003407723e-04
9.564824120603014901e-01 4.547646105804101779e+00 2.648634049204228770e-04 4.547646105804101779e+00 2.648634049204228770e-04 4.547646105804101779e+00 2.648634049204228770e-04
9.601172529313233284e-01 4.547388066652816363e+00 2.610101890893941497e-04 4.547388066652816363e+00 2.610101890893941497e-04 4.547388066652816363e+00 2.610101890893941497e-04
9.637520938023451667e-01 4.547135674638134617e+00 2.572631066353392643e-04 4.547135674638134617e+00 2.572631066353392643e-04 4.547135674638134617e+00 2.572631066353392643e-04
9.673869346733668939e-01 4.546888751620110192e+00 2.536180471840066442e-04 4.546888751620110192e+00 2.536180471840066442e-04 4.546888751620110192e+00 2.536180471840066442e-04
9.710217755443886212e-01 4.546647126828202268e+00 2.500711077941907673e-04 4.546647126828202268e+00 2.500711077941907673e-04 4.546647126828202268e+00 2.500711077941907673e-04
9.746566164154104595e-01 4.546410636484603529e+00 2.466185665179366636e-04 4.546410636484603529e+00 2.466185665179366636e-04 4.546410636484603529e+00 2.466185665179366636e-04
9.782914572864321867e-01 4.546179123450423631e+00 2.432568811282821166e-04 4.546179123450423631e+00 2.432568811282821166e-04 4.546179123450423631e+00 2.432568811282821166e-04
9.819262981574539140e-01 4.545952436893151649e+00 2.399826898254059111e-04 4.545952436893151649e+00 2.399826898254059111e-04 4.545952436893151649e+00 2.399826898254059111e-04
9.855611390284757523e-01 4.545730431973881380e+00 2.367927729524417360e-04 4.545730431973881380e+00 2.367927729524417360e-04 4.545730431973881380e+00 2.367927729524417360e-04
9.891959798994975905e-01 4.545512969552976124e+00 2.336840709954408435e-04 4.545512969552976124e+00 2.336840709954408435e-04 4.545512969552976124e+00 2.336840709954408435e-04
9.928308207705193178e-01 4.545299915912901056e+00 2.306536642857761417e-04 4.545299915912901056e+00 2.306536642857761417e-04 4.545299915912901056e+00 2.306536642857761417e-04
9.964656616415410451e-01 4.545091142497065029e+00 2.276987615766522472e-04 4.545091142497065029e+00 2.276987615766522472e-04 4.545091142497065029e+00 2.276987615766522472e-04
1.000100502512562883e+00 4.544886525663610399e+00 2.248167103525956442e-04 4.544886525663610399e+00 2.248167103525956442e-04 4.544886525663610399e+00 2.248167103525956442e-04
1.003735343383584500e+00 4.544685946453161485e+00 2.220049629238386854e-04 4.544685946453161485e+00 2.220049629238386854e-04 4.544685946453161485e+00 2.220049629238386854e-04
1.007370184254606338e+00 4.544489290369609691e+00 2.192610956894513444e-04 4.544489290369609691e+00 2.192610956894513444e-04 4.544489290369609691e+00 2.192610956894513444e-04
1.011005025125628176e+00 4.544296447173099551e+00 2.165827880227583148e-04 4.544296447173099551e+00 2.165827880227583148e-04 4.544296447173099551e+00 2.165827880227583148e-04
1.014639865996650014e+00 4.544107310684423418e+00 2.139678112097785428e-04 4.544107310684423418e+00 2.139678112097785428e-04 4.544107310684423418e+00 2.139678112097785428e-04
1.018274706867671853e+00 4.543921778600100048e+00 2.114140494721095066e-04 4.543921778600100048e+00 2.114140494721095066e-04 4.543921778600100048e+00 2.114140494721095066e-04
1.021909547738693469e+00 4.543739752317466518e+00 2.089194665828203500e-04 4.543739752317466518e+00 2.089194665828203500e-04 4.543739752317466518e+00 2.089194665828203500e-04
1.025544388609715307e+00 4.543561136769147524e+00 2.064821167261538816e-04 4.543561136769147524e+00 2.064821167261538816e-04 4.543561136769147524e+00 2.064821167261538816e-04
1.029179229480737146e+00 4.543385840266334519e+00 2.041001294660828747e-04 4.543385840266334519e+00 2.041001294660828747e-04 4.543385840266334519e+00 2.041001294660828747e-04
1.032814070351758762e+00 4.543213774350315148e+00 2.017717195214833591e-04 4.543213774350315148e+00 2.017717195214833591e-04 4.543213774350315148e+00 2.017717195214833591e-04
1.036448911222780600e+00 4.543044853651766246e+00 1.994951744675884070e-04 4.543044853651766246e+00 1.994951744675884070e-04 4.543044853651766246e+00 1.994951744675884070e-04
1.040083752093802438e+00 4.542878995757334337e+00 1.972688546106442242e-04 4.542878995757334337e+00 1.972688546106442242e-04 4.542878995757334337e+00 1.972688546106442242e-04
1.043718592964824055e+00 4.542716121083065772e+00 1.950911696562911244e-04 4.542716121083065772e+00 1.950911696562911244e-04 4.542716121083065772e+00 1.950911696562911244e-04
1.047353433835845893e+00 4.542556152754277932e+00 1.929606132525790577e-04 4.542556152754277932e+00 1.929606132525790577e-04 4.542556152754277932e+00 1.929606132525790577e-04
1.050988274706867731e+00 4.542399016491510011e+00 1.908757250287060900e-04 4.542399016491510011e+00 1.908757250287060900e-04 4.542399016491510011e+00 1.908757250287060900e-04
1.054623115577889347e+00 4.542244640502161701e+00 1.888351202962923134e-04 4.542244640502161701e+00 1.888351202962923134e-04 4.542244640502161701e+00 1.888351202962923134e-04
1.058257956448911408e+00 4.542092955377533769e+00 1.868374500705784354e-04 4.542092955377533769e+00 1.868374500705784354e-04 4.542092955377533769e+00 1.868374500705784354e-04
1.061892797319933024e+00 4.541943893994925041e+00 1.848814206361555938e-04 4.541943893994925041e+00 1.848814206361555938e-04 4.541943893994925041e+00 1.848814206361555938e-04
1.065527638190954640e+00 4.541797391424519326e+00 1.829657898475425077e-04 4.541797391424519326e+00 1.829657898475425077e-04 4.541797391424519326e+00 1.829657898475425077e-04
1.069162479061976700e+00 4.541653384840779850e+00 1.810893776344114805e-04 4.541653384840779850e+00 1.810893776344114805e-04 4.541653384840779850e+00 1.810893776344114805e-04
1.072797319932998317e+00 4.541511813438106948e+00 1.792510273468375583e-04 4.541511813438106948e+00 1.792510273468375583e-04 4.541511813438106948e+00 1.792510273468375583e-04
1.076432160804020155e+00 4.541372618350510315e+00 1.774496295339533564e-04 4.541372618350510315e+00 1.774496295339533564e-04 4.541372618350510315e+00 1.774496295339533564e-04
1.080067001675041993e+00 4.541235742575090661e+00 1.756841267834745139e-04 4.541235742575090661e+00 1.756841267834745139e-04 4.541235742575090661e+00 1.756841267834745139e-04
1.083701842546063610e+00 4.541101130899104277e+00 1.739534879968076154e-04 4.541101130899104277e+00 1.739534879968076154e-04 4.541101130899104277e+00 1.739534879968076154e-04
1.087336683417085448e+00 4.540968729830431982e+00 1.722567376367322930e-04 4.540968729830431982e+00 1.722567376367322930e-04 4.540968729830431982e+00 1.722567376367322930e-04
1.090971524288107286e+00 4.540838487531255296e+00 1.705929136553257217e-04 4.540838487531255296e+00 1.705929136553257217e-04 4.540838487531255296e+00 1.705929136553257217e-04
1.094606365159128902e+00 4.540710353754778161e+00 1.689611016140707249e-04 4.540710353754778161e+00 1.689611016140707249e-04 4.540710353754778161e+00 1.689611016140707249e-04
1.098241206030150741e+00 4.540584279784830812e+00 1.673604175978742460e-04 4.540584279784830812e+00 1.673604175978742460e-04 4.540584279784830812e+00 1.673604175978742460e-04
1.101876046901172579e+00 4.540460218378195911e+00 1.657900114012014314e-04 4.540460218378195911e+00 1.657900114012014314e-04 4.540460218378195911e+00 1.657900114012014314e-04
1.105510887772194195e+00 4.540338123709527274e+00 1.642490535382767230e-04 4.540338123709527274e+00 1.642490535382767230e-04 4.540338123709527274e+00 1.642490535382767230e-04
1.109145728643216255e+00 4.540217951318711975e+00 1.627367541387755650e-04 4.540217951318711975e+00 1.627367541387755650e-04 4.540217951318711975e+00 1.627367541387755650e-04
1.112780569514237872e+00 4.540099658060569254e+00 1.612523442327838728e-04 4.540099658060569254e+00 1.612523442327838728e-04 4.540099658060569254e+00 1.612523442327838728e-04
1.116415410385259710e+00 4.539983202056744993e+00 1.597950836591487383e-04 4.539983202056744993e+00 1.597950836591487383e-04 4.539983202056744993e+00 1.597950836591487383e-04
1.120050251256281548e+00 4.539868542649705851e+00 1.583642580940774179e-04 4.539868542649705851e+00 1.583642580940774179e-04 4.539868542649705851e+00 1.583642580940774179e-04
1.123685092127303164e+00 4.539755640358719369e+00 1.569591758117951888e-04 4.539755640358719369e+00 1.569591758117951888e-04 4.539755640358719369e+00 1.569591758117951888e-04
1.127319932998325003e+00 4.539644456837727660e+00 1.555791755930014384e-04 4.539644456837727660e+00 1.555791755930014384e-04 4.539644456837727660e+00 1.555791755930014384e-04
1.130954773869346841e+00 4.539534954835012570e+00 1.542236004095919348e-04 4.539534954835012570e+00 1.542236004095919348e-04 4.539534954835012570e+00 1.542236004095919348e-04
1.134589614740368457e+00 4.539427098154563467e+00 1.528918335328135689e-04 4.539427098154563467e+00 1.528918335328135689e-04 4.539427098154563467e+00 1.528918335328135689e-04
1.138224455611390296e+00 4.539320851619081942e+00 1.515832603018298162e-04 4.539320851619081942e+00 1.515832603018298162e-04 4.539320851619081942e+00 1.515832603018298162e-04
1.141859296482412134e+00 4.539216181034514186e+00 1.502973164523021079e-04 4.539216181034514186e+00 1.502973164523021079e-04 4.539216181034514186e+00 1.502973164523021079e-04
1.145494137353433750e+00 4.539113053156063060e+00 1.490334196822259505e-04 4.539113053156063060e+00 1.490334196822259505e-04 4.539113053156063060e+00 1.490334196822259505e-04
1.149128978224455588e+00 4.539011435655596394e+00 1.477910298438948064e-04 4.539011435655596394e+00 1.477910298438948064e-04 4.539011435655596394e+00 1.477910298438948064e-04
1.152763819095477427e+00 4.538911297090383989e+00 1.465696152061113811e-04 4.538911297090383989e+00 1.465696152061113811e-04 4.538911297090383989e+00 1.465696152061113811e-04
1.156398659966499043e+00 4.538812606873113609e+00 1.453686658106259470e-04 4.538812606873113609e+00 1.453686658106259470e-04 4.538812606873113609e+00 1.453686658106259470e-04
1.160033500837521103e+00 4.538715335243101556e+00 1.441876889676641633e-04 4.538715335243101556e+00 1.441876889676641633e-04 4.538715335243101556e+00 1.441876889676641633e-04
1.163668341708542719e+00 4.538619453238670332e+00 1.430261858381062247e-04 4.538619453238670332e+00 1.430261858381062247e-04 4.538619453238670332e+00 1.430261858381062247e-04
1.167303182579564558e+00 4.538524932670618739e+00 1.418837144699417428e-04 4.538524932670618739e+00 1.418837144699417428e-04 4.538524932670618739e+00 1.418837144699417428e-04
1.170938023450586396e+00 4.538431746096737385e+00 1.407598044123321672e-04 4.538431746096737385e+00 1.407598044123321672e-04 4.538431746096737385e+00 1.407598044123321672e-04
1.174572864321608012e+00 4.538339866797337585e+00 1.396540325008184579e-04 4.538339866797337585e+00 1.396540325008184579e-04 4.538339866797337585e+00 1.396540325008184579e-04
1.178207705192629851e+00 4.538249268751719079e+00 1.385659612382591816e-04 4.538249268751719079e+00 1.385659612382591816e-04 4.538249268751719079e+00 1.385659612382591816e-04
1.181842546063651689e+00 4.538159926615561446e+00 1.374951840063928430e-04 4.538159926615561446e+00 1.374951840063928430e-04 4.538159926615561446e+00 1.374951840063928430e-04
1.185477386934673305e+00 4.538071815699181499e+00 1.364413007805877773e-04 4.538071815699181499e+00 1.364413007805877773e-04 4.538071815699181499e+00 1.364413007805877773e-04
1.189112227805695143e+00 4.537984911946625566e+00 1.354039254551353002e-04 4.537984911946625566e+00 1.354039254551353002e-04 4.537984911946625566e+00 1.354039254551353002e-04
1.192747068676716982e+00 4.537899191915556685e+00 1.343826802597653761e-04 4.537899191915556685e+00 1.343826802597653761e-04 4.537899191915556685e+00 1.343826802597653761e-04
1.196381909547738598e+00 4.537814632757896760e+00 1.333772032052779155e-04 4.537814632757896760e+00 1.333772032052779155e-04 4.537814632757896760e+00 1.333772032052779155e-04
1.200016750418760658e+00 4.537731212201203235e+00 1.323871357106459865e-04 4.537731212201203235e+00 1.323871357106459865e-04 4.537731212201203235e+00 1.323871357106459865e-04
1.203651591289782274e+00 4.537648908530735881e+00 1.314121366762663822e-04 4.537648908530735881e+00 1.314121366762663822e-04 4.537648908530735881e+00 1.314121366762663822e-04
1.207286432160803891e+00 4.537567700572192386e+00 1.304518699290778720e-04 4.537567700572192386e+00 1.304518699290778720e-04 4.537567700572192386e+00 1.304518699290778720e-04
1.210921273031825951e+00 4.537487567675074551e+00 1.295060116530629443e-04 4.537487567675074551e+00 1.295060116530629443e-04 4.537487567675074551e+00 1.295060116530629443e-04
1.214556113902847567e+00 4.537408489696672653e+00 1.285742512178079282e-04 4.537408489696672653e+00 1.285742512178079282e-04 4.537408489696672653e+00 1.285742512178079282e-04
1.218190954773869406e+00 4.537330446986625354e+00 1.276562711412472571e-04 4.537330446986625354e+00 1.276562711412472571e-04 4.537330446986625354e+00 1.276562711412472571e-04
1.221825795644891244e+00 4.537253420372042712e+00 1.267517892302454541e-04 4.537253420372042712e+00 1.267517892302454541e-04 4.537253420372042712e+00 1.267517892302454541e-04
1.225460636515912860e+00 4.537177391143164762e+00 1.258604966621037417e-04 4.537177391143164762e+00 1.258604966621037417e-04 4.537177391143164762e+00 1.258604966621037417e-04
1.229095477386934698e+00 4.537102341039526365e+00 1.249821284148240662e-04 4.537102341039526365e+00 1.249821284148240662e-04 4.537102341039526365e+00 1.249821284148240662e-04
1.232730318257956537e+00 4.537028252236628312e+00 1.241164007149721791e-04 4.537028252236628312e+00 1.241164007149721791e-04 4.537028252236628312e+00 1.241164007149721791e-04
1.236365159128978153e+00 4.536955107333064063e+00 1.232630611025010178e-04 4.536955107333064063e+00 1.232630611025010178e-04 4.536955107333064063e+00 1.232630611025010178e-04
1.239999999999999991e+00 4.536882889338108349e+00 1.224218317558249940e-04 4.536882889338108349e+00 1.224218317558249940e-04 4.536882889338108349e+00 1.224218317558249940e-04
