0.723642 3.5382240 0.0000025 
0.723732 3.5382218 0.0000026 
0.723823 3.5382195 0.0000026 
0.723913 3.5382173 0.0000026 
0.724004 3.5382151 0.0000026 
0.724094 3.5382128 0.0000026 
0.724185 3.5382106 0.0000026 
0.724275 3.5382084 0.0000026 
0.724365 3.5382061 0.0000026 
0.724456 3.5382039 0.0000026 
0.724546 3.5382016 0.0000026 
0.724637 3.5381993 0.0000026 
0.724727 3.5381971 0.0000026 
0.724817 3.5381948 0.0000026 
0.724908 3.5381925 0.0000026 
0.724998 3.5381902 0.0000026 
0.725089 3.5381879 0.0000026 
0.725179 3.5381856 0.0000027 
0.725270 3.5381833 0.0000027 
0.725360 3.5381810 0.0000027 
0.725450 3.5381787 0.0000027 
0.725541 3.5381764 0.0000027 
0.725631 3.5381741 0.0000027 
0.725722 3.5381718 0.0000027 
0.725812 3.5381695 0.0000027 
0.725903 3.5381671 0.0000027 
0.725993 3.5381648 0.0000027 
0.726083 3.5381624 0.0000027 
0.726174 3.5381601 0.0000027 
0.726264 3.5381577 0.0000027 
0.726355 3.5381554 0.0000027 
0.726445 3.5381530 0.0000027 
0.726535 3.5381506 0.0000027 
0.726626 3.5381483 0.0000028 
0.726716 3.5381459 0.0000028 
0.726807 3.5381435 0.0000028 
0.726897 3.5381411 0.0000028 
0.726988 3.5381387 0.0000028 
0.727078 3.5381363 0.0000028 
0.727168 3.5381339 0.0000028 
0.727259 3.5381315 0.0000028 
0.727349 3.5381291 0.0000028 
0.727440 3.5381267 0.0000028 
0.727530 3.5381242 0.0000028 
0.727621 3.5381218 0.0000028 
0.727711 3.5381194 0.0000028 
0.727801 3.5381169 0.0000028 
0.727892 3.5381145 0.0000029 
0.727982 3.5381120 0.0000029 
0.728073 3.5381096 0.0000029 
0.728163 3.5381071 0.0000029 
0.728253 3.5381046 0.0000029 
0.728344 3.5381021 0.0000029 
0.728434 3.5380997 0.0000029 
0.728525 3.5380972 0.0000029 
0.728615 3.5380947 0.0000029 
0.728706 3.5380922 0.0000029 
0.728796 3.5380897 0.0000029 
0.728886 3.5380872 0.0000029 
0.728977 3.5380846 0.0000029 
0.729067 3.5380821 0.0000029 
0.729158 3.5380796 0.0000030 
0.729248 3.5380771 0.0000030 
0.729339 3.5380745 0.0000030 
0.729429 3.5380720 0.0000030 
0.729519 3.5380694 0.0000030 
0.729610 3.5380669 0.0000030 
0.729700 3.5380643 0.0000030 
0.729791 3.5380617 0.0000030 
0.729881 3.5380592 0.0000030 
0.729971 3.5380566 0.0000030 
0.730062 3.5380540 0.0000030 
0.730152 3.5380514 0.0000030 
0.730243 3.5380488 0.0000030 
0.730333 3.5380462 0.0000031 
0.730424 3.5380436 0.0000031 
0.730514 3.5380410 0.0000031 
0.730604 3.5380384 0.0000031 
0.730695 3.5380357 0.0000031 
0.730785 3.5380331 0.0000031 
0.730876 3.5380305 0.0000031 
0.730966 3.5380278 0.0000031 
0.731057 3.5380252 0.0000031 
0.731147 3.5380225 0.0000031 
0.731237 3.5380198 0.0000031 
0.731328 3.5380172 0.0000031 
0.731418 3.5380145 0.0000031 
0.731509 3.5380118 0.0000032 
0.731599 3.5380091 0.0000032 
0.731689 3.5380064 0.0000032 
0.731780 3.5380037 0.0000032 
0.731870 3.5380010 0.0000032 
0.731961 3.5379983 0.0000032 
0.732051 3.5379956 0.0000032 
0.732142 3.5379929 0.0000032 
0.732232 3.5379901 0.0000032 
0.732322 3.5379874 0.0000032 
0.732413 3.5379846 0.0000032 
0.732503 3.5379819 0.0000032 
0.732594 3.5379791 0.0000033 
0.732684 3.5379764 0.0000033 
0.732774 3.5379736 0.0000033 
0.732865 3.5379708 0.0000033 
0.732955 3.5379680 0.0000033 
0.733046 3.5379652 0.0000033 
0.733136 3.5379624 0.0000033 
0.733227 3.5379596 0.0000033 
0.733317 3.5379568 0.0000033 
0.733407 3.5379540 0.0000033 
0.733498 3.5379512 0.0000033 
0.733588 3.5379483 0.0000034 
0.733679 3.5379455 0.0000034 
0.733769 3.5379426 0.0000034 
0.733860 3.5379398 0.0000034 
0.733950 3.5379369 0.0000034 
0.734040 3.5379341 0.0000034 
0.734131 3.5379312 0.0000034 
0.734221 3.5379283 0.0000034 
0.734312 3.5379254 0.0000034 
0.734402 3.5379225 0.0000034 
0.734492 3.5379196 0.0000034 
0.734583 3.5379167 0.0000035 
0.734673 3.5379138 0.0000035 
0.734764 3.5379109 0.0000035 
0.734854 3.5379080 0.0000035 
0.734945 3.5379050 0.0000035 
0.735035 3.5379021 0.0000035 
0.735125 3.5378991 0.0000035 
0.735216 3.5378962 0.0000035 
0.735306 3.5378932 0.0000035 
0.735397 3.5378902 0.0000035 
0.735487 3.5378872 0.0000035 
0.735578 3.5378843 0.0000036 
0.735668 3.5378813 0.0000036 
0.735758 3.5378783 0.0000036 
0.735849 3.5378752 0.0000036 
0.735939 3.5378722 0.0000036 
0.736030 3.5378692 0.0000036 
0.736120 3.5378662 0.0000036 
0.736210 3.5378631 0.0000036 
0.736301 3.5378601 0.0000036 
0.736391 3.5378570 0.0000036 
0.736482 3.5378540 0.0000037 
0.736572 3.5378509 0.0000037 
0.736663 3.5378478 0.0000037 
0.736753 3.5378447 0.0000037 
0.736843 3.5378416 0.0000037 
0.736934 3.5378385 0.0000037 
0.737024 3.5378354 0.0000037 
0.737115 3.5378323 0.0000037 
0.737205 3.5378292 0.0000037 
0.737296 3.5378261 0.0000037 
0.737386 3.5378229 0.0000038 
0.737476 3.5378198 0.0000038 
0.737567 3.5378166 0.0000038 
0.737657 3.5378134 0.0000038 
0.737748 3.5378103 0.0000038 
0.737838 3.5378071 0.0000038 
0.737928 3.5378039 0.0000038 
0.738019 3.5378007 0.0000038 
0.738109 3.5377975 0.0000038 
0.738200 3.5377943 0.0000038 
0.738290 3.5377911 0.0000039 
0.738381 3.5377878 0.0000039 
0.738471 3.5377846 0.0000039 
0.738561 3.5377814 0.0000039 
0.738652 3.5377781 0.0000039 
0.738742 3.5377748 0.0000039 
0.738833 3.5377716 0.0000039 
0.738923 3.5377683 0.0000039 
0.739014 3.5377650 0.0000039 
0.739104 3.5377617 0.0000040 
0.739194 3.5377584 0.0000040 
0.739285 3.5377551 0.0000040 
0.739375 3.5377518 0.0000040 
0.739466 3.5377484 0.0000040 
0.739556 3.5377451 0.0000040 
0.739646 3.5377418 0.0000040 
0.739737 3.5377384 0.0000040 
0.739827 3.5377350 0.0000041 
0.739918 3.5377317 0.0000041 
0.740008 3.5377283 0.0000041 
0.740099 3.5377249 0.0000041 
0.740189 3.5377215 0.0000041 
0.740279 3.5377181 0.0000041 
0.740370 3.5377147 0.0000041 
0.740460 3.5377112 0.0000041 
0.740551 3.5377078 0.0000041 
0.740641 3.5377043 0.0000042 
0.740731 3.5377009 0.0000042 
0.740822 3.5376974 0.0000042 
0.740912 3.5376940 0.0000042 
0.741003 3.5376905 0.0000042 
0.741093 3.5376870 0.0000042 
0.741184 3.5376835 0.0000042 
0.741274 3.5376800 0.0000042 
0.741364 3.5376765 0.0000043 
0.741455 3.5376729 0.0000043 
0.741545 3.5376694 0.0000043 
0.741636 3.5376658 0.0000043 
0.741726 3.5376623 0.0000043 
0.741817 3.5376587 0.0000043 
0.741907 3.5376551 0.0000043 
0.741997 3.5376515 0.0000043 
0.742088 3.5376480 0.0000044 
0.742178 3.5376443 0.0000044 
0.742269 3.5376407 0.0000044 
0.742359 3.5376371 0.0000044 
0.742449 3.5376335 0.0000044 
0.742540 3.5376298 0.0000044 
0.742630 3.5376262 0.0000044 
0.742721 3.5376225 0.0000044 
0.742811 3.5376188 0.0000045 
0.742902 3.5376151 0.0000045 
0.742992 3.5376115 0.0000045 
0.743082 3.5376078 0.0000045 
0.743173 3.5376040 0.0000045 
0.743263 3.5376003 0.0000045 
0.743354 3.5375966 0.0000045 
0.743444 3.5375928 0.0000046 
0.743535 3.5375891 0.0000046 
0.743625 3.5375853 0.0000046 
0.743715 3.5375815 0.0000046 
0.743806 3.5375777 0.0000046 
0.743896 3.5375739 0.0000046 
0.743987 3.5375701 0.0000046 
0.744077 3.5375663 0.0000046 
0.744167 3.5375625 0.0000047 
0.744258 3.5375586 0.0000047 
0.744348 3.5375548 0.0000047 
0.744439 3.5375509 0.0000047 
0.744529 3.5375471 0.0000047 
0.744620 3.5375432 0.0000047 
0.744710 3.5375393 0.0000047 
0.744800 3.5375354 0.0000048 
0.744891 3.5375315 0.0000048 
0.744981 3.5375275 0.0000048 
0.745072 3.5375236 0.0000048 
0.745162 3.5375197 0.0000048 
0.745253 3.5375157 0.0000048 
0.745343 3.5375117 0.0000049 
0.745433 3.5375077 0.0000049 
0.745524 3.5375037 0.0000049 
0.745614 3.5374997 0.0000049 
0.745705 3.5374957 0.0000049 
0.745795 3.5374917 0.0000049 
0.745885 3.5374877 0.0000049 
0.745976 3.5374836 0.0000050 
0.746066 3.5374795 0.0000050 
0.746157 3.5374755 0.0000050 
0.746247 3.5374714 0.0000050 
0.746338 3.5374673 0.0000050 
0.746428 3.5374632 0.0000050 
0.746518 3.5374590 0.0000051 
0.746609 3.5374549 0.0000051 
0.746699 3.5374508 0.0000051 
0.746790 3.5374466 0.0000051 
0.746880 3.5374424 0.0000051 
0.746971 3.5374383 0.0000051 
0.747061 3.5374341 0.0000051 
0.747151 3.5374299 0.0000052 
0.747242 3.5374256 0.0000052 
0.747332 3.5374214 0.0000052 
0.747423 3.5374172 0.0000052 
0.747513 3.5374129 0.0000052 
0.747603 3.5374086 0.0000052 
0.747694 3.5374044 0.0000053 
0.747784 3.5374001 0.0000053 
0.747875 3.5373958 0.0000053 
0.747965 3.5373914 0.0000053 
0.748056 3.5373871 0.0000053 
0.748146 3.5373828 0.0000053 
0.748236 3.5373784 0.0000054 
0.748327 3.5373740 0.0000054 
0.748417 3.5373697 0.0000054 
0.748508 3.5373653 0.0000054 
0.748598 3.5373608 0.0000054 
0.748688 3.5373564 0.0000055 
0.748779 3.5373520 0.0000055 
0.748869 3.5373475 0.0000055 
0.748960 3.5373431 0.0000055 
0.749050 3.5373386 0.0000055 
0.749141 3.5373341 0.0000055 
0.749231 3.5373296 0.0000056 
0.749321 3.5373251 0.0000056 
0.749412 3.5373206 0.0000056 
0.749502 3.5373160 0.0000056 
0.749593 3.5373115 0.0000056 
0.749683 3.5373069 0.0000057 
0.749774 3.5373023 0.0000057 
0.749864 3.5372977 0.0000057 
0.749954 3.5372931 0.0000057 
0.750045 3.5372885 0.0000057 
0.750135 3.5372838 0.0000057 
0.750226 3.5372792 0.0000058 
0.750316 3.5372745 0.0000058 
0.750406 3.5372698 0.0000058 
0.750497 3.5372651 0.0000058 
0.750587 3.5372604 0.0000058 
0.750678 3.5372557 0.0000059 
0.750768 3.5372509 0.0000059 
0.750859 3.5372462 0.0000059 
0.750949 3.5372414 0.0000059 
0.751039 3.5372366 0.0000059 
0.751130 3.5372318 0.0000060 
0.751220 3.5372270 0.0000060 
0.751311 3.5372222 0.0000060 
0.751401 3.5372173 0.0000060 
0.751492 3.5372124 0.0000060 
0.751582 3.5372076 0.0000061 
0.751672 3.5372027 0.0000061 
0.751763 3.5371978 0.0000061 
0.751853 3.5371928 0.0000061 
0.751944 3.5371879 0.0000061 
0.752034 3.5371829 0.0000062 
0.752124 3.5371780 0.0000062 
0.752215 3.5371730 0.0000062 
0.752305 3.5371680 0.0000062 
0.752396 3.5371630 0.0000062 
0.752486 3.5371579 0.0000063 
0.752577 3.5371529 0.0000063 
0.752667 3.5371478 0.0000063 
0.752757 3.5371427 0.0000063 
0.752848 3.5371376 0.0000064 
0.752938 3.5371325 0.0000064 
0.753029 3.5371274 0.0000064 
0.753119 3.5371222 0.0000064 
0.753210 3.5371171 0.0000064 
0.753300 3.5371119 0.0000065 
0.753390 3.5371067 0.0000065 
0.753481 3.5371015 0.0000065 
0.753571 3.5370962 0.0000065 
0.753662 3.5370910 0.0000066 
0.753752 3.5370857 0.0000066 
0.753842 3.5370804 0.0000066 
0.753933 3.5370751 0.0000066 
0.754023 3.5370698 0.0000067 
0.754114 3.5370645 0.0000067 
0.754204 3.5370591 0.0000067 
0.754295 3.5370538 0.0000067 
0.754385 3.5370484 0.0000067 
0.754475 3.5370430 0.0000068 
0.754566 3.5370375 0.0000068 
0.754656 3.5370321 0.0000068 
0.754747 3.5370266 0.0000068 
0.754837 3.5370212 0.0000069 
0.754928 3.5370157 0.0000069 
0.755018 3.5370102 0.0000069 
0.755108 3.5370046 0.0000069 
0.755199 3.5369991 0.0000070 
0.755289 3.5369935 0.0000070 
0.755380 3.5369879 0.0000070 
0.755470 3.5369823 0.0000070 
0.755560 3.5369767 0.0000071 
0.755651 3.5369710 0.0000071 
0.755741 3.5369654 0.0000071 
0.755832 3.5369597 0.0000071 
0.755922 3.5369540 0.0000072 
0.756013 3.5369482 0.0000072 
0.756103 3.5369425 0.0000072 
0.756193 3.5369367 0.0000073 
0.756284 3.5369310 0.0000073 
0.756374 3.5369252 0.0000073 
0.756465 3.5369193 0.0000073 
0.756555 3.5369135 0.0000074 
0.756646 3.5369076 0.0000074 
0.756736 3.5369018 0.0000074 
0.756826 3.5368958 0.0000074 
0.756917 3.5368899 0.0000075 
0.757007 3.5368840 0.0000075 
0.757098 3.5368780 0.0000075 
0.757188 3.5368720 0.0000076 
0.757278 3.5368660 0.0000076 
0.757369 3.5368600 0.0000076 
0.757459 3.5368540 0.0000076 
0.757550 3.5368479 0.0000077 
0.757640 3.5368418 0.0000077 
0.757731 3.5368357 0.0000077 
0.757821 3.5368296 0.0000078 
0.757911 3.5368234 0.0000078 
0.758002 3.5368172 0.0000078 
0.758092 3.5368110 0.0000078 
0.758183 3.5368048 0.0000079 
0.758273 3.5367986 0.0000079 
0.758363 3.5367923 0.0000079 
0.758454 3.5367860 0.0000080 
0.758544 3.5367797 0.0000080 
0.758635 3.5367734 0.0000080 
0.758725 3.5367670 0.0000080 
0.758816 3.5367606 0.0000081 
0.758906 3.5367542 0.0000081 
0.758996 3.5367478 0.0000081 
0.759087 3.5367414 0.0000082 
0.759177 3.5367349 0.0000082 
0.759268 3.5367284 0.0000082 
0.759358 3.5367219 0.0000083 
0.759449 3.5367154 0.0000083 
0.759539 3.5367088 0.0000083 
0.759629 3.5367022 0.0000084 
0.759720 3.5366956 0.0000084 
0.759810 3.5366890 0.0000084 
0.759901 3.5366823 0.0000085 
0.759991 3.5366756 0.0000085 
0.760081 3.5366689 0.0000085 
0.760172 3.5366622 0.0000086 
0.760262 3.5366554 0.0000086 
0.760353 3.5366486 0.0000086 
0.760443 3.5366418 0.0000087 
0.760534 3.5366350 0.0000087 
0.760624 3.5366281 0.0000087 
0.760714 3.5366212 0.0000088 
0.760805 3.5366143 0.0000088 
0.760895 3.5366074 0.0000088 
0.760986 3.5366004 0.0000089 
0.761076 3.5365934 0.0000089 
0.761167 3.5365864 0.0000089 
0.761257 3.5365794 0.0000090 
0.761347 3.5365723 0.0000090 
0.761438 3.5365652 0.0000091 
0.761528 3.5365581 0.0000091 
0.761619 3.5365510 0.0000091 
0.761709 3.5365438 0.0000092 
0.761799 3.5365366 0.0000092 
0.761890 3.5365293 0.0000092 
0.761980 3.5365221 0.0000093 
0.762071 3.5365148 0.0000093 
0.762161 3.5365075 0.0000094 
0.762252 3.5365001 0.0000094 
0.762342 3.5364928 0.0000094 
0.762432 3.5364854 0.0000095 
0.762523 3.5364779 0.0000095 
0.762613 3.5364705 0.0000095 
0.762704 3.5364630 0.0000096 
0.762794 3.5364555 0.0000096 
0.762885 3.5364479 0.0000097 
0.762975 3.5364404 0.0000097 
0.763065 3.5364328 0.0000097 
0.763156 3.5364251 0.0000098 
0.763246 3.5364175 0.0000098 
0.763337 3.5364098 0.0000099 
0.763427 3.5364020 0.0000099 
0.763517 3.5363943 0.0000100 
0.763608 3.5363865 0.0000100 
0.763698 3.5363787 0.0000100 
0.763789 3.5363708 0.0000101 
0.763879 3.5363630 0.0000101 
0.763970 3.5363551 0.0000102 
0.764060 3.5363471 0.0000102 
0.764150 3.5363391 0.0000103 
0.764241 3.5363311 0.0000103 
0.764331 3.5363231 0.0000103 
0.764422 3.5363150 0.0000104 
0.764512 3.5363069 0.0000104 
0.764603 3.5362988 0.0000105 
0.764693 3.5362906 0.0000105 
0.764783 3.5362824 0.0000106 
0.764874 3.5362742 0.0000106 
0.764964 3.5362659 0.0000107 
0.765055 3.5362576 0.0000107 
0.765145 3.5362493 0.0000107 
0.765235 3.5362409 0.0000108 
0.765326 3.5362325 0.0000108 
0.765416 3.5362241 0.0000109 
0.765507 3.5362156 0.0000109 
0.765597 3.5362071 0.0000110 
0.765688 3.5361985 0.0000110 
0.765778 3.5361900 0.0000111 
0.765868 3.5361813 0.0000111 
0.765959 3.5361727 0.0000112 
0.766049 3.5361640 0.0000112 
0.766140 3.5361553 0.0000113 
0.766230 3.5361465 0.0000113 
0.766320 3.5361377 0.0000114 
0.766411 3.5361289 0.0000114 
0.766501 3.5361200 0.0000115 
0.766592 3.5361111 0.0000115 
0.766682 3.5361021 0.0000116 
0.766773 3.5360931 0.0000116 
0.766863 3.5360841 0.0000117 
0.766953 3.5360751 0.0000117 
0.767044 3.5360660 0.0000118 
0.767134 3.5360568 0.0000118 
0.767225 3.5360476 0.0000119 
0.767315 3.5360384 0.0000120 
0.767406 3.5360292 0.0000120 
0.767496 3.5360199 0.0000121 
0.767586 3.5360105 0.0000121 
0.767677 3.5360011 0.0000122 
0.767767 3.5359917 0.0000122 
0.767858 3.5359822 0.0000123 
0.767948 3.5359727 0.0000123 
0.768038 3.5359632 0.0000124 
0.768129 3.5359536 0.0000125 
0.768219 3.5359440 0.0000125 
0.768310 3.5359343 0.0000126 
0.768400 3.5359246 0.0000126 
0.768491 3.5359148 0.0000127 
0.768581 3.5359050 0.0000128 
0.768671 3.5358952 0.0000128 
0.768762 3.5358853 0.0000129 
0.768852 3.5358753 0.0000129 
0.768943 3.5358654 0.0000130 
0.769033 3.5358553 0.0000131 
0.769124 3.5358453 0.0000131 
0.769214 3.5358352 0.0000132 
0.769304 3.5358250 0.0000132 
0.769395 3.5358148 0.0000133 
0.769485 3.5358045 0.0000134 
0.769576 3.5357942 0.0000134 
0.769666 3.5357839 0.0000135 
0.769756 3.5357735 0.0000136 
0.769847 3.5357630 0.0000136 
0.769937 3.5357526 0.0000137 
0.770028 3.5357420 0.0000138 
0.770118 3.5357314 0.0000138 
0.770209 3.5357208 0.0000139 
0.770299 3.5357101 0.0000140 
0.770389 3.5356994 0.0000140 
0.770480 3.5356886 0.0000141 
0.770570 3.5356778 0.0000142 
0.770661 3.5356669 0.0000142 
0.770751 3.5356559 0.0000143 
0.770842 3.5356449 0.0000144 
0.770932 3.5356339 0.0000145 
0.771022 3.5356228 0.0000145 
0.771113 3.5356117 0.0000146 
0.771203 3.5356005 0.0000147 
0.771294 3.5355892 0.0000147 
0.771384 3.5355779 0.0000148 
0.771474 3.5355665 0.0000149 
0.771565 3.5355551 0.0000150 
0.771655 3.5355437 0.0000150 
0.771746 3.5355321 0.0000151 
0.771836 3.5355206 0.0000152 
0.771927 3.5355089 0.0000153 
0.772017 3.5354972 0.0000154 
0.772107 3.5354855 0.0000154 
0.772198 3.5354737 0.0000155 
0.772288 3.5354618 0.0000156 
0.772379 3.5354499 0.0000157 
0.772469 3.5354379 0.0000158 
0.772560 3.5354259 0.0000158 
0.772650 3.5354138 0.0000159 
0.772740 3.5354016 0.0000160 
0.772831 3.5353894 0.0000161 
0.772921 3.5353771 0.0000162 
0.773012 3.5353647 0.0000163 
0.773102 3.5353523 0.0000163 
0.773192 3.5353399 0.0000164 
0.773283 3.5353273 0.0000165 
0.773373 3.5353148 0.0000166 
0.773464 3.5353021 0.0000167 
0.773554 3.5352894 0.0000168 
0.773645 3.5352766 0.0000169 
0.773735 3.5352637 0.0000170 
0.773825 3.5352508 0.0000170 
0.773916 3.5352378 0.0000171 
0.774006 3.5352248 0.0000172 
0.774097 3.5352117 0.0000173 
0.774187 3.5351985 0.0000174 
0.774277 3.5351852 0.0000175 
0.774368 3.5351719 0.0000176 
0.774458 3.5351585 0.0000177 
0.774549 3.5351451 0.0000178 
0.774639 3.5351316 0.0000179 
0.774730 3.5351180 0.0000180 
0.774820 3.5351043 0.0000181 
0.774910 3.5350905 0.0000182 
0.775001 3.5350767 0.0000183 
0.775091 3.5350628 0.0000184 
0.775182 3.5350489 0.0000185 
0.775272 3.5350348 0.0000186 
0.775363 3.5350207 0.0000187 
0.775453 3.5350065 0.0000188 
0.775543 3.5349923 0.0000189 
0.775634 3.5349779 0.0000190 
0.775724 3.5349635 0.0000191 
0.775815 3.5349490 0.0000192 
0.775905 3.5349344 0.0000193 
0.775995 3.5349198 0.0000195 
0.776086 3.5349051 0.0000196 
0.776176 3.5348902 0.0000197 
0.776267 3.5348753 0.0000198 
0.776357 3.5348604 0.0000199 
0.776448 3.5348453 0.0000200 
0.776538 3.5348302 0.0000201 
0.776628 3.5348149 0.0000202 
0.776719 3.5347996 0.0000204 
0.776809 3.5347842 0.0000205 
0.776900 3.5347688 0.0000206 
0.776990 3.5347532 0.0000207 
0.777081 3.5347375 0.0000208 
0.777171 3.5347218 0.0000210 
0.777261 3.5347060 0.0000211 
0.777352 3.5346900 0.0000212 
0.777442 3.5346740 0.0000213 
0.777533 3.5346579 0.0000215 
0.777623 3.5346417 0.0000216 
0.777713 3.5346254 0.0000217 
0.777804 3.5346090 0.0000219 
0.777894 3.5345926 0.0000220 
0.777985 3.5345760 0.0000221 
0.778075 3.5345593 0.0000223 
0.778166 3.5345426 0.0000224 
0.778256 3.5345257 0.0000225 
0.778346 3.5345087 0.0000227 
0.778437 3.5344917 0.0000228 
0.778527 3.5344745 0.0000229 
0.778618 3.5344572 0.0000231 
0.778708 3.5344399 0.0000232 
0.778799 3.5344224 0.0000234 
0.778889 3.5344048 0.0000235 
0.778979 3.5343871 0.0000237 
0.779070 3.5343694 0.0000238 
0.779160 3.5343515 0.0000240 
0.779251 3.5343335 0.0000241 
0.779341 3.5343154 0.0000243 
0.779431 3.5342971 0.0000244 
0.779522 3.5342788 0.0000246 
0.779612 3.5342604 0.0000247 
0.779703 3.5342418 0.0000249 
0.779793 3.5342232 0.0000250 
0.779884 3.5342044 0.0000252 
0.779974 3.5341855 0.0000254 
0.780064 3.5341665 0.0000255 
0.780155 3.5341473 0.0000257 
0.780245 3.5341281 0.0000259 
0.780336 3.5341087 0.0000260 
0.780426 3.5340892 0.0000262 
0.780517 3.5340696 0.0000264 
0.780607 3.5340499 0.0000265 
0.780697 3.5340300 0.0000267 
0.780788 3.5340100 0.0000269 
0.780878 3.5339899 0.0000271 
0.780969 3.5339696 0.0000272 
0.781059 3.5339493 0.0000274 
0.781149 3.5339288 0.0000276 
0.781240 3.5339081 0.0000278 
0.781330 3.5338873 0.0000280 
0.781421 3.5338664 0.0000282 
0.781511 3.5338454 0.0000284 
0.781602 3.5338242 0.0000286 
0.781692 3.5338029 0.0000287 
0.781782 3.5337814 0.0000289 
0.781873 3.5337598 0.0000291 
0.781963 3.5337381 0.0000293 
0.782054 3.5337162 0.0000295 
0.782144 3.5336941 0.0000297 
0.782234 3.5336720 0.0000300 
0.782325 3.5336496 0.0000302 
0.782415 3.5336271 0.0000304 
0.782506 3.5336045 0.0000306 
0.782596 3.5335817 0.0000308 
0.782687 3.5335588 0.0000310 
0.782777 3.5335357 0.0000312 
0.782867 3.5335124 0.0000315 
0.782958 3.5334890 0.0000317 
0.783048 3.5334654 0.0000319 
0.783139 3.5334417 0.0000321 
0.783229 3.5334178 0.0000324 
0.783320 3.5333937 0.0000326 
0.783410 3.5333694 0.0000328 
0.783500 3.5333450 0.0000331 
0.783591 3.5333204 0.0000333 
0.783681 3.5332957 0.0000336 
0.783772 3.5332708 0.0000338 
0.783862 3.5332456 0.0000341 
0.783952 3.5332203 0.0000343 
0.784043 3.5331949 0.0000346 
0.784133 3.5331692 0.0000348 
0.784224 3.5331434 0.0000351 
0.784314 3.5331173 0.0000354 
0.784405 3.5330911 0.0000356 
0.784495 3.5330647 0.0000359 
0.784585 3.5330381 0.0000362 
0.784676 3.5330113 0.0000364 
0.784766 3.5329843 0.0000367 
0.784857 3.5329571 0.0000370 
0.784947 3.5329297 0.0000373 
0.785038 3.5329021 0.0000376 
0.785128 3.5328743 0.0000379 
0.785218 3.5328463 0.0000382 
0.785309 3.5328181 0.0000384 
0.785399 3.5327896 0.0000387 
0.785490 3.5327609 0.0000391 
0.785580 3.5327321 0.0000394 
0.785670 3.5327030 0.0000397 
0.785761 3.5326736 0.0000400 
0.785851 3.5326441 0.0000403 
0.785942 3.5326143 0.0000406 
0.786032 3.5325843 0.0000410 
0.786123 3.5325540 0.0000413 
0.786213 3.5325236 0.0000416 
0.786303 3.5324928 0.0000420 
0.786394 3.5324619 0.0000423 
0.786484 3.5324306 0.0000427 
0.786575 3.5323992 0.0000430 
0.786665 3.5323675 0.0000434 
0.786756 3.5323355 0.0000437 
0.786846 3.5323033 0.0000441 
0.786936 3.5322708 0.0000445 
0.787027 3.5322380 0.0000448 
0.787117 3.5322050 0.0000452 
0.787208 3.5321717 0.0000456 
0.787298 3.5321382 0.0000460 
0.787388 3.5321043 0.0000464 
0.787479 3.5320702 0.0000468 
0.787569 3.5320358 0.0000472 
0.787660 3.5320011 0.0000476 
0.787750 3.5319661 0.0000480 
0.787841 3.5319308 0.0000484 
0.787931 3.5318952 0.0000488 
0.788021 3.5318593 0.0000493 
0.788112 3.5318232 0.0000497 
0.788202 3.5317867 0.0000501 
0.788293 3.5317498 0.0000506 
0.788383 3.5317127 0.0000510 
0.788474 3.5316752 0.0000515 
0.788564 3.5316375 0.0000519 
0.788654 3.5315993 0.0000524 
0.788745 3.5315609 0.0000529 
0.788835 3.5315221 0.0000534 
0.788926 3.5314829 0.0000539 
0.789016 3.5314435 0.0000544 
0.789106 3.5314036 0.0000549 
0.789197 3.5313634 0.0000554 
0.789287 3.5313228 0.0000559 
0.789378 3.5312819 0.0000564 
0.789468 3.5312406 0.0000569 
0.789559 3.5311989 0.0000575 
0.789649 3.5311568 0.0000580 
0.789739 3.5311144 0.0000586 
0.789830 3.5310715 0.0000591 
0.789920 3.5310283 0.0000597 
0.790011 3.5309846 0.0000603 
0.790101 3.5309405 0.0000609 
0.790192 3.5308960 0.0000615 
0.790282 3.5308511 0.0000621 
0.790372 3.5308058 0.0000627 
0.790463 3.5307600 0.0000633 
0.790553 3.5307137 0.0000639 
0.790644 3.5306671 0.0000646 
0.790734 3.5306199 0.0000652 
0.790824 3.5305723 0.0000659 
0.790915 3.5305243 0.0000665 
0.791005 3.5304757 0.0000672 
0.791096 3.5304267 0.0000679 
0.791186 3.5303772 0.0000686 
0.791277 3.5303272 0.0000693 
0.791367 3.5302767 0.0000700 
0.791457 3.5302256 0.0000707 
0.791548 3.5301741 0.0000715 
0.791638 3.5301220 0.0000722 
0.791729 3.5300694 0.0000730 
0.791819 3.5300162 0.0000738 
0.791909 3.5299625 0.0000746 
0.792000 3.5299082 0.0000754 
0.792090 3.5298534 0.0000762 
0.792181 3.5297979 0.0000770 
0.792271 3.5297419 0.0000779 
0.792362 3.5296853 0.0000787 
0.792452 3.5296280 0.0000796 
0.792542 3.5295702 0.0000805 
0.792633 3.5295117 0.0000814 
0.792723 3.5294526 0.0000823 
0.792814 3.5293928 0.0000832 
0.792904 3.5293324 0.0000841 
0.792995 3.5292713 0.0000851 
0.793085 3.5292095 0.0000861 
0.793175 3.5291470 0.0000871 
0.793266 3.5290838 0.0000881 
0.793356 3.5290199 0.0000891 
0.793447 3.5289553 0.0000902 
0.793537 3.5288899 0.0000912 
0.793627 3.5288238 0.0000923 
0.793718 3.5287568 0.0000934 
0.793808 3.5286892 0.0000945 
0.793899 3.5286207 0.0000957 
0.793989 3.5285514 0.0000968 
0.794080 3.5284812 0.0000980 
0.794170 3.5284103 0.0000992 
0.794260 3.5283385 0.0001004 
0.794351 3.5282658 0.0001017 
0.794441 3.5281922 0.0001030 
0.794532 3.5281177 0.0001042 
0.794622 3.5280423 0.0001056 
0.794713 3.5279659 0.0001069 
0.794803 3.5278886 0.0001083 
0.794893 3.5278104 0.0001097 
0.794984 3.5277311 0.0001111 
0.795074 3.5276508 0.0001125 
0.795165 3.5275695 0.0001140 
0.795255 3.5274872 0.0001155 
0.795345 3.5274037 0.0001171 
0.795436 3.5273192 0.0001186 
0.795526 3.5272336 0.0001202 
0.795617 3.5271468 0.0001219 
0.795707 3.5270589 0.0001235 
0.795798 3.5269698 0.0001252 
0.795888 3.5268795 0.0001270 
0.795978 3.5267879 0.0001287 
0.796069 3.5266951 0.0001305 
0.796159 3.5266010 0.0001324 
0.796250 3.5265056 0.0001343 
0.796340 3.5264089 0.0001362 
0.796431 3.5263108 0.0001381 
0.796521 3.5262113 0.0001401 
0.796611 3.5261104 0.0001422 
0.796702 3.5260080 0.0001443 
0.796792 3.5259042 0.0001464 
0.796883 3.5257988 0.0001486 
0.796973 3.5256919 0.0001509 
0.797063 3.5255834 0.0001531 
0.797154 3.5254733 0.0001555 
0.797244 3.5253615 0.0001579 
0.797335 3.5252480 0.0001603 
0.797425 3.5251328 0.0001628 
0.797516 3.5250158 0.0001654 
0.797606 3.5248969 0.0001680 
0.797696 3.5247763 0.0001707 
0.797787 3.5246537 0.0001734 
0.797877 3.5245291 0.0001763 
0.797968 3.5244026 0.0001792 
0.798058 3.5242740 0.0001821 
0.798149 3.5241434 0.0001851 
0.798239 3.5240105 0.0001882 
0.798329 3.5238755 0.0001914 
0.798420 3.5237382 0.0001947 
0.798510 3.5235987 0.0001980 
0.798601 3.5234567 0.0002015 
0.798691 3.5233123 0.0002050 
0.798781 3.5231654 0.0002086 
0.798872 3.5230160 0.0002123 
0.798962 3.5228639 0.0002161 
0.799053 3.5227091 0.0002200 
0.799143 3.5225516 0.0002241 
0.799234 3.5223912 0.0002282 
0.799324 3.5222278 0.0002324 
0.799414 3.5220615 0.0002368 
0.799505 3.5218921 0.0002413 
0.799595 3.5217195 0.0002459 
0.799686 3.5215436 0.0002506 
0.799776 3.5213644 0.0002555 
0.799866 3.5211817 0.0002605 
0.799957 3.5209955 0.0002657 
0.800047 3.5208056 0.0002710 
0.800138 3.5206119 0.0002765 
0.800228 3.5204143 0.0002822 
0.800319 3.5202128 0.0002880 
0.800409 3.5200071 0.0002940 
0.800499 3.5197971 0.0003002 
0.800590 3.5195828 0.0003066 
0.800680 3.5193639 0.0003132 
0.800771 3.5191403 0.0003201 
0.800861 3.5189119 0.0003271 
0.800952 3.5186786 0.0003344 
0.801042 3.5184400 0.0003419 
0.801132 3.5181962 0.0003497 
0.801223 3.5179468 0.0003577 
0.801313 3.5176918 0.0003660 
0.801404 3.5174308 0.0003747 
0.801494 3.5171638 0.0003836 
0.801584 3.5168904 0.0003928 
0.801675 3.5166105 0.0004024 
0.801765 3.5163239 0.0004123 
0.801856 3.5160302 0.0004226 
0.801946 3.5157292 0.0004333 
0.802037 3.5154206 0.0004444 
0.802127 3.5151042 0.0004559 
0.802217 3.5147796 0.0004679 
0.802308 3.5144465 0.0004804 
0.802398 3.5141046 0.0004933 
0.802489 3.5137535 0.0005068 
0.802579 3.5133929 0.0005209 
0.802670 3.5130223 0.0005355 
0.802760 3.5126414 0.0005507 
0.802850 3.5122497 0.0005667 
0.802941 3.5118467 0.0005833 
0.803031 3.5114319 0.0006006 
0.803122 3.5110048 0.0006188 
0.803212 3.5105649 0.0006377 
0.803302 3.5101115 0.0006576 
0.803393 3.5096441 0.0006784 
0.803483 3.5091619 0.0007001 
0.803574 3.5086643 0.0007230 
0.803664 3.5081505 0.0007470 
0.803755 3.5076197 0.0007722 
0.803845 3.5070711 0.0007986 
0.803935 3.5065036 0.0008265 
0.804026 3.5059164 0.0008558 
0.804116 3.5053084 0.0008868 
0.804207 3.5046784 0.0009194 
0.804297 3.5040253 0.0009539 
0.804388 3.5033477 0.0009903 
0.804478 3.5026442 0.0010288 
0.804568 3.5019134 0.0010697 
0.804659 3.5011535 0.0011130 
0.804749 3.5003629 0.0011590 
0.804840 3.4995396 0.0012079 
0.804930 3.4986815 0.0012600 
0.805020 3.4977864 0.0013155 
0.805111 3.4968518 0.0013747 
0.805201 3.4958750 0.0014380 
0.805292 3.4948532 0.0015058 
0.805382 3.4937831 0.0015785 
0.805473 3.4926611 0.0016566 
0.805563 3.4914836 0.0017407 
0.805653 3.4902461 0.0018312 
0.805744 3.4889440 0.0019291 
0.805834 3.4875721 0.0020349 
0.805925 3.4861246 0.0021497 
0.806015 3.4845951 0.0022746 
0.806106 3.4829763 0.0024105 
0.806196 3.4812603 0.0025591 
0.806286 3.4794379 0.0027218 
0.806377 3.4774990 0.0029005 
0.806467 3.4754319 0.0030975 
0.806558 3.4732236 0.0033151 
0.806648 3.4708590 0.0035565 
0.806738 3.4683208 0.0038253 
0.806829 3.4655894 0.0041257 
0.806919 3.4626416 0.0044630 
0.807010 3.4594508 0.0048433 
0.807100 3.4559855 0.0052743 
0.807191 3.4522088 0.0057655 
0.807281 3.4480768 0.0063286 
0.807371 3.4435371 0.0069784 
0.807462 3.4385261 0.0077335 
0.807552 3.4329668 0.0086180 
0.807643 3.4267643 0.0096631 
0.807733 3.4198007 0.0109103 
0.807823 3.4119279 0.0124150 
0.807914 3.4029567 0.0142529 
0.808004 3.3926427 0.0165301 
0.808095 3.3806641 0.0193977 
0.808185 3.3665899 0.0230778 
0.808276 3.3498303 0.0279066 
0.808366 3.3295596 0.0344125 
0.808456 3.3045926 0.0434623 
0.808547 3.2731827 0.0565541 
0.808637 3.2326974 0.0764467 
0.808728 3.1791435 0.1086258 
0.808818 3.1068403 0.1650584 
0.808909 3.0110126 0.2745776 
0.808999 2.9134533 0.5089904 
0.809089 3.0066612 0.9654361 
0.809180 3.6588001 1.2422142 
0.809270 4.1490266 0.8012099 
0.809361 4.1342256 0.4122830 
0.809451 4.0287404 0.2304164 
0.809541 3.9403469 0.1432301 
0.809632 3.8747080 0.0966766 
0.809722 3.8258102 0.0693532 
0.809813 3.7884830 0.0520869 
0.809903 3.7592283 0.0405331 
0.809994 3.7357430 0.0324464 
0.810084 3.7164871 0.0265801 
0.810174 3.7004047 0.0222001 
0.810265 3.6867512 0.0188528 
0.810355 3.6749873 0.0162472 
0.810446 3.6647117 0.0141899 
0.810536 3.6556177 0.0125504 
0.810627 3.6474635 0.0112389 
0.810717 3.6400516 0.0101948 
0.810807 3.6332127 0.0093794 
0.810898 3.6267920 0.0087733 
0.810988 3.6206355 0.0083778 
0.811079 3.6145720 0.0082218 
0.811169 3.6083862 0.0083817 
0.811259 3.6017720 0.0090290 
0.811350 3.5942412 0.0105605 
0.811440 3.5849554 0.0139963 
0.811531 3.5725979 0.0224413 
0.811621 3.5584424 0.0470595 
0.811712 3.5863887 0.1028565 
0.811802 3.6548820 0.0687993 
0.811892 3.6476048 0.0288978 
0.811983 3.6344503 0.0153001 
0.812073 3.6251179 0.0098097 
0.812164 3.6184222 0.0070997 
0.812254 3.6133315 0.0055527 
0.812345 3.6092629 0.0045720 
0.812435 3.6058848 0.0038999 
0.812525 3.6029985 0.0034110 
0.812616 3.6004780 0.0030387 
0.812706 3.5982401 0.0027445 
0.812797 3.5962267 0.0025053 
0.812887 3.5943966 0.0023061 
0.812977 3.5927190 0.0021369 
0.813068 3.5911706 0.0019911 
0.813158 3.5897332 0.0018637 
0.813249 3.5883924 0.0017511 
0.813339 3.5871367 0.0016508 
0.813430 3.5859564 0.0015607 
0.813520 3.5848435 0.0014791 
0.813610 3.5837915 0.0014049 
0.813701 3.5827945 0.0013371 
0.813791 3.5818477 0.0012748 
0.813882 3.5809468 0.0012173 
0.813972 3.5800881 0.0011641 
0.814063 3.5792682 0.0011148 
0.814153 3.5784844 0.0010688 
0.814243 3.5777340 0.0010259 
0.814334 3.5770147 0.0009858 
0.814424 3.5763244 0.0009482 
0.814515 3.5756612 0.0009129 
0.814605 3.5750235 0.0008796 
0.814695 3.5744096 0.0008483 
0.814786 3.5738183 0.0008187 
0.814876 3.5732480 0.0007907 
0.814967 3.5726978 0.0007643 
0.815057 3.5721664 0.0007392 
0.815148 3.5716530 0.0007154 
0.815238 3.5711564 0.0006927 
0.815328 3.5706759 0.0006712 
0.815419 3.5702107 0.0006507 
0.815509 3.5697600 0.0006312 
0.815600 3.5693231 0.0006125 
0.815690 3.5688993 0.0005948 
0.815780 3.5684881 0.0005778 
0.815871 3.5680889 0.0005615 
0.815961 3.5677012 0.0005460 
0.816052 3.5673244 0.0005311 
0.816142 3.5669580 0.0005168 
0.816233 3.5666017 0.0005031 
0.816323 3.5662550 0.0004900 
0.816413 3.5659175 0.0004774 
0.816504 3.5655889 0.0004652 
0.816594 3.5652688 0.0004536 
0.816685 3.5649568 0.0004424 
0.816775 3.5646526 0.0004316 
0.816866 3.5643560 0.0004212 
0.816956 3.5640667 0.0004112 
0.817046 3.5637844 0.0004015 
0.817137 3.5635088 0.0003922 
0.817227 3.5632397 0.0003832 
0.817318 3.5629768 0.0003746 
0.817408 3.5627200 0.0003662 
0.817498 3.5624691 0.0003581 
0.817589 3.5622237 0.0003503 
0.817679 3.5619838 0.0003427 
0.817770 3.5617492 0.0003354 
0.817860 3.5615197 0.0003283 
0.817951 3.5612951 0.0003215 
0.818041 3.5610752 0.0003148 
0.818131 3.5608600 0.0003084 
0.818222 3.5606492 0.0003022 
0.818312 3.5604427 0.0002961 
0.818403 3.5602405 0.0002903 
0.818493 3.5600423 0.0002846 
0.818584 3.5598480 0.0002791 
0.818674 3.5596576 0.0002737 
0.818764 3.5594709 0.0002685 
0.818855 3.5592878 0.0002634 
0.818945 3.5591082 0.0002585 
0.819036 3.5589319 0.0002538 
0.819126 3.5587590 0.0002491 
0.819216 3.5585893 0.0002446 
0.819307 3.5584227 0.0002402 
0.819397 3.5582592 0.0002360 
0.819488 3.5580986 0.0002318 
0.819578 3.5579409 0.0002278 
0.819669 3.5577859 0.0002238 
0.819759 3.5576337 0.0002200 
0.819849 3.5574842 0.0002163 
0.819940 3.5573372 0.0002126 
0.820030 3.5571927 0.0002091 
0.820121 3.5570507 0.0002056 
0.820211 3.5569110 0.0002023 
0.820302 3.5567737 0.0001990 
0.820392 3.5566387 0.0001958 
0.820482 3.5565058 0.0001926 
0.820573 3.5563752 0.0001896 
0.820663 3.5562466 0.0001866 
0.820754 3.5561201 0.0001837 
0.820844 3.5559956 0.0001808 
0.820934 3.5558730 0.0001781 
0.821025 3.5557524 0.0001754 
0.821115 3.5556336 0.0001727 
0.821206 3.5555167 0.0001701 
0.821296 3.5554015 0.0001676 
0.821387 3.5552881 0.0001651 
0.821477 3.5551764 0.0001627 
0.821567 3.5550663 0.0001603 
0.821658 3.5549579 0.0001580 
0.821748 3.5548510 0.0001558 
0.821839 3.5547458 0.0001535 
0.821929 3.5546420 0.0001514 
0.822020 3.5545397 0.0001493 
0.822110 3.5544389 0.0001472 
0.822200 3.5543395 0.0001452 
0.822291 3.5542415 0.0001432 
0.822381 3.5541449 0.0001412 
0.822472 3.5540496 0.0001393 
0.822562 3.5539556 0.0001374 
0.822652 3.5538629 0.0001356 
0.822743 3.5537715 0.0001338 
0.822833 3.5536813 0.0001321 
0.822924 3.5535923 0.0001303 
0.823014 3.5535045 0.0001286 
0.823105 3.5534178 0.0001270 
0.823195 3.5533323 0.0001254 
0.823285 3.5532479 0.0001238 
0.823376 3.5531646 0.0001222 
0.823466 3.5530823 0.0001207 
0.823557 3.5530011 0.0001192 
0.823647 3.5529210 0.0001177 
0.823738 3.5528418 0.0001162 
0.823828 3.5527637 0.0001148 
0.823918 3.5526865 0.0001134 
0.824009 3.5526103 0.0001121 
0.824099 3.5525350 0.0001107 
0.824190 3.5524606 0.0001094 
0.824280 3.5523871 0.0001081 
0.824370 3.5523145 0.0001068 
0.824461 3.5522428 0.0001056 
0.824551 3.5521720 0.0001044 
0.824642 3.5521020 0.0001031 
0.824732 3.5520328 0.0001020 
0.824823 3.5519644 0.0001008 
0.824913 3.5518968 0.0000997 
0.825003 3.5518300 0.0000985 
0.825094 3.5517640 0.0000974 
0.825184 3.5516987 0.0000963 
0.825275 3.5516342 0.0000953 
0.825365 3.5515704 0.0000942 
0.825455 3.5515073 0.0000932 
0.825546 3.5514449 0.0000922 
0.825636 3.5513832 0.0000912 
0.825727 3.5513222 0.0000902 
0.825817 3.5512619 0.0000892 
0.825908 3.5512022 0.0000883 
0.825998 3.5511432 0.0000873 
0.826088 3.5510848 0.0000864 
0.826179 3.5510271 0.0000855 
0.826269 3.5509700 0.0000846 
0.826360 3.5509134 0.0000837 
0.826450 3.5508575 0.0000829 
0.826541 3.5508022 0.0000820 
0.826631 3.5507474 0.0000812 
0.826721 3.5506932 0.0000804 
0.826812 3.5506396 0.0000796 
0.826902 3.5505865 0.0000788 
0.826993 3.5505340 0.0000780 
0.827083 3.5504820 0.0000772 
0.827173 3.5504306 0.0000764 
0.827264 3.5503796 0.0000757 
0.827354 3.5503292 0.0000749 
0.827445 3.5502793 0.0000742 
0.827535 3.5502298 0.0000735 
0.827626 3.5501809 0.0000728 
0.827716 3.5501324 0.0000721 
0.827806 3.5500845 0.0000714 
0.827897 3.5500370 0.0000707 
0.827987 3.5499899 0.0000700 
0.828078 3.5499433 0.0000694 
0.828168 3.5498972 0.0000687 
0.828259 3.5498515 0.0000681 
0.828349 3.5498062 0.0000675 
0.828439 3.5497614 0.0000668 
0.828530 3.5497169 0.0000662 
0.828620 3.5496729 0.0000656 
0.828711 3.5496294 0.0000650 
0.828801 3.5495862 0.0000644 
0.828891 3.5495434 0.0000639 
0.828982 3.5495010 0.0000633 
0.829072 3.5494590 0.0000627 
0.829163 3.5494174 0.0000622 
0.829253 3.5493762 0.0000616 
0.829344 3.5493353 0.0000611 
0.829434 3.5492948 0.0000605 
0.829524 3.5492547 0.0000600 
0.829615 3.5492149 0.0000595 
0.829705 3.5491755 0.0000590 
0.829796 3.5491364 0.0000585 
0.829886 3.5490977 0.0000580 
0.829977 3.5490593 0.0000575 
0.830067 3.5490213 0.0000570 
0.830157 3.5489835 0.0000565 
0.830248 3.5489461 0.0000560 
0.830338 3.5489091 0.0000556 
0.830429 3.5488723 0.0000551 
0.830519 3.5488359 0.0000547 
0.830609 3.5487997 0.0000542 
0.830700 3.5487639 0.0000538 
0.830790 3.5487284 0.0000533 
0.830881 3.5486932 0.0000529 
0.830971 3.5486583 0.0000525 
0.831062 3.5486236 0.0000520 
0.831152 3.5485893 0.0000516 
0.831242 3.5485552 0.0000512 
0.831333 3.5485214 0.0000508 
0.831423 3.5484879 0.0000504 
0.831514 3.5484547 0.0000500 
0.831604 3.5484217 0.0000496 
0.831695 3.5483890 0.0000492 
0.831785 3.5483566 0.0000488 
0.831875 3.5483244 0.0000484 
0.831966 3.5482925 0.0000481 
0.832056 3.5482609 0.0000477 
0.832147 3.5482294 0.0000473 
0.832237 3.5481983 0.0000470 
0.832327 3.5481674 0.0000466 
0.832418 3.5481367 0.0000463 
0.832508 3.5481063 0.0000459 
0.832599 3.5480761 0.0000456 
0.832689 3.5480461 0.0000452 
0.832780 3.5480164 0.0000449 
0.832870 3.5479869 0.0000445 
0.832960 3.5479576 0.0000442 
0.833051 3.5479285 0.0000439 
0.833141 3.5478997 0.0000436 
0.833232 3.5478711 0.0000432 
0.833322 3.5478427 0.0000429 
0.833412 3.5478145 0.0000426 
0.833503 3.5477865 0.0000423 
0.833593 3.5477588 0.0000420 
0.833684 3.5477312 0.0000417 
0.833774 3.5477039 0.0000414 
0.833865 3.5476767 0.0000411 
0.833955 3.5476498 0.0000408 
0.834045 3.5476230 0.0000405 
0.834136 3.5475964 0.0000402 
0.834226 3.5475701 0.0000400 
0.834317 3.5475439 0.0000397 
0.834407 3.5475179 0.0000394 
0.834498 3.5474921 0.0000391 
0.834588 3.5474665 0.0000389 
0.834678 3.5474411 0.0000386 
0.834769 3.5474158 0.0000383 
0.834859 3.5473907 0.0000381 
0.834950 3.5473659 0.0000378 
0.835040 3.5473411 0.0000375 
0.835130 3.5473166 0.0000373 
0.835221 3.5472922 0.0000370 
0.835311 3.5472680 0.0000368 
0.835402 3.5472440 0.0000365 
0.835492 3.5472201 0.0000363 
0.835583 3.5471964 0.0000361 
0.835673 3.5471729 0.0000358 
0.835763 3.5471495 0.0000356 
0.835854 3.5471262 0.0000353 
0.835944 3.5471032 0.0000351 
0.836035 3.5470803 0.0000349 
0.836125 3.5470575 0.0000347 
0.836216 3.5470349 0.0000344 
0.836306 3.5470125 0.0000342 
0.836396 3.5469902 0.0000340 
0.836487 3.5469680 0.0000338 
0.836577 3.5469460 0.0000336 
0.836668 3.5469242 0.0000333 
0.836758 3.5469025 0.0000331 
0.836848 3.5468809 0.0000329 
0.836939 3.5468595 0.0000327 
0.837029 3.5468382 0.0000325 
0.837120 3.5468170 0.0000323 
0.837210 3.5467960 0.0000321 
0.837301 3.5467751 0.0000319 
0.837391 3.5467544 0.0000317 
0.837481 3.5467338 0.0000315 
0.837572 3.5467133 0.0000313 
0.837662 3.5466930 0.0000311 
0.837753 3.5466727 0.0000309 
0.837843 3.5466527 0.0000307 
0.837934 3.5466327 0.0000305 
0.838024 3.5466129 0.0000304 
0.838114 3.5465931 0.0000302 
0.838205 3.5465736 0.0000300 
0.838295 3.5465541 0.0000298 
0.838386 3.5465348 0.0000296 
0.838476 3.5465155 0.0000295 
0.838566 3.5464964 0.0000293 
0.838657 3.5464774 0.0000291 
0.838747 3.5464586 0.0000289 
0.838838 3.5464398 0.0000288 
0.838928 3.5464212 0.0000286 
0.839019 3.5464027 0.0000284 
0.839109 3.5463842 0.0000283 
0.839199 3.5463659 0.0000281 
0.839290 3.5463477 0.0000279 
0.839380 3.5463297 0.0000278 
0.839471 3.5463117 0.0000276 
0.839561 3.5462938 0.0000275 
0.839652 3.5462761 0.0000273 
0.839742 3.5462584 0.0000271 
0.839832 3.5462409 0.0000270 
0.839923 3.5462234 0.0000268 
0.840013 3.5462061 0.0000267 
0.840104 3.5461888 0.0000265 
0.840194 3.5461717 0.0000264 
0.840284 3.5461547 0.0000262 
0.840375 3.5461377 0.0000261 
0.840465 3.5461209 0.0000259 
0.840556 3.5461041 0.0000258 
0.840646 3.5460875 0.0000257 
0.840737 3.5460710 0.0000255 
0.840827 3.5460545 0.0000254 
0.840917 3.5460381 0.0000252 
0.841008 3.5460219 0.0000251 
0.841098 3.5460057 0.0000250 
0.841189 3.5459896 0.0000248 
0.841279 3.5459736 0.0000247 
0.841369 3.5459577 0.0000246 
0.841460 3.5459419 0.0000244 
0.841550 3.5459262 0.0000243 
0.841641 3.5459106 0.0000242 
0.841731 3.5458950 0.0000240 
0.841822 3.5458795 0.0000239 
0.841912 3.5458642 0.0000238 
0.842002 3.5458489 0.0000236 
0.842093 3.5458337 0.0000235 
0.842183 3.5458185 0.0000234 
0.842274 3.5458035 0.0000233 
0.842364 3.5457886 0.0000232 
0.842455 3.5457737 0.0000230 
0.842545 3.5457589 0.0000229 
0.842635 3.5457442 0.0000228 
0.842726 3.5457295 0.0000227 
0.842816 3.5457150 0.0000226 
0.842907 3.5457005 0.0000224 
0.842997 3.5456861 0.0000223 
0.843087 3.5456718 0.0000222 
0.843178 3.5456575 0.0000221 
0.843268 3.5456434 0.0000220 
0.843359 3.5456293 0.0000219 
0.843449 3.5456153 0.0000218 
0.843540 3.5456013 0.0000217 
0.843630 3.5455874 0.0000215 
0.843720 3.5455737 0.0000214 
0.843811 3.5455599 0.0000213 
0.843901 3.5455463 0.0000212 
0.843992 3.5455327 0.0000211 
0.844082 3.5455192 0.0000210 
0.844173 3.5455057 0.0000209 
0.844263 3.5454924 0.0000208 
0.844353 3.5454791 0.0000207 
0.844444 3.5454658 0.0000206 
0.844534 3.5454527 0.0000205 
0.844625 3.5454396 0.0000204 
0.844715 3.5454265 0.0000203 
0.844805 3.5454136 0.0000202 
0.844896 3.5454007 0.0000201 
0.844986 3.5453878 0.0000200 
0.845077 3.5453751 0.0000199 
0.845167 3.5453624 0.0000198 
0.845258 3.5453497 0.0000197 
0.845348 3.5453371 0.0000196 
0.845438 3.5453246 0.0000195 
0.845529 3.5453122 0.0000194 
0.845619 3.5452998 0.0000193 
0.845710 3.5452875 0.0000192 
0.845800 3.5452752 0.0000192 
0.845891 3.5452630 0.0000191 
0.845981 3.5452508 0.0000190 
0.846071 3.5452388 0.0000189 
0.846162 3.5452267 0.0000188 
0.846252 3.5452148 0.0000187 
0.846343 3.5452029 0.0000186 
0.846433 3.5451910 0.0000185 
0.846523 3.5451792 0.0000184 
0.846614 3.5451675 0.0000184 
0.846704 3.5451558 0.0000183 
0.846795 3.5451442 0.0000182 
0.846885 3.5451326 0.0000181 
0.846976 3.5451211 0.0000180 
0.847066 3.5451096 0.0000179 
0.847156 3.5450982 0.0000179 
0.847247 3.5450869 0.0000178 
0.847337 3.5450756 0.0000177 
0.847428 3.5450644 0.0000176 
0.847518 3.5450532 0.0000175 
0.847609 3.5450420 0.0000175 
0.847699 3.5450310 0.0000174 
0.847789 3.5450199 0.0000173 
0.847880 3.5450090 0.0000172 
0.847970 3.5449980 0.0000172 
0.848061 3.5449872 0.0000171 
0.848151 3.5449763 0.0000170 
0.848241 3.5449656 0.0000169 
0.848332 3.5449548 0.0000169 
0.848422 3.5449442 0.0000168 
0.848513 3.5449335 0.0000167 
0.848603 3.5449230 0.0000166 
0.848694 3.5449124 0.0000166 
0.848784 3.5449020 0.0000165 
0.848874 3.5448915 0.0000164 
0.848965 3.5448812 0.0000163 
0.849055 3.5448708 0.0000163 
0.849146 3.5448605 0.0000162 
0.849236 3.5448503 0.0000161 
0.849326 3.5448401 0.0000161 
0.849417 3.5448299 0.0000160 
0.849507 3.5448198 0.0000159 
0.849598 3.5448098 0.0000159 
0.849688 3.5447998 0.0000158 
0.849779 3.5447898 0.0000157 
0.849869 3.5447799 0.0000157 
0.849959 3.5447700 0.0000156 
0.850050 3.5447602 0.0000155 
0.850140 3.5447504 0.0000155 
0.850231 3.5447406 0.0000154 
0.850321 3.5447309 0.0000153 
0.850412 3.5447212 0.0000153 
0.850502 3.5447116 0.0000152 
0.850592 3.5447020 0.0000151 
0.850683 3.5446925 0.0000151 
0.850773 3.5446830 0.0000150 
0.850864 3.5446736 0.0000149 
0.850954 3.5446642 0.0000149 
0.851044 3.5446548 0.0000148 
0.851135 3.5446454 0.0000148 
0.851225 3.5446362 0.0000147 
0.851316 3.5446269 0.0000146 
0.851406 3.5446177 0.0000146 
0.851497 3.5446085 0.0000145 
0.851587 3.5445994 0.0000145 
0.851677 3.5445903 0.0000144 
0.851768 3.5445812 0.0000143 
0.851858 3.5445722 0.0000143 
0.851949 3.5445633 0.0000142 
0.852039 3.5445543 0.0000142 
0.852130 3.5445454 0.0000141 
0.852220 3.5445365 0.0000141 
0.852310 3.5445277 0.0000140 
0.852401 3.5445189 0.0000140 
0.852491 3.5445102 0.0000139 
0.852582 3.5445015 0.0000138 
0.852672 3.5444928 0.0000138 
0.852762 3.5444841 0.0000137 
0.852853 3.5444755 0.0000137 
0.852943 3.5444670 0.0000136 
0.853034 3.5444584 0.0000136 
0.853124 3.5444499 0.0000135 
0.853215 3.5444415 0.0000135 
0.853305 3.5444330 0.0000134 
0.853395 3.5444246 0.0000134 
0.853486 3.5444163 0.0000133 
0.853576 3.5444079 0.0000133 
0.853667 3.5443996 0.0000132 
0.853757 3.5443914 0.0000132 
0.853848 3.5443832 0.0000131 
0.853938 3.5443750 0.0000131 
0.854028 3.5443668 0.0000130 
0.854119 3.5443587 0.0000130 
0.854209 3.5443506 0.0000129 
0.854300 3.5443425 0.0000129 
0.854390 3.5443345 0.0000128 
0.854480 3.5443265 0.0000128 
0.854571 3.5443185 0.0000127 
0.854661 3.5443106 0.0000127 
0.854752 3.5443027 0.0000126 
0.854842 3.5442948 0.0000126 
0.854933 3.5442870 0.0000125 
0.855023 3.5442792 0.0000125 
0.855113 3.5442714 0.0000124 
0.855204 3.5442636 0.0000124 
0.855294 3.5442559 0.0000123 
0.855385 3.5442482 0.0000123 
0.855475 3.5442406 0.0000122 
0.855566 3.5442330 0.0000122 
0.855656 3.5442254 0.0000122 
0.855746 3.5442178 0.0000121 
0.855837 3.5442103 0.0000121 
0.855927 3.5442027 0.0000120 
0.856018 3.5441953 0.0000120 
0.856108 3.5441878 0.0000119 
0.856198 3.5441804 0.0000119 
0.856289 3.5441730 0.0000118 
0.856379 3.5441656 0.0000118 
0.856470 3.5441583 0.0000118 
0.856560 3.5441510 0.0000117 
0.856651 3.5441437 0.0000117 
0.856741 3.5441365 0.0000116 
0.856831 3.5441292 0.0000116 
0.856922 3.5441220 0.0000115 
0.857012 3.5441149 0.0000115 
0.857103 3.5441077 0.0000115 
0.857193 3.5441006 0.0000114 
0.857284 3.5440935 0.0000114 
0.857374 3.5440865 0.0000113 
0.857464 3.5440794 0.0000113 
0.857555 3.5440724 0.0000113 
0.857645 3.5440654 0.0000112 
0.857736 3.5440585 0.0000112 
0.857826 3.5440516 0.0000111 
0.857916 3.5440447 0.0000111 
0.858007 3.5440378 0.0000111 
0.858097 3.5440309 0.0000110 
0.858188 3.5440241 0.0000110 
0.858278 3.5440173 0.0000110 
0.858369 3.5440105 0.0000109 
0.858459 3.5440038 0.0000109 
0.858549 3.5439970 0.0000108 
0.858640 3.5439903 0.0000108 
0.858730 3.5439836 0.0000108 
0.858821 3.5439770 0.0000107 
0.858911 3.5439704 0.0000107 
0.859001 3.5439638 0.0000107 
0.859092 3.5439572 0.0000106 
0.859182 3.5439506 0.0000106 
0.859273 3.5439441 0.0000105 
0.859363 3.5439376 0.0000105 
0.859454 3.5439311 0.0000105 
0.859544 3.5439246 0.0000104 
0.859634 3.5439182 0.0000104 
0.859725 3.5439118 0.0000104 
0.859815 3.5439054 0.0000103 
0.859906 3.5438990 0.0000103 
0.859996 3.5438927 0.0000103 
0.860087 3.5438863 0.0000102 
0.860177 3.5438800 0.0000102 
0.860267 3.5438737 0.0000102 
0.860358 3.5438675 0.0000101 
0.860448 3.5438612 0.0000101 
0.860539 3.5438550 0.0000101 
0.860629 3.5438488 0.0000100 
0.860719 3.5438427 0.0000100 
0.860810 3.5438365 0.0000100 
0.860900 3.5438304 0.0000099 
0.860991 3.5438243 0.0000099 
0.861081 3.5438182 0.0000099 
0.861172 3.5438121 0.0000098 
0.861262 3.5438061 0.0000098 
0.861352 3.5438001 0.0000098 
0.861443 3.5437941 0.0000097 
0.861533 3.5437881 0.0000097 
0.861624 3.5437821 0.0000097 
0.861714 3.5437762 0.0000096 
0.861805 3.5437703 0.0000096 
0.861895 3.5437644 0.0000096 
0.861985 3.5437585 0.0000095 
0.862076 3.5437526 0.0000095 
0.862166 3.5437468 0.0000095 
0.862257 3.5437410 0.0000095 
0.862347 3.5437352 0.0000094 
0.862437 3.5437294 0.0000094 
0.862528 3.5437237 0.0000094 
0.862618 3.5437179 0.0000093 
0.862709 3.5437122 0.0000093 
0.862799 3.5437065 0.0000093 
0.862890 3.5437008 0.0000092 
0.862980 3.5436952 0.0000092 
0.863070 3.5436895 0.0000092 
0.863161 3.5436839 0.0000092 
0.863251 3.5436783 0.0000091 
0.863342 3.5436727 0.0000091 
0.863432 3.5436671 0.0000091 
0.863523 3.5436616 0.0000090 
0.863613 3.5436561 0.0000090 
0.863703 3.5436506 0.0000090 
0.863794 3.5436451 0.0000090 
0.863884 3.5436396 0.0000089 
0.863975 3.5436341 0.0000089 
0.864065 3.5436287 0.0000089 
0.864155 3.5436233 0.0000089 
0.864246 3.5436179 0.0000088 
0.864336 3.5436125 0.0000088 
0.864427 3.5436071 0.0000088 
0.864517 3.5436018 0.0000087 
0.864608 3.5435964 0.0000087 
0.864698 3.5435911 0.0000087 
0.864788 3.5435858 0.0000087 
0.864879 3.5435805 0.0000086 
0.864969 3.5435753 0.0000086 
0.865060 3.5435700 0.0000086 
0.865150 3.5435648 0.0000086 
0.865241 3.5435596 0.0000085 
0.865331 3.5435544 0.0000085 
0.865421 3.5435492 0.0000085 
0.865512 3.5435441 0.0000085 
0.865602 3.5435389 0.0000084 
0.865693 3.5435338 0.0000084 
0.865783 3.5435287 0.0000084 
0.865873 3.5435236 0.0000084 
0.865964 3.5435185 0.0000083 
0.866054 3.5435134 0.0000083 
0.866145 3.5435084 0.0000083 
0.866235 3.5435034 0.0000083 
0.866326 3.5434983 0.0000082 
0.866416 3.5434933 0.0000082 
0.866506 3.5434884 0.0000082 
0.866597 3.5434834 0.0000082 
0.866687 3.5434784 0.0000081 
0.866778 3.5434735 0.0000081 
0.866868 3.5434686 0.0000081 
0.866958 3.5434637 0.0000081 
0.867049 3.5434588 0.0000080 
0.867139 3.5434539 0.0000080 
0.867230 3.5434491 0.0000080 
0.867320 3.5434442 0.0000080 
0.867411 3.5434394 0.0000079 
0.867501 3.5434346 0.0000079 
0.867591 3.5434298 0.0000079 
0.867682 3.5434250 0.0000079 
0.867772 3.5434202 0.0000079 
0.867863 3.5434155 0.0000078 
0.867953 3.5434107 0.0000078 
0.868044 3.5434060 0.0000078 
0.868134 3.5434013 0.0000078 
0.868224 3.5433966 0.0000077 
0.868315 3.5433919 0.0000077 
0.868405 3.5433872 0.0000077 
0.868496 3.5433826 0.0000077 
0.868586 3.5433780 0.0000077 
0.868676 3.5433733 0.0000076 
0.868767 3.5433687 0.0000076 
0.868857 3.5433641 0.0000076 
0.868948 3.5433595 0.0000076 
0.869038 3.5433550 0.0000075 
0.869129 3.5433504 0.0000075 
0.869219 3.5433459 0.0000075 
0.869309 3.5433413 0.0000075 
0.869400 3.5433368 0.0000075 
0.869490 3.5433323 0.0000074 
0.869581 3.5433278 0.0000074 
0.869671 3.5433234 0.0000074 
0.869762 3.5433189 0.0000074 
0.869852 3.5433145 0.0000074 
0.869942 3.5433100 0.0000073 
0.870033 3.5433056 0.0000073 
0.870123 3.5433012 0.0000073 
0.870214 3.5432968 0.0000073 
0.870304 3.5432924 0.0000073 
0.870394 3.5432881 0.0000072 
0.870485 3.5432837 0.0000072 
0.870575 3.5432794 0.0000072 
0.870666 3.5432750 0.0000072 
0.870756 3.5432707 0.0000072 
0.870847 3.5432664 0.0000071 
0.870937 3.5432621 0.0000071 
0.871027 3.5432578 0.0000071 
0.871118 3.5432536 0.0000071 
0.871208 3.5432493 0.0000071 
0.871299 3.5432451 0.0000070 
0.871389 3.5432409 0.0000070 
0.871480 3.5432366 0.0000070 
0.871570 3.5432324 0.0000070 
0.871660 3.5432282 0.0000070 
0.871751 3.5432241 0.0000069 
0.871841 3.5432199 0.0000069 
0.871932 3.5432157 0.0000069 
0.872022 3.5432116 0.0000069 
0.872112 3.5432075 0.0000069 
0.872203 3.5432033 0.0000069 
0.872293 3.5431992 0.0000068 
0.872384 3.5431951 0.0000068 
0.872474 3.5431911 0.0000068 
0.872565 3.5431870 0.0000068 
0.872655 3.5431829 0.0000068 
0.872745 3.5431789 0.0000067 
0.872836 3.5431748 0.0000067 
0.872926 3.5431708 0.0000067 
0.873017 3.5431668 0.0000067 
0.873107 3.5431628 0.0000067 
0.873198 3.5431588 0.0000067 
0.873288 3.5431548 0.0000066 
0.873378 3.5431509 0.0000066 
0.873469 3.5431469 0.0000066 
0.873559 3.5431429 0.0000066 
0.873650 3.5431390 0.0000066 
0.873740 3.5431351 0.0000066 
0.873830 3.5431312 0.0000065 
0.873921 3.5431273 0.0000065 
0.874011 3.5431234 0.0000065 
0.874102 3.5431195 0.0000065 
0.874192 3.5431156 0.0000065 
0.874283 3.5431118 0.0000065 
0.874373 3.5431079 0.0000064 
0.874463 3.5431041 0.0000064 
0.874554 3.5431003 0.0000064 
0.874644 3.5430964 0.0000064 
0.874735 3.5430926 0.0000064 
0.874825 3.5430888 0.0000064 
0.874915 3.5430850 0.0000063 
0.875006 3.5430813 0.0000063 
0.875096 3.5430775 0.0000063 
0.875187 3.5430738 0.0000063 
0.875277 3.5430700 0.0000063 
0.875368 3.5430663 0.0000063 
0.875458 3.5430626 0.0000062 
0.875548 3.5430588 0.0000062 
0.875639 3.5430551 0.0000062 
0.875729 3.5430514 0.0000062 
0.875820 3.5430478 0.0000062 
0.875910 3.5430441 0.0000062 
0.876001 3.5430404 0.0000061 
0.876091 3.5430368 0.0000061 
0.876181 3.5430331 0.0000061 
0.876272 3.5430295 0.0000061 
0.876362 3.5430259 0.0000061 
0.876453 3.5430223 0.0000061 
0.876543 3.5430187 0.0000061 
0.876633 3.5430151 0.0000060 
0.876724 3.5430115 0.0000060 
0.876814 3.5430079 0.0000060 
0.876905 3.5430043 0.0000060 
0.876995 3.5430008 0.0000060 
0.877086 3.5429972 0.0000060 
0.877176 3.5429937 0.0000060 
0.877266 3.5429902 0.0000059 
0.877357 3.5429867 0.0000059 
0.877447 3.5429831 0.0000059 
0.877538 3.5429796 0.0000059 
0.877628 3.5429762 0.0000059 
0.877719 3.5429727 0.0000059 
0.877809 3.5429692 0.0000059 
0.877899 3.5429657 0.0000058 
0.877990 3.5429623 0.0000058 
0.878080 3.5429588 0.0000058 
0.878171 3.5429554 0.0000058 
0.878261 3.5429520 0.0000058 
0.878351 3.5429486 0.0000058 
0.878442 3.5429452 0.0000058 
0.878532 3.5429418 0.0000057 
0.878623 3.5429384 0.0000057 
0.878713 3.5429350 0.0000057 
0.878804 3.5429316 0.0000057 
0.878894 3.5429283 0.0000057 
0.878984 3.5429249 0.0000057 
0.879075 3.5429215 0.0000057 
0.879165 3.5429182 0.0000056 
0.879256 3.5429149 0.0000056 
0.879346 3.5429116 0.0000056 
0.879437 3.5429082 0.0000056 
0.879527 3.5429049 0.0000056 
0.879617 3.5429017 0.0000056 
0.879708 3.5428984 0.0000056 
0.879798 3.5428951 0.0000056 
0.879889 3.5428918 0.0000055 
0.879979 3.5428886 0.0000055 
0.880069 3.5428853 0.0000055 
0.880160 3.5428821 0.0000055 
0.880250 3.5428788 0.0000055 
0.880341 3.5428756 0.0000055 
0.880431 3.5428724 0.0000055 
0.880522 3.5428692 0.0000054 
0.880612 3.5428660 0.0000054 
0.880702 3.5428628 0.0000054 
0.880793 3.5428596 0.0000054 
0.880883 3.5428564 0.0000054 
0.880974 3.5428532 0.0000054 
0.881064 3.5428501 0.0000054 
0.881155 3.5428469 0.0000054 
0.881245 3.5428438 0.0000053 
0.881335 3.5428406 0.0000053 
0.881426 3.5428375 0.0000053 
0.881516 3.5428344 0.0000053 
0.881607 3.5428313 0.0000053 
0.881697 3.5428281 0.0000053 
0.881787 3.5428250 0.0000053 
0.881878 3.5428220 0.0000053 
0.881968 3.5428189 0.0000053 
0.882059 3.5428158 0.0000052 
0.882149 3.5428127 0.0000052 
0.882240 3.5428097 0.0000052 
0.882330 3.5428066 0.0000052 
0.882420 3.5428036 0.0000052 
0.882511 3.5428005 0.0000052 
0.882601 3.5427975 0.0000052 
0.882692 3.5427945 0.0000052 
0.882782 3.5427914 0.0000051 
0.882872 3.5427884 0.0000051 
0.882963 3.5427854 0.0000051 
0.883053 3.5427824 0.0000051 
0.883144 3.5427795 0.0000051 
0.883234 3.5427765 0.0000051 
0.883325 3.5427735 0.0000051 
0.883415 3.5427705 0.0000051 
0.883505 3.5427676 0.0000051 
0.883596 3.5427646 0.0000050 
0.883686 3.5427617 0.0000050 
0.883777 3.5427588 0.0000050 
0.883867 3.5427558 0.0000050 
0.883958 3.5427529 0.0000050 
0.884048 3.5427500 0.0000050 
0.884138 3.5427471 0.0000050 
0.884229 3.5427442 0.0000050 
0.884319 3.5427413 0.0000050 
0.884410 3.5427384 0.0000049 
0.884500 3.5427355 0.0000049 
0.884590 3.5427326 0.0000049 
0.884681 3.5427298 0.0000049 
0.884771 3.5427269 0.0000049 
0.884862 3.5427241 0.0000049 
0.884952 3.5427212 0.0000049 
0.885043 3.5427184 0.0000049 
0.885133 3.5427156 0.0000049 
0.885223 3.5427127 0.0000048 
0.885314 3.5427099 0.0000048 
0.885404 3.5427071 0.0000048 
0.885495 3.5427043 0.0000048 
0.885585 3.5427015 0.0000048 
0.885676 3.5426987 0.0000048 
0.885766 3.5426959 0.0000048 
0.885856 3.5426931 0.0000048 
0.885947 3.5426904 0.0000048 
0.886037 3.5426876 0.0000048 
0.886128 3.5426848 0.0000047 
0.886218 3.5426821 0.0000047 
0.886308 3.5426793 0.0000047 
0.886399 3.5426766 0.0000047 
0.886489 3.5426739 0.0000047 
0.886580 3.5426711 0.0000047 
0.886670 3.5426684 0.0000047 
0.886761 3.5426657 0.0000047 
0.886851 3.5426630 0.0000047 
0.886941 3.5426603 0.0000047 
0.887032 3.5426576 0.0000046 
0.887122 3.5426549 0.0000046 
0.887213 3.5426522 0.0000046 
0.887303 3.5426496 0.0000046 
0.887394 3.5426469 0.0000046 
0.887484 3.5426442 0.0000046 
0.887574 3.5426416 0.0000046 
0.887665 3.5426389 0.0000046 
0.887755 3.5426363 0.0000046 
0.887846 3.5426336 0.0000046 
0.887936 3.5426310 0.0000045 
0.888026 3.5426284 0.0000045 
0.888117 3.5426258 0.0000045 
0.888207 3.5426231 0.0000045 
0.888298 3.5426205 0.0000045 
0.888388 3.5426179 0.0000045 
0.888479 3.5426153 0.0000045 
0.888569 3.5426127 0.0000045 
0.888659 3.5426102 0.0000045 
0.888750 3.5426076 0.0000045 
0.888840 3.5426050 0.0000044 
0.888931 3.5426024 0.0000044 
0.889021 3.5425999 0.0000044 
0.889112 3.5425973 0.0000044 
0.889202 3.5425948 0.0000044 
0.889292 3.5425922 0.0000044 
0.889383 3.5425897 0.0000044 
0.889473 3.5425871 0.0000044 
0.889564 3.5425846 0.0000044 
0.889654 3.5425821 0.0000044 
0.889744 3.5425796 0.0000044 
0.889835 3.5425771 0.0000044 
0.889925 3.5425746 0.0000043 
0.890016 3.5425721 0.0000043 
0.890106 3.5425696 0.0000043 
0.890197 3.5425671 0.0000043 
0.890287 3.5425646 0.0000043 
0.890377 3.5425621 0.0000043 
0.890468 3.5425597 0.0000043 
0.890558 3.5425572 0.0000043 
0.890649 3.5425547 0.0000043 
0.890739 3.5425523 0.0000043 
0.890830 3.5425498 0.0000043 
0.890920 3.5425474 0.0000042 
0.891010 3.5425450 0.0000042 
0.891101 3.5425425 0.0000042 
0.891191 3.5425401 0.0000042 
0.891282 3.5425377 0.0000042 
0.891372 3.5425353 0.0000042 
0.891462 3.5425328 0.0000042 
0.891553 3.5425304 0.0000042 
0.891643 3.5425280 0.0000042 
0.891734 3.5425256 0.0000042 
0.891824 3.5425232 0.0000042 
0.891915 3.5425209 0.0000042 
0.892005 3.5425185 0.0000041 
0.892095 3.5425161 0.0000041 
0.892186 3.5425137 0.0000041 
0.892276 3.5425114 0.0000041 
0.892367 3.5425090 0.0000041 
0.892457 3.5425067 0.0000041 
0.892547 3.5425043 0.0000041 
0.892638 3.5425020 0.0000041 
0.892728 3.5424996 0.0000041 
0.892819 3.5424973 0.0000041 
0.892909 3.5424950 0.0000041 
0.893000 3.5424926 0.0000041 
0.893090 3.5424903 0.0000040 
0.893180 3.5424880 0.0000040 
0.893271 3.5424857 0.0000040 
0.893361 3.5424834 0.0000040 
0.893452 3.5424811 0.0000040 
0.893542 3.5424788 0.0000040 
0.893633 3.5424765 0.0000040 
0.893723 3.5424742 0.0000040 
0.893813 3.5424720 0.0000040 
0.893904 3.5424697 0.0000040 
0.893994 3.5424674 0.0000040 
0.894085 3.5424652 0.0000040 
0.894175 3.5424629 0.0000040 
0.894265 3.5424606 0.0000039 
0.894356 3.5424584 0.0000039 
0.894446 3.5424562 0.0000039 
0.894537 3.5424539 0.0000039 
0.894627 3.5424517 0.0000039 
0.894718 3.5424494 0.0000039 
0.894808 3.5424472 0.0000039 
0.894898 3.5424450 0.0000039 
0.894989 3.5424428 0.0000039 
0.895079 3.5424406 0.0000039 
0.895170 3.5424384 0.0000039 
0.895260 3.5424362 0.0000039 
0.895351 3.5424340 0.0000039 
0.895441 3.5424318 0.0000038 
0.895531 3.5424296 0.0000038 
0.895622 3.5424274 0.0000038 
0.895712 3.5424252 0.0000038 
0.895803 3.5424230 0.0000038 
0.895893 3.5424209 0.0000038 
0.895983 3.5424187 0.0000038 
0.896074 3.5424165 0.0000038 
0.896164 3.5424144 0.0000038 
0.896255 3.5424122 0.0000038 
0.896345 3.5424101 0.0000038 
0.896436 3.5424079 0.0000038 
0.896526 3.5424058 0.0000038 
0.896616 3.5424037 0.0000038 
0.896707 3.5424015 0.0000037 
0.896797 3.5423994 0.0000037 
0.896888 3.5423973 0.0000037 
0.896978 3.5423952 0.0000037 
0.897069 3.5423931 0.0000037 
0.897159 3.5423910 0.0000037 
0.897249 3.5423889 0.0000037 
0.897340 3.5423868 0.0000037 
0.897430 3.5423847 0.0000037 
0.897521 3.5423826 0.0000037 
0.897611 3.5423805 0.0000037 
0.897701 3.5423784 0.0000037 
0.897792 3.5423763 0.0000037 
0.897882 3.5423743 0.0000037 
0.897973 3.5423722 0.0000037 
0.898063 3.5423701 0.0000036 
0.898154 3.5423681 0.0000036 
0.898244 3.5423660 0.0000036 
0.898334 3.5423640 0.0000036 
0.898425 3.5423619 0.0000036 
0.898515 3.5423599 0.0000036 
0.898606 3.5423578 0.0000036 
0.898696 3.5423558 0.0000036 
0.898787 3.5423538 0.0000036 
0.898877 3.5423517 0.0000036 
0.898967 3.5423497 0.0000036 
0.899058 3.5423477 0.0000036 
0.899148 3.5423457 0.0000036 
0.899239 3.5423437 0.0000036 
0.899329 3.5423416 0.0000036 
0.899419 3.5423396 0.0000035 
0.899510 3.5423376 0.0000035 
0.899600 3.5423356 0.0000035 
0.899691 3.5423337 0.0000035 
0.899781 3.5423317 0.0000035 
0.899872 3.5423297 0.0000035 
0.899962 3.5423277 0.0000035 
0.900052 3.5423257 0.0000035 
0.900143 3.5423238 0.0000035 
0.900233 3.5423218 0.0000035 
0.900324 3.5423198 0.0000035 
0.900414 3.5423179 0.0000035 
0.900504 3.5423159 0.0000035 
0.900595 3.5423140 0.0000035 
0.900685 3.5423120 0.0000035 
0.900776 3.5423101 0.0000035 
0.900866 3.5423081 0.0000034 
0.900957 3.5423062 0.0000034 
0.901047 3.5423043 0.0000034 
0.901137 3.5423023 0.0000034 
0.901228 3.5423004 0.0000034 
0.901318 3.5422985 0.0000034 
0.901409 3.5422966 0.0000034 
0.901499 3.5422947 0.0000034 
0.901590 3.5422928 0.0000034 
0.901680 3.5422908 0.0000034 
0.901770 3.5422889 0.0000034 
0.901861 3.5422870 0.0000034 
0.901951 3.5422851 0.0000034 
0.902042 3.5422833 0.0000034 
0.902132 3.5422814 0.0000034 
0.902222 3.5422795 0.0000034 
0.902313 3.5422776 0.0000034 
0.902403 3.5422757 0.0000033 
0.902494 3.5422739 0.0000033 
0.902584 3.5422720 0.0000033 
0.902675 3.5422701 0.0000033 
0.902765 3.5422683 0.0000033 
0.902855 3.5422664 0.0000033 
0.902946 3.5422645 0.0000033 
0.903036 3.5422627 0.0000033 
0.903127 3.5422608 0.0000033 
0.903217 3.5422590 0.0000033 
0.903308 3.5422572 0.0000033 
0.903398 3.5422553 0.0000033 
0.903488 3.5422535 0.0000033 
0.903579 3.5422517 0.0000033 
0.903669 3.5422498 0.0000033 
0.903760 3.5422480 0.0000033 
0.903850 3.5422462 0.0000033 
0.903940 3.5422444 0.0000032 
0.904031 3.5422426 0.0000032 
0.904121 3.5422408 0.0000032 
0.904212 3.5422390 0.0000032 
0.904302 3.5422372 0.0000032 
0.904393 3.5422354 0.0000032 
