3.599989547068678797e-01 3.119752267978011417e+00 0.000000000000000000e+00 3.119752267978011417e+00 0.000000000000000000e+00 2.622062792894119809e+00 0.000000000000000000e+00
3.615990573879262482e-01 3.112058950683055603e+00 0.000000000000000000e+00 3.112058950683055603e+00 0.000000000000000000e+00 2.618272760569070989e+00 0.000000000000000000e+00
3.631996156617823268e-01 3.104528945263747008e+00 0.000000000000000000e+00 3.104528945263747008e+00 0.000000000000000000e+00 2.614551364282342583e+00 0.000000000000000000e+00
3.647993785841014969e-01 3.097162954786440547e+00 0.000000000000000000e+00 3.097162954786440547e+00 0.000000000000000000e+00 2.610899681092586189e+00 0.000000000000000000e+00
3.663992198235738185e-01 3.089951930700667759e+00 0.000000000000000000e+00 3.089951930700667759e+00 0.000000000000000000e+00 2.607313923613747697e+00 0.000000000000000000e+00
3.679989552229946392e-01 3.082891981612903454e+00 0.000000000000000000e+00 3.082891981612903454e+00 0.000000000000000000e+00 2.603792814596731731e+00 0.000000000000000000e+00
3.695994991876704883e-01 3.075974639172002423e+00 0.000000000000000000e+00 3.075974639172002423e+00 0.000000000000000000e+00 2.600332750395738746e+00 0.000000000000000000e+00
3.711995784544728227e-01 3.069201101809430732e+00 0.000000000000000000e+00 3.069201101809430732e+00 0.000000000000000000e+00 2.596934924613261586e+00 0.000000000000000000e+00
3.727989993264697599e-01 3.062567863202964702e+00 0.000000000000000000e+00 3.062567863202964702e+00 0.000000000000000000e+00 2.593598157996996889e+00 0.000000000000000000e+00
3.743998260627985908e-01 3.056062439561443522e+00 0.000000000000000000e+00 3.056062439561443522e+00 0.000000000000000000e+00 2.590316707674160668e+00 0.000000000000000000e+00
3.759996360824273687e-01 3.049690862366122968e+00 0.000000000000000000e+00 3.049690862366122968e+00 0.000000000000000000e+00 2.587094131159907384e+00 0.000000000000000000e+00
3.775993762715168511e-01 3.043445514701855981e+00 0.000000000000000000e+00 3.043445514701855981e+00 0.000000000000000000e+00 2.583927079820886430e+00 0.000000000000000000e+00
3.791988695968657175e-01 3.037323478863231507e+00 0.000000000000000000e+00 3.037323478863231507e+00 0.000000000000000000e+00 2.580814548926284147e+00 0.000000000000000000e+00
3.807991056208901992e-01 3.031317583926291803e+00 0.000000000000000000e+00 3.031317583926291803e+00 0.000000000000000000e+00 2.577753340480776867e+00 0.000000000000000000e+00
3.823999309123882751e-01 3.025425238156790986e+00 0.000000000000000000e+00 3.025425238156790986e+00 0.000000000000000000e+00 2.574742555716456049e+00 0.000000000000000000e+00
3.840000000000000635e-01 3.019648182723959629e+00 0.000000000000000000e+00 3.019648182723959629e+00 0.000000000000000000e+00 2.571783498466171380e+00 0.000000000000000000e+00
3.855991242038216971e-01 3.013983846591040461e+00 0.000000000000000000e+00 3.013983846591040461e+00 0.000000000000000000e+00 2.568875257967810022e+00 0.000000000000000000e+00
3.871995303038347491e-01 3.008421412093180258e+00 0.000000000000000000e+00 3.008421412093180258e+00 0.000000000000000000e+00 2.566012655636453754e+00 0.000000000000000000e+00
3.887998645296639744e-01 3.002962845231474720e+00 0.000000000000000000e+00 3.002962845231474720e+00 0.000000000000000000e+00 2.563197057243554067e+00 0.000000000000000000e+00
3.903999596954487727e-01 2.997605927374860091e+00 0.000000000000000000e+00 2.997605927374860091e+00 0.000000000000000000e+00 2.560427666657266954e+00 0.000000000000000000e+00
3.919996458901121583e-01 2.992348505734879982e+00 0.000000000000000000e+00 2.992348505734879982e+00 0.000000000000000000e+00 2.557703706344090833e+00 0.000000000000000000e+00
3.936000000000000054e-01 2.987184495657612349e+00 0.000000000000000000e+00 2.987184495657612349e+00 0.000000000000000000e+00 2.555022340098584088e+00 0.000000000000000000e+00
3.951996174994023558e-01 2.982115943732005281e+00 0.000000000000000000e+00 2.982115943732005281e+00 0.000000000000000000e+00 2.552384935450096481e+00 0.000000000000000000e+00
3.967995903475645125e-01 2.977136961545064686e+00 0.000000000000000000e+00 2.977136961545064686e+00 0.000000000000000000e+00 2.549788722404332297e+00 0.000000000000000000e+00
3.983997686412493189e-01 2.972245748535399468e+00 0.000000000000000000e+00 2.972245748535399468e+00 0.000000000000000000e+00 2.547233039305554225e+00 0.000000000000000000e+00
4.000000000000000222e-01 2.967440554267325670e+00 0.000000000000000000e+00 2.967440554267325670e+00 0.000000000000000000e+00 2.544717239066229819e+00 0.000000000000000000e+00
4.015988287348652430e-01 2.962723481005137049e+00 0.000000000000000000e+00 2.962723481005137049e+00 0.000000000000000000e+00 2.542242686453421996e+00 0.000000000000000000e+00
4.032000000000000028e-01 2.958081460541449825e+00 0.000000000000000000e+00 2.958081460541449825e+00 0.000000000000000000e+00 2.539802769337555777e+00 0.000000000000000000e+00
4.047994514912581776e-01 2.953524295643140452e+00 0.000000000000000000e+00 2.953524295643140452e+00 0.000000000000000000e+00 2.537402875080526865e+00 0.000000000000000000e+00
4.063996538601477027e-01 2.949042916806074555e+00 0.000000000000000000e+00 2.949042916806074555e+00 0.000000000000000000e+00 2.535038460156513462e+00 0.000000000000000000e+00
4.079991312445908624e-01 2.944639566027619004e+00 0.000000000000000000e+00 2.944639566027619004e+00 0.000000000000000000e+00 2.532710926660096451e+00 0.000000000000000000e+00
4.095990696936860909e-01 2.940309126084540203e+00 0.000000000000000000e+00 2.940309126084540203e+00 0.000000000000000000e+00 2.530417781645139641e+00 0.000000000000000000e+00
4.111993313832010277e-01 2.936050248545595487e+00 0.000000000000000000e+00 2.936050248545595487e+00 0.000000000000000000e+00 2.528158510760377009e+00 0.000000000000000000e+00
4.127997762602838572e-01 2.931861619457297063e+00 0.000000000000000000e+00 2.931861619457297063e+00 0.000000000000000000e+00 2.525932610153450053e+00 0.000000000000000000e+00
4.143988769678131345e-01 2.927745494049347030e+00 0.000000000000000000e+00 2.927745494049347030e+00 0.000000000000000000e+00 2.523741470032474954e+00 0.000000000000000000e+00
4.159992484205087826e-01 2.923693521730289735e+00 0.000000000000000000e+00 2.923693521730289735e+00 0.000000000000000000e+00 2.521580825876445164e+00 0.000000000000000000e+00
4.175993694783039500e-01 2.919708052748744009e+00 0.000000000000000000e+00 2.919708052748744009e+00 0.000000000000000000e+00 2.519452101090402074e+00 0.000000000000000000e+00
4.191990911672820452e-01 2.915787900565698365e+00 0.000000000000000000e+00 2.915787900565698365e+00 0.000000000000000000e+00 2.517354831306649832e+00 0.000000000000000000e+00
4.207996904686752693e-01 2.911928492019081549e+00 0.000000000000000000e+00 2.911928492019081549e+00 0.000000000000000000e+00 2.515286729450873171e+00 0.000000000000000000e+00
4.223996075264971339e-01 2.908132171774902464e+00 0.000000000000000000e+00 2.908132171774902464e+00 0.000000000000000000e+00 2.513249206439137406e+00 0.000000000000000000e+00
4.239986868023637445e-01 2.904397837383716929e+00 0.000000000000000000e+00 2.904397837383716929e+00 0.000000000000000000e+00 2.511241824530422218e+00 0.000000000000000000e+00
4.255996924302132278e-01 2.900717749743384477e+00 0.000000000000000000e+00 2.900717749743384477e+00 0.000000000000000000e+00 2.509260564435145113e+00 0.000000000000000000e+00
4.271995865276940751e-01 2.897097631317304689e+00 0.000000000000000000e+00 2.897097631317304689e+00 0.000000000000000000e+00 2.507308643443900031e+00 0.000000000000000000e+00
4.287996901176584497e-01 2.893533177050334526e+00 0.000000000000000000e+00 2.893533177050334526e+00 0.000000000000000000e+00 2.505383876713390467e+00 0.000000000000000000e+00
4.303998722519414288e-01 2.890023463066036413e+00 0.000000000000000000e+00 2.890023463066036413e+00 0.000000000000000000e+00 2.503485893654726624e+00 0.000000000000000000e+00
4.319999999999999951e-01 2.886567586692931453e+00 0.000000000000000000e+00 2.886567586692931453e+00 0.000000000000000000e+00 2.501614330566326316e+00 0.000000000000000000e+00
4.335999384488408714e-01 2.883164665867013809e+00 0.000000000000000000e+00 2.883164665867013809e+00 0.000000000000000000e+00 2.499768830481299720e+00 0.000000000000000000e+00
4.351995507037804134e-01 2.879813838555201233e+00 0.000000000000000000e+00 2.879813838555201233e+00 0.000000000000000000e+00 2.497949043019187076e+00 0.000000000000000000e+00
4.367986978900604833e-01 2.876514262198864635e+00 0.000000000000000000e+00 2.876514262198864635e+00 0.000000000000000000e+00 2.496154624241915254e+00 0.000000000000000000e+00
4.383987892974460232e-01 2.873261985928005746e+00 0.000000000000000000e+00 2.873261985928005746e+00 0.000000000000000000e+00 2.494383532364621736e+00 0.000000000000000000e+00
4.399997160925822048e-01 2.870056275597939521e+00 0.000000000000000000e+00 2.870056275597939521e+00 0.000000000000000000e+00 2.492635467921514802e+00 0.000000000000000000e+00
4.415997948433009745e-01 2.866899492886294087e+00 0.000000000000000000e+00 2.866899492886294087e+00 0.000000000000000000e+00 2.490911819545446715e+00 0.000000000000000000e+00
4.431988789910920046e-01 2.863790865629331606e+00 0.000000000000000000e+00 2.863790865629331606e+00 0.000000000000000000e+00 2.489212266823782826e+00 0.000000000000000000e+00
4.448000114801912708e-01 2.860723569254785659e+00 0.000000000000000000e+00 2.860723569254785659e+00 0.000000000000000000e+00 2.487533170517840730e+00 0.000000000000000000e+00
4.463998963066442838e-01 2.857703023420171018e+00 0.000000000000000000e+00 2.857703023420171018e+00 0.000000000000000000e+00 2.485877586720086629e+00 0.000000000000000000e+00
4.480000000000000093e-01 2.854725512888554029e+00 0.000000000000000000e+00 2.854725512888554029e+00 0.000000000000000000e+00 2.484243568986308492e+00 0.000000000000000000e+00
4.495985727029438439e-01 2.851793362421200850e+00 0.000000000000000000e+00 2.851793362421200850e+00 0.000000000000000000e+00 2.482632480432668931e+00 0.000000000000000000e+00
4.511987423031573741e-01 2.848899981653246538e+00 0.000000000000000000e+00 2.848899981653246538e+00 0.000000000000000000e+00 2.481040781908615767e+00 0.000000000000000000e+00
4.527987670597515835e-01 2.846047743146714826e+00 0.000000000000000000e+00 2.846047743146714826e+00 0.000000000000000000e+00 2.479469855388757082e+00 0.000000000000000000e+00
4.543985222812284008e-01 2.843236041494492383e+00 0.000000000000000000e+00 2.843236041494492383e+00 0.000000000000000000e+00 2.477919445003504251e+00 0.000000000000000000e+00
4.559995586531566114e-01 2.840461397439680624e+00 0.000000000000000000e+00 2.840461397439680624e+00 0.000000000000000000e+00 2.476387704945104851e+00 0.000000000000000000e+00
4.576000944844691443e-01 2.837726156004550582e+00 0.000000000000000000e+00 2.837726156004550582e+00 0.000000000000000000e+00 2.474876000520679131e+00 0.000000000000000000e+00
4.591999999999999971e-01 2.835029746953352969e+00 0.000000000000000000e+00 2.835029746953352969e+00 0.000000000000000000e+00 2.473384088107994927e+00 0.000000000000000000e+00
4.607991436949710473e-01 2.832371611513991638e+00 0.000000000000000000e+00 2.832371611513991638e+00 0.000000000000000000e+00 2.471911728130881336e+00 0.000000000000000000e+00
4.623991168528933660e-01 2.829748393987153054e+00 0.000000000000000000e+00 2.829748393987153054e+00 0.000000000000000000e+00 2.470457127012875453e+00 0.000000000000000000e+00
4.639998203639874585e-01 2.827159614102074059e+00 0.000000000000000000e+00 2.827159614102074059e+00 0.000000000000000000e+00 2.469020079379232069e+00 0.000000000000000000e+00
4.655994051575544357e-01 2.824607571342665047e+00 0.000000000000000000e+00 2.824607571342665047e+00 0.000000000000000000e+00 2.467601923515868378e+00 0.000000000000000000e+00
4.671994935506844637e-01 2.822088995955135182e+00 0.000000000000000000e+00 2.822088995955135182e+00 0.000000000000000000e+00 2.466200902675085960e+00 0.000000000000000000e+00
4.687999818505620975e-01 2.819603434870930236e+00 0.000000000000000000e+00 2.819603434870930236e+00 0.000000000000000000e+00 2.464816821116049272e+00 0.000000000000000000e+00
4.703989801648126301e-01 2.817153160098688325e+00 0.000000000000000000e+00 2.817153160098688325e+00 0.000000000000000000e+00 2.463451001173631028e+00 0.000000000000000000e+00
4.719999390889225710e-01 2.814732284288013808e+00 0.000000000000000000e+00 2.814732284288013808e+00 0.000000000000000000e+00 2.462100214598491377e+00 0.000000000000000000e+00
4.735991688025943946e-01 2.812345795334370013e+00 0.000000000000000000e+00 2.812345795334370013e+00 0.000000000000000000e+00 2.460767296563653783e+00 0.000000000000000000e+00
4.752001655749705789e-01 2.809987891822846695e+00 0.000000000000000000e+00 2.809987891822846695e+00 0.000000000000000000e+00 2.459449057617498990e+00 0.000000000000000000e+00
4.767991877985186533e-01 2.807663508035719957e+00 0.000000000000000000e+00 2.807663508035719957e+00 0.000000000000000000e+00 2.458148305857173810e+00 0.000000000000000000e+00
4.783997777469092827e-01 2.805366925879408946e+00 0.000000000000000000e+00 2.805366925879408946e+00 0.000000000000000000e+00 2.456861889654579301e+00 0.000000000000000000e+00
4.799999999999999822e-01 2.803100412116690254e+00 0.000000000000000000e+00 2.803100412116690254e+00 0.000000000000000000e+00 2.455591123698276590e+00 0.000000000000000000e+00
4.815997389703312592e-01 2.800863575833675068e+00 0.000000000000000000e+00 2.800863575833675068e+00 0.000000000000000000e+00 2.454335834749193701e+00 0.000000000000000000e+00
4.831988775868116259e-01 2.798656033140050958e+00 0.000000000000000000e+00 2.798656033140050958e+00 0.000000000000000000e+00 2.453095852164685287e+00 0.000000000000000000e+00
4.847991929397872379e-01 2.796474839658687817e+00 0.000000000000000000e+00 2.796474839658687817e+00 0.000000000000000000e+00 2.451869563812734132e+00 0.000000000000000000e+00
4.863986944002008372e-01 2.794322223441158659e+00 0.000000000000000000e+00 2.794322223441158659e+00 0.000000000000000000e+00 2.450658263039279028e+00 0.000000000000000000e+00
4.879991813150913460e-01 2.792195283598494004e+00 0.000000000000000000e+00 2.792195283598494004e+00 0.000000000000000000e+00 2.449460357241503683e+00 0.000000000000000000e+00
4.895986352651281459e-01 2.790096228982040127e+00 0.000000000000000000e+00 2.790096228982040127e+00 0.000000000000000000e+00 2.448277129250346906e+00 0.000000000000000000e+00
4.911988780203715987e-01 2.788022200884613611e+00 0.000000000000000000e+00 2.788022200884613611e+00 0.000000000000000000e+00 2.447107005511388156e+00 0.000000000000000000e+00
4.927998219332170859e-01 2.785972897473775856e+00 0.000000000000000000e+00 2.785972897473775856e+00 0.000000000000000000e+00 2.445949850921674606e+00 0.000000000000000000e+00
4.943994066441500523e-01 2.783950499102815446e+00 0.000000000000000000e+00 2.783950499102815446e+00 0.000000000000000000e+00 2.444806932766930174e+00 0.000000000000000000e+00
4.959994879344555851e-01 2.781952207733244364e+00 0.000000000000000000e+00 2.781952207733244364e+00 0.000000000000000000e+00 2.443676705085381151e+00 0.000000000000000000e+00
4.975999743141064080e-01 2.779977736572458280e+00 0.000000000000000000e+00 2.779977736572458280e+00 0.000000000000000000e+00 2.442559038418574247e+00 0.000000000000000000e+00
4.991987631157244198e-01 2.778029238198058692e+00 0.000000000000000000e+00 2.778029238198058692e+00 0.000000000000000000e+00 2.441455184920891863e+00 0.000000000000000000e+00
5.007997673404100958e-01 2.776101551705953074e+00 0.000000000000000000e+00 2.776101551705953074e+00 0.000000000000000000e+00 2.440362252119652631e+00 0.000000000000000000e+00
5.023988589211618727e-01 2.774199259933834316e+00 0.000000000000000000e+00 2.774199259933834316e+00 0.000000000000000000e+00 2.439282868845790375e+00 0.000000000000000000e+00
5.040000000000000036e-01 2.772317266107676037e+00 0.000000000000000000e+00 2.772317266107676037e+00 0.000000000000000000e+00 2.438214172985285089e+00 0.000000000000000000e+00
5.055990082455896761e-01 2.770460107088127621e+00 0.000000000000000000e+00 2.770460107088127621e+00 0.000000000000000000e+00 2.437158769961073723e+00 0.000000000000000000e+00
5.071998952742505784e-01 2.768622748557314495e+00 0.000000000000000000e+00 2.768622748557314495e+00 0.000000000000000000e+00 2.436113827349936756e+00 0.000000000000000000e+00
5.087984241628366044e-01 2.766809682392930014e+00 0.000000000000000000e+00 2.766809682392930014e+00 0.000000000000000000e+00 2.435081927626236542e+00 0.000000000000000000e+00
5.103986563256434072e-01 2.765015935111755141e+00 0.000000000000000000e+00 2.765015935111755141e+00 0.000000000000000000e+00 2.434060267405757649e+00 0.000000000000000000e+00
5.119984142519109493e-01 2.763243625860949404e+00 0.000000000000000000e+00 2.763243625860949404e+00 0.000000000000000000e+00 2.433050078849056774e+00 0.000000000000000000e+00
5.135997216261671827e-01 2.761490194254188513e+00 0.000000000000000000e+00 2.761490194254188513e+00 0.000000000000000000e+00 2.432049927210866436e+00 0.000000000000000000e+00
5.151982314785188422e-01 2.759760044603813078e+00 0.000000000000000000e+00 2.759760044603813078e+00 0.000000000000000000e+00 2.431062350195980937e+00 0.000000000000000000e+00
5.168002601007890551e-01 2.758046028582900711e+00 0.000000000000000000e+00 2.758046028582900711e+00 0.000000000000000000e+00 2.430083291079307095e+00 0.000000000000000000e+00
5.183992774922961955e-01 2.756354824034779494e+00 0.000000000000000000e+00 2.756354824034779494e+00 0.000000000000000000e+00 2.429116587326085597e+00 0.000000000000000000e+00
5.199994967097398835e-01 2.754681630068113840e+00 0.000000000000000000e+00 2.754681630068113840e+00 0.000000000000000000e+00 2.428159518628212776e+00 0.000000000000000000e+00
5.215986537652503863e-01 2.753028511531658395e+00 0.000000000000000000e+00 2.753028511531658395e+00 0.000000000000000000e+00 2.427213288120873003e+00 0.000000000000000000e+00
5.231988454380878117e-01 2.751393001472866917e+00 0.000000000000000000e+00 2.751393001472866917e+00 0.000000000000000000e+00 2.426276505323372135e+00 0.000000000000000000e+00
5.248000000000000442e-01 2.749774914932030523e+00 0.000000000000000000e+00 2.749774914932030523e+00 0.000000000000000000e+00 2.425349084128931576e+00 0.000000000000000000e+00
5.263998097923000552e-01 2.748176290314079839e+00 0.000000000000000000e+00 2.748176290314079839e+00 0.000000000000000000e+00 2.424432213556585669e+00 0.000000000000000000e+00
5.279981602851557820e-01 2.746596913819902230e+00 0.000000000000000000e+00 2.746596913819902230e+00 0.000000000000000000e+00 2.423525792480966778e+00 0.000000000000000000e+00
5.295994600805608021e-01 2.745032178391413336e+00 0.000000000000000000e+00 2.745032178391413336e+00 0.000000000000000000e+00 2.422627195449500892e+00 0.000000000000000000e+00
5.311991225514558490e-01 2.743486317502617400e+00 0.000000000000000000e+00 2.743486317502617400e+00 0.000000000000000000e+00 2.421738871855034780e+00 0.000000000000000000e+00
5.320996184696727971e-01 2.742623603749984706e+00 0.000000000000000000e+00 2.742623603749984706e+00 0.000000000000000000e+00 2.421242871766240423e+00 0.000000000000000000e+00
5.327993193040055919e-01 2.741956949993757942e+00 0.000000000000000000e+00 2.741956949993757942e+00 0.000000000000000000e+00 2.420859472397134393e+00 0.000000000000000000e+00
5.343999724145066521e-01 2.740443906534611784e+00 0.000000000000000000e+00 2.740443906534611784e+00 0.000000000000000000e+00 2.419988917160442732e+00 0.000000000000000000e+00
5.359986857691276807e-01 2.738949174788523511e+00 0.000000000000000000e+00 2.738949174788523511e+00 0.000000000000000000e+00 2.419128368024543008e+00 0.000000000000000000e+00
5.376000000000000778e-01 2.737468270129738368e+00 0.000000000000000000e+00 2.737468270129738368e+00 0.000000000000000000e+00 2.418275259836667690e+00 0.000000000000000000e+00
5.391991858781165492e-01 2.736005329061645508e+00 0.000000000000000000e+00 2.736005329061645508e+00 0.000000000000000000e+00 2.417431991909621214e+00 0.000000000000000000e+00
5.407984785899041524e-01 2.734558037045985213e+00 0.000000000000000000e+00 2.734558037045985213e+00 0.000000000000000000e+00 2.416597247268140070e+00 0.000000000000000000e+00
5.424001679907605178e-01 2.733124123473836597e+00 0.000000000000000000e+00 2.733124123473836597e+00 0.000000000000000000e+00 2.415769730957073147e+00 0.000000000000000000e+00
5.439994383797256416e-01 2.731707668776238496e+00 0.000000000000000000e+00 2.731707668776238496e+00 0.000000000000000000e+00 2.414951813229270439e+00 0.000000000000000000e+00
5.455985636584463894e-01 2.730306396338814778e+00 0.000000000000000000e+00 2.730306396338814778e+00 0.000000000000000000e+00 2.414142195652090983e+00 0.000000000000000000e+00
5.471998728920156596e-01 2.728918072069804523e+00 0.000000000000000000e+00 2.728918072069804523e+00 0.000000000000000000e+00 2.413339601198997819e+00 0.000000000000000000e+00
5.487984631660020041e-01 2.727546721974546173e+00 0.000000000000000000e+00 2.727546721974546173e+00 0.000000000000000000e+00 2.412546371832839487e+00 0.000000000000000000e+00
5.503990908364483348e-01 2.726188042938331169e+00 0.000000000000000000e+00 2.726188042938331169e+00 0.000000000000000000e+00 2.411760032749266536e+00 0.000000000000000000e+00
5.519992520335338382e-01 2.724843972079157961e+00 0.000000000000000000e+00 2.724843972079157961e+00 0.000000000000000000e+00 2.410981718021277587e+00 0.000000000000000000e+00
5.535988569387391145e-01 2.723514365736088738e+00 0.000000000000000000e+00 2.723514365736088738e+00 0.000000000000000000e+00 2.410211358153152794e+00 0.000000000000000000e+00
5.552003009215722429e-01 2.722197047704667305e+00 0.000000000000000000e+00 2.722197047704667305e+00 0.000000000000000000e+00 2.409447704741829011e+00 0.000000000000000000e+00
5.567985341734292826e-01 2.720895956439107533e+00 0.000000000000000000e+00 2.720895956439107533e+00 0.000000000000000000e+00 2.408693054088442143e+00 0.000000000000000000e+00
5.583984506947103910e-01 2.719606894199738889e+00 0.000000000000000000e+00 2.719606894199738889e+00 0.000000000000000000e+00 2.407944984367551111e+00 0.000000000000000000e+00
5.600000000000000533e-01 2.718329752370415520e+00 0.000000000000000000e+00 2.718329752370415520e+00 0.000000000000000000e+00 2.407203443368009843e+00 0.000000000000000000e+00
5.615980432123930388e-01 2.717068418749486902e+00 0.000000000000000000e+00 2.717068418749486902e+00 0.000000000000000000e+00 2.406470700879211222e+00 0.000000000000000000e+00
5.632001162885773571e-01 2.715816767507558183e+00 0.000000000000000000e+00 2.715816767507558183e+00 0.000000000000000000e+00 2.405743209557124729e+00 0.000000000000000000e+00
5.647984912467712837e-01 2.714580660032791748e+00 0.000000000000000000e+00 2.714580660032791748e+00 0.000000000000000000e+00 2.405024387270942032e+00 0.000000000000000000e+00
5.663982019104701893e-01 2.713355998290141180e+00 0.000000000000000000e+00 2.713355998290141180e+00 0.000000000000000000e+00 2.404311862687145140e+00 0.000000000000000000e+00
5.679991937035577809e-01 2.712142680578801368e+00 0.000000000000000000e+00 2.712142680578801368e+00 0.000000000000000000e+00 2.403605586446091014e+00 0.000000000000000000e+00
5.695987944999059138e-01 2.710942559832095533e+00 0.000000000000000000e+00 2.710942559832095533e+00 0.000000000000000000e+00 2.402906647626106285e+00 0.000000000000000000e+00
5.711995356101337018e-01 2.709753566079514453e+00 0.000000000000000000e+00 2.709753566079514453e+00 0.000000000000000000e+00 2.402213850987027666e+00 0.000000000000000000e+00
5.727987138085404162e-01 2.708577537736954977e+00 0.000000000000000000e+00 2.708577537736954977e+00 0.000000000000000000e+00 2.401528277820295543e+00 0.000000000000000000e+00
5.743988881167477745e-01 2.707412424728773637e+00 0.000000000000000000e+00 2.707412424728773637e+00 0.000000000000000000e+00 2.400848742932638391e+00 0.000000000000000000e+00
5.760000000000000675e-01 2.706258131543777701e+00 0.000000000000000000e+00 2.706258131543777701e+00 0.000000000000000000e+00 2.400175199545350413e+00 0.000000000000000000e+00
5.775992993375386186e-01 2.705116475169883294e+00 0.000000000000000000e+00 2.705116475169883294e+00 0.000000000000000000e+00 2.399508717446745987e+00 0.000000000000000000e+00
5.791993870905955966e-01 2.703985434507816699e+00 0.000000000000000000e+00 2.703985434507816699e+00 0.000000000000000000e+00 2.398848126132360203e+00 0.000000000000000000e+00
5.808002023694084359e-01 2.702864917507519671e+00 0.000000000000000000e+00 2.702864917507519671e+00 0.000000000000000000e+00 2.398193380281341547e+00 0.000000000000000000e+00
5.823989477887122623e-01 2.701756720277269874e+00 0.000000000000000000e+00 2.701756720277269874e+00 0.000000000000000000e+00 2.397545538451005598e+00 0.000000000000000000e+00
5.839982666201920525e-01 2.700658849837239028e+00 0.000000000000000000e+00 2.700658849837239028e+00 0.000000000000000000e+00 2.396903444448515774e+00 0.000000000000000000e+00
5.855980956159492212e-01 2.699571217455142502e+00 0.000000000000000000e+00 2.699571217455142502e+00 0.000000000000000000e+00 2.396267054362005045e+00 0.000000000000000000e+00
5.871983707878472014e-01 2.698493735404494220e+00 0.000000000000000000e+00 2.698493735404494220e+00 0.000000000000000000e+00 2.395636324706526210e+00 0.000000000000000000e+00
5.887990274064329732e-01 2.697426316951351932e+00 0.000000000000000000e+00 2.697426316951351932e+00 0.000000000000000000e+00 2.395011212419516422e+00 0.000000000000000000e+00
5.904000000000000359e-01 2.696368876341296072e+00 0.000000000000000000e+00 2.696368876341296072e+00 0.000000000000000000e+00 2.394391674856328311e+00 0.000000000000000000e+00
5.919983956683045889e-01 2.695323169268255548e+00 0.000000000000000000e+00 2.695323169268255548e+00 0.000000000000000000e+00 2.393778748788105926e+00 0.000000000000000000e+00
5.935997855104659937e-01 2.694285423400069490e+00 0.000000000000000000e+00 2.694285423400069490e+00 0.000000000000000000e+00 2.393170230425802014e+00 0.000000000000000000e+00
5.951984330819415359e-01 2.693259229418915268e+00 0.000000000000000000e+00 2.693259229418915268e+00 0.000000000000000000e+00 2.392568232463608169e+00 0.000000000000000000e+00
5.967999691934459117e-01 2.692240846978095625e+00 0.000000000000000000e+00 2.692240846978095625e+00 0.000000000000000000e+00 2.391970567753967991e+00 0.000000000000000000e+00
5.983985945471130830e-01 2.691233838754097718e+00 0.000000000000000000e+00 2.691233838754097718e+00 0.000000000000000000e+00 2.391379334075271590e+00 0.000000000000000000e+00
6.000000000000000888e-01 2.690234495809672222e+00 0.000000000000000000e+00 2.690234495809672222e+00 0.000000000000000000e+00 2.390792360657004068e+00 0.000000000000000000e+00
6.015983230708765728e-01 2.689246353292713110e+00 0.000000000000000000e+00 2.689246353292713110e+00 0.000000000000000000e+00 2.390211730591767392e+00 0.000000000000000000e+00
6.031993149885183092e-01 2.688265733110265732e+00 0.000000000000000000e+00 2.688265733110265732e+00 0.000000000000000000e+00 2.389635289225498394e+00 0.000000000000000000e+00
6.048000000000001153e-01 2.687294361274215948e+00 0.000000000000000000e+00 2.687294361274215948e+00 0.000000000000000000e+00 2.389064057003368102e+00 0.000000000000000000e+00
6.064003051956626811e-01 2.686332161155765785e+00 0.000000000000000000e+00 2.686332161155765785e+00 0.000000000000000000e+00 2.388497995228117787e+00 0.000000000000000000e+00
6.080001569235145009e-01 2.685379056976739065e+00 0.000000000000000000e+00 2.685379056976739065e+00 0.000000000000000000e+00 2.387937065575608919e+00 0.000000000000000000e+00
6.095994807902216372e-01 2.684434973799051161e+00 0.000000000000000000e+00 2.684434973799051161e+00 0.000000000000000000e+00 2.387381230091114581e+00 0.000000000000000000e+00
6.111982016622793390e-01 2.683499837514365272e+00 0.000000000000000000e+00 2.683499837514365272e+00 0.000000000000000000e+00 2.386830451185668611e+00 0.000000000000000000e+00
6.127992724540836100e-01 2.682571827257175912e+00 0.000000000000000000e+00 2.682571827257175912e+00 0.000000000000000000e+00 2.386283661754929675e+00 0.000000000000000000e+00
6.143996194195157079e-01 2.681652631569229950e+00 0.000000000000000000e+00 2.681652631569229950e+00 0.000000000000000000e+00 2.385741861962890287e+00 0.000000000000000000e+00
6.159991653127842026e-01 2.680742178592731673e+00 0.000000000000000000e+00 2.680742178592731673e+00 0.000000000000000000e+00 2.385205015210792201e+00 0.000000000000000000e+00
6.175978321511118585e-01 2.679840397261933127e+00 0.000000000000000000e+00 2.679840397261933127e+00 0.000000000000000000e+00 2.384673085252300151e+00 0.000000000000000000e+00
6.191986335918654438e-01 2.678945496288271944e+00 0.000000000000000000e+00 2.678945496288271944e+00 0.000000000000000000e+00 2.384145020471324816e+00 0.000000000000000000e+00
6.207984297781360405e-01 2.678059140166223706e+00 0.000000000000000000e+00 2.678059140166223706e+00 0.000000000000000000e+00 2.383621807976573415e+00 0.000000000000000000e+00
6.224002650562492356e-01 2.677179551938078550e+00 0.000000000000000000e+00 2.677179551938078550e+00 0.000000000000000000e+00 2.383102403683408976e+00 0.000000000000000000e+00
6.239978257915477222e-01 2.676310085909943570e+00 0.000000000000000000e+00 2.676310085909943570e+00 0.000000000000000000e+00 2.382588793640673774e+00 0.000000000000000000e+00
6.256004521051143907e-01 2.675445569591250017e+00 0.000000000000000000e+00 2.675445569591250017e+00 0.000000000000000000e+00 2.382077927049465860e+00 0.000000000000000000e+00
6.271986402197502475e-01 2.674591041043778539e+00 0.000000000000000000e+00 2.674591041043778539e+00 0.000000000000000000e+00 2.381572785644455070e+00 0.000000000000000000e+00
6.287986367509230679e-01 2.673743049768751767e+00 0.000000000000000000e+00 2.673743049768751767e+00 0.000000000000000000e+00 2.381071334775668458e+00 0.000000000000000000e+00
6.304004067624253693e-01 2.672901548951285733e+00 0.000000000000000000e+00 2.672901548951285733e+00 0.000000000000000000e+00 2.380573550704159658e+00 0.000000000000000000e+00
6.319974716838789863e-01 2.672069832985848326e+00 0.000000000000000000e+00 2.672069832985848326e+00 0.000000000000000000e+00 2.380081387104126645e+00 0.000000000000000000e+00
6.335994112897457287e-01 2.671242826378273261e+00 0.000000000000000000e+00 2.671242826378273261e+00 0.000000000000000000e+00 2.379591844900503350e+00 0.000000000000000000e+00
6.351997294929531135e-01 2.670423818482256628e+00 0.000000000000000000e+00 2.670423818482256628e+00 0.000000000000000000e+00 2.379106874960736029e+00 0.000000000000000000e+00
6.367983400017462881e-01 2.669612746238456236e+00 0.000000000000000000e+00 2.669612746238456236e+00 0.000000000000000000e+00 2.378626444622840896e+00 0.000000000000000000e+00
6.383984429306270858e-01 2.668807900972925307e+00 0.000000000000000000e+00 2.668807900972925307e+00 0.000000000000000000e+00 2.378149545888956773e+00 0.000000000000000000e+00
6.400000000000000133e-01 2.668009238701986252e+00 0.000000000000000000e+00 2.668009238701986252e+00 0.000000000000000000e+00 2.377676156271701480e+00 0.000000000000000000e+00
6.415996522495109877e-01 2.667218350348095957e+00 0.000000000000000000e+00 2.667218350348095957e+00 0.000000000000000000e+00 2.377207222748786375e+00 0.000000000000000000e+00
6.432006474338688440e-01 2.666433546538013566e+00 0.000000000000000000e+00 2.666433546538013566e+00 0.000000000000000000e+00 2.376741747590234155e+00 0.000000000000000000e+00
6.447995922676472702e-01 2.665656407496176605e+00 0.000000000000000000e+00 2.665656407496176605e+00 0.000000000000000000e+00 2.376280671911557008e+00 0.000000000000000000e+00
6.463997664318820169e-01 2.664885256505992839e+00 0.000000000000000000e+00 2.664885256505992839e+00 0.000000000000000000e+00 2.375823004728977672e+00 0.000000000000000000e+00
6.479977421681457628e-01 2.664121663257418948e+00 0.000000000000000000e+00 2.664121663257418948e+00 0.000000000000000000e+00 2.375369681378535436e+00 0.000000000000000000e+00
6.496002347245654063e-01 2.663362357603840103e+00 0.000000000000000000e+00 2.663362357603840103e+00 0.000000000000000000e+00 2.374918763716752590e+00 0.000000000000000000e+00
6.512004117798448899e-01 2.662610515929114019e+00 0.000000000000000000e+00 2.662610515929114019e+00 0.000000000000000000e+00 2.374472141252715218e+00 0.000000000000000000e+00
6.527981803535042316e-01 2.661866080820495029e+00 0.000000000000000000e+00 2.661866080820495029e+00 0.000000000000000000e+00 2.374029783902719792e+00 0.000000000000000000e+00
6.544003546885391875e-01 2.661125817055376874e+00 0.000000000000000000e+00 2.661125817055376874e+00 0.000000000000000000e+00 2.373589772335397807e+00 0.000000000000000000e+00
6.560000000000001386e-01 2.660392868738191030e+00 0.000000000000000000e+00 2.660392868738191030e+00 0.000000000000000000e+00 2.373153978450738499e+00 0.000000000000000000e+00
6.576005091757717302e-01 2.659665601706906024e+00 0.000000000000000000e+00 2.659665601706906024e+00 0.000000000000000000e+00 2.372721434043305155e+00 0.000000000000000000e+00
6.591983326510104657e-01 2.658945549775270312e+00 0.000000000000000000e+00 2.658945549775270312e+00 0.000000000000000000e+00 2.372293054726159589e+00 0.000000000000000000e+00
6.608004178503094073e-01 2.658229523013290407e+00 0.000000000000000000e+00 2.658229523013290407e+00 0.000000000000000000e+00 2.371866945633314572e+00 0.000000000000000000e+00
6.623996922649514341e-01 2.657520623551326899e+00 0.000000000000000000e+00 2.657520623551326899e+00 0.000000000000000000e+00 2.371444955716826453e+00 0.000000000000000000e+00
6.639996144020822166e-01 2.656817240511969214e+00 0.000000000000000000e+00 2.656817240511969214e+00 0.000000000000000000e+00 2.371026129292709506e+00 0.000000000000000000e+00
6.656001374319551189e-01 2.656119336257837915e+00 0.000000000000000000e+00 2.656119336257837915e+00 0.000000000000000000e+00 2.370610446732927645e+00 0.000000000000000000e+00
6.671976236089287582e-01 2.655428420019750657e+00 0.000000000000000000e+00 2.655428420019750657e+00 0.000000000000000000e+00 2.370198810091999064e+00 0.000000000000000000e+00
6.687991887066235819e-01 2.654741356567698496e+00 0.000000000000000000e+00 2.654741356567698496e+00 0.000000000000000000e+00 2.369789354151947691e+00 0.000000000000000000e+00
6.703975862572388866e-01 2.654061197237781222e+00 0.000000000000000000e+00 2.654061197237781222e+00 0.000000000000000000e+00 2.369383900016666544e+00 0.000000000000000000e+00
6.720000000000001528e-01 2.653384828074369928e+00 0.000000000000000000e+00 2.653384828074369928e+00 0.000000000000000000e+00 2.368980594030770881e+00 0.000000000000000000e+00
6.735991133422434274e-01 2.652715280554364785e+00 0.000000000000000000e+00 2.652715280554364785e+00 0.000000000000000000e+00 2.368581246388811845e+00 0.000000000000000000e+00
6.751985013015585624e-01 2.652050982807049540e+00 0.000000000000000000e+00 2.652050982807049540e+00 0.000000000000000000e+00 2.368184922477253096e+00 0.000000000000000000e+00
6.767981134547360611e-01 2.651391899528902751e+00 0.000000000000000000e+00 2.651391899528902751e+00 0.000000000000000000e+00 2.367791603740638351e+00 0.000000000000000000e+00
6.783978988837821023e-01 2.650737995721960782e+00 0.000000000000000000e+00 2.650737995721960782e+00 0.000000000000000000e+00 2.367401271764534076e+00 0.000000000000000000e+00
6.799978061756156711e-01 2.650089236690931660e+00 0.000000000000000000e+00 2.650089236690931660e+00 0.000000000000000000e+00 2.367013908274460121e+00 0.000000000000000000e+00
6.815977834218425180e-01 2.649445588040355570e+00 0.000000000000000000e+00 2.649445588040355570e+00 0.000000000000000000e+00 2.366629495134836336e+00 0.000000000000000000e+00
6.831977782186074988e-01 2.648807015671799103e+00 0.000000000000000000e+00 2.648807015671799103e+00 0.000000000000000000e+00 2.366248014347938078e+00 0.000000000000000000e+00
6.847977376665267402e-01 2.648173485781091241e+00 0.000000000000000000e+00 2.648173485781091241e+00 0.000000000000000000e+00 2.365869448052869028e+00 0.000000000000000000e+00
6.863976083707025166e-01 2.647544964855598426e+00 0.000000000000000000e+00 2.647544964855598426e+00 0.000000000000000000e+00 2.365493778524543789e+00 0.000000000000000000e+00
6.879973364408190628e-01 2.646921419671531162e+00 0.000000000000000000e+00 2.646921419671531162e+00 0.000000000000000000e+00 2.365120988172685124e+00 0.000000000000000000e+00
6.896007030385280512e-01 2.646301339738436287e+00 0.000000000000000000e+00 2.646301339738436287e+00 0.000000000000000000e+00 2.364750175842351698e+00 0.000000000000000000e+00
6.912000000000000366e-01 2.645687652179810279e+00 0.000000000000000000e+00 2.645687652179810279e+00 0.000000000000000000e+00 2.364383094181271350e+00 0.000000000000000000e+00
6.927989897240180994e-01 2.645078842365180538e+00 0.000000000000000000e+00 2.645078842365180538e+00 0.000000000000000000e+00 2.364018839708281750e+00 0.000000000000000000e+00
6.943976163406123669e-01 2.644474878200174572e+00 0.000000000000000000e+00 2.644474878200174572e+00 0.000000000000000000e+00 2.363657395362617208e+00 0.000000000000000000e+00
6.959997305459811878e-01 2.643874268815806339e+00 0.000000000000000000e+00 2.643874268815806339e+00 0.000000000000000000e+00 2.363297870719829330e+00 0.000000000000000000e+00
6.975974793225678816e-01 2.643279905309952049e+00 0.000000000000000000e+00 2.643279905309952049e+00 0.000000000000000000e+00 2.362941998474166194e+00 0.000000000000000000e+00
6.991986375145919919e-01 2.642688842796325766e+00 0.000000000000000000e+00 2.642688842796325766e+00 0.000000000000000000e+00 2.362588017447047495e+00 0.000000000000000000e+00
7.007992403260266956e-01 2.642102509224542928e+00 0.000000000000000000e+00 2.642102509224542928e+00 0.000000000000000000e+00 2.362236784537179002e+00 0.000000000000000000e+00
7.023992295272356579e-01 2.641520873760638377e+00 0.000000000000000000e+00 2.641520873760638377e+00 0.000000000000000000e+00 2.361888283276212253e+00 0.000000000000000000e+00
7.039985463960843903e-01 2.640943905835265504e+00 0.000000000000000000e+00 2.640943905835265504e+00 0.000000000000000000e+00 2.361542497321506673e+00 0.000000000000000000e+00
7.055971317189767555e-01 2.640371575141374993e+00 0.000000000000000000e+00 2.640371575141374993e+00 0.000000000000000000e+00 2.361199410455249836e+00 0.000000000000000000e+00
7.071989595988981137e-01 2.639802423784206376e+00 0.000000000000000000e+00 2.639802423784206376e+00 0.000000000000000000e+00 2.360858150355046536e+00 0.000000000000000000e+00
7.087999725590410360e-01 2.639237858497468725e+00 0.000000000000000000e+00 2.639237858497468725e+00 0.000000000000000000e+00 2.360519562089911538e+00 0.000000000000000000e+00
7.104001100116315026e-01 2.638677849654873953e+00 0.000000000000000000e+00 2.638677849654873953e+00 0.000000000000000000e+00 2.360183629764043278e+00 0.000000000000000000e+00
7.119993108794900882e-01 2.638122367884140118e+00 0.000000000000000000e+00 2.638122367884140118e+00 0.000000000000000000e+00 2.359850337603325521e+00 0.000000000000000000e+00
7.135975135975136663e-01 2.637571384064811397e+00 0.000000000000000000e+00 2.637571384064811397e+00 0.000000000000000000e+00 2.359519669954497356e+00 0.000000000000000000e+00
7.151987816977780632e-01 2.637023462898054671e+00 0.000000000000000000e+00 2.637023462898054671e+00 0.000000000000000000e+00 2.359190766948005447e+00 0.000000000000000000e+00
7.167989639762039067e-01 2.636479990580618438e+00 0.000000000000000000e+00 2.636479990580618438e+00 0.000000000000000000e+00 2.358864462173078991e+00 0.000000000000000000e+00
7.183979974968711657e-01 2.635940938644648401e+00 0.000000000000000000e+00 2.635940938644648401e+00 0.000000000000000000e+00 2.358540740287786264e+00 0.000000000000000000e+00
7.200000000000000844e-01 2.635404884963242544e+00 0.000000000000000000e+00 2.635404884963242544e+00 0.000000000000000000e+00 2.358218748700854128e+00 0.000000000000000000e+00
7.216007635986917412e-01 2.634873203691874721e+00 0.000000000000000000e+00 2.634873203691874721e+00 0.000000000000000000e+00 2.357899314259126911e+00 0.000000000000000000e+00
7.232002239876808014e-01 2.634345866999975971e+00 0.000000000000000000e+00 2.634345866999975971e+00 0.000000000000000000e+00 2.357582421926172955e+00 0.000000000000000000e+00
7.247983163802175222e-01 2.633822847295609115e+00 0.000000000000000000e+00 2.633822847295609115e+00 0.000000000000000000e+00 2.357268056781379517e+00 0.000000000000000000e+00
7.263992313235646536e-01 2.633302739644011403e+00 0.000000000000000000e+00 2.633302739644011403e+00 0.000000000000000000e+00 2.356955375751576209e+00 0.000000000000000000e+00
7.279986847358902446e-01 2.632786902524740569e+00 0.000000000000000000e+00 2.632786902524740569e+00 0.000000000000000000e+00 2.356645196890104099e+00 0.000000000000000000e+00
7.296009038803299429e-01 2.632273939396529538e+00 0.000000000000000000e+00 2.632273939396529538e+00 0.000000000000000000e+00 2.356336681780384801e+00 0.000000000000000000e+00
7.311972541179384555e-01 2.631766566606810631e+00 0.000000000000000000e+00 2.631766566606810631e+00 0.000000000000000000e+00 2.356031465711620587e+00 0.000000000000000000e+00
7.328006052295615858e-01 2.631260660761523429e+00 0.000000000000000000e+00 2.631260660761523429e+00 0.000000000000000000e+00 2.355727069512423721e+00 0.000000000000000000e+00
7.343979528976923854e-01 2.630760292283331747e+00 0.000000000000000000e+00 2.630760292283331747e+00 0.000000000000000000e+00 2.355425943581628268e+00 0.000000000000000000e+00
7.359979104459892785e-01 2.630262715575033550e+00 0.000000000000000000e+00 2.630262715575033550e+00 0.000000000000000000e+00 2.355126437115851790e+00 0.000000000000000000e+00
7.376004664140257683e-01 2.629767916310865150e+00 0.000000000000000000e+00 2.629767916310865150e+00 0.000000000000000000e+00 2.354828542497891419e+00 0.000000000000000000e+00
7.391967948106458186e-01 2.629278572502999900e+00 0.000000000000000000e+00 2.629278572502999900e+00 0.000000000000000000e+00 2.354533873509809361e+00 0.000000000000000000e+00
7.408000477997191968e-01 2.628790620112290366e+00 0.000000000000000000e+00 2.628790620112290366e+00 0.000000000000000000e+00 2.354239984124642415e+00 0.000000000000000000e+00
7.423969342235261504e-01 2.628308072109567739e+00 0.000000000000000000e+00 2.628308072109567739e+00 0.000000000000000000e+00 2.353949292522458769e+00 0.000000000000000000e+00
7.440007200936121778e-01 2.627826887673469614e+00 0.000000000000000000e+00 2.627826887673469614e+00 0.000000000000000000e+00 2.353659365665269121e+00 0.000000000000000000e+00
7.455979986529395198e-01 2.627351057265578493e+00 0.000000000000000000e+00 2.627351057265578493e+00 0.000000000000000000e+00 2.353372609089484424e+00 0.000000000000000000e+00
7.471976472289854065e-01 2.626877890257796277e+00 0.000000000000000000e+00 2.626877890257796277e+00 0.000000000000000000e+00 2.353087402696353969e+00 0.000000000000000000e+00
7.487996521255971816e-01 2.626407373113689658e+00 0.000000000000000000e+00 2.626407373113689658e+00 0.000000000000000000e+00 2.352803739240691971e+00 0.000000000000000000e+00
7.503994577059023285e-01 2.625940812231962518e+00 0.000000000000000000e+00 2.625940812231962518e+00 0.000000000000000000e+00 2.352522407450105213e+00 0.000000000000000000e+00
7.519969916238559149e-01 2.625478183232342833e+00 0.000000000000000000e+00 2.625478183232342833e+00 0.000000000000000000e+00 2.352243393966118035e+00 0.000000000000000000e+00
7.535967615470178238e-01 2.625018149377127852e+00 0.000000000000000000e+00 2.625018149377127852e+00 0.000000000000000000e+00 2.351965893698175325e+00 0.000000000000000000e+00
7.551987525430337023e-01 2.624560697545954557e+00 0.000000000000000000e+00 2.624560697545954557e+00 0.000000000000000000e+00 2.351689899598510269e+00 0.000000000000000000e+00
7.567983299456134683e-01 2.624107120032132645e+00 0.000000000000000000e+00 2.624107120032132645e+00 0.000000000000000000e+00 2.351416192421362794e+00 0.000000000000000000e+00
7.584000587224203338e-01 2.623656091360793585e+00 0.000000000000000000e+00 2.623656091360793585e+00 0.000000000000000000e+00 2.351143973384575148e+00 0.000000000000000000e+00
7.599992644219275562e-01 2.623208896892570419e+00 0.000000000000000000e+00 2.623208896892570419e+00 0.000000000000000000e+00 2.350874019318572650e+00 0.000000000000000000e+00
7.616005503888350070e-01 2.622764218573155226e+00 0.000000000000000000e+00 2.622764218573155226e+00 0.000000000000000000e+00 2.350605535601794749e+00 0.000000000000000000e+00
7.631992022307990675e-01 2.622323334912987747e+00 0.000000000000000000e+00 2.622323334912987747e+00 0.000000000000000000e+00 2.350339295184311172e+00 0.000000000000000000e+00
7.647998618247765501e-01 2.621884935188580901e+00 0.000000000000000000e+00 2.621884935188580901e+00 0.000000000000000000e+00 2.350074507558884029e+00 0.000000000000000000e+00
7.663977746870653807e-01 2.621450291141947275e+00 0.000000000000000000e+00 2.621450291141947275e+00 0.000000000000000000e+00 2.349811941838394702e+00 0.000000000000000000e+00
7.679976213778665350e-01 2.621018099291567705e+00 0.000000000000000000e+00 2.621018099291567705e+00 0.000000000000000000e+00 2.349550811584001142e+00 0.000000000000000000e+00
7.695993842410399077e-01 2.620588347381442862e+00 0.000000000000000000e+00 2.620588347381442862e+00 0.000000000000000000e+00 2.349291110161437324e+00 0.000000000000000000e+00
7.711982484076433941e-01 2.620162297116303662e+00 0.000000000000000000e+00 2.620162297116303662e+00 0.000000000000000000e+00 2.349033600988802650e+00 0.000000000000000000e+00
7.727989528469474401e-01 2.619738655691961959e+00 0.000000000000000000e+00 2.619738655691961959e+00 0.000000000000000000e+00 2.348777503633905361e+00 0.000000000000000000e+00
7.743966421825814184e-01 2.619318678236286502e+00 0.000000000000000000e+00 2.619318678236286502e+00 0.000000000000000000e+00 2.348523577778729887e+00 0.000000000000000000e+00
7.760009513497273526e-01 2.618899815208552528e+00 0.000000000000000000e+00 2.618899815208552528e+00 0.000000000000000000e+00 2.348270282659164376e+00 0.000000000000000000e+00
7.775972906017750708e-01 2.618485846108923099e+00 0.000000000000000000e+00 2.618485846108923099e+00 0.000000000000000000e+00 2.348019904734085728e+00 0.000000000000000000e+00
7.792002111653689722e-01 2.618072967882074220e+00 0.000000000000000000e+00 2.618072967882074220e+00 0.000000000000000000e+00 2.347770144737643339e+00 0.000000000000000000e+00
7.807999193908975455e-01 2.617663686434222647e+00 0.000000000000000000e+00 2.617663686434222647e+00 0.000000000000000000e+00 2.347522519258046447e+00 0.000000000000000000e+00
7.823963348836034948e-01 2.617257980309572574e+00 0.000000000000000000e+00 2.617257980309572574e+00 0.000000000000000000e+00 2.347277016388647386e+00 0.000000000000000000e+00
7.839992917802243166e-01 2.616853333668164083e+00 0.000000000000000000e+00 2.616853333668164083e+00 0.000000000000000000e+00 2.347032114420204429e+00 0.000000000000000000e+00
7.855988746744730911e-01 2.616452232930630117e+00 0.000000000000000000e+00 2.616452232930630117e+00 0.000000000000000000e+00 2.346789318874117569e+00 0.000000000000000000e+00
7.872000000000000108e-01 2.616053416240271989e+00 0.000000000000000000e+00 2.616053416240271989e+00 0.000000000000000000e+00 2.346547866775881008e+00 0.000000000000000000e+00
7.887976282120612304e-01 2.615658109943006515e+00 0.000000000000000000e+00 2.615658109943006515e+00 0.000000000000000000e+00 2.346308501426223714e+00 0.000000000000000000e+00
7.903967156053371967e-01 2.615265058866632408e+00 0.000000000000000000e+00 2.615265058866632408e+00 0.000000000000000000e+00 2.346070463630056668e+00 0.000000000000000000e+00
7.919972404277336731e-01 2.614874251931780247e+00 0.000000000000000000e+00 2.614874251931780247e+00 0.000000000000000000e+00 2.345833747323971430e+00 0.000000000000000000e+00
7.935991806951290251e-01 2.614485678122839385e+00 0.000000000000000000e+00 2.614485678122839385e+00 0.000000000000000000e+00 2.345598346475374907e+00 0.000000000000000000e+00
7.951974139921496043e-01 2.614100551434300979e+00 0.000000000000000000e+00 2.614100551434300979e+00 0.000000000000000000e+00 2.345364997338457158e+00 0.000000000000000000e+00
7.967969769220388798e-01 2.613717629782205343e+00 0.000000000000000000e+00 2.613717629782205343e+00 0.000000000000000000e+00 2.345132948129888373e+00 0.000000000000000000e+00
7.983978466234359361e-01 2.613336902383328830e+00 0.000000000000000000e+00 2.613336902383328830e+00 0.000000000000000000e+00 2.344902192931269003e+00 0.000000000000000000e+00
8.000000000000000444e-01 2.612958358516378254e+00 0.000000000000000000e+00 2.612958358516378254e+00 0.000000000000000000e+00 2.344672725854297646e+00 0.000000000000000000e+00
8.015982310840429337e-01 2.612583200089069191e+00 0.000000000000000000e+00 2.612583200089069191e+00 0.000000000000000000e+00 2.344445276247413723e+00 0.000000000000000000e+00
8.031976574697304860e-01 2.612210197822495861e+00 0.000000000000000000e+00 2.612210197822495861e+00 0.000000000000000000e+00 2.344219099590950872e+00 0.000000000000000000e+00
8.047982551799346407e-01 2.611839341221585897e+00 0.000000000000000000e+00 2.611839341221585897e+00 0.000000000000000000e+00 2.343994190108371622e+00 0.000000000000000000e+00
8.064000000000000057e-01 2.611470619851446795e+00 0.000000000000000000e+00 2.611470619851446795e+00 0.000000000000000000e+00 2.343770542052551864e+00 0.000000000000000000e+00
8.079976017621836037e-01 2.611105223793583896e+00 0.000000000000000000e+00 2.611105223793583896e+00 0.000000000000000000e+00 2.343548878005297098e+00 0.000000000000000000e+00
8.095962597049815024e-01 2.610741936295813304e+00 0.000000000000000000e+00 2.610741936295813304e+00 0.000000000000000000e+00 2.343328460564457760e+00 0.000000000000000000e+00
8.112012562156504236e-01 2.610379552643101508e+00 0.000000000000000000e+00 2.610379552643101508e+00 0.000000000000000000e+00 2.343108559193455953e+00 0.000000000000000000e+00
8.127966435033433523e-01 2.610021646180746391e+00 0.000000000000000000e+00 2.610021646180746391e+00 0.000000000000000000e+00 2.342891342979996239e+00 0.000000000000000000e+00
8.143983184445612311e-01 2.609664623309455145e+00 0.000000000000000000e+00 2.609664623309455145e+00 0.000000000000000000e+00 2.342674631647096106e+00 0.000000000000000000e+00
8.160009477362925034e-01 2.609309668489562917e+00 0.000000000000000000e+00 2.609309668489562917e+00 0.000000000000000000e+00 2.342459144541779725e+00 0.000000000000000000e+00
8.175991137136978670e-01 2.608957954503054122e+00 0.000000000000000000e+00 2.608957954503054122e+00 0.000000000000000000e+00 2.342245594331165748e+00 0.000000000000000000e+00
8.191981393873721817e-01 2.608608282865489958e+00 0.000000000000000000e+00 2.608608282865489958e+00 0.000000000000000000e+00 2.342033254014252108e+00 0.000000000000000000e+00
8.207979980536633802e-01 2.608260643749022556e+00 0.000000000000000000e+00 2.608260643749022556e+00 0.000000000000000000e+00 2.341822118145421516e+00 0.000000000000000000e+00
8.223986627664020554e-01 2.607915027382030626e+00 0.000000000000000000e+00 2.607915027382030626e+00 0.000000000000000000e+00 2.341612181306905960e+00 0.000000000000000000e+00
8.240001063363151523e-01 2.607571424048786390e+00 0.000000000000000000e+00 2.607571424048786390e+00 0.000000000000000000e+00 2.341403438108656587e+00 0.000000000000000000e+00
8.255968037289829198e-01 2.607230992538167147e+00 0.000000000000000000e+00 2.607230992538167147e+00 0.000000000000000000e+00 2.341196593182634178e+00 0.000000000000000000e+00
8.271997011021857693e-01 2.606891383522589756e+00 0.000000000000000000e+00 2.606891383522589756e+00 0.000000000000000000e+00 2.340990219586087218e+00 0.000000000000000000e+00
8.287977539356262691e-01 2.606554921561990312e+00 0.000000000000000000e+00 2.606554921561990312e+00 0.000000000000000000e+00 2.340785730401038212e+00 0.000000000000000000e+00
8.303964315135928809e-01 2.606220428751882867e+00 0.000000000000000000e+00 2.606220428751882867e+00 0.000000000000000000e+00 2.340582410373835298e+00 0.000000000000000000e+00
8.320012884263081610e-01 2.605886738431141492e+00 0.000000000000000000e+00 2.605886738431141492e+00 0.000000000000000000e+00 2.340379550694300370e+00 0.000000000000000000e+00
8.336011510559189208e-01 2.605556158533458788e+00 0.000000000000000000e+00 2.605556158533458788e+00 0.000000000000000000e+00 2.340178554898068253e+00 0.000000000000000000e+00
8.351959258735323077e-01 2.605228671479473235e+00 0.000000000000000000e+00 2.605228671479473235e+00 0.000000000000000000e+00 2.339979413051246571e+00 0.000000000000000000e+00
8.367968143623663035e-01 2.604901961793946175e+00 0.000000000000000000e+00 2.604901961793946175e+00 0.000000000000000000e+00 2.339780717601261273e+00 0.000000000000000000e+00
8.383981823345640905e-01 2.604577174786802285e+00 0.000000000000000000e+00 2.604577174786802285e+00 0.000000000000000000e+00 2.339583165415501931e+00 0.000000000000000000e+00
8.400000000000000799e-01 2.604254301322509235e+00 0.000000000000000000e+00 2.604254301322509235e+00 0.000000000000000000e+00 2.339386751394902042e+00 0.000000000000000000e+00
8.415965245723594501e-01 2.603934473213109335e+00 0.000000000000000000e+00 2.603934473213109335e+00 0.000000000000000000e+00 2.339192164644347649e+00 0.000000000000000000e+00
8.431991294885746724e-01 2.603615396953176120e+00 0.000000000000000000e+00 2.603615396953176120e+00 0.000000000000000000e+00 2.338998010218520385e+00 0.000000000000000000e+00
8.447963369264523958e-01 2.603299342705527764e+00 0.000000000000000000e+00 2.603299342705527764e+00 0.000000000000000000e+00 2.338805669928168296e+00 0.000000000000000000e+00
8.463996067829935299e-01 2.602984027782612841e+00 0.000000000000000000e+00 2.602984027782612841e+00 0.000000000000000000e+00 2.338613755042149300e+00 0.000000000000000000e+00
8.479973736047274890e-01 2.602671711786050501e+00 0.000000000000000000e+00 2.602671711786050501e+00 0.000000000000000000e+00 2.338423641288154720e+00 0.000000000000000000e+00
8.496011841131486664e-01 2.602360122742266579e+00 0.000000000000000000e+00 2.602360122742266579e+00 0.000000000000000000e+00 2.338233946093695170e+00 0.000000000000000000e+00
8.511993848604264556e-01 2.602051509792953077e+00 0.000000000000000000e+00 2.602051509792953077e+00 0.000000000000000000e+00 2.338046039157871903e+00 0.000000000000000000e+00
8.527977439213123567e-01 2.601744733993015757e+00 0.000000000000000000e+00 2.601744733993015757e+00 0.000000000000000000e+00 2.337859227552221419e+00 0.000000000000000000e+00
8.543962291455624580e-01 2.601439786704628165e+00 0.000000000000000000e+00 2.601439786704628165e+00 0.000000000000000000e+00 2.337673506430288928e+00 0.000000000000000000e+00
8.560007180287350081e-01 2.601135542078990781e+00 0.000000000000000000e+00 2.601135542078990781e+00 0.000000000000000000e+00 2.337488190403375299e+00 0.000000000000000000e+00
8.575993802353168993e-01 2.600834228657937341e+00 0.000000000000000000e+00 2.600834228657937341e+00 0.000000000000000000e+00 2.337304637286595987e+00 0.000000000000000000e+00
8.591980707128107353e-01 2.600534718118703736e+00 0.000000000000000000e+00 2.600534718118703736e+00 0.000000000000000000e+00 2.337122160258108039e+00 0.000000000000000000e+00
8.607967563214241613e-01 2.600237002020094224e+00 0.000000000000000000e+00 2.600237002020094224e+00 0.000000000000000000e+00 2.336940754571560142e+00 0.000000000000000000e+00
8.624014022787029887e-01 2.599939964882894916e+00 0.000000000000000000e+00 2.599939964882894916e+00 0.000000000000000000e+00 2.336759740808931785e+00 0.000000000000000000e+00
8.639999999999999902e-01 2.599645815045830144e+00 0.000000000000000000e+00 2.599645815045830144e+00 0.000000000000000000e+00 2.336580465115784655e+00 0.000000000000000000e+00
8.655984919886898776e-01 2.599353434603411728e+00 0.000000000000000000e+00 2.599353434603411728e+00 0.000000000000000000e+00 2.336402246666986926e+00 0.000000000000000000e+00
8.671968441152401175e-01 2.599062815306901530e+00 0.000000000000000000e+00 2.599062815306901530e+00 0.000000000000000000e+00 2.336225080814609001e+00 0.000000000000000000e+00
8.688011099665748915e-01 2.598772851845061016e+00 0.000000000000000000e+00 2.598772851845061016e+00 0.000000000000000000e+00 2.336048294002817549e+00 0.000000000000000000e+00
8.703991014075608268e-01 2.598485732745029253e+00 0.000000000000000000e+00 2.598485732745029253e+00 0.000000000000000000e+00 2.335873220919888915e+00 0.000000000000000000e+00
8.719968491532099630e-01 2.598200350316395291e+00 0.000000000000000000e+00 2.598200350316395291e+00 0.000000000000000000e+00 2.335699186628668489e+00 0.000000000000000000e+00
8.736004734961916318e-01 2.597915606745603512e+00 0.000000000000000000e+00 2.597915606745603512e+00 0.000000000000000000e+00 2.335525521900803980e+00 0.000000000000000000e+00
8.751976507793088889e-01 2.597633675950313581e+00 0.000000000000000000e+00 2.597633675950313581e+00 0.000000000000000000e+00 2.335353552966942470e+00 0.000000000000000000e+00
8.768006789010289737e-01 2.597352372866698733e+00 0.000000000000000000e+00 2.597352372866698733e+00 0.000000000000000000e+00 2.335181947365035260e+00 0.000000000000000000e+00
8.783971434239238318e-01 2.597073861786306281e+00 0.000000000000000000e+00 2.597073861786306281e+00 0.000000000000000000e+00 2.335012025748963271e+00 0.000000000000000000e+00
8.799994321851644097e-01 2.596795967407678596e+00 0.000000000000000000e+00 2.596795967407678596e+00 0.000000000000000000e+00 2.334842461302405248e+00 0.000000000000000000e+00
8.816013083514061544e-01 2.596519766770961635e+00 0.000000000000000000e+00 2.596519766770961635e+00 0.000000000000000000e+00 2.334673911445087846e+00 0.000000000000000000e+00
8.831964439632143948e-01 2.596246327401622089e+00 0.000000000000000000e+00 2.596246327401622089e+00 0.000000000000000000e+00 2.334507028081805657e+00 0.000000000000000000e+00
8.847973623926865816e-01 2.595973488469973223e+00 0.000000000000000000e+00 2.595973488469973223e+00 0.000000000000000000e+00 2.334340492771758591e+00 0.000000000000000000e+00
8.863977579821840092e-01 2.595702319966199045e+00 0.000000000000000000e+00 2.595702319966199045e+00 0.000000000000000000e+00 2.334174958842736292e+00 0.000000000000000000e+00
8.879975935024566613e-01 2.595432814204850835e+00 0.000000000000000000e+00 2.595432814204850835e+00 0.000000000000000000e+00 2.334010421936468127e+00 0.000000000000000000e+00
8.895968314785717146e-01 2.595164963545041115e+00 0.000000000000000000e+00 2.595164963545041115e+00 0.000000000000000000e+00 2.333846877717846713e+00 0.000000000000000000e+00
8.911954341903809418e-01 2.594898760390224268e+00 0.000000000000000000e+00 2.594898760390224268e+00 0.000000000000000000e+00 2.333684321874841316e+00 0.000000000000000000e+00
8.927997926132885675e-01 2.594633135841562854e+00 0.000000000000000000e+00 2.594633135841562854e+00 0.000000000000000000e+00 2.333522101907259838e+00 0.000000000000000000e+00
8.943970336812794297e-01 2.594370207375692239e+00 0.000000000000000000e+00 2.594370207375692239e+00 0.000000000000000000e+00 2.333361511302481262e+00 0.000000000000000000e+00
8.960000000000000187e-01 2.594107847113326759e+00 0.000000000000000000e+00 2.594107847113326759e+00 0.000000000000000000e+00 2.333201250718735409e+00 0.000000000000000000e+00
8.975957257346394158e-01 2.593848163430543252e+00 0.000000000000000000e+00 2.593848163430543252e+00 0.000000000000000000e+00 2.333042608353293801e+00 0.000000000000000000e+00
8.991971454058876878e-01 2.593589037676380382e+00 0.000000000000000000e+00 2.593589037676380382e+00 0.000000000000000000e+00 2.332884290220014201e+00 0.000000000000000000e+00
9.007977448088464456e-01 2.593331519245452910e+00 0.000000000000000000e+00 2.593331519245452910e+00 0.000000000000000000e+00 2.332726937674178380e+00 0.000000000000000000e+00
9.023974846063147481e-01 2.593075600811245884e+00 0.000000000000000000e+00 2.593075600811245884e+00 0.000000000000000000e+00 2.332570546543907941e+00 0.000000000000000000e+00
9.039963252181901776e-01 2.592821275090024358e+00 0.000000000000000000e+00 2.592821275090024358e+00 0.000000000000000000e+00 2.332415112679762537e+00 0.000000000000000000e+00
9.056008414409676410e-01 2.592567491574339300e+00 0.000000000000000000e+00 2.592567491574339300e+00 0.000000000000000000e+00 2.332259994253284674e+00 0.000000000000000000e+00
9.071977873224699174e-01 2.592316331807611451e+00 0.000000000000000000e+00 2.592316331807611451e+00 0.000000000000000000e+00 2.332106463848407252e+00 0.000000000000000000e+00
9.088003752950317704e-01 2.592065704296747874e+00 0.000000000000000000e+00 2.592065704296747874e+00 0.000000000000000000e+00 2.331953243258577668e+00 0.000000000000000000e+00
9.103952653336957468e-01 2.591817681812546237e+00 0.000000000000000000e+00 2.591817681812546237e+00 0.000000000000000000e+00 2.331801599957358029e+00 0.000000000000000000e+00
9.119957630858858133e-01 2.591570181757291369e+00 0.000000000000000000e+00 2.591570181757291369e+00 0.000000000000000000e+00 2.331650260912041972e+00 0.000000000000000000e+00
9.136018981791923510e-01 2.591323203620472970e+00 0.000000000000000000e+00 2.591323203620472970e+00 0.000000000000000000e+00 2.331499225905177664e+00 0.000000000000000000e+00
9.152001889689382885e-01 2.591078807130371420e+00 0.000000000000000000e+00 2.591078807130371420e+00 0.000000000000000000e+00 2.331349754808683006e+00 0.000000000000000000e+00
9.167973024934189530e-01 2.590835950836569701e+00 0.000000000000000000e+00 2.590835950836569701e+00 0.000000000000000000e+00 2.331201211052239319e+00 0.000000000000000000e+00
9.183999999999999941e-01 2.590593601965879955e+00 0.000000000000000000e+00 2.590593601965879955e+00 0.000000000000000000e+00 2.331052963120774368e+00 0.000000000000000000e+00
9.200014840648537140e-01 2.590352783717174479e+00 0.000000000000000000e+00 2.590352783717174479e+00 0.000000000000000000e+00 2.330905637100150418e+00 0.000000000000000000e+00
9.216017126164230966e-01 2.590113489197817032e+00 0.000000000000000000e+00 2.590113489197817032e+00 0.000000000000000000e+00 2.330759229045493264e+00 0.000000000000000000e+00
9.232006433453959771e-01 2.589875711555866378e+00 0.000000000000000000e+00 2.589875711555866378e+00 0.000000000000000000e+00 2.330613735033510547e+00 0.000000000000000000e+00
9.247982337057867319e-01 2.589639443979892430e+00 0.000000000000000000e+00 2.589639443979892430e+00 0.000000000000000000e+00 2.330469151162415820e+00 0.000000000000000000e+00
9.264013628823766222e-01 2.589403664454381193e+00 0.000000000000000000e+00 2.589403664454381193e+00 0.000000000000000000e+00 2.330324852184570528e+00 0.000000000000000000e+00
9.279961677794079655e-01 2.589170398819817365e+00 0.000000000000000000e+00 2.589170398819817365e+00 0.000000000000000000e+00 2.330182078191700867e+00 0.000000000000000000e+00
9.295964730757119154e-01 2.588937611966119601e+00 0.000000000000000000e+00 2.588937611966119601e+00 0.000000000000000000e+00 2.330039583820755045e+00 0.000000000000000000e+00
9.311953133801493809e-01 2.588706312453658231e+00 0.000000000000000000e+00 2.588706312453658231e+00 0.000000000000000000e+00 2.329897986604219540e+00 0.000000000000000000e+00
9.327996629450180377e-01 2.588475486694628902e+00 0.000000000000000000e+00 2.588475486694628902e+00 0.000000000000000000e+00 2.329756666210366145e+00 0.000000000000000000e+00
9.343954660898795561e-01 2.588247144019185875e+00 0.000000000000000000e+00 2.588247144019185875e+00 0.000000000000000000e+00 2.329616853079999661e+00 0.000000000000000000e+00
9.359967386873218054e-01 2.588019266010162411e+00 0.000000000000000000e+00 2.588019266010162411e+00 0.000000000000000000e+00 2.329477311595650413e+00 0.000000000000000000e+00
9.375964185244562987e-01 2.587792853052354847e+00 0.000000000000000000e+00 2.587792853052354847e+00 0.000000000000000000e+00 2.329338654506780681e+00 0.000000000000000000e+00
9.392015756382092739e-01 2.587566899845303858e+00 0.000000000000000000e+00 2.587566899845303858e+00 0.000000000000000000e+00 2.329200266320603507e+00 0.000000000000000000e+00
9.407979603296252602e-01 2.587343399483851059e+00 0.000000000000000000e+00 2.587343399483851059e+00 0.000000000000000000e+00 2.329063367978596588e+00 0.000000000000000000e+00
9.423997810918046669e-01 2.587120349965458033e+00 0.000000000000000000e+00 2.587120349965458033e+00 0.000000000000000000e+00 2.328926733455935150e+00 0.000000000000000000e+00
9.439998781778451420e-01 2.586898743635687392e+00 0.000000000000000000e+00 2.586898743635687392e+00 0.000000000000000000e+00 2.328790970794373472e+00 0.000000000000000000e+00
9.455982061822647555e-01 2.586678574097783567e+00 0.000000000000000000e+00 2.586678574097783567e+00 0.000000000000000000e+00 2.328656076311299117e+00 0.000000000000000000e+00
9.472019557660720235e-01 2.586458846217859264e+00 0.000000000000000000e+00 2.586458846217859264e+00 0.000000000000000000e+00 2.328521440456554625e+00 0.000000000000000000e+00
9.487966328678016925e-01 2.586241533195911657e+00 0.000000000000000000e+00 2.586241533195911657e+00 0.000000000000000000e+00 2.328388272518521429e+00 0.000000000000000000e+00
9.503966885132805187e-01 2.586024653155466257e+00 0.000000000000000000e+00 2.586024653155466257e+00 0.000000000000000000e+00 2.328255358246635431e+00 0.000000000000000000e+00
9.520021499596883485e-01 2.585808205722383679e+00 0.000000000000000000e+00 2.585808205722383679e+00 0.000000000000000000e+00 2.328122697480576875e+00 0.000000000000000000e+00
9.535983755970373066e-01 2.585594152352268082e+00 0.000000000000000000e+00 2.585594152352268082e+00 0.000000000000000000e+00 2.327991492623580960e+00 0.000000000000000000e+00
9.551999630197459679e-01 2.585380523031016953e+00 0.000000000000000000e+00 2.585380523031016953e+00 0.000000000000000000e+00 2.327860536371821443e+00 0.000000000000000000e+00
9.567995554938185654e-01 2.585168294438055181e+00 0.000000000000000000e+00 2.585168294438055181e+00 0.000000000000000000e+00 2.327730427580444683e+00 0.000000000000000000e+00
9.583971058856268765e-01 2.584957460416529518e+00 0.000000000000000000e+00 2.584957460416529518e+00 0.000000000000000000e+00 2.327601162694675541e+00 0.000000000000000000e+00
9.599999999999999645e-01 2.584747041642196930e+00 0.000000000000000000e+00 2.584747041642196930e+00 0.000000000000000000e+00 2.327472141420304563e+00 0.000000000000000000e+00
9.616008066079808625e-01 2.584538009050929119e+00 0.000000000000000000e+00 2.584538009050929119e+00 0.000000000000000000e+00 2.327343959240482540e+00 0.000000000000000000e+00
9.631994779406625184e-01 2.584330356566117093e+00 0.000000000000000000e+00 2.584330356566117093e+00 0.000000000000000000e+00 2.327216612643178362e+00 0.000000000000000000e+00
9.647959660098982537e-01 2.584124078148163139e+00 0.000000000000000000e+00 2.584124078148163139e+00 0.000000000000000000e+00 2.327090098136417762e+00 0.000000000000000000e+00
9.663977551736232519e-01 2.583918202180260693e+00 0.000000000000000000e+00 2.583918202180260693e+00 0.000000000000000000e+00 2.326963819944766865e+00 0.000000000000000000e+00
9.679973142415466691e-01 2.583713692058107192e+00 0.000000000000000000e+00 2.583713692058107192e+00 0.000000000000000000e+00 2.326838369120947991e+00 0.000000000000000000e+00
9.696021771942034961e-01 2.583509579962012026e+00 0.000000000000000000e+00 2.583509579962012026e+00 0.000000000000000000e+00 2.326713152117619199e+00 0.000000000000000000e+00
9.711971549651029489e-01 2.583307785543610180e+00 0.000000000000000000e+00 2.583307785543610180e+00 0.000000000000000000e+00 2.326589346791632984e+00 0.000000000000000000e+00
9.727973888004016745e-01 2.583106381042670652e+00 0.000000000000000000e+00 2.583106381042670652e+00 0.000000000000000000e+00 2.326465770622758278e+00 0.000000000000000000e+00
9.743952468524543775e-01 2.582906322435877478e+00 0.000000000000000000e+00 2.582906322435877478e+00 0.000000000000000000e+00 2.326343010300732761e+00 0.000000000000000000e+00
9.759983626301826920e-01 2.582706649421286027e+00 0.000000000000000000e+00 2.582706649421286027e+00 0.000000000000000000e+00 2.326220476691767569e+00 0.000000000000000000e+00
9.775990538143110031e-01 2.582508314303429753e+00 0.000000000000000000e+00 2.582508314303429753e+00 0.000000000000000000e+00 2.326098754325055307e+00 0.000000000000000000e+00
9.791972705302562918e-01 2.582311311277243782e+00 0.000000000000000000e+00 2.582311311277243782e+00 0.000000000000000000e+00 2.325977839834278527e+00 0.000000000000000000e+00
9.808007214562023401e-01 2.582114685597594050e+00 0.000000000000000000e+00 2.582114685597594050e+00 0.000000000000000000e+00 2.325857147350670395e+00 0.000000000000000000e+00
9.824016481121985445e-01 2.581919384122089767e+00 0.000000000000000000e+00 2.581919384122089767e+00 0.000000000000000000e+00 2.325737258196646007e+00 0.000000000000000000e+00
9.839999999999999858e-01 2.581725401122220376e+00 0.000000000000000000e+00 2.581725401122220376e+00 0.000000000000000000e+00 2.325618169047096284e+00 0.000000000000000000e+00
9.855957264141944618e-01 2.581532730905010453e+00 0.000000000000000000e+00 2.581532730905010453e+00 0.000000000000000000e+00 2.325499876596353488e+00 0.000000000000000000e+00
9.871966367284541466e-01 2.581340426032541657e+00 0.000000000000000000e+00 2.581340426032541657e+00 0.000000000000000000e+00 2.325381799272209449e+00 0.000000000000000000e+00
9.887948703634290570e-01 2.581149426214209619e+00 0.000000000000000000e+00 2.581149426214209619e+00 0.000000000000000000e+00 2.325264514185438891e+00 0.000000000000000000e+00
9.903982873484256100e-01 2.580958787610911465e+00 0.000000000000000000e+00 2.580958787610911465e+00 0.000000000000000000e+00 2.325147441881580512e+00 0.000000000000000000e+00
9.919989758689111703e-01 2.580769446390187127e+00 0.000000000000000000e+00 2.580769446390187127e+00 0.000000000000000000e+00 2.325031157383649294e+00 0.000000000000000000e+00
9.935968841909554872e-01 2.580581396974285013e+00 0.000000000000000000e+00 2.580581396974285013e+00 0.000000000000000000e+00 2.324915657447974571e+00 0.000000000000000000e+00
9.951999486282128160e-01 2.580393700883071961e+00 0.000000000000000000e+00 2.580393700883071961e+00 0.000000000000000000e+00 2.324800365774953637e+00 0.000000000000000000e+00
9.968001800903669718e-01 2.580207289031284823e+00 0.000000000000000000e+00 2.580207289031284823e+00 0.000000000000000000e+00 2.324685854289440634e+00 0.000000000000000000e+00
9.983975262314488397e-01 2.580022155915435267e+00 0.000000000000000000e+00 2.580022155915435267e+00 0.000000000000000000e+00 2.324572119788017588e+00 0.000000000000000000e+00
1.000000000000000000e+00 2.579837368349336302e+00 0.000000000000000000e+00 2.579837368349336302e+00 0.000000000000000000e+00 2.324458589089608562e+00 0.000000000000000000e+00
