3.599989547068678797e-01 2.160460373319206262e+00 0.000000000000000000e+00 2.160460373319206262e+00 0.000000000000000000e+00 1.670831233993051113e+00 0.000000000000000000e+00
3.615990573879262482e-01 2.160005239068480076e+00 0.000000000000000000e+00 2.160005239068480076e+00 0.000000000000000000e+00 1.669220242441724400e+00 0.000000000000000000e+00
3.631996156617823268e-01 2.159556364371467030e+00 0.000000000000000000e+00 2.159556364371467030e+00 0.000000000000000000e+00 1.667637995365153447e+00 0.000000000000000000e+00
3.647993785841014969e-01 2.159113977374760740e+00 0.000000000000000000e+00 2.159113977374760740e+00 0.000000000000000000e+00 1.666084976883964286e+00 0.000000000000000000e+00
3.663992198235738185e-01 2.158677714525330860e+00 0.000000000000000000e+00 2.158677714525330860e+00 0.000000000000000000e+00 1.664559601302692649e+00 0.000000000000000000e+00
3.679989552229946392e-01 2.158247510958662740e+00 0.000000000000000000e+00 2.158247510958662740e+00 0.000000000000000000e+00 1.663061348830532360e+00 0.000000000000000000e+00
3.695994991876704883e-01 2.157823012432212639e+00 0.000000000000000000e+00 2.157823012432212639e+00 0.000000000000000000e+00 1.661588708258386005e+00 0.000000000000000000e+00
3.711995784544728227e-01 2.157404448888117887e+00 0.000000000000000000e+00 2.157404448888117887e+00 0.000000000000000000e+00 1.660142208812674491e+00 0.000000000000000000e+00
3.727989993264697599e-01 2.156991757863494286e+00 0.000000000000000000e+00 2.156991757863494286e+00 0.000000000000000000e+00 1.658721369142957869e+00 0.000000000000000000e+00
3.743998260627985908e-01 2.156584306073791257e+00 0.000000000000000000e+00 2.156584306073791257e+00 0.000000000000000000e+00 1.657323762979131310e+00 0.000000000000000000e+00
3.759996360824273687e-01 2.156182609998019917e+00 0.000000000000000000e+00 2.156182609998019917e+00 0.000000000000000000e+00 1.655950923825831644e+00 0.000000000000000000e+00
3.775993762715168511e-01 2.155786326491826443e+00 0.000000000000000000e+00 2.155786326491826443e+00 0.000000000000000000e+00 1.654601443033875130e+00 0.000000000000000000e+00
3.791988695968657175e-01 2.155395400351719282e+00 0.000000000000000000e+00 2.155395400351719282e+00 0.000000000000000000e+00 1.653274909324849995e+00 0.000000000000000000e+00
3.807991056208901992e-01 2.155009496881668873e+00 0.000000000000000000e+00 2.155009496881668873e+00 0.000000000000000000e+00 1.651969975594987705e+00 0.000000000000000000e+00
3.823999309123882751e-01 2.154628566343302243e+00 0.000000000000000000e+00 2.154628566343302243e+00 0.000000000000000000e+00 1.650686273643148017e+00 0.000000000000000000e+00
3.840000000000000635e-01 2.154252837005623533e+00 0.000000000000000000e+00 2.154252837005623533e+00 0.000000000000000000e+00 1.649424373997851356e+00 0.000000000000000000e+00
3.855991242038216971e-01 2.153882256237005244e+00 0.000000000000000000e+00 2.153882256237005244e+00 0.000000000000000000e+00 1.648183902569997361e+00 0.000000000000000000e+00
3.871995303038347491e-01 2.153516222544685110e+00 0.000000000000000000e+00 2.153516222544685110e+00 0.000000000000000000e+00 1.646962663712535635e+00 0.000000000000000000e+00
3.887998645296639744e-01 2.153154965932669640e+00 0.000000000000000000e+00 2.153154965932669640e+00 0.000000000000000000e+00 1.645761252521410478e+00 0.000000000000000000e+00
3.903999596954487727e-01 2.152798439525559271e+00 0.000000000000000000e+00 2.152798439525559271e+00 0.000000000000000000e+00 1.644579341496515745e+00 0.000000000000000000e+00
3.919996458901121583e-01 2.152446596996030248e+00 0.000000000000000000e+00 2.152446596996030248e+00 0.000000000000000000e+00 1.643416610540763489e+00 0.000000000000000000e+00
3.936000000000000054e-01 2.152099123001371073e+00 0.000000000000000000e+00 2.152099123001371073e+00 0.000000000000000000e+00 1.642271860062380684e+00 0.000000000000000000e+00
3.951996174994023558e-01 2.151756244385372607e+00 0.000000000000000000e+00 2.151756244385372607e+00 0.000000000000000000e+00 1.641145684527899773e+00 0.000000000000000000e+00
3.967995903475645125e-01 2.151417649357282524e+00 0.000000000000000000e+00 2.151417649357282524e+00 0.000000000000000000e+00 1.640036911378694340e+00 0.000000000000000000e+00
3.983997686412493189e-01 2.151083297415691931e+00 0.000000000000000000e+00 2.151083297415691931e+00 0.000000000000000000e+00 1.638945267671384043e+00 0.000000000000000000e+00
4.000000000000000222e-01 2.150753148507387191e+00 0.000000000000000000e+00 2.150753148507387191e+00 0.000000000000000000e+00 1.637870486284052962e+00 0.000000000000000000e+00
4.015988287348652430e-01 2.150427426370900896e+00 0.000000000000000000e+00 2.150427426370900896e+00 0.000000000000000000e+00 1.636813159400715589e+00 0.000000000000000000e+00
4.032000000000000028e-01 2.150105301794914325e+00 0.000000000000000000e+00 2.150105301794914325e+00 0.000000000000000000e+00 1.635770470200504700e+00 0.000000000000000000e+00
4.047994514912581776e-01 2.149787526089784073e+00 0.000000000000000000e+00 2.149787526089784073e+00 0.000000000000000000e+00 1.634744729051683221e+00 0.000000000000000000e+00
4.063996538601477027e-01 2.149473537844285964e+00 0.000000000000000000e+00 2.149473537844285964e+00 0.000000000000000000e+00 1.633734002005775787e+00 0.000000000000000000e+00
4.079991312445908624e-01 2.149163561293962577e+00 0.000000000000000000e+00 2.149163561293962577e+00 0.000000000000000000e+00 1.632738895951087787e+00 0.000000000000000000e+00
4.095990696936860909e-01 2.148857301526565511e+00 0.000000000000000000e+00 2.148857301526565511e+00 0.000000000000000000e+00 1.631758352325650252e+00 0.000000000000000000e+00
4.111993313832010277e-01 2.148554724931016402e+00 0.000000000000000000e+00 2.148554724931016402e+00 0.000000000000000000e+00 1.630792158027711602e+00 0.000000000000000000e+00
4.127997762602838572e-01 2.148255798248056792e+00 0.000000000000000000e+00 2.148255798248056792e+00 0.000000000000000000e+00 1.629840104177950888e+00 0.000000000000000000e+00
4.143988769678131345e-01 2.147960742580880211e+00 0.000000000000000000e+00 2.147960742580880211e+00 0.000000000000000000e+00 1.628902791922077320e+00 0.000000000000000000e+00
4.159992484205087826e-01 2.147669016219885041e+00 0.000000000000000000e+00 2.147669016219885041e+00 0.000000000000000000e+00 1.627978403156610243e+00 0.000000000000000000e+00
4.175993694783039500e-01 2.147380842086457964e+00 0.000000000000000000e+00 2.147380842086457964e+00 0.000000000000000000e+00 1.627067552634878123e+00 0.000000000000000000e+00
4.191990911672820452e-01 2.147096188300177566e+00 0.000000000000000000e+00 2.147096188300177566e+00 0.000000000000000000e+00 1.626170047396237051e+00 0.000000000000000000e+00
4.207996904686752693e-01 2.146814773715574720e+00 0.000000000000000000e+00 2.146814773715574720e+00 0.000000000000000000e+00 1.625284914104522693e+00 0.000000000000000000e+00
4.223996075264971339e-01 2.146536818882613495e+00 0.000000000000000000e+00 2.146536818882613495e+00 0.000000000000000000e+00 1.624412761834031160e+00 0.000000000000000000e+00
4.239986868023637445e-01 2.146262292895749102e+00 0.000000000000000000e+00 2.146262292895749102e+00 0.000000000000000000e+00 1.623553408390766783e+00 0.000000000000000000e+00
4.255996924302132278e-01 2.145990672381103082e+00 0.000000000000000000e+00 2.145990672381103082e+00 0.000000000000000000e+00 1.622705137864037139e+00 0.000000000000000000e+00
4.271995865276940751e-01 2.145722424081370594e+00 0.000000000000000000e+00 2.145722424081370594e+00 0.000000000000000000e+00 1.621869332303707445e+00 0.000000000000000000e+00
4.287996901176584497e-01 2.145457273703130330e+00 0.000000000000000000e+00 2.145457273703130330e+00 0.000000000000000000e+00 1.621045060728366849e+00 0.000000000000000000e+00
4.303998722519414288e-01 2.145195194675154848e+00 0.000000000000000000e+00 2.145195194675154848e+00 0.000000000000000000e+00 1.620232168718742649e+00 0.000000000000000000e+00
4.319999999999999951e-01 2.144936160689529192e+00 0.000000000000000000e+00 2.144936160689529192e+00 0.000000000000000000e+00 1.619430504649971958e+00 0.000000000000000000e+00
4.335999384488408714e-01 2.144680145699727092e+00 0.000000000000000000e+00 2.144680145699727092e+00 0.000000000000000000e+00 1.618639919631975621e+00 0.000000000000000000e+00
4.351995507037804134e-01 2.144427123918716482e+00 0.000000000000000000e+00 2.144427123918716482e+00 0.000000000000000000e+00 1.617860267451471490e+00 0.000000000000000000e+00
4.367986978900604833e-01 2.144177069817099213e+00 0.000000000000000000e+00 2.144177069817099213e+00 0.000000000000000000e+00 1.617091404515578423e+00 0.000000000000000000e+00
4.383987892974460232e-01 2.143929719859043459e+00 0.000000000000000000e+00 2.143929719859043459e+00 0.000000000000000000e+00 1.616332459501396590e+00 0.000000000000000000e+00
4.399997160925822048e-01 2.143685051957008536e+00 0.000000000000000000e+00 2.143685051957008536e+00 0.000000000000000000e+00 1.615583307393293477e+00 0.000000000000000000e+00
4.415997948433009745e-01 2.143443280538774864e+00 0.000000000000000000e+00 2.143443280538774864e+00 0.000000000000000000e+00 1.614844546621597932e+00 0.000000000000000000e+00
4.431988789910920046e-01 2.143204381034396366e+00 0.000000000000000000e+00 2.143204381034396366e+00 0.000000000000000000e+00 1.614116043175195747e+00 0.000000000000000000e+00
4.448000114801912708e-01 2.142967860321371987e+00 0.000000000000000000e+00 2.142967860321371987e+00 0.000000000000000000e+00 1.613396240127946246e+00 0.000000000000000000e+00
4.463998963066442838e-01 2.142734166903409232e+00 0.000000000000000000e+00 2.142734166903409232e+00 0.000000000000000000e+00 1.612686450499822621e+00 0.000000000000000000e+00
4.480000000000000093e-01 2.142503044381755650e+00 0.000000000000000000e+00 2.142503044381755650e+00 0.000000000000000000e+00 1.611985842733059782e+00 0.000000000000000000e+00
4.495985727029438439e-01 2.142274703494636334e+00 0.000000000000000000e+00 2.142274703494636334e+00 0.000000000000000000e+00 1.611295004122669239e+00 0.000000000000000000e+00
4.511987423031573741e-01 2.142048659484571349e+00 0.000000000000000000e+00 2.142048659484571349e+00 0.000000000000000000e+00 1.610612419735110157e+00 0.000000000000000000e+00
4.527987670597515835e-01 2.141825124404647340e+00 0.000000000000000000e+00 2.141825124404647340e+00 0.000000000000000000e+00 1.609938684708211332e+00 0.000000000000000000e+00
4.543985222812284008e-01 2.141604077980423959e+00 0.000000000000000000e+00 2.141604077980423959e+00 0.000000000000000000e+00 1.609273691813673635e+00 0.000000000000000000e+00
4.559995586531566114e-01 2.141385272177764865e+00 0.000000000000000000e+00 2.141385272177764865e+00 0.000000000000000000e+00 1.608616651706822775e+00 0.000000000000000000e+00
4.576000944844691443e-01 2.141168916832408620e+00 0.000000000000000000e+00 2.141168916832408620e+00 0.000000000000000000e+00 1.607968152316101795e+00 0.000000000000000000e+00
4.591999999999999971e-01 2.140954992212654950e+00 0.000000000000000000e+00 2.140954992212654950e+00 0.000000000000000000e+00 1.607328091428546823e+00 0.000000000000000000e+00
4.607991436949710473e-01 2.140743478773074582e+00 0.000000000000000000e+00 2.140743478773074582e+00 0.000000000000000000e+00 1.606696368490997839e+00 0.000000000000000000e+00
4.623991168528933660e-01 2.140534132726280347e+00 0.000000000000000000e+00 2.140534132726280347e+00 0.000000000000000000e+00 1.606072216047050638e+00 0.000000000000000000e+00
4.639998203639874585e-01 2.140326937483158165e+00 0.000000000000000000e+00 2.140326937483158165e+00 0.000000000000000000e+00 1.605455547921533777e+00 0.000000000000000000e+00
4.655994051575544357e-01 2.140122099302232073e+00 0.000000000000000000e+00 2.140122099302232073e+00 0.000000000000000000e+00 1.604846940371862374e+00 0.000000000000000000e+00
4.671994935506844637e-01 2.139919377468392003e+00 0.000000000000000000e+00 2.139919377468392003e+00 0.000000000000000000e+00 1.604245641397367583e+00 0.000000000000000000e+00
4.687999818505620975e-01 2.139718755831556241e+00 0.000000000000000000e+00 2.139718755831556241e+00 0.000000000000000000e+00 1.603651568776640390e+00 0.000000000000000000e+00
4.703989801648126301e-01 2.139520438559285420e+00 0.000000000000000000e+00 2.139520438559285420e+00 0.000000000000000000e+00 1.603065291888760902e+00 0.000000000000000000e+00
4.719999390889225710e-01 2.139323968587875324e+00 0.000000000000000000e+00 2.139323968587875324e+00 0.000000000000000000e+00 1.602485426700797300e+00 0.000000000000000000e+00
4.735991688025943946e-01 2.139129769722215357e+00 0.000000000000000000e+00 2.139129769722215357e+00 0.000000000000000000e+00 1.601913191937027081e+00 0.000000000000000000e+00
4.752001655749705789e-01 2.138937388487994085e+00 0.000000000000000000e+00 2.138937388487994085e+00 0.000000000000000000e+00 1.601347219933464183e+00 0.000000000000000000e+00
4.767991877985186533e-01 2.138747245669036179e+00 0.000000000000000000e+00 2.138747245669036179e+00 0.000000000000000000e+00 1.600788717870818445e+00 0.000000000000000000e+00
4.783997777469092827e-01 2.138558891325773814e+00 0.000000000000000000e+00 2.138558891325773814e+00 0.000000000000000000e+00 1.600236334051620579e+00 0.000000000000000000e+00
4.799999999999999822e-01 2.138372527969296666e+00 0.000000000000000000e+00 2.138372527969296666e+00 0.000000000000000000e+00 1.599690634408078793e+00 0.000000000000000000e+00
4.815997389703312592e-01 2.138188140531936288e+00 0.000000000000000000e+00 2.138188140531936288e+00 0.000000000000000000e+00 1.599151545979744071e+00 0.000000000000000000e+00
4.831988775868116259e-01 2.138005714077927610e+00 0.000000000000000000e+00 2.138005714077927610e+00 0.000000000000000000e+00 1.598618996877601672e+00 0.000000000000000000e+00
4.847991929397872379e-01 2.137825020858797664e+00 0.000000000000000000e+00 2.137825020858797664e+00 0.000000000000000000e+00 1.598092296019414604e+00 0.000000000000000000e+00
4.863986944002008372e-01 2.137646260690161615e+00 0.000000000000000000e+00 2.137646260690161615e+00 0.000000000000000000e+00 1.597572000171316953e+00 0.000000000000000000e+00
4.879991813150913460e-01 2.137469207606383481e+00 0.000000000000000000e+00 2.137469207606383481e+00 0.000000000000000000e+00 1.597057426486109710e+00 0.000000000000000000e+00
4.895986352651281459e-01 2.137294060098602344e+00 0.000000000000000000e+00 2.137294060098602344e+00 0.000000000000000000e+00 1.596549127216529085e+00 0.000000000000000000e+00
4.911988780203715987e-01 2.137120593958349080e+00 0.000000000000000000e+00 2.137120593958349080e+00 0.000000000000000000e+00 1.596046427552122671e+00 0.000000000000000000e+00
4.927998219332170859e-01 2.136948797240020959e+00 0.000000000000000000e+00 2.136948797240020959e+00 0.000000000000000000e+00 1.595549270535212338e+00 0.000000000000000000e+00
4.943994066441500523e-01 2.136778866478075134e+00 0.000000000000000000e+00 2.136778866478075134e+00 0.000000000000000000e+00 1.595058201748237092e+00 0.000000000000000000e+00
4.959994879344555851e-01 2.136610580044453478e+00 0.000000000000000000e+00 2.136610580044453478e+00 0.000000000000000000e+00 1.594572558030600495e+00 0.000000000000000000e+00
4.975999743141064080e-01 2.136443926286232475e+00 0.000000000000000000e+00 2.136443926286232475e+00 0.000000000000000000e+00 1.594092284758303668e+00 0.000000000000000000e+00
4.991987631157244198e-01 2.136279099826700278e+00 0.000000000000000000e+00 2.136279099826700278e+00 0.000000000000000000e+00 1.593617921021925454e+00 0.000000000000000000e+00
5.007997673404100958e-01 2.136115676101294714e+00 0.000000000000000000e+00 2.136115676101294714e+00 0.000000000000000000e+00 1.593148224779328936e+00 0.000000000000000000e+00
5.023988589211618727e-01 2.135954055386814598e+00 0.000000000000000000e+00 2.135954055386814598e+00 0.000000000000000000e+00 1.592684326718819765e+00 0.000000000000000000e+00
5.040000000000000036e-01 2.135793816193026995e+00 0.000000000000000000e+00 2.135793816193026995e+00 0.000000000000000000e+00 1.592224997665166120e+00 0.000000000000000000e+00
5.055990082455896761e-01 2.135635356102891791e+00 0.000000000000000000e+00 2.135635356102891791e+00 0.000000000000000000e+00 1.591771358320578811e+00 0.000000000000000000e+00
5.071998952742505784e-01 2.135478256657150631e+00 0.000000000000000000e+00 2.135478256657150631e+00 0.000000000000000000e+00 1.591322192098593824e+00 0.000000000000000000e+00
5.087984241628366044e-01 2.135322912784663796e+00 0.000000000000000000e+00 2.135322912784663796e+00 0.000000000000000000e+00 1.590878609909702535e+00 0.000000000000000000e+00
5.103986563256434072e-01 2.135168909014076633e+00 0.000000000000000000e+00 2.135168909014076633e+00 0.000000000000000000e+00 1.590439407484525614e+00 0.000000000000000000e+00
5.119984142519109493e-01 2.135016437117874588e+00 0.000000000000000000e+00 2.135016437117874588e+00 0.000000000000000000e+00 1.590005115274630398e+00 0.000000000000000000e+00
5.135997216261671827e-01 2.134865286477965363e+00 0.000000000000000000e+00 2.134865286477965363e+00 0.000000000000000000e+00 1.589575117205279664e+00 0.000000000000000000e+00
5.151982314785188422e-01 2.134715846815505191e+00 0.000000000000000000e+00 2.134715846815505191e+00 0.000000000000000000e+00 1.589150505081352138e+00 0.000000000000000000e+00
5.168002601007890551e-01 2.134567509989858003e+00 0.000000000000000000e+00 2.134567509989858003e+00 0.000000000000000000e+00 1.588729535404553639e+00 0.000000000000000000e+00
5.183992774922961955e-01 2.134420863024805382e+00 0.000000000000000000e+00 2.134420863024805382e+00 0.000000000000000000e+00 1.588313858870935347e+00 0.000000000000000000e+00
5.199994967097398835e-01 2.134275499137532339e+00 0.000000000000000000e+00 2.134275499137532339e+00 0.000000000000000000e+00 1.587902306475324599e+00 0.000000000000000000e+00
5.215986537652503863e-01 2.134131606475174969e+00 0.000000000000000000e+00 2.134131606475174969e+00 0.000000000000000000e+00 1.587495396236589862e+00 0.000000000000000000e+00
5.231988454380878117e-01 2.133988978904301614e+00 0.000000000000000000e+00 2.133988978904301614e+00 0.000000000000000000e+00 1.587092530841925697e+00 0.000000000000000000e+00
5.248000000000000442e-01 2.133847608185774902e+00 0.000000000000000000e+00 2.133847608185774902e+00 0.000000000000000000e+00 1.586693673848998065e+00 0.000000000000000000e+00
5.263998097923000552e-01 2.133707680699225673e+00 0.000000000000000000e+00 2.133707680699225673e+00 0.000000000000000000e+00 1.586299337231052098e+00 0.000000000000000000e+00
5.279981602851557820e-01 2.133569186393923900e+00 0.000000000000000000e+00 2.133569186393923900e+00 0.000000000000000000e+00 1.585909478126812600e+00 0.000000000000000000e+00
5.295994600805608021e-01 2.133431728734092925e+00 0.000000000000000000e+00 2.133431728734092925e+00 0.000000000000000000e+00 1.585522967855361953e+00 0.000000000000000000e+00
5.311991225514558490e-01 2.133295686932457969e+00 0.000000000000000000e+00 2.133295686932457969e+00 0.000000000000000000e+00 1.585140860500013016e+00 0.000000000000000000e+00
5.320996184696727971e-01 2.133219659865653650e+00 0.000000000000000000e+00 2.133219659865653650e+00 0.000000000000000000e+00 1.584927501987624776e+00 0.000000000000000000e+00
5.327993193040055919e-01 2.133160859136272958e+00 0.000000000000000000e+00 2.133160859136272958e+00 0.000000000000000000e+00 1.584762576223677444e+00 0.000000000000000000e+00
5.343999724145066521e-01 2.133027237469340420e+00 0.000000000000000000e+00 2.133027237469340420e+00 0.000000000000000000e+00 1.584388081160807538e+00 0.000000000000000000e+00
5.359986857691276807e-01 2.132895004888271107e+00 0.000000000000000000e+00 2.132895004888271107e+00 0.000000000000000000e+00 1.584017875660013397e+00 0.000000000000000000e+00
5.376000000000000778e-01 2.132763771456548607e+00 0.000000000000000000e+00 2.132763771456548607e+00 0.000000000000000000e+00 1.583650856688990416e+00 0.000000000000000000e+00
5.391991858781165492e-01 2.132633910410817624e+00 0.000000000000000000e+00 2.132633910410817624e+00 0.000000000000000000e+00 1.583288056942297128e+00 0.000000000000000000e+00
5.407984785899041524e-01 2.132505223330348532e+00 0.000000000000000000e+00 2.132505223330348532e+00 0.000000000000000000e+00 1.582928910314162607e+00 0.000000000000000000e+00
5.424001679907605178e-01 2.132377514288396281e+00 0.000000000000000000e+00 2.132377514288396281e+00 0.000000000000000000e+00 1.582572860079452415e+00 0.000000000000000000e+00
5.439994383797256416e-01 2.132251153025820134e+00 0.000000000000000000e+00 2.132251153025820134e+00 0.000000000000000000e+00 1.582220926518055570e+00 0.000000000000000000e+00
5.455985636584463894e-01 2.132125943120769751e+00 0.000000000000000000e+00 2.132125943120769751e+00 0.000000000000000000e+00 1.581872551406270810e+00 0.000000000000000000e+00
5.471998728920156596e-01 2.132001690596692089e+00 0.000000000000000000e+00 2.132001690596692089e+00 0.000000000000000000e+00 1.581527185642767064e+00 0.000000000000000000e+00
5.487984631660020041e-01 2.131878761768761787e+00 0.000000000000000000e+00 2.131878761768761787e+00 0.000000000000000000e+00 1.581185837418894069e+00 0.000000000000000000e+00
5.503990908364483348e-01 2.131756776798165998e+00 0.000000000000000000e+00 2.131756776798165998e+00 0.000000000000000000e+00 1.580847442167609529e+00 0.000000000000000000e+00
5.519992520335338382e-01 2.131635914957234590e+00 0.000000000000000000e+00 2.131635914957234590e+00 0.000000000000000000e+00 1.580512488301172302e+00 0.000000000000000000e+00
5.535988569387391145e-01 2.131516169021312024e+00 0.000000000000000000e+00 2.131516169021312024e+00 0.000000000000000000e+00 1.580180946302961464e+00 0.000000000000000000e+00
5.552003009215722429e-01 2.131397348171815587e+00 0.000000000000000000e+00 2.131397348171815587e+00 0.000000000000000000e+00 1.579852279250829161e+00 0.000000000000000000e+00
5.567985341734292826e-01 2.131279813152287872e+00 0.000000000000000000e+00 2.131279813152287872e+00 0.000000000000000000e+00 1.579527475819434867e+00 0.000000000000000000e+00
5.583984506947103910e-01 2.131163190164427235e+00 0.000000000000000000e+00 2.131163190164427235e+00 0.000000000000000000e+00 1.579205494016487243e+00 0.000000000000000000e+00
5.600000000000000533e-01 2.131047473879762677e+00 0.000000000000000000e+00 2.131047473879762677e+00 0.000000000000000000e+00 1.578886311678277199e+00 0.000000000000000000e+00
5.615980432123930388e-01 2.130933021781501679e+00 0.000000000000000000e+00 2.130933021781501679e+00 0.000000000000000000e+00 1.578570906144782793e+00 0.000000000000000000e+00
5.632001162885773571e-01 2.130819282764464084e+00 0.000000000000000000e+00 2.130819282764464084e+00 0.000000000000000000e+00 1.578257750799139547e+00 0.000000000000000000e+00
5.647984912467712837e-01 2.130706794118880421e+00 0.000000000000000000e+00 2.130706794118880421e+00 0.000000000000000000e+00 1.577948317208024642e+00 0.000000000000000000e+00
5.663982019104701893e-01 2.130595187887764919e+00 0.000000000000000000e+00 2.130595187887764919e+00 0.000000000000000000e+00 1.577641584907274463e+00 0.000000000000000000e+00
5.679991937035577809e-01 2.130484458925272939e+00 0.000000000000000000e+00 2.130484458925272939e+00 0.000000000000000000e+00 1.577337532925566999e+00 0.000000000000000000e+00
5.695987944999059138e-01 2.130374780765592391e+00 0.000000000000000000e+00 2.130374780765592391e+00 0.000000000000000000e+00 1.577036630405862061e+00 0.000000000000000000e+00
5.711995356101337018e-01 2.130265968597566228e+00 0.000000000000000000e+00 2.130265968597566228e+00 0.000000000000000000e+00 1.576738363070059989e+00 0.000000000000000000e+00
5.727987138085404162e-01 2.130158194952816331e+00 0.000000000000000000e+00 2.130158194952816331e+00 0.000000000000000000e+00 1.576443196725513030e+00 0.000000000000000000e+00
5.743988881167477745e-01 2.130051276176244901e+00 0.000000000000000000e+00 2.130051276176244901e+00 0.000000000000000000e+00 1.576150621376765315e+00 0.000000000000000000e+00
5.760000000000000675e-01 2.129945207292308407e+00 0.000000000000000000e+00 2.129945207292308407e+00 0.000000000000000000e+00 1.575860617133107544e+00 0.000000000000000000e+00
5.775992993375386186e-01 2.129840159347820894e+00 0.000000000000000000e+00 2.129840159347820894e+00 0.000000000000000000e+00 1.575573644874129098e+00 0.000000000000000000e+00
5.791993870905955966e-01 2.129735950390986510e+00 0.000000000000000000e+00 2.129735950390986510e+00 0.000000000000000000e+00 1.575289200867697303e+00 0.000000000000000000e+00
5.808002023694084359e-01 2.129632575545205686e+00 0.000000000000000000e+00 2.129632575545205686e+00 0.000000000000000000e+00 1.575007265834176273e+00 0.000000000000000000e+00
5.823989477887122623e-01 2.129530204400607918e+00 0.000000000000000000e+00 2.129530204400607918e+00 0.000000000000000000e+00 1.574728295841296255e+00 0.000000000000000000e+00
5.839982666201920525e-01 2.129428656678367116e+00 0.000000000000000000e+00 2.129428656678367116e+00 0.000000000000000000e+00 1.574451793261455901e+00 0.000000000000000000e+00
5.855980956159492212e-01 2.129327927599799608e+00 0.000000000000000000e+00 2.129327927599799608e+00 0.000000000000000000e+00 1.574177739406136478e+00 0.000000000000000000e+00
5.871983707878472014e-01 2.129228012415716353e+00 0.000000000000000000e+00 2.129228012415716353e+00 0.000000000000000000e+00 1.573906115765921765e+00 0.000000000000000000e+00
5.887990274064329732e-01 2.129128906406327459e+00 0.000000000000000000e+00 2.129128906406327459e+00 0.000000000000000000e+00 1.573636904008643533e+00 0.000000000000000000e+00
5.904000000000000359e-01 2.129030604881146260e+00 0.000000000000000000e+00 2.129030604881146260e+00 0.000000000000000000e+00 1.573370085977556565e+00 0.000000000000000000e+00
5.919983956683045889e-01 2.128933274588577618e+00 0.000000000000000000e+00 2.128933274588577618e+00 0.000000000000000000e+00 1.573106108404842107e+00 0.000000000000000000e+00
5.935997855104659937e-01 2.128836567582584660e+00 0.000000000000000000e+00 2.128836567582584660e+00 0.000000000000000000e+00 1.572844022353964810e+00 0.000000000000000000e+00
5.951984330819415359e-01 2.128740821591545984e+00 0.000000000000000000e+00 2.128740821591545984e+00 0.000000000000000000e+00 1.572584737949059841e+00 0.000000000000000000e+00
5.967999691934459117e-01 2.128645690703664162e+00 0.000000000000000000e+00 2.128645690703664162e+00 0.000000000000000000e+00 1.572327313364596524e+00 0.000000000000000000e+00
5.983985945471130830e-01 2.128551510740340991e+00 0.000000000000000000e+00 2.128551510740340991e+00 0.000000000000000000e+00 1.572072652339305154e+00 0.000000000000000000e+00
6.000000000000000888e-01 2.128457937800537714e+00 0.000000000000000000e+00 2.128457937800537714e+00 0.000000000000000000e+00 1.571819820046848504e+00 0.000000000000000000e+00
6.015983230708765728e-01 2.128365305821405595e+00 0.000000000000000000e+00 2.128365305821405595e+00 0.000000000000000000e+00 1.571569713938256951e+00 0.000000000000000000e+00
6.031993149885183092e-01 2.128273272889273038e+00 0.000000000000000000e+00 2.128273272889273038e+00 0.000000000000000000e+00 1.571321406076163774e+00 0.000000000000000000e+00
6.048000000000001153e-01 2.128182003541881695e+00 0.000000000000000000e+00 2.128182003541881695e+00 0.000000000000000000e+00 1.571075336186399829e+00 0.000000000000000000e+00
6.064003051956626811e-01 2.128091493376750520e+00 0.000000000000000000e+00 2.128091493376750520e+00 0.000000000000000000e+00 1.570831487771589652e+00 0.000000000000000000e+00
6.080001569235145009e-01 2.128001738019722477e+00 0.000000000000000000e+00 2.128001738019722477e+00 0.000000000000000000e+00 1.570589844491435239e+00 0.000000000000000000e+00
6.095994807902216372e-01 2.127912733124881939e+00 0.000000000000000000e+00 2.127912733124881939e+00 0.000000000000000000e+00 1.570350390161195486e+00 0.000000000000000000e+00
6.111982016622793390e-01 2.127824474374469865e+00 0.000000000000000000e+00 2.127824474374469865e+00 0.000000000000000000e+00 1.570113108750186726e+00 0.000000000000000000e+00
6.127992724540836100e-01 2.127736792270915611e+00 0.000000000000000000e+00 2.127736792270915611e+00 0.000000000000000000e+00 1.569877540682988126e+00 0.000000000000000000e+00
6.143996194195157079e-01 2.127649848675864597e+00 0.000000000000000000e+00 2.127649848675864597e+00 0.000000000000000000e+00 1.569644116992535920e+00 0.000000000000000000e+00
6.159991653127842026e-01 2.127563639347056945e+00 0.000000000000000000e+00 2.127563639347056945e+00 0.000000000000000000e+00 1.569412822065154423e+00 0.000000000000000000e+00
6.175978321511118585e-01 2.127478160070087387e+00 0.000000000000000000e+00 2.127478160070087387e+00 0.000000000000000000e+00 1.569183640435748872e+00 0.000000000000000000e+00
6.191986335918654438e-01 2.127393243266956890e+00 0.000000000000000000e+00 2.127393243266956890e+00 0.000000000000000000e+00 1.568956119150431983e+00 0.000000000000000000e+00
6.207984297781360405e-01 2.127309049064693092e+00 0.000000000000000000e+00 2.127309049064693092e+00 0.000000000000000000e+00 1.568730683645224389e+00 0.000000000000000000e+00
6.224002650562492356e-01 2.127225410825678953e+00 0.000000000000000000e+00 2.127225410825678953e+00 0.000000000000000000e+00 1.568506884186979811e+00 0.000000000000000000e+00
6.239978257915477222e-01 2.127142649875583214e+00 0.000000000000000000e+00 2.127142649875583214e+00 0.000000000000000000e+00 1.568285576659668834e+00 0.000000000000000000e+00
6.256004521051143907e-01 2.127060275956580426e+00 0.000000000000000000e+00 2.127060275956580426e+00 0.000000000000000000e+00 1.568065446640728444e+00 0.000000000000000000e+00
6.271986402197502475e-01 2.126978771167725490e+00 0.000000000000000000e+00 2.126978771167725490e+00 0.000000000000000000e+00 1.567847779068056058e+00 0.000000000000000000e+00
6.287986367509230679e-01 2.126897808673835932e+00 0.000000000000000000e+00 2.126897808673835932e+00 0.000000000000000000e+00 1.567631697336075103e+00 0.000000000000000000e+00
6.304004067624253693e-01 2.126817385761779811e+00 0.000000000000000000e+00 2.126817385761779811e+00 0.000000000000000000e+00 1.567417191320429559e+00 0.000000000000000000e+00
6.319974716838789863e-01 2.126737819486179681e+00 0.000000000000000000e+00 2.126737819486179681e+00 0.000000000000000000e+00 1.567205103030975488e+00 0.000000000000000000e+00
6.335994112897457287e-01 2.126658626240343519e+00 0.000000000000000000e+00 2.126658626240343519e+00 0.000000000000000000e+00 1.566994140189056139e+00 0.000000000000000000e+00
6.351997294929531135e-01 2.126580122687474095e+00 0.000000000000000000e+00 2.126580122687474095e+00 0.000000000000000000e+00 1.566785143599042751e+00 0.000000000000000000e+00
6.367983400017462881e-01 2.126502304900012241e+00 0.000000000000000000e+00 2.126502304900012241e+00 0.000000000000000000e+00 1.566578099307990968e+00 0.000000000000000000e+00
6.383984429306270858e-01 2.126425010798035142e+00 0.000000000000000000e+00 2.126425010798035142e+00 0.000000000000000000e+00 1.566372573021501013e+00 0.000000000000000000e+00
6.400000000000000133e-01 2.126348237763475701e+00 0.000000000000000000e+00 2.126348237763475701e+00 0.000000000000000000e+00 1.566168555142610552e+00 0.000000000000000000e+00
6.415996522495109877e-01 2.126272140533565391e+00 0.000000000000000000e+00 2.126272140533565391e+00 0.000000000000000000e+00 1.565966453897244870e+00 0.000000000000000000e+00
6.432006474338688440e-01 2.126196558343082632e+00 0.000000000000000000e+00 2.126196558343082632e+00 0.000000000000000000e+00 1.565765839386048741e+00 0.000000000000000000e+00
6.447995922676472702e-01 2.126121645133839611e+00 0.000000000000000000e+00 2.126121645133839611e+00 0.000000000000000000e+00 1.565567117320165069e+00 0.000000000000000000e+00
6.463997664318820169e-01 2.126047241007785527e+00 0.000000000000000000e+00 2.126047241007785527e+00 0.000000000000000000e+00 1.565369860688287096e+00 0.000000000000000000e+00
6.479977421681457628e-01 2.125973499120457966e+00 0.000000000000000000e+00 2.125973499120457966e+00 0.000000000000000000e+00 1.565174472722061561e+00 0.000000000000000000e+00
6.496002347245654063e-01 2.125900105138432750e+00 0.000000000000000000e+00 2.125900105138432750e+00 0.000000000000000000e+00 1.564980118142591747e+00 0.000000000000000000e+00
6.512004117798448899e-01 2.125827367539307122e+00 0.000000000000000000e+00 2.125827367539307122e+00 0.000000000000000000e+00 1.564787611449699911e+00 0.000000000000000000e+00
6.527981803535042316e-01 2.125755282613092767e+00 0.000000000000000000e+00 2.125755282613092767e+00 0.000000000000000000e+00 1.564596939780289686e+00 0.000000000000000000e+00
6.544003546885391875e-01 2.125683538497391556e+00 0.000000000000000000e+00 2.125683538497391556e+00 0.000000000000000000e+00 1.564407275915238760e+00 0.000000000000000000e+00
6.560000000000001386e-01 2.125612441298449173e+00 0.000000000000000000e+00 2.125612441298449173e+00 0.000000000000000000e+00 1.564219426802960777e+00 0.000000000000000000e+00
6.576005091757717302e-01 2.125541834072107950e+00 0.000000000000000000e+00 2.125541834072107950e+00 0.000000000000000000e+00 1.564032975186625318e+00 0.000000000000000000e+00
6.591983326510104657e-01 2.125471867278114324e+00 0.000000000000000000e+00 2.125471867278114324e+00 0.000000000000000000e+00 1.563848315835210112e+00 0.000000000000000000e+00
6.608004178503094073e-01 2.125402232286463189e+00 0.000000000000000000e+00 2.125402232286463189e+00 0.000000000000000000e+00 1.563664632013554323e+00 0.000000000000000000e+00
6.623996922649514341e-01 2.125333232098481684e+00 0.000000000000000000e+00 2.125333232098481684e+00 0.000000000000000000e+00 1.563482720827678918e+00 0.000000000000000000e+00
6.639996144020822166e-01 2.125264711409459384e+00 0.000000000000000000e+00 2.125264711409459384e+00 0.000000000000000000e+00 1.563302170384703427e+00 0.000000000000000000e+00
6.656001374319551189e-01 2.125196667830582697e+00 0.000000000000000000e+00 2.125196667830582697e+00 0.000000000000000000e+00 1.563122972294877844e+00 0.000000000000000000e+00
6.671976236089287582e-01 2.125129249954950339e+00 0.000000000000000000e+00 2.125129249954950339e+00 0.000000000000000000e+00 1.562945515508253003e+00 0.000000000000000000e+00
6.687991887066235819e-01 2.125062153097797779e+00 0.000000000000000000e+00 2.125062153097797779e+00 0.000000000000000000e+00 1.562768995997631860e+00 0.000000000000000000e+00
6.703975862572388866e-01 2.124995676469704442e+00 0.000000000000000000e+00 2.124995676469704442e+00 0.000000000000000000e+00 1.562594198922603317e+00 0.000000000000000000e+00
6.720000000000001528e-01 2.124929516933401707e+00 0.000000000000000000e+00 2.124929516933401707e+00 0.000000000000000000e+00 1.562420325212991346e+00 0.000000000000000000e+00
6.735991133422434274e-01 2.124863972208153040e+00 0.000000000000000000e+00 2.124863972208153040e+00 0.000000000000000000e+00 1.562248155347811585e+00 0.000000000000000000e+00
6.751985013015585624e-01 2.124798889773984900e+00 0.000000000000000000e+00 2.124798889773984900e+00 0.000000000000000000e+00 1.562077286463316339e+00 0.000000000000000000e+00
6.767981134547360611e-01 2.124734267332975435e+00 0.000000000000000000e+00 2.124734267332975435e+00 0.000000000000000000e+00 1.561907710623478218e+00 0.000000000000000000e+00
6.783978988837821023e-01 2.124670102599277133e+00 0.000000000000000000e+00 2.124670102599277133e+00 0.000000000000000000e+00 1.561739419951950758e+00 0.000000000000000000e+00
6.799978061756156711e-01 2.124606393299092844e+00 0.000000000000000000e+00 2.124606393299092844e+00 0.000000000000000000e+00 1.561572406631625443e+00 0.000000000000000000e+00
6.815977834218425180e-01 2.124543137170646023e+00 0.000000000000000000e+00 2.124543137170646023e+00 0.000000000000000000e+00 1.561406662904196274e+00 0.000000000000000000e+00
6.831977782186074988e-01 2.124480331964158086e+00 0.000000000000000000e+00 2.124480331964158086e+00 0.000000000000000000e+00 1.561242181069729229e+00 0.000000000000000000e+00
6.847977376665267402e-01 2.124417975441820428e+00 0.000000000000000000e+00 2.124417975441820428e+00 0.000000000000000000e+00 1.561078953486234600e+00 0.000000000000000000e+00
6.863976083707025166e-01 2.124356065377769998e+00 0.000000000000000000e+00 2.124356065377769998e+00 0.000000000000000000e+00 1.560916972569249328e+00 0.000000000000000000e+00
6.879973364408190628e-01 2.124294599558064434e+00 0.000000000000000000e+00 2.124294599558064434e+00 0.000000000000000000e+00 1.560756230791419563e+00 0.000000000000000000e+00
6.896007030385280512e-01 2.124233429969361264e+00 0.000000000000000000e+00 2.124233429969361264e+00 0.000000000000000000e+00 1.560596339636054708e+00 0.000000000000000000e+00
6.912000000000000366e-01 2.124172846398618919e+00 0.000000000000000000e+00 2.124172846398618919e+00 0.000000000000000000e+00 1.560438054885613601e+00 0.000000000000000000e+00
6.927989897240180994e-01 2.124112700499838358e+00 0.000000000000000000e+00 2.124112700499838358e+00 0.000000000000000000e+00 1.560280987023796140e+00 0.000000000000000000e+00
6.943976163406123669e-01 2.124052990106511718e+00 0.000000000000000000e+00 2.124052990106511718e+00 0.000000000000000000e+00 1.560125128747664736e+00 0.000000000000000000e+00
6.959997305459811878e-01 2.123993568660729636e+00 0.000000000000000000e+00 2.123993568660729636e+00 0.000000000000000000e+00 1.559970096142807794e+00 0.000000000000000000e+00
6.975974793225678816e-01 2.123934723173209971e+00 0.000000000000000000e+00 2.123934723173209971e+00 0.000000000000000000e+00 1.559816636426007985e+00 0.000000000000000000e+00
6.991986375145919919e-01 2.123876163050838262e+00 0.000000000000000000e+00 2.123876163050838262e+00 0.000000000000000000e+00 1.559663990190845784e+00 0.000000000000000000e+00
7.007992403260266956e-01 2.123818030571905879e+00 0.000000000000000000e+00 2.123818030571905879e+00 0.000000000000000000e+00 1.559512526998395598e+00 0.000000000000000000e+00
7.023992295272356579e-01 2.123760323623216539e+00 0.000000000000000000e+00 2.123760323623216539e+00 0.000000000000000000e+00 1.559362239796861171e+00 0.000000000000000000e+00
7.039985463960843903e-01 2.123703040103262829e+00 0.000000000000000000e+00 2.123703040103262829e+00 0.000000000000000000e+00 1.559213121587787132e+00 0.000000000000000000e+00
7.055971317189767555e-01 2.123646177922203560e+00 0.000000000000000000e+00 2.123646177922203560e+00 0.000000000000000000e+00 1.559065165425693511e+00 0.000000000000000000e+00
7.071989595988981137e-01 2.123589592997265463e+00 0.000000000000000000e+00 2.123589592997265463e+00 0.000000000000000000e+00 1.558917995162165893e+00 0.000000000000000000e+00
7.087999725590410360e-01 2.123533425938132879e+00 0.000000000000000000e+00 2.123533425938132879e+00 0.000000000000000000e+00 1.558771975277683852e+00 0.000000000000000000e+00
7.104001100116315026e-01 2.123477674684411287e+00 0.000000000000000000e+00 2.123477674684411287e+00 0.000000000000000000e+00 1.558627098963357271e+00 0.000000000000000000e+00
7.119993108794900882e-01 2.123422337187293785e+00 0.000000000000000000e+00 2.123422337187293785e+00 0.000000000000000000e+00 1.558483359461969808e+00 0.000000000000000000e+00
7.135975135975136663e-01 2.123367411409533556e+00 0.000000000000000000e+00 2.123367411409533556e+00 0.000000000000000000e+00 1.558340750067633174e+00 0.000000000000000000e+00
7.151987816977780632e-01 2.123312754985000161e+00 0.000000000000000000e+00 2.123312754985000161e+00 0.000000000000000000e+00 1.558198899975783647e+00 0.000000000000000000e+00
7.167989639762039067e-01 2.123258506895301156e+00 0.000000000000000000e+00 2.123258506895301156e+00 0.000000000000000000e+00 1.558058168735775961e+00 0.000000000000000000e+00
7.183979974968711657e-01 2.123204665132363722e+00 0.000000000000000000e+00 2.123204665132363722e+00 0.000000000000000000e+00 1.557918549773881889e+00 0.000000000000000000e+00
7.200000000000000844e-01 2.123151088338948167e+00 0.000000000000000000e+00 2.123151088338948167e+00 0.000000000000000000e+00 1.557779675409405096e+00 0.000000000000000000e+00
7.216007635986917412e-01 2.123097914536870690e+00 0.000000000000000000e+00 2.123097914536870690e+00 0.000000000000000000e+00 1.557641902295199499e+00 0.000000000000000000e+00
7.232002239876808014e-01 2.123045141747076592e+00 0.000000000000000000e+00 2.123045141747076592e+00 0.000000000000000000e+00 1.557505223987277088e+00 0.000000000000000000e+00
7.247983163802175222e-01 2.122992768001942920e+00 0.000000000000000000e+00 2.122992768001942920e+00 0.000000000000000000e+00 1.557369634090887356e+00 0.000000000000000000e+00
7.263992313235646536e-01 2.122940653268981404e+00 0.000000000000000000e+00 2.122940653268981404e+00 0.000000000000000000e+00 1.557234769011082598e+00 0.000000000000000000e+00
7.279986847358902446e-01 2.122888934313313047e+00 0.000000000000000000e+00 2.122888934313313047e+00 0.000000000000000000e+00 1.557100981622618896e+00 0.000000000000000000e+00
7.296009038803299429e-01 2.122837471753430627e+00 0.000000000000000000e+00 2.122837471753430627e+00 0.000000000000000000e+00 1.556967910329721150e+00 0.000000000000000000e+00
7.311972541179384555e-01 2.122786538860972794e+00 0.000000000000000000e+00 2.122786538860972794e+00 0.000000000000000000e+00 1.556836260517277637e+00 0.000000000000000000e+00
7.328006052295615858e-01 2.122735722329986086e+00 0.000000000000000000e+00 2.122735722329986086e+00 0.000000000000000000e+00 1.556704962868390441e+00 0.000000000000000000e+00
7.343979528976923854e-01 2.122685431634833364e+00 0.000000000000000000e+00 2.122685431634833364e+00 0.000000000000000000e+00 1.556575074364604738e+00 0.000000000000000000e+00
7.359979104459892785e-01 2.122635391554119177e+00 0.000000000000000000e+00 2.122635391554119177e+00 0.000000000000000000e+00 1.556445882980643791e+00 0.000000000000000000e+00
7.376004664140257683e-01 2.122585601125082988e+00 0.000000000000000000e+00 2.122585601125082988e+00 0.000000000000000000e+00 1.556317385455602498e+00 0.000000000000000000e+00
7.391967948106458186e-01 2.122536330543213445e+00 0.000000000000000000e+00 2.122536330543213445e+00 0.000000000000000000e+00 1.556190277933915844e+00 0.000000000000000000e+00
7.408000477997191968e-01 2.122487171198921718e+00 0.000000000000000000e+00 2.122487171198921718e+00 0.000000000000000000e+00 1.556063505334545516e+00 0.000000000000000000e+00
7.423969342235261504e-01 2.122438527961710619e+00 0.000000000000000000e+00 2.122438527961710619e+00 0.000000000000000000e+00 1.555938110796789120e+00 0.000000000000000000e+00
7.440007200936121778e-01 2.122389994069669772e+00 0.000000000000000000e+00 2.122389994069669772e+00 0.000000000000000000e+00 1.555813044819176705e+00 0.000000000000000000e+00
7.455979986529395198e-01 2.122341972578898783e+00 0.000000000000000000e+00 2.122341972578898783e+00 0.000000000000000000e+00 1.555689345108300481e+00 0.000000000000000000e+00
7.471976472289854065e-01 2.122294192621782205e+00 0.000000000000000000e+00 2.122294192621782205e+00 0.000000000000000000e+00 1.555566312827072695e+00 0.000000000000000000e+00
7.487996521255971816e-01 2.122246653268554439e+00 0.000000000000000000e+00 2.122246653268554439e+00 0.000000000000000000e+00 1.555443944872371809e+00 0.000000000000000000e+00
7.503994577059023285e-01 2.122199487058721079e+00 0.000000000000000000e+00 2.122199487058721079e+00 0.000000000000000000e+00 1.555322581516213942e+00 0.000000000000000000e+00
7.519969916238559149e-01 2.122152692179073874e+00 0.000000000000000000e+00 2.122152692179073874e+00 0.000000000000000000e+00 1.555202217028103462e+00 0.000000000000000000e+00
7.535967615470178238e-01 2.122106133950993012e+00 0.000000000000000000e+00 2.122106133950993012e+00 0.000000000000000000e+00 1.555082504124087217e+00 0.000000000000000000e+00
7.551987525430337023e-01 2.122059811462568391e+00 0.000000000000000000e+00 2.122059811462568391e+00 0.000000000000000000e+00 1.554963439784826207e+00 0.000000000000000000e+00
7.567983299456134683e-01 2.122013856094709716e+00 0.000000000000000000e+00 2.122013856094709716e+00 0.000000000000000000e+00 1.554845360854937741e+00 0.000000000000000000e+00
7.584000587224203338e-01 2.121968134068675571e+00 0.000000000000000000e+00 2.121968134068675571e+00 0.000000000000000000e+00 1.554727922760513747e+00 0.000000000000000000e+00
7.599992644219275562e-01 2.121922776193645443e+00 0.000000000000000000e+00 2.121922776193645443e+00 0.000000000000000000e+00 1.554611460659363287e+00 0.000000000000000000e+00
7.616005503888350070e-01 2.121877649285669687e+00 0.000000000000000000e+00 2.121877649285669687e+00 0.000000000000000000e+00 1.554495631765064001e+00 0.000000000000000000e+00
7.631992022307990675e-01 2.121832883587510654e+00 0.000000000000000000e+00 2.121832883587510654e+00 0.000000000000000000e+00 1.554380769567211162e+00 0.000000000000000000e+00
7.647998618247765501e-01 2.121788346504618783e+00 0.000000000000000000e+00 2.121788346504618783e+00 0.000000000000000000e+00 1.554266533047101495e+00 0.000000000000000000e+00
7.663977746870653807e-01 2.121744167718646601e+00 0.000000000000000000e+00 2.121744167718646601e+00 0.000000000000000000e+00 1.554153254044589261e+00 0.000000000000000000e+00
7.679976213778665350e-01 2.121700215219064933e+00 0.000000000000000000e+00 2.121700215219064933e+00 0.000000000000000000e+00 1.554040593289068406e+00 0.000000000000000000e+00
7.695993842410399077e-01 2.121656488132272145e+00 0.000000000000000000e+00 2.121656488132272145e+00 0.000000000000000000e+00 1.553928547936812565e+00 0.000000000000000000e+00
7.711982484076433941e-01 2.121613115305768460e+00 0.000000000000000000e+00 2.121613115305768460e+00 0.000000000000000000e+00 1.553817447379174155e+00 0.000000000000000000e+00
7.727989528469474401e-01 2.121569965593833818e+00 0.000000000000000000e+00 2.121569965593833818e+00 0.000000000000000000e+00 1.553706954926698636e+00 0.000000000000000000e+00
7.743966421825814184e-01 2.121527167295247374e+00 0.000000000000000000e+00 2.121527167295247374e+00 0.000000000000000000e+00 1.553597398364251925e+00 0.000000000000000000e+00
7.760009513497273526e-01 2.121484460952022033e+00 0.000000000000000000e+00 2.121484460952022033e+00 0.000000000000000000e+00 1.553488112945184962e+00 0.000000000000000000e+00
7.775972906017750708e-01 2.121442232362130920e+00 0.000000000000000000e+00 2.121442232362130920e+00 0.000000000000000000e+00 1.553380085195105176e+00 0.000000000000000000e+00
7.792002111653689722e-01 2.121400094024191496e+00 0.000000000000000000e+00 2.121400094024191496e+00 0.000000000000000000e+00 1.553272323097118157e+00 0.000000000000000000e+00
7.807999193908975455e-01 2.121358302033859999e+00 0.000000000000000000e+00 2.121358302033859999e+00 0.000000000000000000e+00 1.553165481019137317e+00 0.000000000000000000e+00
7.823963348836034948e-01 2.121316854729418555e+00 0.000000000000000000e+00 2.121316854729418555e+00 0.000000000000000000e+00 1.553059553849087449e+00 0.000000000000000000e+00
7.839992917802243166e-01 2.121275495425585245e+00 0.000000000000000000e+00 2.121275495425585245e+00 0.000000000000000000e+00 1.552953885031168824e+00 0.000000000000000000e+00
7.855988746744730911e-01 2.121234478592855854e+00 0.000000000000000000e+00 2.121234478592855854e+00 0.000000000000000000e+00 1.552849124174785489e+00 0.000000000000000000e+00
7.872000000000000108e-01 2.121193675613673335e+00 0.000000000000000000e+00 2.121193675613673335e+00 0.000000000000000000e+00 1.552744942093645220e+00 0.000000000000000000e+00
7.887976282120612304e-01 2.121153212370975094e+00 0.000000000000000000e+00 2.121153212370975094e+00 0.000000000000000000e+00 1.552641659528035234e+00 0.000000000000000000e+00
7.903967156053371967e-01 2.121112960797187252e+00 0.000000000000000000e+00 2.121112960797187252e+00 0.000000000000000000e+00 1.552538948916262651e+00 0.000000000000000000e+00
7.919972404277336731e-01 2.121072920073801438e+00 0.000000000000000000e+00 2.121072920073801438e+00 0.000000000000000000e+00 1.552436807657338269e+00 0.000000000000000000e+00
7.935991806951290251e-01 2.121033089385234049e+00 0.000000000000000000e+00 2.121033089385234049e+00 0.000000000000000000e+00 1.552335233163373518e+00 0.000000000000000000e+00
7.951974139921496043e-01 2.120993593569876268e+00 0.000000000000000000e+00 2.120993593569876268e+00 0.000000000000000000e+00 1.552234543143925505e+00 0.000000000000000000e+00
7.967969769220388798e-01 2.120954305642351212e+00 0.000000000000000000e+00 2.120954305642351212e+00 0.000000000000000000e+00 1.552134413223596354e+00 0.000000000000000000e+00
7.983978466234359361e-01 2.120915224798508802e+00 0.000000000000000000e+00 2.120915224798508802e+00 0.000000000000000000e+00 1.552034840863105281e+00 0.000000000000000000e+00
8.000000000000000444e-01 2.120876350237102415e+00 0.000000000000000000e+00 2.120876350237102415e+00 0.000000000000000000e+00 1.551935823535972592e+00 0.000000000000000000e+00
8.015982310840429337e-01 2.120837805769577589e+00 0.000000000000000000e+00 2.120837805769577589e+00 0.000000000000000000e+00 1.551837675981313058e+00 0.000000000000000000e+00
8.031976574697304860e-01 2.120799465474949574e+00 0.000000000000000000e+00 2.120799465474949574e+00 0.000000000000000000e+00 1.551740076946689362e+00 0.000000000000000000e+00
8.047982551799346407e-01 2.120761328563338655e+00 0.000000000000000000e+00 2.120761328563338655e+00 0.000000000000000000e+00 1.551643023953217293e+00 0.000000000000000000e+00
8.064000000000000057e-01 2.120723394247750360e+00 0.000000000000000000e+00 2.120723394247750360e+00 0.000000000000000000e+00 1.551546514534528853e+00 0.000000000000000000e+00
8.079976017621836037e-01 2.120685785330231443e+00 0.000000000000000000e+00 2.120685785330231443e+00 0.000000000000000000e+00 1.551450860518879260e+00 0.000000000000000000e+00
8.095962597049815024e-01 2.120648376936443036e+00 0.000000000000000000e+00 2.120648376936443036e+00 0.000000000000000000e+00 1.551355743714274427e+00 0.000000000000000000e+00
8.112012562156504236e-01 2.120611045209750412e+00 0.000000000000000000e+00 2.120611045209750412e+00 0.000000000000000000e+00 1.551260848881540921e+00 0.000000000000000000e+00
8.127966435033433523e-01 2.120574158620150307e+00 0.000000000000000000e+00 2.120574158620150307e+00 0.000000000000000000e+00 1.551167112071450305e+00 0.000000000000000000e+00
8.143983184445612311e-01 2.120537347154854313e+00 0.000000000000000000e+00 2.120537347154854313e+00 0.000000000000000000e+00 1.551073592430396442e+00 0.000000000000000000e+00
8.160009477362925034e-01 2.120500733127698822e+00 0.000000000000000000e+00 2.120500733127698822e+00 0.000000000000000000e+00 1.550980600394603615e+00 0.000000000000000000e+00
8.175991137136978670e-01 2.120464437856432127e+00 0.000000000000000000e+00 2.120464437856432127e+00 0.000000000000000000e+00 1.550888443526816873e+00 0.000000000000000000e+00
8.191981393873721817e-01 2.120428338003036206e+00 0.000000000000000000e+00 2.120428338003036206e+00 0.000000000000000000e+00 1.550796808107986813e+00 0.000000000000000000e+00
8.207979980536633802e-01 2.120392432811616157e+00 0.000000000000000000e+00 2.120392432811616157e+00 0.000000000000000000e+00 1.550705691800201347e+00 0.000000000000000000e+00
8.223986627664020554e-01 2.120356721529119248e+00 0.000000000000000000e+00 2.120356721529119248e+00 0.000000000000000000e+00 1.550615092277412010e+00 0.000000000000000000e+00
8.240001063363151523e-01 2.120321203405329147e+00 0.000000000000000000e+00 2.120321203405329147e+00 0.000000000000000000e+00 1.550525007225378671e+00 0.000000000000000000e+00
8.255968037289829198e-01 2.120285998550073270e+00 0.000000000000000000e+00 2.120285998550073270e+00 0.000000000000000000e+00 1.550435740749550817e+00 0.000000000000000000e+00
8.271997011021857693e-01 2.120250864261908230e+00 0.000000000000000000e+00 2.120250864261908230e+00 0.000000000000000000e+00 1.550346677046784860e+00 0.000000000000000000e+00
8.287977539356262691e-01 2.120216041273650820e+00 0.000000000000000000e+00 2.120216041273650820e+00 0.000000000000000000e+00 1.550258425965798770e+00 0.000000000000000000e+00
8.303964315135928809e-01 2.120181407991835076e+00 0.000000000000000000e+00 2.120181407991835076e+00 0.000000000000000000e+00 1.550170678840203209e+00 0.000000000000000000e+00
8.320012884263081610e-01 2.120146843787917845e+00 0.000000000000000000e+00 2.120146843787917845e+00 0.000000000000000000e+00 1.550083129775698065e+00 0.000000000000000000e+00
8.336011510559189208e-01 2.120112587959593675e+00 0.000000000000000000e+00 2.120112587959593675e+00 0.000000000000000000e+00 1.549996384513502967e+00 0.000000000000000000e+00
8.351959258735323077e-01 2.120078639064695736e+00 0.000000000000000000e+00 2.120078639064695736e+00 0.000000000000000000e+00 1.549910438783543398e+00 0.000000000000000000e+00
8.367968143623663035e-01 2.120044757302360861e+00 0.000000000000000000e+00 2.120044757302360861e+00 0.000000000000000000e+00 1.549824685124371104e+00 0.000000000000000000e+00
8.383981823345640905e-01 2.120011061607367520e+00 0.000000000000000000e+00 2.120011061607367520e+00 0.000000000000000000e+00 1.549739424299920287e+00 0.000000000000000000e+00
8.400000000000000799e-01 2.119977551260308957e+00 0.000000000000000000e+00 2.119977551260308957e+00 0.000000000000000000e+00 1.549654654120020680e+00 0.000000000000000000e+00
8.415965245723594501e-01 2.119944344024985217e+00 0.000000000000000000e+00 2.119944344024985217e+00 0.000000000000000000e+00 1.549570672008337535e+00 0.000000000000000000e+00
8.431991294885746724e-01 2.119911201993910144e+00 0.000000000000000000e+00 2.119911201993910144e+00 0.000000000000000000e+00 1.549486875927698515e+00 0.000000000000000000e+00
8.447963369264523958e-01 2.119878361186608107e+00 0.000000000000000000e+00 2.119878361186608107e+00 0.000000000000000000e+00 1.549403862270839261e+00 0.000000000000000000e+00
8.463996067829935299e-01 2.119845584630905666e+00 0.000000000000000000e+00 2.119845584630905666e+00 0.000000000000000000e+00 1.549321031674405047e+00 0.000000000000000000e+00
8.479973736047274890e-01 2.119813107425659648e+00 0.000000000000000000e+00 2.119813107425659648e+00 0.000000000000000000e+00 1.549238977913298676e+00 0.000000000000000000e+00
8.496011841131486664e-01 2.119780693526990945e+00 0.000000000000000000e+00 2.119780693526990945e+00 0.000000000000000000e+00 1.549157104274200947e+00 0.000000000000000000e+00
8.511993848604264556e-01 2.119748577120074806e+00 0.000000000000000000e+00 2.119748577120074806e+00 0.000000000000000000e+00 1.549076001937523595e+00 0.000000000000000000e+00
8.527977439213123567e-01 2.119716639954476456e+00 0.000000000000000000e+00 2.119716639954476456e+00 0.000000000000000000e+00 1.548995371841461077e+00 0.000000000000000000e+00
8.543962291455624580e-01 2.119684881338452787e+00 0.000000000000000000e+00 2.119684881338452787e+00 0.000000000000000000e+00 1.548915211903654221e+00 0.000000000000000000e+00
8.560007180287350081e-01 2.119653184161800041e+00 0.000000000000000000e+00 2.119653184161800041e+00 0.000000000000000000e+00 1.548835226306919610e+00 0.000000000000000000e+00
8.575993802353168993e-01 2.119621780804913591e+00 0.000000000000000000e+00 2.119621780804913591e+00 0.000000000000000000e+00 1.548756001116937009e+00 0.000000000000000000e+00
8.591980707128107353e-01 2.119590553938081268e+00 0.000000000000000000e+00 2.119590553938081268e+00 0.000000000000000000e+00 1.548677239899560076e+00 0.000000000000000000e+00
8.607967563214241613e-01 2.119559502880600910e+00 0.000000000000000000e+00 2.119559502880600910e+00 0.000000000000000000e+00 1.548598940615161457e+00 0.000000000000000000e+00
8.624014022787029887e-01 2.119528511425536443e+00 0.000000000000000000e+00 2.119528511425536443e+00 0.000000000000000000e+00 1.548520810015962201e+00 0.000000000000000000e+00
8.639999999999999902e-01 2.119497810176341535e+00 0.000000000000000000e+00 2.119497810176341535e+00 0.000000000000000000e+00 1.548443429144830574e+00 0.000000000000000000e+00
8.655984919886898776e-01 2.119467282710028488e+00 0.000000000000000000e+00 2.119467282710028488e+00 0.000000000000000000e+00 1.548366504148191103e+00 0.000000000000000000e+00
8.671968441152401175e-01 2.119436928356887240e+00 0.000000000000000000e+00 2.119436928356887240e+00 0.000000000000000000e+00 1.548290033028445922e+00 0.000000000000000000e+00
8.688011099665748915e-01 2.119406631799295671e+00 0.000000000000000000e+00 2.119406631799295671e+00 0.000000000000000000e+00 1.548213725060727297e+00 0.000000000000000000e+00
8.703991014075608268e-01 2.119376621891535972e+00 0.000000000000000000e+00 2.119376621891535972e+00 0.000000000000000000e+00 1.548138156356105188e+00 0.000000000000000000e+00
8.719968491532099630e-01 2.119346783103383203e+00 0.000000000000000000e+00 2.119346783103383203e+00 0.000000000000000000e+00 1.548063035594980041e+00 0.000000000000000000e+00
8.736004734961916318e-01 2.119317000775269744e+00 0.000000000000000000e+00 2.119317000775269744e+00 0.000000000000000000e+00 1.547988073915026463e+00 0.000000000000000000e+00
8.751976507793088889e-01 2.119287502467372075e+00 0.000000000000000000e+00 2.119287502467372075e+00 0.000000000000000000e+00 1.547913843786499211e+00 0.000000000000000000e+00
8.768006789010289737e-01 2.119258059738482469e+00 0.000000000000000000e+00 2.119258059738482469e+00 0.000000000000000000e+00 1.547839770062254372e+00 0.000000000000000000e+00
8.783971434239238318e-01 2.119228899294133495e+00 0.000000000000000000e+00 2.119228899294133495e+00 0.000000000000000000e+00 1.547766422811775344e+00 0.000000000000000000e+00
8.799994321851644097e-01 2.119199793555195388e+00 0.000000000000000000e+00 2.119199793555195388e+00 0.000000000000000000e+00 1.547693229318117814e+00 0.000000000000000000e+00
8.816013083514061544e-01 2.119170855445547730e+00 0.000000000000000000e+00 2.119170855445547730e+00 0.000000000000000000e+00 1.547620473365755922e+00 0.000000000000000000e+00
8.831964439632143948e-01 2.119142197042966469e+00 0.000000000000000000e+00 2.119142197042966469e+00 0.000000000000000000e+00 1.547548436364943880e+00 0.000000000000000000e+00
8.847973623926865816e-01 2.119113592049283401e+00 0.000000000000000000e+00 2.119113592049283401e+00 0.000000000000000000e+00 1.547476549204135132e+00 0.000000000000000000e+00
8.863977579821840092e-01 2.119085152758815482e+00 0.000000000000000000e+00 2.119085152758815482e+00 0.000000000000000000e+00 1.547405093906049522e+00 0.000000000000000000e+00
8.879975935024566613e-01 2.119056878534669064e+00 0.000000000000000000e+00 2.119056878534669064e+00 0.000000000000000000e+00 1.547334068596835532e+00 0.000000000000000000e+00
8.895968314785717146e-01 2.119028768742656776e+00 0.000000000000000000e+00 2.119028768742656776e+00 0.000000000000000000e+00 1.547263471412546387e+00 0.000000000000000000e+00
8.911954341903809418e-01 2.119000822751292201e+00 0.000000000000000000e+00 2.119000822751292201e+00 0.000000000000000000e+00 1.547193300499101642e+00 0.000000000000000000e+00
8.927997926132885675e-01 2.118972928457587557e+00 0.000000000000000000e+00 2.118972928457587557e+00 0.000000000000000000e+00 1.547123274194951881e+00 0.000000000000000000e+00
8.943970336812794297e-01 2.118945308388948678e+00 0.000000000000000000e+00 2.118945308388948678e+00 0.000000000000000000e+00 1.547053950873403583e+00 0.000000000000000000e+00
8.960000000000000187e-01 2.118917739177768933e+00 0.000000000000000000e+00 2.118917739177768933e+00 0.000000000000000000e+00 1.546984769645169955e+00 0.000000000000000000e+00
8.975957257346394158e-01 2.118890442534842045e+00 0.000000000000000000e+00 2.118890442534842045e+00 0.000000000000000000e+00 1.546916286605745317e+00 0.000000000000000000e+00
8.991971454058876878e-01 2.118863195916507625e+00 0.000000000000000000e+00 2.118863195916507625e+00 0.000000000000000000e+00 1.546847943171642203e+00 0.000000000000000000e+00
9.007977448088464456e-01 2.118836109768928999e+00 0.000000000000000000e+00 2.118836109768928999e+00 0.000000000000000000e+00 1.546780016210445252e+00 0.000000000000000000e+00
9.023974846063147481e-01 2.118809183476892954e+00 0.000000000000000000e+00 2.118809183476892954e+00 0.000000000000000000e+00 1.546712503927990978e+00 0.000000000000000000e+00
9.039963252181901776e-01 2.118782416427869908e+00 0.000000000000000000e+00 2.118782416427869908e+00 0.000000000000000000e+00 1.546645404539715551e+00 0.000000000000000000e+00
9.056008414409676410e-01 2.118755698160241341e+00 0.000000000000000000e+00 2.118755698160241341e+00 0.000000000000000000e+00 1.546578440978606750e+00 0.000000000000000000e+00
9.071977873224699174e-01 2.118729247969423746e+00 0.000000000000000000e+00 2.118729247969423746e+00 0.000000000000000000e+00 1.546512162616986874e+00 0.000000000000000000e+00
9.088003752950317704e-01 2.118702845745545904e+00 0.000000000000000000e+00 2.118702845745545904e+00 0.000000000000000000e+00 1.546446017665540351e+00 0.000000000000000000e+00
9.103952653336957468e-01 2.118676709991529350e+00 0.000000000000000000e+00 2.118676709991529350e+00 0.000000000000000000e+00 1.546380553295899851e+00 0.000000000000000000e+00
9.119957630858858133e-01 2.118650621397268896e+00 0.000000000000000000e+00 2.118650621397268896e+00 0.000000000000000000e+00 1.546315219946571506e+00 0.000000000000000000e+00
9.136018981791923510e-01 2.118624579955637799e+00 0.000000000000000000e+00 2.118624579955637799e+00 0.000000000000000000e+00 1.546250017525884202e+00 0.000000000000000000e+00
9.152001889689382885e-01 2.118598802989422047e+00 0.000000000000000000e+00 2.118598802989422047e+00 0.000000000000000000e+00 1.546185489931860557e+00 0.000000000000000000e+00
9.167973024934189530e-01 2.118573180846674120e+00 0.000000000000000000e+00 2.118573180846674120e+00 0.000000000000000000e+00 1.546121362361357443e+00 0.000000000000000000e+00
9.183999999999999941e-01 2.118547604659612116e+00 0.000000000000000000e+00 2.118547604659612116e+00 0.000000000000000000e+00 1.546057362188191231e+00 0.000000000000000000e+00
9.200014840648537140e-01 2.118522182503473683e+00 0.000000000000000000e+00 2.118522182503473683e+00 0.000000000000000000e+00 1.545993759704200166e+00 0.000000000000000000e+00
9.216017126164230966e-01 2.118496913789968517e+00 0.000000000000000000e+00 2.118496913789968517e+00 0.000000000000000000e+00 1.545930553212324421e+00 0.000000000000000000e+00
9.232006433453959771e-01 2.118471797933463741e+00 0.000000000000000000e+00 2.118471797933463741e+00 0.000000000000000000e+00 1.545867741024744779e+00 0.000000000000000000e+00
9.247982337057867319e-01 2.118446834350982577e+00 0.000000000000000000e+00 2.118446834350982577e+00 0.000000000000000000e+00 1.545805321462850657e+00 0.000000000000000000e+00
9.264013628823766222e-01 2.118421915147060464e+00 0.000000000000000000e+00 2.118421915147060464e+00 0.000000000000000000e+00 1.545743024599424809e+00 0.000000000000000000e+00
9.279961677794079655e-01 2.118397254563900489e+00 0.000000000000000000e+00 2.118397254563900489e+00 0.000000000000000000e+00 1.545681385813535647e+00 0.000000000000000000e+00
9.295964730757119154e-01 2.118372637584915896e+00 0.000000000000000000e+00 2.118372637584915896e+00 0.000000000000000000e+00 1.545619867459263386e+00 0.000000000000000000e+00
9.311953133801493809e-01 2.118348170950314469e+00 0.000000000000000000e+00 2.118348170950314469e+00 0.000000000000000000e+00 1.545558736144447165e+00 0.000000000000000000e+00
9.327996629450180377e-01 2.118323747529246237e+00 0.000000000000000000e+00 2.118323747529246237e+00 0.000000000000000000e+00 1.545497724058970901e+00 0.000000000000000000e+00
9.343954660898795561e-01 2.118299580056210552e+00 0.000000000000000000e+00 2.118299580056210552e+00 0.000000000000000000e+00 1.545437362425095662e+00 0.000000000000000000e+00
9.359967386873218054e-01 2.118275455033221011e+00 0.000000000000000000e+00 2.118275455033221011e+00 0.000000000000000000e+00 1.545377117794177746e+00 0.000000000000000000e+00
9.375964185244562987e-01 2.118251478451926406e+00 0.000000000000000000e+00 2.118251478451926406e+00 0.000000000000000000e+00 1.545317254713829636e+00 0.000000000000000000e+00
9.392015756382092739e-01 2.118227543935757851e+00 0.000000000000000000e+00 2.118227543935757851e+00 0.000000000000000000e+00 1.545257507458009050e+00 0.000000000000000000e+00
9.407979603296252602e-01 2.118203862732107812e+00 0.000000000000000000e+00 2.118203862732107812e+00 0.000000000000000000e+00 1.545198403157239886e+00 0.000000000000000000e+00
9.423997810918046669e-01 2.118180222840951199e+00 0.000000000000000000e+00 2.118180222840951199e+00 0.000000000000000000e+00 1.545139412494521469e+00 0.000000000000000000e+00
9.439998781778451420e-01 2.118156729515663805e+00 0.000000000000000000e+00 2.118156729515663805e+00 0.000000000000000000e+00 1.545080797989571986e+00 0.000000000000000000e+00
9.455982061822647555e-01 2.118133382199957282e+00 0.000000000000000000e+00 2.118133382199957282e+00 0.000000000000000000e+00 1.545022558057602691e+00 0.000000000000000000e+00
9.472019557660720235e-01 2.118110075445728047e+00 0.000000000000000000e+00 2.118110075445728047e+00 0.000000000000000000e+00 1.544964429532148742e+00 0.000000000000000000e+00
9.487966328678016925e-01 2.118087018671859223e+00 0.000000000000000000e+00 2.118087018671859223e+00 0.000000000000000000e+00 1.544906934523978981e+00 0.000000000000000000e+00
9.503966885132805187e-01 2.118064001721208012e+00 0.000000000000000000e+00 2.118064001721208012e+00 0.000000000000000000e+00 1.544849548787686322e+00 0.000000000000000000e+00
9.520021499596883485e-01 2.118041024588457777e+00 0.000000000000000000e+00 2.118041024588457777e+00 0.000000000000000000e+00 1.544792272255629539e+00 0.000000000000000000e+00
9.535983755970373066e-01 2.118018295610086810e+00 0.000000000000000000e+00 2.118018295610086810e+00 0.000000000000000000e+00 1.544735624072548497e+00 0.000000000000000000e+00
9.551999630197459679e-01 2.117995605718577146e+00 0.000000000000000000e+00 2.117995605718577146e+00 0.000000000000000000e+00 1.544679082985410234e+00 0.000000000000000000e+00
9.567995554938185654e-01 2.117973058722361301e+00 0.000000000000000000e+00 2.117973058722361301e+00 0.000000000000000000e+00 1.544622907556402192e+00 0.000000000000000000e+00
9.583971058856268765e-01 2.117950654081053763e+00 0.000000000000000000e+00 2.117950654081053763e+00 0.000000000000000000e+00 1.544567096255490934e+00 0.000000000000000000e+00
9.599999999999999645e-01 2.117928287797646192e+00 0.000000000000000000e+00 2.117928287797646192e+00 0.000000000000000000e+00 1.544511389903241216e+00 0.000000000000000000e+00
9.616008066079808625e-01 2.117906063148846663e+00 0.000000000000000000e+00 2.117906063148846663e+00 0.000000000000000000e+00 1.544456045609112094e+00 0.000000000000000000e+00
9.631994779406625184e-01 2.117883979599575195e+00 0.000000000000000000e+00 2.117883979599575195e+00 0.000000000000000000e+00 1.544401061861377267e+00 0.000000000000000000e+00
9.647959660098982537e-01 2.117862036617360388e+00 0.000000000000000000e+00 2.117862036617360388e+00 0.000000000000000000e+00 1.544346437156910445e+00 0.000000000000000000e+00
9.663977551736232519e-01 2.117840130915766395e+00 0.000000000000000000e+00 2.117840130915766395e+00 0.000000000000000000e+00 1.544291914262908794e+00 0.000000000000000000e+00
9.679973142415466691e-01 2.117818365071632680e+00 0.000000000000000000e+00 2.117818365071632680e+00 0.000000000000000000e+00 1.544237748380018260e+00 0.000000000000000000e+00
9.696021771942034961e-01 2.117796636149525735e+00 0.000000000000000000e+00 2.117796636149525735e+00 0.000000000000000000e+00 1.544183683235314630e+00 0.000000000000000000e+00
9.711971549651029489e-01 2.117775148613860292e+00 0.000000000000000000e+00 2.117775148613860292e+00 0.000000000000000000e+00 1.544130227398345045e+00 0.000000000000000000e+00
9.727973888004016745e-01 2.117753697297776405e+00 0.000000000000000000e+00 2.117753697297776405e+00 0.000000000000000000e+00 1.544076870292802273e+00 0.000000000000000000e+00
9.743952468524543775e-01 2.117732384087624098e+00 0.000000000000000000e+00 2.117732384087624098e+00 0.000000000000000000e+00 1.544023865239488424e+00 0.000000000000000000e+00
9.759983626301826920e-01 2.117711106744017968e+00 0.000000000000000000e+00 2.117711106744017968e+00 0.000000000000000000e+00 1.543970957866926730e+00 0.000000000000000000e+00
9.775990538143110031e-01 2.117689966811031610e+00 0.000000000000000000e+00 2.117689966811031610e+00 0.000000000000000000e+00 1.543918400564999072e+00 0.000000000000000000e+00
9.791972705302562918e-01 2.117668963772031621e+00 0.000000000000000000e+00 2.117668963772031621e+00 0.000000000000000000e+00 1.543866191884420980e+00 0.000000000000000000e+00
9.808007214562023401e-01 2.117647995903463976e+00 0.000000000000000000e+00 2.117647995903463976e+00 0.000000000000000000e+00 1.543814078860417327e+00 0.000000000000000000e+00
9.824016481121985445e-01 2.117627164240686533e+00 0.000000000000000000e+00 2.117627164240686533e+00 0.000000000000000000e+00 1.543762312501107514e+00 0.000000000000000000e+00
9.839999999999999858e-01 2.117606468272323461e+00 0.000000000000000000e+00 2.117606468272323461e+00 0.000000000000000000e+00 1.543710891374869831e+00 0.000000000000000000e+00
9.855957264141944618e-01 2.117585907489590191e+00 0.000000000000000000e+00 2.117585907489590191e+00 0.000000000000000000e+00 1.543659814058423008e+00 0.000000000000000000e+00
9.871966367284541466e-01 2.117565380848766665e+00 0.000000000000000000e+00 2.117565380848766665e+00 0.000000000000000000e+00 1.543608829438194219e+00 0.000000000000000000e+00
9.887948703634290570e-01 2.117544988715974075e+00 0.000000000000000000e+00 2.117544988715974075e+00 0.000000000000000000e+00 1.543558186707480351e+00 0.000000000000000000e+00
9.903982873484256100e-01 2.117524630383150974e+00 0.000000000000000000e+00 2.117524630383150974e+00 0.000000000000000000e+00 1.543507635665193334e+00 0.000000000000000000e+00
9.919989758689111703e-01 2.117504405884346852e+00 0.000000000000000000e+00 2.117504405884346852e+00 0.000000000000000000e+00 1.543457424604978589e+00 0.000000000000000000e+00
9.935968841909554872e-01 2.117484314718669491e+00 0.000000000000000000e+00 2.117484314718669491e+00 0.000000000000000000e+00 1.543407552130128924e+00 0.000000000000000000e+00
9.951999486282128160e-01 2.117464256678553092e+00 0.000000000000000000e+00 2.117464256678553092e+00 0.000000000000000000e+00 1.543357769398940205e+00 0.000000000000000000e+00
9.968001800903669718e-01 2.117444331304620508e+00 0.000000000000000000e+00 2.117444331304620508e+00 0.000000000000000000e+00 1.543308323369963375e+00 0.000000000000000000e+00
9.983975262314488397e-01 2.117424538101208231e+00 0.000000000000000000e+00 2.117424538101208231e+00 0.000000000000000000e+00 1.543259212663750768e+00 0.000000000000000000e+00
1.000000000000000000e+00 2.117404777356143075e+00 0.000000000000000000e+00 2.117404777356143075e+00 0.000000000000000000e+00 1.543210189782375119e+00 0.000000000000000000e+00
