0.193720000000000	1.38660000000000	0.527800000000000
0.194030000000000	1.38700000000000	0.531900000000000
0.194330000000000	1.38740000000000	0.536000000000000
0.194640000000000	1.38780000000000	0.540100000000000
0.194940000000000	1.38820000000000	0.544200000000000
0.195250000000000	1.38870000000000	0.548300000000000
0.195560000000000	1.38930000000000	0.552400000000000
0.195870000000000	1.39030000000000	0.556700000000000
0.196180000000000	1.39130000000000	0.561000000000000
0.196490000000000	1.39220000000000	0.565300000000000
0.196800000000000	1.39320000000000	0.569600000000000
0.197110000000000	1.39440000000000	0.573800000000000
0.197430000000000	1.39590000000000	0.577900000000000
0.197740000000000	1.39740000000000	0.582000000000000
0.198060000000000	1.39890000000000	0.586100000000000
0.198370000000000	1.40040000000000	0.590200000000000
0.198690000000000	1.40200000000000	0.594200000000000
0.199010000000000	1.40410000000000	0.598000000000000
0.199330000000000	1.40610000000000	0.601800000000000
0.199650000000000	1.40810000000000	0.605600000000000
0.199970000000000	1.41020000000000	0.609400000000000
0.200300000000000	1.41240000000000	0.613100000000000
0.200620000000000	1.41480000000000	0.616500000000000
0.200950000000000	1.41730000000000	0.619900000000000
0.201270000000000	1.41980000000000	0.623400000000000
0.201600000000000	1.42230000000000	0.626800000000000
0.201930000000000	1.42500000000000	0.630000000000000
0.202260000000000	1.42790000000000	0.633000000000000
0.202590000000000	1.43080000000000	0.635900000000000
0.202920000000000	1.43370000000000	0.638900000000000
0.203250000000000	1.43650000000000	0.641800000000000
0.203590000000000	1.43960000000000	0.644400000000000
0.203920000000000	1.44280000000000	0.646900000000000
0.204260000000000	1.44600000000000	0.649300000000000
0.204590000000000	1.44910000000000	0.651700000000000
0.204930000000000	1.45230000000000	0.654100000000000
0.205270000000000	1.45560000000000	0.656000000000000
0.205610000000000	1.45900000000000	0.657800000000000
0.205950000000000	1.46230000000000	0.659600000000000
0.206300000000000	1.46560000000000	0.661400000000000
0.206640000000000	1.46900000000000	0.663100000000000
0.206980000000000	1.47240000000000	0.664300000000000
0.207330000000000	1.47580000000000	0.665600000000000
0.207680000000000	1.47920000000000	0.666800000000000
0.208030000000000	1.48260000000000	0.668000000000000
0.208380000000000	1.48590000000000	0.668800000000000
0.208730000000000	1.48920000000000	0.669400000000000
0.209080000000000	1.49250000000000	0.670000000000000
0.209430000000000	1.49580000000000	0.670700000000000
0.209790000000000	1.49910000000000	0.671200000000000
0.210140000000000	1.50220000000000	0.671300000000000
0.210500000000000	1.50530000000000	0.671300000000000
0.210860000000000	1.50840000000000	0.671300000000000
0.211220000000000	1.51150000000000	0.671400000000000
0.211580000000000	1.51440000000000	0.671100000000000
0.211940000000000	1.51720000000000	0.670700000000000
0.212300000000000	1.52000000000000	0.670200000000000
0.212670000000000	1.52280000000000	0.669800000000000
0.213030000000000	1.52550000000000	0.669200000000000
0.213400000000000	1.52790000000000	0.668400000000000
0.213770000000000	1.53020000000000	0.667500000000000
0.214130000000000	1.53260000000000	0.666600000000000
0.214510000000000	1.53500000000000	0.665800000000000
0.214880000000000	1.53700000000000	0.664600000000000
0.215250000000000	1.53890000000000	0.663400000000000
0.215620000000000	1.54080000000000	0.662300000000000
0.216000000000000	1.54280000000000	0.661100000000000
0.216380000000000	1.54430000000000	0.659800000000000
0.216760000000000	1.54570000000000	0.658400000000000
0.217130000000000	1.54710000000000	0.657000000000000
0.217520000000000	1.54840000000000	0.655600000000000
0.217900000000000	1.54960000000000	0.654200000000000
0.218280000000000	1.55050000000000	0.652700000000000
0.218670000000000	1.55130000000000	0.651300000000000
0.219050000000000	1.55220000000000	0.649800000000000
0.219440000000000	1.55290000000000	0.648300000000000
0.219830000000000	1.55320000000000	0.646900000000000
0.220220000000000	1.55350000000000	0.645400000000000
0.220610000000000	1.55390000000000	0.643900000000000
0.221010000000000	1.55400000000000	0.642500000000000
0.221400000000000	1.55390000000000	0.641100000000000
0.221800000000000	1.55370000000000	0.639800000000000
0.222190000000000	1.55340000000000	0.638400000000000
0.222590000000000	1.55320000000000	0.637100000000000
0.222990000000000	1.55250000000000	0.636000000000000
0.223390000000000	1.55180000000000	0.634800000000000
0.223800000000000	1.55120000000000	0.633700000000000
0.224200000000000	1.55040000000000	0.632600000000000
0.224610000000000	1.54930000000000	0.631700000000000
0.225020000000000	1.54820000000000	0.630800000000000
0.225430000000000	1.54700000000000	0.629900000000000
0.225840000000000	1.54580000000000	0.629100000000000
0.226250000000000	1.54430000000000	0.628600000000000
0.226660000000000	1.54280000000000	0.628000000000000
0.227080000000000	1.54130000000000	0.627500000000000
0.227490000000000	1.53970000000000	0.627100000000000
0.227910000000000	1.53780000000000	0.627000000000000
0.228330000000000	1.53600000000000	0.626800000000000
0.228750000000000	1.53420000000000	0.626700000000000
0.229180000000000	1.53210000000000	0.626800000000000
0.229600000000000	1.53000000000000	0.627100000000000
0.230030000000000	1.52790000000000	0.627400000000000
0.230450000000000	1.52580000000000	0.627700000000000
0.230880000000000	1.52350000000000	0.628400000000000
0.231310000000000	1.52120000000000	0.629200000000000
0.231750000000000	1.51890000000000	0.629900000000000
0.232180000000000	1.51650000000000	0.630800000000000
0.232620000000000	1.51410000000000	0.632000000000000
0.233050000000000	1.51160000000000	0.633300000000000
0.233490000000000	1.50910000000000	0.634600000000000
0.233930000000000	1.50650000000000	0.636100000000000
0.234370000000000	1.50400000000000	0.637900000000000
0.234820000000000	1.50140000000000	0.639700000000000
0.235260000000000	1.49880000000000	0.641500000000000
0.235710000000000	1.49630000000000	0.643900000000000
0.236160000000000	1.49370000000000	0.646200000000000
0.236610000000000	1.49110000000000	0.648500000000000
0.237060000000000	1.48850000000000	0.651100000000000
0.237520000000000	1.48590000000000	0.654000000000000
0.237970000000000	1.48330000000000	0.656900000000000
0.238430000000000	1.48070000000000	0.659800000000000
0.238890000000000	1.47820000000000	0.663200000000000
0.239350000000000	1.47580000000000	0.666700000000000
0.239810000000000	1.47330000000000	0.670100000000000
0.240280000000000	1.47090000000000	0.673900000000000
0.240750000000000	1.46860000000000	0.677900000000000
0.241210000000000	1.46620000000000	0.682000000000000
0.241680000000000	1.46390000000000	0.686100000000000
0.242160000000000	1.46180000000000	0.690700000000000
0.242630000000000	1.45970000000000	0.695300000000000
0.243110000000000	1.45770000000000	0.699900000000000
0.243580000000000	1.45580000000000	0.705000000000000
0.244060000000000	1.45400000000000	0.710100000000000
0.244540000000000	1.45220000000000	0.715300000000000
0.245030000000000	1.45050000000000	0.720800000000000
0.245510000000000	1.44900000000000	0.726500000000000
0.246000000000000	1.44760000000000	0.732200000000000
0.246490000000000	1.44620000000000	0.738100000000000
0.246980000000000	1.44520000000000	0.744400000000000
0.247470000000000	1.44420000000000	0.750700000000000
0.247970000000000	1.44320000000000	0.757000000000000
0.248460000000000	1.44260000000000	0.763700000000000
0.248960000000000	1.44210000000000	0.770500000000000
0.249460000000000	1.44170000000000	0.777300000000000
0.249970000000000	1.44150000000000	0.784400000000000
0.250470000000000	1.44160000000000	0.791700000000000
0.250980000000000	1.44170000000000	0.799000000000000
0.251490000000000	1.44210000000000	0.806600000000000
0.252000000000000	1.44280000000000	0.814300000000000
0.252510000000000	1.44360000000000	0.822000000000000
0.253030000000000	1.44460000000000	0.829800000000000
0.253550000000000	1.44610000000000	0.837900000000000
0.254070000000000	1.44760000000000	0.846000000000000
0.254590000000000	1.44930000000000	0.854200000000000
0.255110000000000	1.45160000000000	0.862600000000000
0.255640000000000	1.45390000000000	0.871000000000000
0.256170000000000	1.45640000000000	0.879500000000000
0.256700000000000	1.45950000000000	0.888100000000000
0.257230000000000	1.46260000000000	0.896700000000000
0.257760000000000	1.46610000000000	0.905300000000000
0.258300000000000	1.47010000000000	0.914100000000000
0.258840000000000	1.47420000000000	0.922900000000000
0.259380000000000	1.47860000000000	0.931700000000000
0.259920000000000	1.48360000000000	0.940400000000000
0.260470000000000	1.48860000000000	0.949200000000000
0.261020000000000	1.49400000000000	0.958000000000000
0.261570000000000	1.50000000000000	0.966700000000000
0.262120000000000	1.50600000000000	0.975500000000000
0.262680000000000	1.51250000000000	0.984100000000000
0.263240000000000	1.51950000000000	0.992600000000000
0.263800000000000	1.52660000000000	1.00110000000000
0.264360000000000	1.53430000000000	1.00940000000000
0.264920000000000	1.54230000000000	1.01760000000000
0.265490000000000	1.55040000000000	1.02580000000000
0.266060000000000	1.55930000000000	1.03360000000000
0.266630000000000	1.56830000000000	1.04130000000000
0.267210000000000	1.57740000000000	1.04890000000000
0.267780000000000	1.58740000000000	1.05600000000000
0.268360000000000	1.59740000000000	1.06310000000000
0.268950000000000	1.60770000000000	1.07000000000000
0.269530000000000	1.61860000000000	1.07640000000000
0.270120000000000	1.62960000000000	1.08270000000000
0.270710000000000	1.64100000000000	1.08860000000000
0.271300000000000	1.65270000000000	1.09400000000000
0.271890000000000	1.66440000000000	1.09940000000000
0.272490000000000	1.67670000000000	1.10400000000000
0.273090000000000	1.68920000000000	1.10840000000000
0.273700000000000	1.70180000000000	1.11260000000000
0.274300000000000	1.71480000000000	1.11600000000000
0.274910000000000	1.72780000000000	1.11930000000000
0.275520000000000	1.74100000000000	1.12200000000000
0.276130000000000	1.75440000000000	1.12410000000000
0.276750000000000	1.76780000000000	1.12620000000000
0.277370000000000	1.78130000000000	1.12710000000000
0.277990000000000	1.79490000000000	1.12800000000000
0.278620000000000	1.80850000000000	1.12830000000000
0.279240000000000	1.82210000000000	1.12790000000000
0.279870000000000	1.83570000000000	1.12760000000000
0.280510000000000	1.84910000000000	1.12610000000000
0.281140000000000	1.86250000000000	1.12440000000000
0.281780000000000	1.87580000000000	1.12240000000000
0.282420000000000	1.88880000000000	1.11960000000000
0.283070000000000	1.90180000000000	1.11680000000000
0.283720000000000	1.91440000000000	1.11310000000000
0.284370000000000	1.92690000000000	1.10930000000000
0.285020000000000	1.93910000000000	1.10510000000000
0.285680000000000	1.95090000000000	1.10040000000000
0.286340000000000	1.96270000000000	1.09570000000000
0.287000000000000	1.97370000000000	1.09030000000000
0.287670000000000	1.98480000000000	1.08480000000000
0.288330000000000	1.99530000000000	1.07900000000000
0.289010000000000	2.00550000000000	1.07300000000000
0.289680000000000	2.01550000000000	1.06690000000000
0.290360000000000	2.02490000000000	1.06060000000000
0.291040000000000	2.03420000000000	1.05420000000000
0.291730000000000	2.04280000000000	1.04770000000000
0.292420000000000	2.05130000000000	1.04120000000000
0.293110000000000	2.05940000000000	1.03460000000000
0.293800000000000	2.06710000000000	1.02810000000000
0.294500000000000	2.07470000000000	1.02160000000000
0.295200000000000	2.08190000000000	1.01510000000000
0.295900000000000	2.08910000000000	1.00870000000000
0.296610000000000	2.09570000000000	1.00250000000000
0.297320000000000	2.10230000000000	0.996300000000000
0.298040000000000	2.10880000000000	0.990300000000000
0.298760000000000	2.11510000000000	0.984400000000000
0.299480000000000	2.12130000000000	0.978600000000000
0.300200000000000	2.12750000000000	0.973000000000000
0.300930000000000	2.13370000000000	0.967400000000000
0.301660000000000	2.13980000000000	0.961900000000000
0.302400000000000	2.14600000000000	0.956500000000000
0.303140000000000	2.15220000000000	0.951200000000000
0.303880000000000	2.15850000000000	0.946000000000000
0.304630000000000	2.16500000000000	0.940600000000000
0.305380000000000	2.17150000000000	0.935300000000000
0.306130000000000	2.17830000000000	0.929900000000000
0.306890000000000	2.18510000000000	0.924400000000000
0.307650000000000	2.19200000000000	0.918700000000000
0.308420000000000	2.19910000000000	0.912800000000000
0.309190000000000	2.20620000000000	0.906600000000000
0.309960000000000	2.21350000000000	0.900300000000000
0.310740000000000	2.22070000000000	0.893500000000000
0.311520000000000	2.22800000000000	0.886400000000000
0.312300000000000	2.23530000000000	0.879000000000000
0.313090000000000	2.24240000000000	0.871200000000000
0.313880000000000	2.24940000000000	0.863000000000000
0.314680000000000	2.25620000000000	0.854300000000000
0.315480000000000	2.26280000000000	0.845300000000000
0.316290000000000	2.26900000000000	0.835900000000000
0.317090000000000	2.27490000000000	0.826100000000000
0.317910000000000	2.28040000000000	0.816000000000000
0.318720000000000	2.28540000000000	0.805700000000000
0.319550000000000	2.29000000000000	0.795100000000000
0.320370000000000	2.29400000000000	0.784200000000000
0.321200000000000	2.29750000000000	0.773300000000000
0.322040000000000	2.30040000000000	0.762200000000000
0.322870000000000	2.30280000000000	0.751200000000000
0.323720000000000	2.30450000000000	0.740200000000000
0.324570000000000	2.30580000000000	0.729200000000000
0.325420000000000	2.30630000000000	0.718500000000000
0.326270000000000	2.30660000000000	0.707800000000000
0.327130000000000	2.30600000000000	0.697600000000000
0.328000000000000	2.30520000000000	0.687500000000000
0.328870000000000	2.30380000000000	0.677900000000000
0.329740000000000	2.30210000000000	0.668500000000000
0.330620000000000	2.29990000000000	0.659600000000000
0.331510000000000	2.29750000000000	0.651100000000000
0.332400000000000	2.29480000000000	0.643000000000000
0.333290000000000	2.29180000000000	0.635400000000000
0.334190000000000	2.28870000000000	0.628100000000000
0.335090000000000	2.28540000000000	0.621600000000000
0.336000000000000	2.28200000000000	0.615300000000000
0.336910000000000	2.27850000000000	0.609800000000000
0.337830000000000	2.27500000000000	0.604500000000000
0.338750000000000	2.27160000000000	0.599800000000000
0.339680000000000	2.26820000000000	0.595500000000000
0.340620000000000	2.26500000000000	0.591600000000000
0.341550000000000	2.26190000000000	0.588300000000000
0.342500000000000	2.25890000000000	0.585300000000000
0.343450000000000	2.25630000000000	0.582700000000000
0.344400000000000	2.25380000000000	0.580500000000000
0.345360000000000	2.25160000000000	0.578600000000000
0.346320000000000	2.24980000000000	0.577000000000000
0.347290000000000	2.24830000000000	0.575600000000000
0.348270000000000	2.24730000000000	0.574500000000000
0.349250000000000	2.24660000000000	0.573600000000000
0.350240000000000	2.24620000000000	0.572700000000000
0.351230000000000	2.24650000000000	0.571900000000000
0.352230000000000	2.24700000000000	0.571200000000000
0.353230000000000	2.24800000000000	0.570400000000000
0.354240000000000	2.24960000000000	0.569400000000000
0.355260000000000	2.25140000000000	0.568400000000000
0.356280000000000	2.25360000000000	0.567100000000000
0.357300000000000	2.25610000000000	0.565500000000000
0.358340000000000	2.25880000000000	0.563800000000000
0.359370000000000	2.26190000000000	0.561500000000000
0.360420000000000	2.26510000000000	0.559000000000000
0.361470000000000	2.26840000000000	0.556100000000000
0.362530000000000	2.27190000000000	0.552700000000000
0.363590000000000	2.27530000000000	0.549100000000000
0.364660000000000	2.27860000000000	0.545100000000000
0.365730000000000	2.28180000000000	0.540600000000000
0.366820000000000	2.28480000000000	0.535900000000000
0.367910000000000	2.28770000000000	0.531000000000000
0.369000000000000	2.29030000000000	0.525800000000000
0.370100000000000	2.29260000000000	0.520400000000000
0.371210000000000	2.29480000000000	0.514900000000000
0.372320000000000	2.29670000000000	0.509300000000000
0.373450000000000	2.29830000000000	0.503600000000000
0.374570000000000	2.29970000000000	0.498000000000000
0.375710000000000	2.30080000000000	0.492300000000000
0.376850000000000	2.30180000000000	0.486700000000000
0.378000000000000	2.30260000000000	0.481200000000000
0.379160000000000	2.30320000000000	0.475700000000000
0.380320000000000	2.30370000000000	0.470300000000000
0.381490000000000	2.30410000000000	0.464900000000000
0.382670000000000	2.30440000000000	0.459700000000000
0.383850000000000	2.30470000000000	0.454600000000000
0.385040000000000	2.30480000000000	0.449500000000000
0.386240000000000	2.30500000000000	0.444500000000000
0.387450000000000	2.30510000000000	0.439600000000000
0.388660000000000	2.30520000000000	0.434600000000000
0.389890000000000	2.30530000000000	0.429800000000000
0.391120000000000	2.30540000000000	0.424900000000000
0.392350000000000	2.30540000000000	0.420100000000000
0.393600000000000	2.30550000000000	0.415300000000000
0.394850000000000	2.30550000000000	0.410400000000000
0.396120000000000	2.30550000000000	0.405600000000000
0.397380000000000	2.30550000000000	0.400700000000000
0.398660000000000	2.30550000000000	0.395800000000000
0.399950000000000	2.30540000000000	0.390900000000000
0.401240000000000	2.30520000000000	0.386000000000000
0.402550000000000	2.30500000000000	0.381000000000000
0.403860000000000	2.30470000000000	0.376000000000000
0.405180000000000	2.30430000000000	0.370900000000000
0.406500000000000	2.30380000000000	0.365900000000000
0.407840000000000	2.30320000000000	0.360800000000000
0.409190000000000	2.30260000000000	0.355800000000000
0.410540000000000	2.30180000000000	0.350800000000000
0.411910000000000	2.30100000000000	0.345700000000000
0.413280000000000	2.30000000000000	0.340700000000000
0.414660000000000	2.29890000000000	0.335700000000000
0.416050000000000	2.29770000000000	0.330800000000000
0.417450000000000	2.29630000000000	0.325900000000000
0.418860000000000	2.29490000000000	0.321100000000000
0.420280000000000	2.29340000000000	0.316300000000000
0.421710000000000	2.29170000000000	0.311600000000000
0.423150000000000	2.29000000000000	0.307100000000000
0.424600000000000	2.28820000000000	0.302600000000000
0.426060000000000	2.28630000000000	0.298200000000000
0.427530000000000	2.28430000000000	0.293900000000000
0.429010000000000	2.28220000000000	0.289700000000000
0.430500000000000	2.28010000000000	0.285600000000000
0.432000000000000	2.27800000000000	0.281700000000000
0.433510000000000	2.27580000000000	0.277800000000000
0.435030000000000	2.27350000000000	0.274100000000000
0.436560000000000	2.27130000000000	0.270500000000000
0.438110000000000	2.26900000000000	0.267000000000000
0.439660000000000	2.26670000000000	0.263700000000000
0.441220000000000	2.26440000000000	0.260500000000000
0.442800000000000	2.26210000000000	0.257400000000000
0.444390000000000	2.25990000000000	0.254400000000000
0.445990000000000	2.25760000000000	0.251500000000000
0.447600000000000	2.25530000000000	0.248700000000000
0.449220000000000	2.25320000000000	0.246100000000000
0.450850000000000	2.25100000000000	0.243500000000000
0.452500000000000	2.24890000000000	0.241000000000000
0.454150000000000	2.24680000000000	0.238600000000000
0.455820000000000	2.24480000000000	0.236300000000000
0.457510000000000	2.24280000000000	0.234100000000000
0.459200000000000	2.24090000000000	0.232000000000000
0.460910000000000	2.23910000000000	0.230000000000000
0.462630000000000	2.23730000000000	0.228000000000000
0.464360000000000	2.23550000000000	0.226000000000000
0.466110000000000	2.23380000000000	0.224200000000000
0.467860000000000	2.23220000000000	0.222300000000000
0.469640000000000	2.23070000000000	0.220600000000000
0.471420000000000	2.22910000000000	0.218800000000000
0.473220000000000	2.22760000000000	0.217200000000000
0.475030000000000	2.22620000000000	0.215500000000000
0.476860000000000	2.22480000000000	0.213900000000000
0.478700000000000	2.22340000000000	0.212400000000000
0.480560000000000	2.22210000000000	0.210900000000000
0.482430000000000	2.22080000000000	0.209500000000000
0.484310000000000	2.21940000000000	0.208200000000000
0.486210000000000	2.21810000000000	0.206900000000000
0.488130000000000	2.21670000000000	0.205800000000000
0.490060000000000	2.21540000000000	0.204800000000000
0.492000000000000	2.21400000000000	0.204000000000000
0.493960000000000	2.21260000000000	0.203400000000000
0.495940000000000	2.21120000000000	0.203000000000000
0.497930000000000	2.20980000000000	0.203100000000000
0.499940000000000	2.20840000000000	0.203500000000000
0.501960000000000	2.20710000000000	0.204500000000000
0.504000000000000	2.20600000000000	0.206000000000000
0.506060000000000	2.20500000000000	0.208500000000000
0.508130000000000	2.20460000000000	0.211900000000000
0.510220000000000	2.20470000000000	0.216400000000000
0.512330000000000	2.20610000000000	0.222500000000000
0.514460000000000	2.20920000000000	0.230100000000000
0.516600000000000	2.21480000000000	0.239300000000000
0.518760000000000	2.22460000000000	0.250100000000000
0.520940000000000	2.24020000000000	0.261500000000000
0.523140000000000	2.26310000000000	0.271500000000000
0.525360000000000	2.29660000000000	0.274700000000000
0.527590000000000	2.33730000000000	0.265900000000000
0.529850000000000	2.37810000000000	0.237700000000000
0.532120000000000	2.40650000000000	0.190800000000000
0.534410000000000	2.41470000000000	0.135700000000000
0.536730000000000	2.40100000000000	0.0870000000000000
0.539060000000000	2.37630000000000	0.0493000000000000
0.541410000000000	2.34780000000000	0.0258000000000000
0.543790000000000	2.32030000000000	0.0112000000000000
0.546190000000000	2.29610000000000	0.00380000000000000
0.548600000000000	2.27520000000000	0.000500000000000000
0.551040000000000	2.25860000000000	0.0001
0.553500000000000	2.24490000000000	0.000025
0.555980000000000	2.23350000000000	0.000005
0.558490000000000	2.22330000000000	0.000001
0.561010000000000	2.21420000000000	0.00000025
0.563560000000000	2.20580000000000	0.00000005
0.566140000000000	2.19810000000000	0.00000001
0.568730000000000	2.19100000000000	0.0000000025
0.571350000000000	2.18440000000000	0.0000000005
0.574000000000000	2.17820000000000	0.0000000001
0.576670000000000	2.17220000000000	0.000000000025
0.579360000000000	2.16670000000000	0.000000000005
0.582080000000000	2.16140000000000	0.000000000001
0.584830000000000	2.15630000000000	0.00000000000025
0.587600000000000	2.15150000000000	0.00000000000005
0.590400000000000	2.14680000000000	0.00000000000001
0.593220000000000	2.14240000000000	0.0000000000000025
0.596080000000000	2.13820000000000	0.0000000000000005
0.598960000000000	2.13400000000000	0.0000000000000001
0.601860000000000	2.13000000000000	0.000000000000000025
0.604800000000000	2.12610000000000	0.000000000000000005
0.607760000000000	2.12240000000000	0.000000000000000001
0.610760000000000	2.11890000000000	0.00000000000000000025
0.613780000000000	2.11530000000000	0.00000000000000000005
0.616840000000000	2.11190000000000	0.00000000000000000001
0.619920000000000	2.10860000000000	0
0.623040000000000	2.10540000000000	0
0.626180000000000	2.10230000000000	0
0.629360000000000	2.09920000000000	0
0.632570000000000	2.09620000000000	0
0.635820000000000	2.09330000000000	0
0.639090000000000	2.09040000000000	0
0.642400000000000	2.08770000000000	0
0.645750000000000	2.08500000000000	0
0.649130000000000	2.08230000000000	0
0.652550000000000	2.07970000000000	0
0.656000000000000	2.07720000000000	0
0.659490000000000	2.07460000000000	0
0.663020000000000	2.07220000000000	0
0.666580000000000	2.06980000000000	0
0.670180000000000	2.06750000000000	0
0.673830000000000	2.06520000000000	0
0.677510000000000	2.06300000000000	0
0.681230000000000	2.06070000000000	0
0.684990000000000	2.05850000000000	0
0.688800000000000	2.05640000000000	0
0.692650000000000	2.05430000000000	0
0.696540000000000	2.05230000000000	0
0.700470000000000	2.05020000000000	0
0.704450000000000	2.04820000000000	0
0.708480000000000	2.04630000000000	0
0.712550000000000	2.04440000000000	0
0.716670000000000	2.04250000000000	0
0.720840000000000	2.04070000000000	0
0.725050000000000	2.03880000000000	0
0.729320000000000	2.03700000000000	0
0.733630000000000	2.03520000000000	0
0.738000000000000	2.03350000000000	0
0.742420000000000	2.03170000000000	0
0.746890000000000	2.03000000000000	0
0.751420000000000	2.02840000000000	0
0.756000000000000	2.02670000000000	0
0.760640000000000	2.02510000000000	0
0.765330000000000	2.02360000000000	0
0.770090000000000	2.02200000000000	0
0.774900000000000	2.02050000000000	0
0.779770000000000	2.01890000000000	0
0.784710000000000	2.01740000000000	0
0.789710000000000	2.01590000000000	0
0.794770000000000	2.01440000000000	0
0.799900000000000	2.01300000000000	0
0.805090000000000	2.01160000000000	0
0.810350000000000	2.01020000000000	0
0.815680000000000	2.00880000000000	0
0.821090000000000	2.00740000000000	0
0.826560000000000	2.00600000000000	0
0.832110000000000	2.00470000000000	0
0.837730000000000	2.00340000000000	0
0.843430000000000	2.00220000000000	0
0.849210000000000	2.00090000000000	0
0.855060000000000	1.99960000000000	0
0.861000000000000	1.99840000000000	0
0.867020000000000	1.99710000000000	0
0.873130000000000	1.99600000000000	0
0.879320000000000	1.99480000000000	0
0.885600000000000	1.99360000000000	0
0.891970000000000	1.99240000000000	0
0.898430000000000	1.99130000000000	0
0.904990000000000	1.99010000000000	0
0.911650000000000	1.98900000000000	0
0.918400000000000	1.98790000000000	0
0.925250000000000	1.98680000000000	0
0.932210000000000	1.98570000000000	0
0.939270000000000	1.98470000000000	0
0.946440000000000	1.98360000000000	0
0.953720000000000	1.98260000000000	0
0.961120000000000	1.98160000000000	0
0.968620000000000	1.98050000000000	0
0.976250000000000	1.97960000000000	0
0.984000000000000	1.97860000000000	0
0.991870000000000	1.97760000000000	0
0.999870000000000	1.97670000000000	0
1.00800000000000	1.97570000000000	0
1.01626000000000	1.97480000000000	0
1.02466000000000	1.97390000000000	0
1.03320000000000	1.97290000000000	0
1.04188000000000	1.97210000000000	0
1.05071000000000	1.97120000000000	0
1.05969000000000	1.97030000000000	0
1.06883000000000	1.96940000000000	0
1.07812000000000	1.96860000000000	0
1.08758000000000	1.96770000000000	0
1.09720000000000	1.96690000000000	0
1.10700000000000	1.96610000000000	0
1.11697000000000	1.96530000000000	0
1.12713000000000	1.96450000000000	0
1.13747000000000	1.96370000000000	0
1.14800000000000	1.96290000000000	0
1.15873000000000	1.96210000000000	0
1.16966000000000	1.96140000000000	0
1.18080000000000	1.96060000000000	0
1.19215000000000	1.95990000000000	0
1.20373000000000	1.95910000000000	0
1.21553000000000	1.95850000000000	0
1.22756000000000	1.95770000000000	0
1.23984000000000	1.95700000000000	0
1.25236000000000	1.95640000000000	0
1.26514000000000	1.95560000000000	0
1.27819000000000	1.95500000000000	0
1.29150000000000	1.95430000000000	0
1.30509000000000	1.95370000000000	0
1.31898000000000	1.95300000000000	0
1.33316000000000	1.95240000000000	0
1.34765000000000	1.95180000000000	0
1.36246000000000	1.95110000000000	0
1.37760000000000	1.95050000000000	0
1.39308000000000	1.94990000000000	0
1.40891000000000	1.94930000000000	0
1.42510000000000	1.94870000000000	0
1.44167000000000	1.94820000000000	0
1.45864000000000	1.94760000000000	0
1.47600000000000	1.94700000000000	0
1.49378000000000	1.94650000000000	0
1.51200000000000	1.94590000000000	0
1.53067000000000	1.94540000000000	0
1.54980000000000	1.94490000000000	0
1.56942000000000	1.94430000000000	0
1.58954000000000	1.94390000000000	0
1.61018000000000	1.94330000000000	0
1.63137000000000	1.94280000000000	0
1.65312000000000	1.94230000000000	0
1.67546000000000	1.94190000000000	0
