0.300000	 1.558530	 0.904050 
0.301000	 1.558530	 0.904050 
0.302000	 1.560854	 0.904744 
0.303000	 1.564445	 0.910054 
0.304000	 1.568036	 0.915364 
0.305000	 1.571627	 0.920674 
0.306000	 1.575159	 0.926334 
0.307000	 1.578511	 0.932734 
0.308000	 1.581863	 0.939133 
0.309000	 1.585216	 0.945533 
0.310000	 1.588568	 0.954271 
0.311000	 1.591920	 0.963492 
0.312000	 1.595273	 0.972162 
0.313000	 1.598626	 0.979475 
0.314000	 1.601979	 0.986789 
0.315000	 1.605332	 0.994102 
0.316000	 1.608685	 1.003306 
0.317000	 1.613297	 1.012994 
0.318000	 1.618086	 1.022682 
0.319000	 1.622876	 1.031773 
0.320000	 1.627665	 1.040825 
0.321000	 1.632455	 1.049878 
0.322000	 1.637245	 1.059698 
0.323000	 1.642730	 1.069754 
0.324000	 1.650033	 1.080025 
0.325000	 1.657337	 1.091041 
0.326000	 1.664641	 1.102056 
0.327000	 1.671945	 1.112676 
0.328000	 1.679249	 1.123148 
0.329000	 1.686553	 1.132247 
0.330000	 1.693857	 1.141345 
0.331000	 1.701161	 1.151284 
0.332000	 1.710778	 1.161343 
0.333000	 1.722930	 1.170937 
0.334000	 1.735082	 1.180517 
0.335000	 1.746831	 1.189513 
0.336000	 1.758565	 1.198313 
0.337000	 1.769762	 1.207724 
0.338000	 1.780300	 1.219458 
0.339000	 1.791554	 1.229957 
0.340000	 1.804970	 1.237625 
0.341000	 1.818468	 1.245154 
0.342000	 1.833552	 1.251114 
0.343000	 1.848820	 1.257074 
0.344000	 1.865028	 1.262927 
0.345000	 1.883726	 1.268410 
0.346000	 1.907504	 1.273894 
0.347000	 1.924932	 1.279377 
0.348000	 1.928877	 1.283081 
0.349000	 1.953988	 1.286130 
0.350000	 1.968519	 1.289179 
0.351000	 1.983051	 1.291442 
0.352000	 2.000631	 1.291202 
0.353000	 2.019261	 1.290961 
0.354000	 2.034357	 1.290720 
0.355000	 2.051283	 1.290480 
0.356000	 2.073409	 1.289407 
0.357000	 2.083739	 1.288118 
0.358000	 2.101785	 1.286829 
0.359000	 2.118123	 1.285540 
0.360000	 2.137081	 1.281982 
0.361000	 2.153845	 1.277290 
0.362000	 2.167460	 1.272597 
0.363000	 2.181010	 1.267664 
0.364000	 2.197106	 1.262481 
0.365000	 2.213202	 1.257299 
0.366000	 2.229298	 1.252117 
0.367000	 2.249818	 1.245414 
0.368000	 2.265843	 1.238709 
0.369000	 2.279056	 1.231827 
0.370000	 2.290076	 1.223867 
0.371000	 2.301095	 1.215907 
0.372000	 2.314964	 1.206350 
0.373000	 2.327848	 1.195731 
0.374000	 2.339878	 1.185839 
0.375000	 2.351277	 1.176265 
0.376000	 2.363107	 1.166660 
0.377000	 2.375401	 1.157019 
0.378000	 2.386138	 1.147378 
0.379000	 2.395826	 1.135473 
0.380000	 2.405513	 1.122944 
0.381000	 2.413645	 1.109541 
0.382000	 2.421309	 1.097944 
0.383000	 2.427905	 1.086926 
0.384000	 2.433694	 1.076423 
0.385000	 2.439482	 1.066367 
0.386000	 2.445171	 1.056162 
0.387000	 2.450071	 1.045625 
0.388000	 2.454971	 1.034892 
0.389000	 2.459871	 1.022156 
0.390000	 2.464786	 1.011004 
0.391000	 2.470235	 1.001426 
0.392000	 2.475685	 0.991012 
0.393000	 2.479343	 0.978466 
0.394000	 2.481300	 0.968970 
0.395000	 2.483257	 0.959474 
0.396000	 2.485214	 0.949974 
0.397000	 2.486754	 0.940141 
0.398000	 2.488149	 0.928966 
0.399000	 2.489543	 0.918119 
0.400000	 2.490938	 0.908062 
0.401000	 2.490980	 0.898657 
0.402000	 2.490980	 0.890280 
0.403000	 2.490980	 0.882016 
0.404000	 2.490980	 0.873872 
0.405000	 2.490239	 0.865605 
0.406000	 2.489401	 0.856984 
0.407000	 2.488563	 0.848389 
0.408000	 2.487631	 0.840429 
0.409000	 2.485955	 0.832469 
0.410000	 2.484279	 0.825504 
0.411000	 2.482604	 0.819545 
0.412000	 2.480813	 0.813585 
0.413000	 2.478803	 0.808514 
0.414000	 2.476792	 0.803941 
0.415000	 2.474736	 0.799369 
0.416000	 2.472498	 0.794647 
0.417000	 2.470260	 0.789058 
0.418000	 2.468127	 0.783469 
0.419000	 2.466173	 0.778353 
0.420000	 2.464219	 0.774393 
0.421000	 2.462265	 0.770433 
0.422000	 2.460046	 0.766473 
0.423000	 2.457651	 0.763760 
0.424000	 2.455256	 0.761364 
0.425000	 2.452860	 0.758968 
0.426000	 2.450531	 0.756573 
0.427000	 2.448467	 0.754177 
0.428000	 2.446404	 0.751784 
0.429000	 2.444341	 0.749390 
0.430000	 2.442363	 0.746996 
0.431000	 2.441060	 0.744603 
0.432000	 2.439758	 0.744060 
0.433000	 2.438455	 0.743707 
0.434000	 2.437152	 0.743354 
0.435000	 2.435849	 0.743001 
0.436000	 2.434853	 0.742647 
0.437000	 2.434222	 0.742294 
0.438000	 2.433592	 0.742095 
0.439000	 2.432962	 0.741918 
0.440000	 2.432331	 0.741740 
0.441000	 2.431970	 0.741563 
0.442000	 2.431970	 0.741385 
0.443000	 2.431970	 0.741208 
0.444000	 2.431970	 0.740848 
0.445000	 2.432008	 0.740453 
0.446000	 2.433405	 0.740059 
0.447000	 2.434802	 0.739664 
0.448000	 2.436200	 0.739269 
0.449000	 2.437635	 0.739150 
0.450000	 2.439182	 0.739375 
0.451000	 2.440729	 0.739599 
0.452000	 2.442276	 0.739824 
0.453000	 2.443923	 0.740049 
0.454000	 2.446058	 0.740120 
0.455000	 2.448192	 0.740120 
0.456000	 2.450327	 0.740120 
0.457000	 2.452732	 0.740120 
0.458000	 2.455246	 0.740120 
0.459000	 2.457760	 0.740120 
0.460000	 2.460273	 0.740117 
0.461000	 2.463841	 0.739940 
0.462000	 2.467473	 0.739763 
0.463000	 2.471106	 0.739585 
0.464000	 2.474691	 0.739408 
0.465000	 2.478042	 0.739231 
0.466000	 2.481393	 0.739053 
0.467000	 2.484743	 0.738291 
0.468000	 2.488094	 0.737518 
0.469000	 2.491449	 0.736745 
0.470000	 2.494803	 0.735973 
0.471000	 2.498157	 0.735144 
0.472000	 2.501893	 0.734305 
0.473000	 2.506463	 0.733466 
0.474000	 2.511034	 0.732628 
0.475000	 2.515604	 0.731789 
0.476000	 2.519770	 0.729931 
0.477000	 2.523867	 0.727776 
0.478000	 2.527936	 0.725621 
0.479000	 2.530984	 0.723466 
0.480000	 2.534033	 0.721330 
0.481000	 2.537082	 0.719233 
0.482000	 2.540827	 0.717137 
0.483000	 2.545093	 0.715041 
0.484000	 2.549360	 0.712944 
0.485000	 2.553522	 0.710535 
0.486000	 2.556873	 0.707183 
0.487000	 2.560224	 0.703832 
0.488000	 2.563575	 0.700480 
0.489000	 2.566926	 0.697339 
0.490000	 2.570279	 0.694466 
0.491000	 2.573632	 0.691593 
0.492000	 2.576986	 0.688720 
0.493000	 2.580339	 0.685847 
0.494000	 2.583693	 0.682240 
0.495000	 2.587115	 0.678627 
0.496000	 2.590654	 0.675015 
0.497000	 2.594193	 0.671403 
0.498000	 2.597732	 0.667224 
0.499000	 2.601271	 0.662958 
0.500000	 2.604810	 0.658692 
0.501000	 2.608016	 0.654426 
0.502000	 2.611089	 0.650160 
0.503000	 2.614163	 0.645894 
0.504000	 2.617236	 0.641627 
0.505000	 2.619781	 0.637629 
0.506000	 2.622295	 0.633666 
0.507000	 2.624809	 0.629703 
0.508000	 2.627322	 0.625255 
0.509000	 2.629836	 0.620040 
0.510000	 2.631968	 0.614826 
0.511000	 2.634064	 0.610155 
0.512000	 2.636160	 0.605964 
0.513000	 2.638256	 0.601772 
0.514000	 2.640352	 0.597581 
0.515000	 2.642163	 0.593028 
0.516000	 2.643937	 0.588335 
0.517000	 2.645712	 0.583643 
0.518000	 2.647486	 0.578950 
0.519000	 2.649260	 0.574257 
0.520000	 2.650650	 0.569564 
0.521000	 2.651715	 0.564678 
0.522000	 2.652781	 0.559464 
0.523000	 2.653847	 0.554250 
0.524000	 2.654913	 0.549365 
0.525000	 2.655979	 0.544793 
0.526000	 2.657045	 0.540220 
0.527000	 2.657843	 0.535625 
0.528000	 2.658482	 0.529941 
0.529000	 2.659121	 0.524257 
0.530000	 2.659761	 0.519125 
0.531000	 2.660400	 0.514554 
0.532000	 2.661040	 0.509983 
0.533000	 2.661660	 0.505413 
0.534000	 2.661660	 0.500842 
0.535000	 2.661660	 0.496271 
0.536000	 2.661660	 0.491710 
0.537000	 2.661660	 0.487240 
0.538000	 2.661660	 0.482769 
0.539000	 2.661419	 0.478299 
0.540000	 2.661178	 0.473696 
0.541000	 2.660937	 0.469002 
0.542000	 2.660696	 0.464309 
0.543000	 2.660063	 0.459616 
0.544000	 2.659170	 0.454909 
0.545000	 2.658277	 0.450158 
0.546000	 2.657384	 0.445408 
0.547000	 2.656491	 0.440657 
0.548000	 2.655515	 0.436605 
0.549000	 2.654529	 0.432806 
0.550000	 2.653543	 0.429008 
0.551000	 2.652556	 0.425210 
0.552000	 2.651570	 0.421386 
0.553000	 2.650468	 0.417519 
0.554000	 2.649271	 0.413651 
0.555000	 2.648073	 0.409784 
0.556000	 2.646875	 0.406085 
0.557000	 2.645518	 0.402509 
0.558000	 2.643213	 0.398933 
0.559000	 2.640909	 0.395356 
0.560000	 2.638604	 0.391786 
0.561000	 2.636299	 0.388237 
0.562000	 2.634002	 0.384687 
0.563000	 2.631766	 0.381138 
0.564000	 2.629531	 0.377588 
0.565000	 2.627295	 0.374226 
0.566000	 2.625059	 0.371388 
0.567000	 2.623048	 0.368551 
0.568000	 2.621372	 0.365714 
0.569000	 2.619696	 0.363122 
0.570000	 2.618021	 0.360800 
0.571000	 2.616407	 0.358478 
0.572000	 2.614829	 0.356156 
0.573000	 2.613251	 0.353657 
0.574000	 2.611673	 0.351078 
0.575000	 2.610095	 0.348500 
0.576000	 2.608586	 0.345922 
0.577000	 2.607245	 0.344250 
0.578000	 2.605904	 0.342672 
0.579000	 2.604564	 0.341095 
0.580000	 2.603223	 0.339517 
0.581000	 2.601690	 0.337939 
0.582000	 2.600013	 0.336468 
0.583000	 2.598335	 0.335002 
0.584000	 2.596658	 0.333536 
0.585000	 2.595007	 0.332070 
0.586000	 2.593483	 0.330574 
0.587000	 2.591959	 0.329008 
0.588000	 2.590434	 0.327442 
0.589000	 2.588882	 0.325876 
0.590000	 2.587319	 0.324310 
0.591000	 2.585755	 0.323467 
0.592000	 2.584192	 0.322680 
0.593000	 2.582629	 0.321892 
0.594000	 2.581231	 0.321104 
0.595000	 2.579834	 0.320316 
0.596000	 2.578437	 0.319643 
0.597000	 2.577103	 0.318972 
0.598000	 2.575984	 0.318301 
0.599000	 2.574865	 0.317630 
0.600000	 2.573746	 0.316959 
0.601000	 2.572799	 0.316288 
0.602000	 2.572055	 0.315618 
0.603000	 2.571311	 0.314947 
0.604000	 2.570567	 0.314264 
0.605000	 2.569822	 0.313545 
0.606000	 2.569078	 0.312827 
0.607000	 2.568801	 0.312108 
0.608000	 2.568641	 0.311454 
0.609000	 2.568480	 0.311119 
0.610000	 2.568320	 0.310784 
0.611000	 2.568159	 0.310449 
0.612000	 2.567998	 0.310114 
0.613000	 2.567870	 0.309779 
0.614000	 2.567870	 0.309220 
0.615000	 2.567870	 0.308234 
0.616000	 2.567870	 0.307249 
0.617000	 2.567870	 0.306263 
0.618000	 2.567870	 0.305277 
0.619000	 2.567870	 0.304349 
0.620000	 2.567870	 0.303511 
0.621000	 2.567870	 0.302672 
0.622000	 2.567870	 0.301833 
0.623000	 2.567870	 0.300862 
0.624000	 2.567957	 0.299876 
0.625000	 2.568126	 0.298891 
0.626000	 2.568294	 0.297905 
0.627000	 2.568463	 0.296919 
0.628000	 2.568631	 0.295540 
0.629000	 2.568800	 0.294140 
0.630000	 2.569052	 0.292741 
0.631000	 2.569581	 0.291424 
0.632000	 2.570110	 0.290207 
0.633000	 2.570639	 0.288989 
0.634000	 2.571168	 0.287771 
0.635000	 2.571697	 0.286550 
0.636000	 2.572252	 0.285329 
0.637000	 2.572881	 0.284110 
0.638000	 2.573509	 0.282912 
0.639000	 2.574138	 0.281715 
0.640000	 2.574766	 0.280518 
0.641000	 2.575250	 0.279321 
0.642000	 2.575250	 0.277533 
0.643000	 2.575250	 0.275728 
0.644000	 2.575250	 0.273924 
0.645000	 2.575250	 0.272099 
0.646000	 2.575250	 0.270183 
0.647000	 2.575295	 0.268267 
0.648000	 2.575471	 0.266351 
0.649000	 2.575647	 0.264361 
0.650000	 2.575823	 0.261782 
0.651000	 2.575999	 0.259204 
0.652000	 2.576175	 0.256626 
0.653000	 2.576353	 0.254131 
0.654000	 2.576539	 0.251809 
0.655000	 2.576724	 0.249487 
0.656000	 2.576910	 0.247165 
0.657000	 2.577096	 0.245253 
0.658000	 2.577281	 0.243689 
0.659000	 2.576906	 0.242126 
0.660000	 2.576201	 0.240562 
0.661000	 2.575496	 0.238858 
0.662000	 2.574791	 0.236491 
0.663000	 2.574086	 0.234123 
0.664000	 2.573381	 0.231755 
0.665000	 2.572667	 0.229388 
0.666000	 2.571949	 0.226863 
0.667000	 2.571231	 0.223792 
0.668000	 2.570513	 0.220721 
0.669000	 2.569779	 0.217650 
0.670000	 2.569004	 0.215247 
0.671000	 2.568228	 0.213090 
0.672000	 2.567452	 0.210934 
0.673000	 2.566603	 0.208778 
0.674000	 2.565408	 0.206622 
0.675000	 2.564212	 0.204465 
0.676000	 2.563017	 0.202309 
0.677000	 2.561822	 0.200153 
0.678000	 2.560038	 0.198209 
0.679000	 2.558081	 0.196421 
0.680000	 2.556124	 0.194633 
0.681000	 2.554167	 0.192845 
0.682000	 2.551587	 0.191059 
0.683000	 2.549007	 0.189286 
0.684000	 2.546427	 0.187512 
0.685000	 2.543848	 0.185738 
0.686000	 2.541119	 0.183965 
0.687000	 2.538377	 0.182162 
0.688000	 2.535635	 0.180275 
0.689000	 2.532767	 0.178388 
0.690000	 2.529751	 0.176501 
0.691000	 2.526735	 0.174615 
0.692000	 2.523847	 0.173230 
0.693000	 2.521238	 0.172181 
0.694000	 2.518629	 0.171132 
0.695000	 2.515454	 0.170083 
0.696000	 2.511684	 0.169034 
0.697000	 2.507914	 0.168557 
0.698000	 2.504549	 0.168253 
0.699000	 2.501195	 0.167949 
0.700000	 2.497841	 0.168328 
0.701000	 2.495602	 0.172640 
0.702000	 2.493591	 0.176952 
0.703000	 2.491580	 0.181081 
0.704000	 2.489799	 0.185178 
0.705000	 2.488123	 0.189274 
0.706000	 2.486448	 0.193824 
0.707000	 2.484772	 0.198432 
0.708000	 2.483401	 0.202654 
0.709000	 2.482058	 0.205729 
0.710000	 2.480716	 0.208804 
0.711000	 2.480671	 0.211879 
0.712000	 2.481008	 0.215130 
0.713000	 2.481345	 0.218786 
0.714000	 2.482407	 0.222441 
0.715000	 2.483895	 0.226097 
0.716000	 2.485384	 0.230565 
0.717000	 2.487248	 0.235408 
0.718000	 2.489204	 0.240251 
0.719000	 2.491161	 0.243082 
0.720000	 2.493209	 0.245144 
0.721000	 2.498237	 0.247206 
0.722000	 2.503264	 0.249268 
0.723000	 2.507743	 0.251158 
0.724000	 2.511706	 0.252835 
0.725000	 2.515669	 0.254512 
0.726000	 2.519727	 0.256189 
0.727000	 2.525313	 0.257159 
0.728000	 2.530899	 0.257419 
0.729000	 2.536322	 0.257678 
0.730000	 2.541200	 0.257938 
0.731000	 2.546077	 0.257770 
0.732000	 2.550954	 0.256093 
0.733000	 2.556379	 0.254416 
0.734000	 2.561965	 0.252740 
0.735000	 2.567551	 0.250697 
0.736000	 2.572787	 0.247679 
0.737000	 2.578002	 0.244661 
0.738000	 2.583130	 0.241643 
0.739000	 2.587601	 0.238570 
0.740000	 2.592071	 0.235495 
0.741000	 2.596542	 0.232420 
0.742000	 2.600884	 0.229222 
0.743000	 2.604982	 0.222521 
0.744000	 2.609079	 0.215895 
0.745000	 2.612359	 0.210447 
0.746000	 2.614872	 0.204999 
0.747000	 2.617381	 0.200056 
0.748000	 2.617992	 0.195791 
0.749000	 2.618602	 0.191525 
0.750000	 2.619212	 0.187259 
0.751000	 2.619490	 0.181924 
0.752000	 2.619490	 0.176335 
0.753000	 2.619490	 0.170746 
0.754000	 2.619490	 0.164212 
0.755000	 2.619490	 0.157507 
0.756000	 2.619490	 0.150962 
0.757000	 2.619490	 0.145002 
0.758000	 2.619488	 0.139041 
0.759000	 2.618878	 0.133388 
0.760000	 2.618268	 0.128639 
0.761000	 2.617657	 0.123890 
0.762000	 2.616466	 0.119142 
0.763000	 2.614790	 0.114354 
0.764000	 2.613115	 0.109477 
0.765000	 2.611439	 0.104601 
0.766000	 2.609041	 0.099724 
0.767000	 2.606432	 0.095474 
0.768000	 2.603823	 0.091512 
0.769000	 2.600829	 0.087550 
0.770000	 2.597812	 0.083613 
0.771000	 2.594796	 0.080020 
0.772000	 2.592257	 0.076427 
0.773000	 2.589835	 0.072834 
0.774000	 2.587413	 0.069241 
0.775000	 2.584992	 0.065429 
0.776000	 2.582570	 0.061359 
0.777000	 2.580057	 0.057288 
0.778000	 2.577009	 0.053218 
0.779000	 2.573960	 0.049148 
0.780000	 2.570911	 0.046833 
0.781000	 2.567846	 0.044821 
0.782000	 2.564773	 0.042809 
0.783000	 2.561700	 0.040797 
0.784000	 2.558627	 0.038785 
0.785000	 2.555298	 0.036727 
0.786000	 2.551947	 0.034665 
0.787000	 2.548654	 0.032603 
0.788000	 2.545972	 0.030541 
0.789000	 2.543290	 0.028511 
0.790000	 2.540608	 0.026499 
0.791000	 2.538085	 0.024487 
0.792000	 2.535571	 0.022593 
0.793000	 2.533178	 0.020916 
0.794000	 2.530943	 0.019239 
0.795000	 2.528709	 0.017563 
0.796000	 2.526305	 0.015790 
0.797000	 2.523789	 0.013876 
0.798000	 2.521273	 0.011961 
0.799000	 2.518756	 0.010046 
0.800000	 2.516559	 0.008131 
0.801000	 2.514428	 0.007358 
0.802000	 2.512296	 0.006879 
0.803000	 2.510333	 0.006399 
0.804000	 2.508655	 0.005919 
0.805000	 2.506977	 0.005439 
0.806000	 2.505299	 0.004960 
0.807000	 2.503623	 0.004481 
0.808000	 2.501946	 0.004002 
0.809000	 2.500070	 0.003523 
0.810000	 2.498116	 0.003044 
0.811000	 2.496162	 0.002565 
0.812000	 2.494208	 0.002168 
0.813000	 2.492881	 0.001982 
0.814000	 2.491592	 0.001797 
0.815000	 2.490302	 0.001611 
0.816000	 2.489012	 0.001425 
0.817000	 2.487390	 0.001239 
0.818000	 2.485715	 0.001063 
0.819000	 2.484039	 0.000902 
0.820000	 2.482403	 0.000742 
0.821000	 2.481182	 0.000582 
0.822000	 2.479962	 0.000422 
0.823000	 2.478741	 0.000261 
0.824000	 2.477535	 0.000101 
0.825000	 2.476337	 0.000013 
0.826000	 2.475139	 0.000013 
0.827000	 2.473942	 0.000012 
0.828000	 2.472711	 0.000012 
0.829000	 2.471371	 0.000012 
0.830000	 2.470030	 0.000012 
0.831000	 2.468689	 0.000012 
0.832000	 2.467349	 0.000012 
0.833000	 2.466008	 0.000012 
0.834000	 2.464667	 0.000012 
0.835000	 2.463326	 0.000012 
0.836000	 2.461984	 0.000011 
0.837000	 2.460643	 0.000011 
0.838000	 2.459302	 0.000011 
0.839000	 2.458038	 0.000059 
0.840000	 2.457033	 0.000002 
0.841000	 2.456027	 0.000004 
0.842000	 2.455022	 0.000005 
0.843000	 2.454017	 0.000007 
0.844000	 2.453011	 0.000009 
0.845000	 2.452006	 0.000001 
0.846000	 2.450763	 0.000001 
0.847000	 2.449506	 0.000001 
0.848000	 2.448669	 0.000001 
0.849000	 2.448388	 0.000001 
0.850000	 2.448107	 0.000001 
0.851000	 2.447826	 0.000001 
0.852000	 2.446995	 0.000001 
0.853000	 2.445879	 0.000001 
0.854000	 2.444763	 0.000001 
0.855000	 2.443647	 0.000001 
0.856000	 2.442532	 0.000001 
0.857000	 2.441724	 0.000001 
0.858000	 2.440934	 0.000001 
0.859000	 2.440144	 0.000001 
0.860000	 2.439354	 0.000001 
0.861000	 2.438564	 0.000001 
0.862000	 2.437826	 0.000001 
0.863000	 2.437121	 0.000001 
0.864000	 2.436416	 0.000001 
0.865000	 2.435711	 0.000001 
0.866000	 2.435006	 0.000001 
0.867000	 2.434301	 0.000001 
0.868000	 2.433484	 0.000001 
0.869000	 2.432601	 0.000000 
0.870000	 2.431719	 0.000000 
0.871000	 2.430836	 0.000000 
0.872000	 2.429953	 0.000141 
0.873000	 2.429071	 0.000000 
0.874000	 2.428327	 0.000000 
0.875000	 2.427654	 0.000000 
0.876000	 2.426982	 0.000000 
0.877000	 2.426310	 0.000000 
0.878000	 2.425637	 0.000000 
0.879000	 2.425072	 0.000000 
0.880000	 2.424514	 0.000000 
0.881000	 2.423955	 0.000000 
0.882000	 2.423397	 0.000000 
0.883000	 2.422838	 0.000000 
0.884000	 2.422144	 0.000000 
0.885000	 2.421113	 0.000000 
0.886000	 2.420083	 0.000000 
0.887000	 2.419052	 0.000000 
0.888000	 2.418085	 0.000000 
0.889000	 2.417367	 0.000000 
0.890000	 2.416649	 0.000000 
0.891000	 2.415930	 0.000000 
0.892000	 2.415212	 0.000000 
0.893000	 2.414459	 0.000000 
0.894000	 2.413697	 0.000000 
0.895000	 2.412934	 0.000000 
0.896000	 2.412172	 0.000000 
0.897000	 2.411410	 0.000000 
0.898000	 2.410648	 0.000000 
0.899000	 2.409886	 0.000000 
0.900000	 2.409304	 0.000000 
0.901000	 2.408746	 0.000000 
0.902000	 2.408187	 0.000000 
0.903000	 2.407628	 0.000000 
0.904000	 2.407070	 0.000000 
0.905000	 2.406537	 0.000000 
0.906000	 2.406089	 0.000000 
0.907000	 2.405642	 0.000000 
0.908000	 2.405194	 0.000000 
0.909000	 2.404747	 0.000000 
0.910000	 2.404131	 0.000000 
0.911000	 2.403357	 0.000000 
0.912000	 2.402584	 0.000000 
0.913000	 2.401810	 0.000000 
0.914000	 2.401481	 0.000000 
0.915000	 2.401738	 0.000000 
0.916000	 2.401995	 0.000000 
0.917000	 2.402252	 0.000000 
0.918000	 2.402131	 0.000000 
0.919000	 2.401293	 0.000000 
0.920000	 2.400455	 0.000000 
0.921000	 2.399616	 0.000000 
0.922000	 2.398778	 0.000000 
0.923000	 2.397940	 0.000000 
0.924000	 2.397102	 0.000000 
0.925000	 2.396263	 0.000000 
0.926000	 2.395425	 0.000000 
0.927000	 2.394587	 0.000000 
0.928000	 2.393883	 0.000000 
0.929000	 2.393512	 0.000000 
0.930000	 2.393141	 0.000000 
0.931000	 2.392555	 0.000000 
0.932000	 2.391715	 0.000000 
0.933000	 2.390876	 0.000000 
0.934000	 2.390037	 0.000000 
0.935000	 2.389198	 0.000000 
0.936000	 2.388540	 0.000000 
0.937000	 2.388121	 0.000000 
0.938000	 2.387702	 0.000000 
0.939000	 2.387283	 0.000000 
0.940000	 2.386864	 0.000000 
0.941000	 2.386445	 0.000000 
0.942000	 2.386026	 0.000000 
0.943000	 2.385607	 0.000000 
0.944000	 2.385332	 0.000000 
0.945000	 2.385075	 0.000000 
0.946000	 2.384818	 0.000000 
0.947000	 2.384561	 0.000000 
0.948000	 2.384317	 0.000000 
0.949000	 2.384076	 0.000000 
0.950000	 2.383835	 0.000000 
0.951000	 2.383594	 0.000000 
0.952000	 2.383225	 0.000000 
0.953000	 2.382666	 0.000000 
0.954000	 2.382106	 0.000000 
0.955000	 2.381547	 0.000000 
0.956000	 2.381092	 0.000000 
0.957000	 2.380699	 0.000000 
0.958000	 2.380306	 0.000000 
0.959000	 2.379913	 0.000000 
0.960000	 2.379520	 0.000000 
0.961000	 2.379186	 0.000000 
0.962000	 2.378999	 0.000000 
0.963000	 2.378811	 0.000000 
0.964000	 2.378624	 0.000000 
0.965000	 2.378437	 0.000000 
0.966000	 2.378249	 0.000000 
0.967000	 2.377807	 0.000000 
0.968000	 2.377216	 0.000000 
0.969000	 2.376624	 0.000000 
0.970000	 2.376033	 0.000000 
0.971000	 2.375441	 0.000000 
0.972000	 2.374844	 0.000000 
0.973000	 2.374234	 0.000000 
0.974000	 2.373624	 0.000000 
0.975000	 2.373013	 0.000000 
0.976000	 2.372403	 0.000000 
0.977000	 2.371793	 0.000000 
0.978000	 2.371182	 0.000000 
0.979000	 2.370612	 0.000000 
0.980000	 2.370109	 0.000000 
0.981000	 2.369607	 0.000000 
0.982000	 2.369104	 0.000000 
0.983000	 2.368601	 0.000000 
0.984000	 2.368099	 0.000000 
0.985000	 2.367622	 0.000000 
0.986000	 2.367413	 0.000000 
0.987000	 2.367204	 0.000000 
0.988000	 2.366995	 0.000000 
0.989000	 2.366786	 0.000000 
0.990000	 2.366565	 0.000000 
0.991000	 2.366145	 0.000000 
0.992000	 2.365726	 0.000000 
0.993000	 2.365306	 0.000000 
0.994000	 2.364887	 0.000000 
0.995000	 2.364480	 0.000000 
0.996000	 2.364480	 0.000000 
0.997000	 2.364480	 0.000000 
0.998000	 2.364480	 0.000000 
0.999000	 2.364480	 0.000000 
1.000000	 2.364480	 0.000000 
1.001000	 2.364430	 0.000000 
1.002000	 2.363593	 0.000000 
1.003000	 2.362756	 0.000000 
1.004000	 2.361919	 0.000000 
1.005000	 2.361081	 0.000000 
1.006000	 2.360263	 0.000000 
1.007000	 2.360053	 0.000000 
1.008000	 2.359842	 0.000000 
1.009000	 2.359631	 0.000000 
1.010000	 2.359420	 0.000000 
1.011000	 2.359209	 0.000000 
1.012000	 2.358987	 0.000000 
1.013000	 2.358764	 0.000000 
1.014000	 2.358541	 0.000000 
1.015000	 2.358319	 0.000000 
1.016000	 2.357979	 0.000000 
1.017000	 2.357351	 0.000000 
1.018000	 2.356722	 0.000000 
1.019000	 2.356094	 0.000000 
1.020000	 2.355465	 0.000000 
1.021000	 2.354876	 0.000000 
1.022000	 2.354396	 0.000000 
1.023000	 2.353916	 0.000000 
1.024000	 2.353437	 0.000000 
1.025000	 2.352957	 0.000000 
1.026000	 2.352648	 0.000000 
1.027000	 2.352367	 0.000000 
1.028000	 2.352086	 0.000000 
1.029000	 2.351855	 0.000000 
1.030000	 2.352136	 0.000000 
1.031000	 2.352417	 0.000000 
1.032000	 2.352698	 0.000000 
1.033000	 2.352726	 0.000000 
1.034000	 2.352210	 0.000000 
1.035000	 2.351694	 0.000000 
1.036000	 2.351177	 0.000000 
1.037000	 2.350694	 0.000000 
1.038000	 2.350321	 0.000000 
1.039000	 2.349948	 0.000000 
1.040000	 2.349575	 0.000000 
1.041000	 2.349202	 0.000000 
1.042000	 2.348829	 0.000000 
1.043000	 2.348456	 0.000000 
1.044000	 2.348083	 0.000000 
1.045000	 2.347710	 0.000000 
1.046000	 2.347337	 0.000000 
1.047000	 2.346964	 0.000000 
1.048000	 2.346591	 0.000000 
1.049000	 2.346369	 0.000000 
1.050000	 2.346160	 0.000000 
1.051000	 2.345951	 0.000000 
1.052000	 2.345742	 0.000000 
1.053000	 2.345533	 0.000000 
1.054000	 2.345298	 0.000000 
1.055000	 2.345059	 0.000000 
1.056000	 2.344821	 0.000000 
1.057000	 2.344582	 0.000000 
1.058000	 2.344333	 0.000000 
1.059000	 2.344074	 0.000000 
1.060000	 2.343814	 0.000000 
1.061000	 2.343555	 0.000000 
1.062000	 2.343400	 0.000000 
1.063000	 2.343400	 0.000000 
1.064000	 2.343400	 0.000000 
1.065000	 2.343400	 0.000000 
1.066000	 2.343027	 0.000000 
1.067000	 2.342435	 0.000000 
1.068000	 2.341844	 0.000000 
1.069000	 2.341252	 0.000000 
1.070000	 2.340661	 0.000000 
1.071000	 2.340126	 0.000000 
1.072000	 2.339731	 0.000000 
1.073000	 2.339336	 0.000000 
1.074000	 2.338941	 0.000000 
1.075000	 2.338546	 0.000000 
1.076000	 2.338152	 0.000000 
1.077000	 2.338130	 0.000000 
1.078000	 2.338130	 0.000000 
1.079000	 2.338130	 0.000000 
1.080000	 2.338130	 0.000000 
1.081000	 2.338130	 0.000000 
1.082000	 2.337875	 0.000000 
1.083000	 2.337596	 0.000000 
1.084000	 2.337318	 0.000000 
1.085000	 2.336982	 0.000000 
1.086000	 2.336311	 0.000000 
1.087000	 2.335640	 0.000000 
1.088000	 2.334970	 0.000000 
1.089000	 2.334970	 0.000000 
1.090000	 2.334970	 0.000000 
1.091000	 2.334970	 0.000000 
1.092000	 2.334970	 0.000000 
1.093000	 2.334970	 0.000000 
1.094000	 2.334970	 0.000000 
1.095000	 2.334937	 0.000000 
1.096000	 2.334562	 0.000000 
1.097000	 2.334187	 0.000000 
1.098000	 2.333910	 0.000000 
1.099000	 2.333910	 0.000000 
1.100000	 2.333910	 0.000000 
1.101000	 2.333910	 0.000000 
1.102000	 2.333910	 0.000000 
1.103000	 2.333910	 0.000000 
1.104000	 2.333910	 0.000000 
1.105000	 2.333910	 0.000000 
1.106000	 2.333910	 0.000000 
1.107000	 2.333910	 0.000000 
1.108000	 2.333910	 0.000000 
1.109000	 2.333910	 0.000000 
1.110000	 2.333910	 0.000000 
1.111000	 2.333910	 0.000000 
1.112000	 2.333910	 0.000000 
1.113000	 2.333910	 0.000000 
1.114000	 2.333910	 0.000000 
1.115000	 2.333910	 0.000000 
1.116000	 2.333910	 0.000000 
1.117000	 2.333910	 0.000000 
1.118000	 2.333910	 0.000000 
1.119000	 2.333910	 0.000000 
1.120000	 2.333910	 0.000000 
1.121000	 2.333910	 0.000000 
1.122000	 2.333910	 0.000000 
1.123000	 2.333910	 0.000000 
1.124000	 2.333910	 0.000000 
1.125000	 2.333910	 0.000000 
1.126000	 2.333910	 0.000000 
1.127000	 2.333910	 0.000000 
1.128000	 2.333910	 0.000000 
1.129000	 2.333910	 0.000000 
1.130000	 2.333910	 0.000000 
1.131000	 2.333910	 0.000000 
1.132000	 2.333910	 0.000000 
1.133000	 2.333910	 0.000000 
1.134000	 2.333910	 0.000000 
1.135000	 2.333910	 0.000000 
1.136000	 2.333910	 0.000000 
1.137000	 2.333910	 0.000000 
1.138000	 2.333910	 0.000000 
1.139000	 2.333910	 0.000000 
1.140000	 2.333910	 0.000000 
1.141000	 2.333910	 0.000000 
1.142000	 2.333910	 0.000000 
1.143000	 2.333910	 0.000000 
1.144000	 2.333910	 0.000000 
1.145000	 2.333910	 0.000000 
1.146000	 2.333910	 0.000000 
1.147000	 2.333910	 0.000000 
1.148000	 2.333910	 0.000000 
1.149000	 2.333910	 0.000000 
1.150000	 2.333910	 0.000000 
1.151000	 2.333910	 0.000000 
1.152000	 2.333910	 0.000000 
1.153000	 2.333910	 0.000000 
1.154000	 2.333910	 0.000000 
1.155000	 2.333910	 0.000000 
1.156000	 2.333910	 0.000000 
1.157000	 2.333910	 0.000000 
1.158000	 2.333910	 0.000000 
1.159000	 2.333910	 0.000000 
1.160000	 2.333910	 0.000000 
1.161000	 2.333910	 0.000000 
1.162000	 2.333910	 0.000000 
1.163000	 2.333910	 0.000000 
1.164000	 2.333910	 0.000000 
1.165000	 2.333910	 0.000000 
1.166000	 2.333910	 0.000000 
1.167000	 2.333910	 0.000000 
1.168000	 2.333910	 0.000000 
1.169000	 2.333910	 0.000000 
1.170000	 2.333910	 0.000000 
1.171000	 2.333910	 0.000000 
1.172000	 2.333910	 0.000000 
1.173000	 2.333910	 0.000000 
1.174000	 2.333910	 0.000000 
1.175000	 2.333910	 0.000000 
1.176000	 2.333910	 0.000000 
1.177000	 2.333910	 0.000000 
1.178000	 2.333910	 0.000000 
1.179000	 2.333910	 0.000000 
1.180000	 2.333910	 0.000000 
1.181000	 2.333910	 0.000000 
1.182000	 2.333910	 0.000000 
1.183000	 2.333910	 0.000000 
1.184000	 2.333910	 0.000000 
1.185000	 2.333910	 0.000000 
1.186000	 2.333910	 0.000000 
1.187000	 2.333910	 0.000000 
1.188000	 2.333910	 0.000000 
1.189000	 2.333910	 0.000000 
1.190000	 2.333910	 0.000000 
1.191000	 2.333910	 0.000000 
1.192000	 2.333910	 0.000000 
1.193000	 2.333910	 0.000000 
1.194000	 2.333910	 0.000000 
1.195000	 2.333910	 0.000000 
1.196000	 2.333910	 0.000000 
1.197000	 2.333910	 0.000000 
1.198000	 2.333910	 0.000000 
1.199000	 2.333910	 0.000000 
1.200000	 2.333910	 0.000000 
