3.599989547068678797e-01 3.451999999999999957e+00 1.945999999999999952e+00 3.451999999999999957e+00 1.945999999999999952e+00 3.451999999999999957e+00 1.945999999999999952e+00
3.615990573879262482e-01 3.496999999999999886e+00 1.889000000000000012e+00 3.496999999999999886e+00 1.889000000000000012e+00 3.496999999999999886e+00 1.889000000000000012e+00
3.631996156617823268e-01 3.536000000000000032e+00 1.830999999999999961e+00 3.536000000000000032e+00 1.830999999999999961e+00 3.536000000000000032e+00 1.830999999999999961e+00
3.647993785841014969e-01 3.569999999999999840e+00 1.772000000000000020e+00 3.569999999999999840e+00 1.772000000000000020e+00 3.569999999999999840e+00 1.772000000000000020e+00
3.663992198235738185e-01 3.599000000000000199e+00 1.713000000000000078e+00 3.599000000000000199e+00 1.713000000000000078e+00 3.599000000000000199e+00 1.713000000000000078e+00
3.679989552229946392e-01 3.621999999999999886e+00 1.655000000000000027e+00 3.621999999999999886e+00 1.655000000000000027e+00 3.621999999999999886e+00 1.655000000000000027e+00
3.695994991876704883e-01 3.641999999999999904e+00 1.598000000000000087e+00 3.641999999999999904e+00 1.598000000000000087e+00 3.641999999999999904e+00 1.598000000000000087e+00
3.711995784544728227e-01 3.657000000000000028e+00 1.542999999999999927e+00 3.657000000000000028e+00 1.542999999999999927e+00 3.657000000000000028e+00 1.542999999999999927e+00
3.727989993264697599e-01 3.668000000000000149e+00 1.489999999999999991e+00 3.668000000000000149e+00 1.489999999999999991e+00 3.668000000000000149e+00 1.489999999999999991e+00
3.743998260627985908e-01 3.676000000000000156e+00 1.439000000000000057e+00 3.676000000000000156e+00 1.439000000000000057e+00 3.676000000000000156e+00 1.439000000000000057e+00
3.759996360824273687e-01 3.681000000000000050e+00 1.389999999999999902e+00 3.681000000000000050e+00 1.389999999999999902e+00 3.681000000000000050e+00 1.389999999999999902e+00
3.775993762715168511e-01 3.682999999999999829e+00 1.344000000000000083e+00 3.682999999999999829e+00 1.344000000000000083e+00 3.682999999999999829e+00 1.344000000000000083e+00
3.791988695968657175e-01 3.684000000000000163e+00 1.300000000000000044e+00 3.684000000000000163e+00 1.300000000000000044e+00 3.684000000000000163e+00 1.300000000000000044e+00
3.807991056208901992e-01 3.682999999999999829e+00 1.258999999999999897e+00 3.682999999999999829e+00 1.258999999999999897e+00 3.682999999999999829e+00 1.258999999999999897e+00
3.823999309123882751e-01 3.681000000000000050e+00 1.219999999999999973e+00 3.681000000000000050e+00 1.219999999999999973e+00 3.681000000000000050e+00 1.219999999999999973e+00
3.840000000000000635e-01 3.677999999999999936e+00 1.183999999999999941e+00 3.677999999999999936e+00 1.183999999999999941e+00 3.677999999999999936e+00 1.183999999999999941e+00
3.855991242038216971e-01 3.674999999999999822e+00 1.149000000000000021e+00 3.674999999999999822e+00 1.149000000000000021e+00 3.674999999999999822e+00 1.149000000000000021e+00
3.871995303038347491e-01 3.670999999999999819e+00 1.116999999999999993e+00 3.670999999999999819e+00 1.116999999999999993e+00 3.670999999999999819e+00 1.116999999999999993e+00
3.887998645296639744e-01 3.666999999999999815e+00 1.086999999999999966e+00 3.666999999999999815e+00 1.086999999999999966e+00 3.666999999999999815e+00 1.086999999999999966e+00
3.903999596954487727e-01 3.662999999999999812e+00 1.058000000000000052e+00 3.662999999999999812e+00 1.058000000000000052e+00 3.662999999999999812e+00 1.058000000000000052e+00
3.919996458901121583e-01 3.658999999999999808e+00 1.030000000000000027e+00 3.658999999999999808e+00 1.030000000000000027e+00 3.658999999999999808e+00 1.030000000000000027e+00
3.936000000000000054e-01 3.656000000000000139e+00 1.004000000000000004e+00 3.656000000000000139e+00 1.004000000000000004e+00 3.656000000000000139e+00 1.004000000000000004e+00
3.951996174994023558e-01 3.652000000000000135e+00 9.789999999999999813e-01 3.652000000000000135e+00 9.789999999999999813e-01 3.652000000000000135e+00 9.789999999999999813e-01
3.967995903475645125e-01 3.649000000000000021e+00 9.549999999999999600e-01 3.649000000000000021e+00 9.549999999999999600e-01 3.649000000000000021e+00 9.549999999999999600e-01
3.983997686412493189e-01 3.646999999999999797e+00 9.320000000000000506e-01 3.646999999999999797e+00 9.320000000000000506e-01 3.646999999999999797e+00 9.320000000000000506e-01
4.000000000000000222e-01 3.644000000000000128e+00 9.090000000000000302e-01 3.644000000000000128e+00 9.090000000000000302e-01 3.644000000000000128e+00 9.090000000000000302e-01
4.015988287348652430e-01 3.641999999999999904e+00 8.860000000000000098e-01 3.641999999999999904e+00 8.860000000000000098e-01 3.641999999999999904e+00 8.860000000000000098e-01
4.032000000000000028e-01 3.640000000000000124e+00 8.639999999999999902e-01 3.640000000000000124e+00 8.639999999999999902e-01 3.640000000000000124e+00 8.639999999999999902e-01
4.047994514912581776e-01 3.638999999999999790e+00 8.429999999999999716e-01 3.638999999999999790e+00 8.429999999999999716e-01 3.638999999999999790e+00 8.429999999999999716e-01
4.063996538601477027e-01 3.637000000000000011e+00 8.209999999999999520e-01 3.637000000000000011e+00 8.209999999999999520e-01 3.637000000000000011e+00 8.209999999999999520e-01
4.079991312445908624e-01 3.634999999999999787e+00 7.990000000000000435e-01 3.634999999999999787e+00 7.990000000000000435e-01 3.634999999999999787e+00 7.990000000000000435e-01
4.095990696936860909e-01 3.633000000000000007e+00 7.780000000000000249e-01 3.633000000000000007e+00 7.780000000000000249e-01 3.633000000000000007e+00 7.780000000000000249e-01
4.111993313832010277e-01 3.632000000000000117e+00 7.560000000000000053e-01 3.632000000000000117e+00 7.560000000000000053e-01 3.632000000000000117e+00 7.560000000000000053e-01
4.127997762602838572e-01 3.629999999999999893e+00 7.349999999999999867e-01 3.629999999999999893e+00 7.349999999999999867e-01 3.629999999999999893e+00 7.349999999999999867e-01
4.143988769678131345e-01 3.626999999999999780e+00 7.129999999999999671e-01 3.626999999999999780e+00 7.129999999999999671e-01 3.626999999999999780e+00 7.129999999999999671e-01
4.159992484205087826e-01 3.624000000000000110e+00 6.919999999999999485e-01 3.624000000000000110e+00 6.919999999999999485e-01 3.624000000000000110e+00 6.919999999999999485e-01
4.175993694783039500e-01 3.620999999999999996e+00 6.710000000000000409e-01 3.620999999999999996e+00 6.710000000000000409e-01 3.620999999999999996e+00 6.710000000000000409e-01
4.191990911672820452e-01 3.617999999999999883e+00 6.500000000000000222e-01 3.617999999999999883e+00 6.500000000000000222e-01 3.617999999999999883e+00 6.500000000000000222e-01
4.207996904686752693e-01 3.613999999999999879e+00 6.290000000000000036e-01 3.613999999999999879e+00 6.290000000000000036e-01 3.613999999999999879e+00 6.290000000000000036e-01
4.223996075264971339e-01 3.608999999999999986e+00 6.079999999999999849e-01 3.608999999999999986e+00 6.079999999999999849e-01 3.608999999999999986e+00 6.079999999999999849e-01
4.239986868023637445e-01 3.604000000000000092e+00 5.869999999999999662e-01 3.604000000000000092e+00 5.869999999999999662e-01 3.604000000000000092e+00 5.869999999999999662e-01
4.255996924302132278e-01 3.597999999999999865e+00 5.669999999999999485e-01 3.597999999999999865e+00 5.669999999999999485e-01 3.597999999999999865e+00 5.669999999999999485e-01
4.271995865276940751e-01 3.592000000000000082e+00 5.470000000000000417e-01 3.592000000000000082e+00 5.470000000000000417e-01 3.592000000000000082e+00 5.470000000000000417e-01
4.287996901176584497e-01 3.585999999999999854e+00 5.270000000000000240e-01 3.585999999999999854e+00 5.270000000000000240e-01 3.585999999999999854e+00 5.270000000000000240e-01
4.303998722519414288e-01 3.579000000000000181e+00 5.080000000000000071e-01 3.579000000000000181e+00 5.080000000000000071e-01 3.579000000000000181e+00 5.080000000000000071e-01
4.319999999999999951e-01 3.571000000000000174e+00 4.899999999999999911e-01 3.571000000000000174e+00 4.899999999999999911e-01 3.571000000000000174e+00 4.899999999999999911e-01
4.335999384488408714e-01 3.563000000000000167e+00 4.709999999999999742e-01 3.563000000000000167e+00 4.709999999999999742e-01 3.563000000000000167e+00 4.709999999999999742e-01
4.351995507037804134e-01 3.555000000000000160e+00 4.540000000000000147e-01 3.555000000000000160e+00 4.540000000000000147e-01 3.555000000000000160e+00 4.540000000000000147e-01
4.367986978900604833e-01 3.545999999999999819e+00 4.369999999999999996e-01 3.545999999999999819e+00 4.369999999999999996e-01 3.545999999999999819e+00 4.369999999999999996e-01
4.383987892974460232e-01 3.536999999999999922e+00 4.199999999999999845e-01 3.536999999999999922e+00 4.199999999999999845e-01 3.536999999999999922e+00 4.199999999999999845e-01
4.399997160925822048e-01 3.528000000000000025e+00 4.040000000000000258e-01 3.528000000000000025e+00 4.040000000000000258e-01 3.528000000000000025e+00 4.040000000000000258e-01
4.415997948433009745e-01 3.517999999999999794e+00 3.890000000000000124e-01 3.517999999999999794e+00 3.890000000000000124e-01 3.517999999999999794e+00 3.890000000000000124e-01
4.431988789910920046e-01 3.508000000000000007e+00 3.739999999999999991e-01 3.508000000000000007e+00 3.739999999999999991e-01 3.508000000000000007e+00 3.739999999999999991e-01
4.448000114801912708e-01 3.498000000000000220e+00 3.599999999999999867e-01 3.498000000000000220e+00 3.599999999999999867e-01 3.498000000000000220e+00 3.599999999999999867e-01
4.463998963066442838e-01 3.487999999999999989e+00 3.459999999999999742e-01 3.487999999999999989e+00 3.459999999999999742e-01 3.487999999999999989e+00 3.459999999999999742e-01
4.480000000000000093e-01 3.478000000000000203e+00 3.330000000000000182e-01 3.478000000000000203e+00 3.330000000000000182e-01 3.478000000000000203e+00 3.330000000000000182e-01
4.495985727029438439e-01 3.467999999999999972e+00 3.200000000000000067e-01 3.467999999999999972e+00 3.200000000000000067e-01 3.467999999999999972e+00 3.200000000000000067e-01
4.511987423031573741e-01 3.456999999999999851e+00 3.079999999999999960e-01 3.456999999999999851e+00 3.079999999999999960e-01 3.456999999999999851e+00 3.079999999999999960e-01
4.527987670597515835e-01 3.447000000000000064e+00 2.969999999999999862e-01 3.447000000000000064e+00 2.969999999999999862e-01 3.447000000000000064e+00 2.969999999999999862e-01
4.543985222812284008e-01 3.435999999999999943e+00 2.859999999999999765e-01 3.435999999999999943e+00 2.859999999999999765e-01 3.435999999999999943e+00 2.859999999999999765e-01
4.559995586531566114e-01 3.426000000000000156e+00 2.750000000000000222e-01 3.426000000000000156e+00 2.750000000000000222e-01 3.426000000000000156e+00 2.750000000000000222e-01
4.576000944844691443e-01 3.415999999999999925e+00 2.660000000000000142e-01 3.415999999999999925e+00 2.660000000000000142e-01 3.415999999999999925e+00 2.660000000000000142e-01
4.591999999999999971e-01 3.404999999999999805e+00 2.560000000000000053e-01 3.404999999999999805e+00 2.560000000000000053e-01 3.404999999999999805e+00 2.560000000000000053e-01
4.607991436949710473e-01 3.395000000000000018e+00 2.469999999999999973e-01 3.395000000000000018e+00 2.469999999999999973e-01 3.395000000000000018e+00 2.469999999999999973e-01
4.623991168528933660e-01 3.384999999999999787e+00 2.389999999999999902e-01 3.384999999999999787e+00 2.389999999999999902e-01 3.384999999999999787e+00 2.389999999999999902e-01
4.639998203639874585e-01 3.375000000000000000e+00 2.310000000000000109e-01 3.375000000000000000e+00 2.310000000000000109e-01 3.375000000000000000e+00 2.310000000000000109e-01
4.655994051575544357e-01 3.365000000000000213e+00 2.230000000000000038e-01 3.365000000000000213e+00 2.230000000000000038e-01 3.365000000000000213e+00 2.230000000000000038e-01
4.671994935506844637e-01 3.354999999999999982e+00 2.159999999999999976e-01 3.354999999999999982e+00 2.159999999999999976e-01 3.354999999999999982e+00 2.159999999999999976e-01
4.687999818505620975e-01 3.345000000000000195e+00 2.089999999999999913e-01 3.345000000000000195e+00 2.089999999999999913e-01 3.345000000000000195e+00 2.089999999999999913e-01
4.703989801648126301e-01 3.335999999999999854e+00 2.020000000000000129e-01 3.335999999999999854e+00 2.020000000000000129e-01 3.335999999999999854e+00 2.020000000000000129e-01
4.719999390889225710e-01 3.326000000000000068e+00 1.960000000000000075e-01 3.326000000000000068e+00 1.960000000000000075e-01 3.326000000000000068e+00 1.960000000000000075e-01
4.735991688025943946e-01 3.317000000000000171e+00 1.910000000000000031e-01 3.317000000000000171e+00 1.910000000000000031e-01 3.317000000000000171e+00 1.910000000000000031e-01
4.752001655749705789e-01 3.307999999999999829e+00 1.849999999999999978e-01 3.307999999999999829e+00 1.849999999999999978e-01 3.307999999999999829e+00 1.849999999999999978e-01
4.767991877985186533e-01 3.298999999999999932e+00 1.799999999999999933e-01 3.298999999999999932e+00 1.799999999999999933e-01 3.298999999999999932e+00 1.799999999999999933e-01
4.783997777469092827e-01 3.290000000000000036e+00 1.749999999999999889e-01 3.290000000000000036e+00 1.749999999999999889e-01 3.290000000000000036e+00 1.749999999999999889e-01
4.799999999999999822e-01 3.282000000000000028e+00 1.710000000000000131e-01 3.282000000000000028e+00 1.710000000000000131e-01 3.282000000000000028e+00 1.710000000000000131e-01
4.815997389703312592e-01 3.274000000000000021e+00 1.660000000000000087e-01 3.274000000000000021e+00 1.660000000000000087e-01 3.274000000000000021e+00 1.660000000000000087e-01
4.831988775868116259e-01 3.265000000000000124e+00 1.630000000000000060e-01 3.265000000000000124e+00 1.630000000000000060e-01 3.265000000000000124e+00 1.630000000000000060e-01
4.847991929397872379e-01 3.257000000000000117e+00 1.590000000000000024e-01 3.257000000000000117e+00 1.590000000000000024e-01 3.257000000000000117e+00 1.590000000000000024e-01
4.863986944002008372e-01 3.250000000000000000e+00 1.549999999999999989e-01 3.250000000000000000e+00 1.549999999999999989e-01 3.250000000000000000e+00 1.549999999999999989e-01
4.879991813150913460e-01 3.241999999999999993e+00 1.519999999999999962e-01 3.241999999999999993e+00 1.519999999999999962e-01 3.241999999999999993e+00 1.519999999999999962e-01
4.895986352651281459e-01 3.234999999999999876e+00 1.489999999999999936e-01 3.234999999999999876e+00 1.489999999999999936e-01 3.234999999999999876e+00 1.489999999999999936e-01
4.911988780203715987e-01 3.228000000000000203e+00 1.459999999999999909e-01 3.228000000000000203e+00 1.459999999999999909e-01 3.228000000000000203e+00 1.459999999999999909e-01
4.927998219332170859e-01 3.221000000000000085e+00 1.439999999999999891e-01 3.221000000000000085e+00 1.439999999999999891e-01 3.221000000000000085e+00 1.439999999999999891e-01
4.943994066441500523e-01 3.214999999999999858e+00 1.409999999999999865e-01 3.214999999999999858e+00 1.409999999999999865e-01 3.214999999999999858e+00 1.409999999999999865e-01
4.959994879344555851e-01 3.208000000000000185e+00 1.390000000000000124e-01 3.208000000000000185e+00 1.390000000000000124e-01 3.208000000000000185e+00 1.390000000000000124e-01
4.975999743141064080e-01 3.201999999999999957e+00 1.370000000000000107e-01 3.201999999999999957e+00 1.370000000000000107e-01 3.201999999999999957e+00 1.370000000000000107e-01
4.991987631157244198e-01 3.197000000000000064e+00 1.350000000000000089e-01 3.197000000000000064e+00 1.350000000000000089e-01 3.197000000000000064e+00 1.350000000000000089e-01
5.007997673404100958e-01 3.190999999999999837e+00 1.330000000000000071e-01 3.190999999999999837e+00 1.330000000000000071e-01 3.190999999999999837e+00 1.330000000000000071e-01
5.023988589211618727e-01 3.185999999999999943e+00 1.310000000000000053e-01 3.185999999999999943e+00 1.310000000000000053e-01 3.185999999999999943e+00 1.310000000000000053e-01
5.040000000000000036e-01 3.181000000000000050e+00 1.290000000000000036e-01 3.181000000000000050e+00 1.290000000000000036e-01 3.181000000000000050e+00 1.290000000000000036e-01
5.055990082455896761e-01 3.177000000000000046e+00 1.280000000000000027e-01 3.177000000000000046e+00 1.280000000000000027e-01 3.177000000000000046e+00 1.280000000000000027e-01
5.071998952742505784e-01 3.172000000000000153e+00 1.260000000000000009e-01 3.172000000000000153e+00 1.260000000000000009e-01 3.172000000000000153e+00 1.260000000000000009e-01
5.087984241628366044e-01 3.168000000000000149e+00 1.239999999999999991e-01 3.168000000000000149e+00 1.239999999999999991e-01 3.168000000000000149e+00 1.239999999999999991e-01
5.103986563256434072e-01 3.164000000000000146e+00 1.219999999999999973e-01 3.164000000000000146e+00 1.219999999999999973e-01 3.164000000000000146e+00 1.219999999999999973e-01
5.119984142519109493e-01 3.161000000000000032e+00 1.199999999999999956e-01 3.161000000000000032e+00 1.199999999999999956e-01 3.161000000000000032e+00 1.199999999999999956e-01
5.135997216261671827e-01 3.157999999999999918e+00 1.179999999999999938e-01 3.157999999999999918e+00 1.179999999999999938e-01 3.157999999999999918e+00 1.179999999999999938e-01
5.151982314785188422e-01 3.154999999999999805e+00 1.160000000000000059e-01 3.154999999999999805e+00 1.160000000000000059e-01 3.154999999999999805e+00 1.160000000000000059e-01
5.168002601007890551e-01 3.152000000000000135e+00 1.140000000000000041e-01 3.152000000000000135e+00 1.140000000000000041e-01 3.152000000000000135e+00 1.140000000000000041e-01
5.183992774922961955e-01 3.149000000000000021e+00 1.110000000000000014e-01 3.149000000000000021e+00 1.110000000000000014e-01 3.149000000000000021e+00 1.110000000000000014e-01
5.199994967097398835e-01 3.146999999999999797e+00 1.079999999999999988e-01 3.146999999999999797e+00 1.079999999999999988e-01 3.146999999999999797e+00 1.079999999999999988e-01
5.215986537652503863e-01 3.144000000000000128e+00 1.049999999999999961e-01 3.144000000000000128e+00 1.049999999999999961e-01 3.144000000000000128e+00 1.049999999999999961e-01
5.231988454380878117e-01 3.141999999999999904e+00 1.010000000000000064e-01 3.141999999999999904e+00 1.010000000000000064e-01 3.141999999999999904e+00 1.010000000000000064e-01
5.248000000000000442e-01 3.140000000000000124e+00 9.700000000000000289e-02 3.140000000000000124e+00 9.700000000000000289e-02 3.140000000000000124e+00 9.700000000000000289e-02
5.263998097923000552e-01 3.137000000000000011e+00 9.299999999999999933e-02 3.137000000000000011e+00 9.299999999999999933e-02 3.137000000000000011e+00 9.299999999999999933e-02
5.279981602851557820e-01 3.134999999999999787e+00 8.899999999999999578e-02 3.134999999999999787e+00 8.899999999999999578e-02 3.134999999999999787e+00 8.899999999999999578e-02
5.295994600805608021e-01 3.132000000000000117e+00 8.400000000000000522e-02 3.132000000000000117e+00 8.400000000000000522e-02 3.132000000000000117e+00 8.400000000000000522e-02
5.311991225514558490e-01 3.128000000000000114e+00 7.900000000000000078e-02 3.128000000000000114e+00 7.900000000000000078e-02 3.128000000000000114e+00 7.900000000000000078e-02
5.320996184696727971e-01 3.126999999999999780e+00 7.599999999999999811e-02 3.126999999999999780e+00 7.599999999999999811e-02 3.126999999999999780e+00 7.599999999999999811e-02
5.327993193040055919e-01 3.125000000000000000e+00 7.399999999999999634e-02 3.125000000000000000e+00 7.399999999999999634e-02 3.125000000000000000e+00 7.399999999999999634e-02
5.343999724145066521e-01 3.120999999999999996e+00 6.900000000000000577e-02 3.120999999999999996e+00 6.900000000000000577e-02 3.120999999999999996e+00 6.900000000000000577e-02
5.359986857691276807e-01 3.116999999999999993e+00 6.400000000000000133e-02 3.116999999999999993e+00 6.400000000000000133e-02 3.116999999999999993e+00 6.400000000000000133e-02
5.376000000000000778e-01 3.112000000000000099e+00 5.899999999999999689e-02 3.112000000000000099e+00 5.899999999999999689e-02 3.112000000000000099e+00 5.899999999999999689e-02
5.391991858781165492e-01 3.107000000000000206e+00 5.399999999999999939e-02 3.107000000000000206e+00 5.399999999999999939e-02 3.107000000000000206e+00 5.399999999999999939e-02
5.407984785899041524e-01 3.101999999999999869e+00 4.900000000000000189e-02 3.101999999999999869e+00 4.900000000000000189e-02 3.101999999999999869e+00 4.900000000000000189e-02
5.424001679907605178e-01 3.096000000000000085e+00 4.399999999999999745e-02 3.096000000000000085e+00 4.399999999999999745e-02 3.096000000000000085e+00 4.399999999999999745e-02
5.439994383797256416e-01 3.089999999999999858e+00 4.000000000000000083e-02 3.089999999999999858e+00 4.000000000000000083e-02 3.089999999999999858e+00 4.000000000000000083e-02
5.455985636584463894e-01 3.084000000000000075e+00 3.599999999999999728e-02 3.084000000000000075e+00 3.599999999999999728e-02 3.084000000000000075e+00 3.599999999999999728e-02
5.471998728920156596e-01 3.077999999999999847e+00 3.300000000000000155e-02 3.077999999999999847e+00 3.300000000000000155e-02 3.077999999999999847e+00 3.300000000000000155e-02
5.487984631660020041e-01 3.071000000000000174e+00 2.900000000000000147e-02 3.071000000000000174e+00 2.900000000000000147e-02 3.071000000000000174e+00 2.900000000000000147e-02
5.503990908364483348e-01 3.064999999999999947e+00 2.599999999999999881e-02 3.064999999999999947e+00 2.599999999999999881e-02 3.064999999999999947e+00 2.599999999999999881e-02
5.519992520335338382e-01 3.057999999999999829e+00 2.400000000000000050e-02 3.057999999999999829e+00 2.400000000000000050e-02 3.057999999999999829e+00 2.400000000000000050e-02
5.535988569387391145e-01 3.052000000000000046e+00 2.199999999999999872e-02 3.052000000000000046e+00 2.199999999999999872e-02 3.052000000000000046e+00 2.199999999999999872e-02
5.552003009215722429e-01 3.044999999999999929e+00 2.000000000000000042e-02 3.044999999999999929e+00 2.000000000000000042e-02 3.044999999999999929e+00 2.000000000000000042e-02
5.567985341734292826e-01 3.039000000000000146e+00 1.799999999999999864e-02 3.039000000000000146e+00 1.799999999999999864e-02 3.039000000000000146e+00 1.799999999999999864e-02
5.583984506947103910e-01 3.032999999999999918e+00 1.700000000000000122e-02 3.032999999999999918e+00 1.700000000000000122e-02 3.032999999999999918e+00 1.700000000000000122e-02
5.600000000000000533e-01 3.027000000000000135e+00 1.600000000000000033e-02 3.027000000000000135e+00 1.600000000000000033e-02 3.027000000000000135e+00 1.600000000000000033e-02
5.615980432123930388e-01 3.020999999999999908e+00 1.499999999999999944e-02 3.020999999999999908e+00 1.499999999999999944e-02 3.020999999999999908e+00 1.499999999999999944e-02
5.632001162885773571e-01 3.015000000000000124e+00 1.499999999999999944e-02 3.015000000000000124e+00 1.499999999999999944e-02 3.015000000000000124e+00 1.499999999999999944e-02
5.647984912467712837e-01 3.008999999999999897e+00 1.400000000000000029e-02 3.008999999999999897e+00 1.400000000000000029e-02 3.008999999999999897e+00 1.400000000000000029e-02
5.663982019104701893e-01 3.004000000000000004e+00 1.400000000000000029e-02 3.004000000000000004e+00 1.400000000000000029e-02 3.004000000000000004e+00 1.400000000000000029e-02
5.679991937035577809e-01 2.999000000000000110e+00 1.400000000000000029e-02 2.999000000000000110e+00 1.400000000000000029e-02 2.999000000000000110e+00 1.400000000000000029e-02
5.695987944999059138e-01 2.994000000000000217e+00 1.400000000000000029e-02 2.994000000000000217e+00 1.400000000000000029e-02 2.994000000000000217e+00 1.400000000000000029e-02
5.711995356101337018e-01 2.988999999999999879e+00 1.400000000000000029e-02 2.988999999999999879e+00 1.400000000000000029e-02 2.988999999999999879e+00 1.400000000000000029e-02
5.727987138085404162e-01 2.983999999999999986e+00 1.400000000000000029e-02 2.983999999999999986e+00 1.400000000000000029e-02 2.983999999999999986e+00 1.400000000000000029e-02
5.743988881167477745e-01 2.979999999999999982e+00 1.400000000000000029e-02 2.979999999999999982e+00 1.400000000000000029e-02 2.979999999999999982e+00 1.400000000000000029e-02
5.760000000000000675e-01 2.975000000000000089e+00 1.400000000000000029e-02 2.975000000000000089e+00 1.400000000000000029e-02 2.975000000000000089e+00 1.400000000000000029e-02
5.775992993375386186e-01 2.971000000000000085e+00 1.400000000000000029e-02 2.971000000000000085e+00 1.400000000000000029e-02 2.971000000000000085e+00 1.400000000000000029e-02
5.791993870905955966e-01 2.967000000000000082e+00 1.499999999999999944e-02 2.967000000000000082e+00 1.499999999999999944e-02 2.967000000000000082e+00 1.499999999999999944e-02
5.808002023694084359e-01 2.963000000000000078e+00 1.499999999999999944e-02 2.963000000000000078e+00 1.499999999999999944e-02 2.963000000000000078e+00 1.499999999999999944e-02
5.823989477887122623e-01 2.959000000000000075e+00 1.499999999999999944e-02 2.959000000000000075e+00 1.499999999999999944e-02 2.959000000000000075e+00 1.499999999999999944e-02
5.839982666201920525e-01 2.955000000000000071e+00 1.499999999999999944e-02 2.955000000000000071e+00 1.499999999999999944e-02 2.955000000000000071e+00 1.499999999999999944e-02
5.855980956159492212e-01 2.951000000000000068e+00 1.499999999999999944e-02 2.951000000000000068e+00 1.499999999999999944e-02 2.951000000000000068e+00 1.499999999999999944e-02
5.871983707878472014e-01 2.947000000000000064e+00 1.600000000000000033e-02 2.947000000000000064e+00 1.600000000000000033e-02 2.947000000000000064e+00 1.600000000000000033e-02
5.887990274064329732e-01 2.943999999999999950e+00 1.600000000000000033e-02 2.943999999999999950e+00 1.600000000000000033e-02 2.943999999999999950e+00 1.600000000000000033e-02
5.904000000000000359e-01 2.939999999999999947e+00 1.600000000000000033e-02 2.939999999999999947e+00 1.600000000000000033e-02 2.939999999999999947e+00 1.600000000000000033e-02
5.919983956683045889e-01 2.935999999999999943e+00 1.700000000000000122e-02 2.935999999999999943e+00 1.700000000000000122e-02 2.935999999999999943e+00 1.700000000000000122e-02
5.935997855104659937e-01 2.932999999999999829e+00 1.700000000000000122e-02 2.932999999999999829e+00 1.700000000000000122e-02 2.932999999999999829e+00 1.700000000000000122e-02
5.951984330819415359e-01 2.928999999999999826e+00 1.700000000000000122e-02 2.928999999999999826e+00 1.700000000000000122e-02 2.928999999999999826e+00 1.700000000000000122e-02
5.967999691934459117e-01 2.926000000000000156e+00 1.799999999999999864e-02 2.926000000000000156e+00 1.799999999999999864e-02 2.926000000000000156e+00 1.799999999999999864e-02
5.983985945471130830e-01 2.923000000000000043e+00 1.799999999999999864e-02 2.923000000000000043e+00 1.799999999999999864e-02 2.923000000000000043e+00 1.799999999999999864e-02
6.000000000000000888e-01 2.919000000000000039e+00 1.899999999999999953e-02 2.919000000000000039e+00 1.899999999999999953e-02 2.919000000000000039e+00 1.899999999999999953e-02
6.015983230708765728e-01 2.915999999999999925e+00 1.899999999999999953e-02 2.915999999999999925e+00 1.899999999999999953e-02 2.915999999999999925e+00 1.899999999999999953e-02
6.031993149885183092e-01 2.912999999999999812e+00 1.899999999999999953e-02 2.912999999999999812e+00 1.899999999999999953e-02 2.912999999999999812e+00 1.899999999999999953e-02
6.048000000000001153e-01 2.908999999999999808e+00 2.000000000000000042e-02 2.908999999999999808e+00 2.000000000000000042e-02 2.908999999999999808e+00 2.000000000000000042e-02
6.064003051956626811e-01 2.906000000000000139e+00 2.000000000000000042e-02 2.906000000000000139e+00 2.000000000000000042e-02 2.906000000000000139e+00 2.000000000000000042e-02
6.080001569235145009e-01 2.903000000000000025e+00 2.100000000000000130e-02 2.903000000000000025e+00 2.100000000000000130e-02 2.903000000000000025e+00 2.100000000000000130e-02
6.095994807902216372e-01 2.899999999999999911e+00 2.100000000000000130e-02 2.899999999999999911e+00 2.100000000000000130e-02 2.899999999999999911e+00 2.100000000000000130e-02
6.111982016622793390e-01 2.896999999999999797e+00 2.199999999999999872e-02 2.896999999999999797e+00 2.199999999999999872e-02 2.896999999999999797e+00 2.199999999999999872e-02
6.127992724540836100e-01 2.892999999999999794e+00 2.199999999999999872e-02 2.892999999999999794e+00 2.199999999999999872e-02 2.892999999999999794e+00 2.199999999999999872e-02
6.143996194195157079e-01 2.890000000000000124e+00 2.299999999999999961e-02 2.890000000000000124e+00 2.299999999999999961e-02 2.890000000000000124e+00 2.299999999999999961e-02
6.159991653127842026e-01 2.887000000000000011e+00 2.400000000000000050e-02 2.887000000000000011e+00 2.400000000000000050e-02 2.887000000000000011e+00 2.400000000000000050e-02
6.175978321511118585e-01 2.883999999999999897e+00 2.400000000000000050e-02 2.883999999999999897e+00 2.400000000000000050e-02 2.883999999999999897e+00 2.400000000000000050e-02
6.191986335918654438e-01 2.880999999999999783e+00 2.500000000000000139e-02 2.880999999999999783e+00 2.500000000000000139e-02 2.880999999999999783e+00 2.500000000000000139e-02
6.207984297781360405e-01 2.878000000000000114e+00 2.599999999999999881e-02 2.878000000000000114e+00 2.599999999999999881e-02 2.878000000000000114e+00 2.599999999999999881e-02
6.224002650562492356e-01 2.874000000000000110e+00 2.699999999999999969e-02 2.874000000000000110e+00 2.699999999999999969e-02 2.874000000000000110e+00 2.699999999999999969e-02
6.239978257915477222e-01 2.870999999999999996e+00 2.800000000000000058e-02 2.870999999999999996e+00 2.800000000000000058e-02 2.870999999999999996e+00 2.800000000000000058e-02
6.256004521051143907e-01 2.867999999999999883e+00 2.900000000000000147e-02 2.867999999999999883e+00 2.900000000000000147e-02 2.867999999999999883e+00 2.900000000000000147e-02
6.271986402197502475e-01 2.865000000000000213e+00 2.999999999999999889e-02 2.865000000000000213e+00 2.999999999999999889e-02 2.865000000000000213e+00 2.999999999999999889e-02
6.287986367509230679e-01 2.861000000000000210e+00 3.099999999999999978e-02 2.861000000000000210e+00 3.099999999999999978e-02 2.861000000000000210e+00 3.099999999999999978e-02
6.304004067624253693e-01 2.858000000000000096e+00 3.200000000000000067e-02 2.858000000000000096e+00 3.200000000000000067e-02 2.858000000000000096e+00 3.200000000000000067e-02
6.319974716838789863e-01 2.854999999999999982e+00 3.300000000000000155e-02 2.854999999999999982e+00 3.300000000000000155e-02 2.854999999999999982e+00 3.300000000000000155e-02
6.335994112897457287e-01 2.850999999999999979e+00 3.400000000000000244e-02 2.850999999999999979e+00 3.400000000000000244e-02 2.850999999999999979e+00 3.400000000000000244e-02
6.351997294929531135e-01 2.847999999999999865e+00 3.599999999999999728e-02 2.847999999999999865e+00 3.599999999999999728e-02 2.847999999999999865e+00 3.599999999999999728e-02
6.367983400017462881e-01 2.843999999999999861e+00 3.799999999999999906e-02 2.843999999999999861e+00 3.799999999999999906e-02 2.843999999999999861e+00 3.799999999999999906e-02
6.383984429306270858e-01 2.839999999999999858e+00 3.899999999999999994e-02 2.839999999999999858e+00 3.899999999999999994e-02 2.839999999999999858e+00 3.899999999999999994e-02
6.400000000000000133e-01 2.837000000000000188e+00 4.100000000000000172e-02 2.837000000000000188e+00 4.100000000000000172e-02 2.837000000000000188e+00 4.100000000000000172e-02
6.415996522495109877e-01 2.833000000000000185e+00 4.299999999999999656e-02 2.833000000000000185e+00 4.299999999999999656e-02 2.833000000000000185e+00 4.299999999999999656e-02
6.432006474338688440e-01 2.829000000000000181e+00 4.599999999999999922e-02 2.829000000000000181e+00 4.599999999999999922e-02 2.829000000000000181e+00 4.599999999999999922e-02
6.447995922676472702e-01 2.825000000000000178e+00 4.800000000000000100e-02 2.825000000000000178e+00 4.800000000000000100e-02 2.825000000000000178e+00 4.800000000000000100e-02
6.463997664318820169e-01 2.819999999999999840e+00 5.099999999999999672e-02 2.819999999999999840e+00 5.099999999999999672e-02 2.819999999999999840e+00 5.099999999999999672e-02
6.479977421681457628e-01 2.815999999999999837e+00 5.500000000000000028e-02 2.815999999999999837e+00 5.500000000000000028e-02 2.815999999999999837e+00 5.500000000000000028e-02
6.496002347245654063e-01 2.811999999999999833e+00 5.800000000000000294e-02 2.811999999999999833e+00 5.800000000000000294e-02 2.811999999999999833e+00 5.800000000000000294e-02
6.512004117798448899e-01 2.806999999999999940e+00 6.300000000000000044e-02 2.806999999999999940e+00 6.300000000000000044e-02 2.806999999999999940e+00 6.300000000000000044e-02
6.527981803535042316e-01 2.802000000000000046e+00 6.700000000000000400e-02 2.802000000000000046e+00 6.700000000000000400e-02 2.802000000000000046e+00 6.700000000000000400e-02
6.544003546885391875e-01 2.797000000000000153e+00 7.299999999999999545e-02 2.797000000000000153e+00 7.299999999999999545e-02 2.797000000000000153e+00 7.299999999999999545e-02
6.560000000000001386e-01 2.791999999999999815e+00 7.900000000000000078e-02 2.791999999999999815e+00 7.900000000000000078e-02 2.791999999999999815e+00 7.900000000000000078e-02
6.576005091757717302e-01 2.786999999999999922e+00 8.699999999999999400e-02 2.786999999999999922e+00 8.699999999999999400e-02 2.786999999999999922e+00 8.699999999999999400e-02
6.591983326510104657e-01 2.781000000000000139e+00 9.600000000000000200e-02 2.781000000000000139e+00 9.600000000000000200e-02 2.781000000000000139e+00 9.600000000000000200e-02
6.608004178503094073e-01 2.775999999999999801e+00 1.059999999999999970e-01 2.775999999999999801e+00 1.059999999999999970e-01 2.775999999999999801e+00 1.059999999999999970e-01
6.623996922649514341e-01 2.771999999999999797e+00 1.179999999999999938e-01 2.771999999999999797e+00 1.179999999999999938e-01 2.771999999999999797e+00 1.179999999999999938e-01
6.639996144020822166e-01 2.767999999999999794e+00 1.330000000000000071e-01 2.767999999999999794e+00 1.330000000000000071e-01 2.767999999999999794e+00 1.330000000000000071e-01
6.656001374319551189e-01 2.765000000000000124e+00 1.499999999999999944e-01 2.765000000000000124e+00 1.499999999999999944e-01 2.765000000000000124e+00 1.499999999999999944e-01
6.671976236089287582e-01 2.765000000000000124e+00 1.710000000000000131e-01 2.765000000000000124e+00 1.710000000000000131e-01 2.765000000000000124e+00 1.710000000000000131e-01
6.687991887066235819e-01 2.769000000000000128e+00 1.960000000000000075e-01 2.769000000000000128e+00 1.960000000000000075e-01 2.769000000000000128e+00 1.960000000000000075e-01
6.703975862572388866e-01 2.778999999999999915e+00 2.230000000000000038e-01 2.778999999999999915e+00 2.230000000000000038e-01 2.778999999999999915e+00 2.230000000000000038e-01
6.720000000000001528e-01 2.798999999999999932e+00 2.530000000000000027e-01 2.798999999999999932e+00 2.530000000000000027e-01 2.798999999999999932e+00 2.530000000000000027e-01
6.735991133422434274e-01 2.830000000000000071e+00 2.800000000000000266e-01 2.830000000000000071e+00 2.800000000000000266e-01 2.830000000000000071e+00 2.800000000000000266e-01
6.751985013015585624e-01 2.873000000000000220e+00 2.999999999999999889e-01 2.873000000000000220e+00 2.999999999999999889e-01 2.873000000000000220e+00 2.999999999999999889e-01
6.767981134547360611e-01 2.924999999999999822e+00 3.039999999999999925e-01 2.924999999999999822e+00 3.039999999999999925e-01 2.924999999999999822e+00 3.039999999999999925e-01
6.783978988837821023e-01 2.975999999999999979e+00 2.879999999999999782e-01 2.975999999999999979e+00 2.879999999999999782e-01 2.975999999999999979e+00 2.879999999999999782e-01
6.799978061756156711e-01 3.017999999999999794e+00 2.560000000000000053e-01 3.017999999999999794e+00 2.560000000000000053e-01 3.017999999999999794e+00 2.560000000000000053e-01
6.815977834218425180e-01 3.044999999999999929e+00 2.139999999999999958e-01 3.044999999999999929e+00 2.139999999999999958e-01 3.044999999999999929e+00 2.139999999999999958e-01
6.831977782186074988e-01 3.055000000000000160e+00 1.719999999999999862e-01 3.055000000000000160e+00 1.719999999999999862e-01 3.055000000000000160e+00 1.719999999999999862e-01
6.847977376665267402e-01 3.053999999999999826e+00 1.350000000000000089e-01 3.053999999999999826e+00 1.350000000000000089e-01 3.053999999999999826e+00 1.350000000000000089e-01
6.863976083707025166e-01 3.047000000000000153e+00 1.039999999999999952e-01 3.047000000000000153e+00 1.039999999999999952e-01 3.047000000000000153e+00 1.039999999999999952e-01
6.879973364408190628e-01 3.036000000000000032e+00 8.100000000000000255e-02 3.036000000000000032e+00 8.100000000000000255e-02 3.036000000000000032e+00 8.100000000000000255e-02
6.896007030385280512e-01 3.023000000000000131e+00 6.199999999999999956e-02 3.023000000000000131e+00 6.199999999999999956e-02 3.023000000000000131e+00 6.199999999999999956e-02
6.912000000000000366e-01 3.011000000000000121e+00 4.800000000000000100e-02 3.011000000000000121e+00 4.800000000000000100e-02 3.011000000000000121e+00 4.800000000000000100e-02
6.927989897240180994e-01 2.999000000000000110e+00 3.699999999999999817e-02 2.999000000000000110e+00 3.699999999999999817e-02 2.999000000000000110e+00 3.699999999999999817e-02
6.943976163406123669e-01 2.987000000000000099e+00 2.900000000000000147e-02 2.987000000000000099e+00 2.900000000000000147e-02 2.987000000000000099e+00 2.900000000000000147e-02
6.959997305459811878e-01 2.976999999999999869e+00 2.299999999999999961e-02 2.976999999999999869e+00 2.299999999999999961e-02 2.976999999999999869e+00 2.299999999999999961e-02
6.975974793225678816e-01 2.967000000000000082e+00 1.799999999999999864e-02 2.967000000000000082e+00 1.799999999999999864e-02 2.967000000000000082e+00 1.799999999999999864e-02
6.991986375145919919e-01 2.959000000000000075e+00 1.400000000000000029e-02 2.959000000000000075e+00 1.400000000000000029e-02 2.959000000000000075e+00 1.400000000000000029e-02
7.007992403260266956e-01 2.951000000000000068e+00 1.099999999999999936e-02 2.951000000000000068e+00 1.099999999999999936e-02 2.951000000000000068e+00 1.099999999999999936e-02
7.023992295272356579e-01 2.943000000000000060e+00 8.999999999999999320e-03 2.943000000000000060e+00 8.999999999999999320e-03 2.943000000000000060e+00 8.999999999999999320e-03
7.039985463960843903e-01 2.936999999999999833e+00 7.000000000000000146e-03 2.936999999999999833e+00 7.000000000000000146e-03 2.936999999999999833e+00 7.000000000000000146e-03
7.055971317189767555e-01 2.931000000000000050e+00 5.000000000000000104e-03 2.931000000000000050e+00 5.000000000000000104e-03 2.931000000000000050e+00 5.000000000000000104e-03
7.071989595988981137e-01 2.924999999999999822e+00 4.000000000000000083e-03 2.924999999999999822e+00 4.000000000000000083e-03 2.924999999999999822e+00 4.000000000000000083e-03
7.087999725590410360e-01 2.919999999999999929e+00 3.000000000000000062e-03 2.919999999999999929e+00 3.000000000000000062e-03 2.919999999999999929e+00 3.000000000000000062e-03
7.104001100116315026e-01 2.915000000000000036e+00 2.000000000000000042e-03 2.915000000000000036e+00 2.000000000000000042e-03 2.915000000000000036e+00 2.000000000000000042e-03
7.119993108794900882e-01 2.911000000000000032e+00 2.000000000000000042e-03 2.911000000000000032e+00 2.000000000000000042e-03 2.911000000000000032e+00 2.000000000000000042e-03
7.135975135975136663e-01 2.906000000000000139e+00 1.000000000000000021e-03 2.906000000000000139e+00 1.000000000000000021e-03 2.906000000000000139e+00 1.000000000000000021e-03
7.151987816977780632e-01 2.903000000000000025e+00 1.000000000000000021e-03 2.903000000000000025e+00 1.000000000000000021e-03 2.903000000000000025e+00 1.000000000000000021e-03
7.167989639762039067e-01 2.899000000000000021e+00 1.000000000000000021e-03 2.899000000000000021e+00 1.000000000000000021e-03 2.899000000000000021e+00 1.000000000000000021e-03
7.183979974968711657e-01 2.895000000000000018e+00 0.000000000000000000e+00 2.895000000000000018e+00 0.000000000000000000e+00 2.895000000000000018e+00 0.000000000000000000e+00
7.200000000000000844e-01 2.891999999999999904e+00 0.000000000000000000e+00 2.891999999999999904e+00 0.000000000000000000e+00 2.891999999999999904e+00 0.000000000000000000e+00
7.216007635986917412e-01 2.888999999999999790e+00 0.000000000000000000e+00 2.888999999999999790e+00 0.000000000000000000e+00 2.888999999999999790e+00 0.000000000000000000e+00
7.232002239876808014e-01 2.886000000000000121e+00 6.334999999999999486e-05 2.886000000000000121e+00 6.334999999999999486e-05 2.886000000000000121e+00 6.334999999999999486e-05
7.247983163802175222e-01 2.883000000000000007e+00 1.798999999999999886e-05 2.883000000000000007e+00 1.798999999999999886e-05 2.883000000000000007e+00 1.798999999999999886e-05
7.263992313235646536e-01 2.880999999999999783e+00 5.554000000000000102e-07 2.880999999999999783e+00 5.554000000000000102e-07 2.880999999999999783e+00 5.554000000000000102e-07
7.279986847358902446e-01 2.878000000000000114e+00 0.000000000000000000e+00 2.878000000000000114e+00 0.000000000000000000e+00 2.878000000000000114e+00 0.000000000000000000e+00
7.296009038803299429e-01 2.875999999999999890e+00 0.000000000000000000e+00 2.875999999999999890e+00 0.000000000000000000e+00 2.875999999999999890e+00 0.000000000000000000e+00
7.311972541179384555e-01 2.873000000000000220e+00 0.000000000000000000e+00 2.873000000000000220e+00 0.000000000000000000e+00 2.873000000000000220e+00 0.000000000000000000e+00
7.328006052295615858e-01 2.870999999999999996e+00 0.000000000000000000e+00 2.870999999999999996e+00 0.000000000000000000e+00 2.870999999999999996e+00 0.000000000000000000e+00
7.343979528976923854e-01 2.869000000000000217e+00 0.000000000000000000e+00 2.869000000000000217e+00 0.000000000000000000e+00 2.869000000000000217e+00 0.000000000000000000e+00
7.359979104459892785e-01 2.866999999999999993e+00 0.000000000000000000e+00 2.866999999999999993e+00 0.000000000000000000e+00 2.866999999999999993e+00 0.000000000000000000e+00
7.376004664140257683e-01 2.865000000000000213e+00 0.000000000000000000e+00 2.865000000000000213e+00 0.000000000000000000e+00 2.865000000000000213e+00 0.000000000000000000e+00
7.391967948106458186e-01 2.862999999999999989e+00 0.000000000000000000e+00 2.862999999999999989e+00 0.000000000000000000e+00 2.862999999999999989e+00 0.000000000000000000e+00
7.408000477997191968e-01 2.861000000000000210e+00 0.000000000000000000e+00 2.861000000000000210e+00 0.000000000000000000e+00 2.861000000000000210e+00 0.000000000000000000e+00
7.423969342235261504e-01 2.859999999999999876e+00 0.000000000000000000e+00 2.859999999999999876e+00 0.000000000000000000e+00 2.859999999999999876e+00 0.000000000000000000e+00
7.440007200936121778e-01 2.858000000000000096e+00 0.000000000000000000e+00 2.858000000000000096e+00 0.000000000000000000e+00 2.858000000000000096e+00 0.000000000000000000e+00
7.455979986529395198e-01 2.855999999999999872e+00 0.000000000000000000e+00 2.855999999999999872e+00 0.000000000000000000e+00 2.855999999999999872e+00 0.000000000000000000e+00
7.471976472289854065e-01 2.854999999999999982e+00 0.000000000000000000e+00 2.854999999999999982e+00 0.000000000000000000e+00 2.854999999999999982e+00 0.000000000000000000e+00
7.487996521255971816e-01 2.853000000000000203e+00 0.000000000000000000e+00 2.853000000000000203e+00 0.000000000000000000e+00 2.853000000000000203e+00 0.000000000000000000e+00
7.503994577059023285e-01 2.850999999999999979e+00 0.000000000000000000e+00 2.850999999999999979e+00 0.000000000000000000e+00 2.850999999999999979e+00 0.000000000000000000e+00
7.519969916238559149e-01 2.850000000000000089e+00 0.000000000000000000e+00 2.850000000000000089e+00 0.000000000000000000e+00 2.850000000000000089e+00 0.000000000000000000e+00
7.535967615470178238e-01 2.847999999999999865e+00 0.000000000000000000e+00 2.847999999999999865e+00 0.000000000000000000e+00 2.847999999999999865e+00 0.000000000000000000e+00
7.551987525430337023e-01 2.846999999999999975e+00 0.000000000000000000e+00 2.846999999999999975e+00 0.000000000000000000e+00 2.846999999999999975e+00 0.000000000000000000e+00
7.567983299456134683e-01 2.846000000000000085e+00 0.000000000000000000e+00 2.846000000000000085e+00 0.000000000000000000e+00 2.846000000000000085e+00 0.000000000000000000e+00
7.584000587224203338e-01 2.843999999999999861e+00 0.000000000000000000e+00 2.843999999999999861e+00 0.000000000000000000e+00 2.843999999999999861e+00 0.000000000000000000e+00
7.599992644219275562e-01 2.842999999999999972e+00 0.000000000000000000e+00 2.842999999999999972e+00 0.000000000000000000e+00 2.842999999999999972e+00 0.000000000000000000e+00
7.616005503888350070e-01 2.842000000000000082e+00 0.000000000000000000e+00 2.842000000000000082e+00 0.000000000000000000e+00 2.842000000000000082e+00 0.000000000000000000e+00
7.631992022307990675e-01 2.839999999999999858e+00 0.000000000000000000e+00 2.839999999999999858e+00 0.000000000000000000e+00 2.839999999999999858e+00 0.000000000000000000e+00
7.647998618247765501e-01 2.838999999999999968e+00 0.000000000000000000e+00 2.838999999999999968e+00 0.000000000000000000e+00 2.838999999999999968e+00 0.000000000000000000e+00
7.663977746870653807e-01 2.838000000000000078e+00 0.000000000000000000e+00 2.838000000000000078e+00 0.000000000000000000e+00 2.838000000000000078e+00 0.000000000000000000e+00
7.679976213778665350e-01 2.835999999999999854e+00 0.000000000000000000e+00 2.835999999999999854e+00 0.000000000000000000e+00 2.835999999999999854e+00 0.000000000000000000e+00
7.695993842410399077e-01 2.834999999999999964e+00 0.000000000000000000e+00 2.834999999999999964e+00 0.000000000000000000e+00 2.834999999999999964e+00 0.000000000000000000e+00
7.711982484076433941e-01 2.834000000000000075e+00 0.000000000000000000e+00 2.834000000000000075e+00 0.000000000000000000e+00 2.834000000000000075e+00 0.000000000000000000e+00
7.727989528469474401e-01 2.833000000000000185e+00 0.000000000000000000e+00 2.833000000000000185e+00 0.000000000000000000e+00 2.833000000000000185e+00 0.000000000000000000e+00
7.743966421825814184e-01 2.831999999999999851e+00 0.000000000000000000e+00 2.831999999999999851e+00 0.000000000000000000e+00 2.831999999999999851e+00 0.000000000000000000e+00
7.760009513497273526e-01 2.830999999999999961e+00 0.000000000000000000e+00 2.830999999999999961e+00 0.000000000000000000e+00 2.830999999999999961e+00 0.000000000000000000e+00
7.775972906017750708e-01 2.830000000000000071e+00 0.000000000000000000e+00 2.830000000000000071e+00 0.000000000000000000e+00 2.830000000000000071e+00 0.000000000000000000e+00
7.792002111653689722e-01 2.827999999999999847e+00 0.000000000000000000e+00 2.827999999999999847e+00 0.000000000000000000e+00 2.827999999999999847e+00 0.000000000000000000e+00
7.807999193908975455e-01 2.826999999999999957e+00 0.000000000000000000e+00 2.826999999999999957e+00 0.000000000000000000e+00 2.826999999999999957e+00 0.000000000000000000e+00
7.823963348836034948e-01 2.826000000000000068e+00 0.000000000000000000e+00 2.826000000000000068e+00 0.000000000000000000e+00 2.826000000000000068e+00 0.000000000000000000e+00
7.839992917802243166e-01 2.825000000000000178e+00 0.000000000000000000e+00 2.825000000000000178e+00 0.000000000000000000e+00 2.825000000000000178e+00 0.000000000000000000e+00
7.855988746744730911e-01 2.823999999999999844e+00 0.000000000000000000e+00 2.823999999999999844e+00 0.000000000000000000e+00 2.823999999999999844e+00 0.000000000000000000e+00
7.872000000000000108e-01 2.822999999999999954e+00 0.000000000000000000e+00 2.822999999999999954e+00 0.000000000000000000e+00 2.822999999999999954e+00 0.000000000000000000e+00
7.887976282120612304e-01 2.822000000000000064e+00 0.000000000000000000e+00 2.822000000000000064e+00 0.000000000000000000e+00 2.822000000000000064e+00 0.000000000000000000e+00
7.903967156053371967e-01 2.821000000000000174e+00 0.000000000000000000e+00 2.821000000000000174e+00 0.000000000000000000e+00 2.821000000000000174e+00 0.000000000000000000e+00
7.919972404277336731e-01 2.819999999999999840e+00 0.000000000000000000e+00 2.819999999999999840e+00 0.000000000000000000e+00 2.819999999999999840e+00 0.000000000000000000e+00
7.935991806951290251e-01 2.818999999999999950e+00 0.000000000000000000e+00 2.818999999999999950e+00 0.000000000000000000e+00 2.818999999999999950e+00 0.000000000000000000e+00
7.951974139921496043e-01 2.818000000000000060e+00 0.000000000000000000e+00 2.818000000000000060e+00 0.000000000000000000e+00 2.818000000000000060e+00 0.000000000000000000e+00
7.967969769220388798e-01 2.818000000000000060e+00 0.000000000000000000e+00 2.818000000000000060e+00 0.000000000000000000e+00 2.818000000000000060e+00 0.000000000000000000e+00
7.983978466234359361e-01 2.817000000000000171e+00 0.000000000000000000e+00 2.817000000000000171e+00 0.000000000000000000e+00 2.817000000000000171e+00 0.000000000000000000e+00
8.000000000000000444e-01 2.815999999999999837e+00 0.000000000000000000e+00 2.815999999999999837e+00 0.000000000000000000e+00 2.815999999999999837e+00 0.000000000000000000e+00
8.015982310840429337e-01 2.814999999999999947e+00 0.000000000000000000e+00 2.814999999999999947e+00 0.000000000000000000e+00 2.814999999999999947e+00 0.000000000000000000e+00
8.031976574697304860e-01 2.814000000000000057e+00 0.000000000000000000e+00 2.814000000000000057e+00 0.000000000000000000e+00 2.814000000000000057e+00 0.000000000000000000e+00
8.047982551799346407e-01 2.813000000000000167e+00 0.000000000000000000e+00 2.813000000000000167e+00 0.000000000000000000e+00 2.813000000000000167e+00 0.000000000000000000e+00
8.064000000000000057e-01 2.811999999999999833e+00 0.000000000000000000e+00 2.811999999999999833e+00 0.000000000000000000e+00 2.811999999999999833e+00 0.000000000000000000e+00
8.079976017621836037e-01 2.810999999999999943e+00 0.000000000000000000e+00 2.810999999999999943e+00 0.000000000000000000e+00 2.810999999999999943e+00 0.000000000000000000e+00
8.095962597049815024e-01 2.810999999999999943e+00 0.000000000000000000e+00 2.810999999999999943e+00 0.000000000000000000e+00 2.810999999999999943e+00 0.000000000000000000e+00
8.112012562156504236e-01 2.810000000000000053e+00 0.000000000000000000e+00 2.810000000000000053e+00 0.000000000000000000e+00 2.810000000000000053e+00 0.000000000000000000e+00
8.127966435033433523e-01 2.809000000000000163e+00 0.000000000000000000e+00 2.809000000000000163e+00 0.000000000000000000e+00 2.809000000000000163e+00 0.000000000000000000e+00
8.143983184445612311e-01 2.807999999999999829e+00 0.000000000000000000e+00 2.807999999999999829e+00 0.000000000000000000e+00 2.807999999999999829e+00 0.000000000000000000e+00
8.160009477362925034e-01 2.806999999999999940e+00 0.000000000000000000e+00 2.806999999999999940e+00 0.000000000000000000e+00 2.806999999999999940e+00 0.000000000000000000e+00
8.175991137136978670e-01 2.806999999999999940e+00 0.000000000000000000e+00 2.806999999999999940e+00 0.000000000000000000e+00 2.806999999999999940e+00 0.000000000000000000e+00
8.191981393873721817e-01 2.806000000000000050e+00 0.000000000000000000e+00 2.806000000000000050e+00 0.000000000000000000e+00 2.806000000000000050e+00 0.000000000000000000e+00
8.207979980536633802e-01 2.805000000000000160e+00 0.000000000000000000e+00 2.805000000000000160e+00 0.000000000000000000e+00 2.805000000000000160e+00 0.000000000000000000e+00
8.223986627664020554e-01 2.803999999999999826e+00 0.000000000000000000e+00 2.803999999999999826e+00 0.000000000000000000e+00 2.803999999999999826e+00 0.000000000000000000e+00
8.240001063363151523e-01 2.802999999999999936e+00 0.000000000000000000e+00 2.802999999999999936e+00 0.000000000000000000e+00 2.802999999999999936e+00 0.000000000000000000e+00
8.255968037289829198e-01 2.802999999999999936e+00 0.000000000000000000e+00 2.802999999999999936e+00 0.000000000000000000e+00 2.802999999999999936e+00 0.000000000000000000e+00
8.271997011021857693e-01 2.802000000000000046e+00 0.000000000000000000e+00 2.802000000000000046e+00 0.000000000000000000e+00 2.802000000000000046e+00 0.000000000000000000e+00
8.287977539356262691e-01 2.801000000000000156e+00 0.000000000000000000e+00 2.801000000000000156e+00 0.000000000000000000e+00 2.801000000000000156e+00 0.000000000000000000e+00
8.303964315135928809e-01 2.801000000000000156e+00 0.000000000000000000e+00 2.801000000000000156e+00 0.000000000000000000e+00 2.801000000000000156e+00 0.000000000000000000e+00
8.320012884263081610e-01 2.799999999999999822e+00 0.000000000000000000e+00 2.799999999999999822e+00 0.000000000000000000e+00 2.799999999999999822e+00 0.000000000000000000e+00
8.336011510559189208e-01 2.798999999999999932e+00 0.000000000000000000e+00 2.798999999999999932e+00 0.000000000000000000e+00 2.798999999999999932e+00 0.000000000000000000e+00
8.351959258735323077e-01 2.798000000000000043e+00 0.000000000000000000e+00 2.798000000000000043e+00 0.000000000000000000e+00 2.798000000000000043e+00 0.000000000000000000e+00
8.367968143623663035e-01 2.798000000000000043e+00 0.000000000000000000e+00 2.798000000000000043e+00 0.000000000000000000e+00 2.798000000000000043e+00 0.000000000000000000e+00
8.383981823345640905e-01 2.797000000000000153e+00 0.000000000000000000e+00 2.797000000000000153e+00 0.000000000000000000e+00 2.797000000000000153e+00 0.000000000000000000e+00
8.400000000000000799e-01 2.795999999999999819e+00 0.000000000000000000e+00 2.795999999999999819e+00 0.000000000000000000e+00 2.795999999999999819e+00 0.000000000000000000e+00
8.415965245723594501e-01 2.795999999999999819e+00 0.000000000000000000e+00 2.795999999999999819e+00 0.000000000000000000e+00 2.795999999999999819e+00 0.000000000000000000e+00
8.431991294885746724e-01 2.794999999999999929e+00 0.000000000000000000e+00 2.794999999999999929e+00 0.000000000000000000e+00 2.794999999999999929e+00 0.000000000000000000e+00
8.447963369264523958e-01 2.794000000000000039e+00 0.000000000000000000e+00 2.794000000000000039e+00 0.000000000000000000e+00 2.794000000000000039e+00 0.000000000000000000e+00
8.463996067829935299e-01 2.794000000000000039e+00 0.000000000000000000e+00 2.794000000000000039e+00 0.000000000000000000e+00 2.794000000000000039e+00 0.000000000000000000e+00
8.479973736047274890e-01 2.793000000000000149e+00 0.000000000000000000e+00 2.793000000000000149e+00 0.000000000000000000e+00 2.793000000000000149e+00 0.000000000000000000e+00
8.496011841131486664e-01 2.791999999999999815e+00 0.000000000000000000e+00 2.791999999999999815e+00 0.000000000000000000e+00 2.791999999999999815e+00 0.000000000000000000e+00
8.511993848604264556e-01 2.791999999999999815e+00 0.000000000000000000e+00 2.791999999999999815e+00 0.000000000000000000e+00 2.791999999999999815e+00 0.000000000000000000e+00
8.527977439213123567e-01 2.790999999999999925e+00 0.000000000000000000e+00 2.790999999999999925e+00 0.000000000000000000e+00 2.790999999999999925e+00 0.000000000000000000e+00
8.543962291455624580e-01 2.790999999999999925e+00 0.000000000000000000e+00 2.790999999999999925e+00 0.000000000000000000e+00 2.790999999999999925e+00 0.000000000000000000e+00
8.560007180287350081e-01 2.790000000000000036e+00 0.000000000000000000e+00 2.790000000000000036e+00 0.000000000000000000e+00 2.790000000000000036e+00 0.000000000000000000e+00
8.575993802353168993e-01 2.789000000000000146e+00 0.000000000000000000e+00 2.789000000000000146e+00 0.000000000000000000e+00 2.789000000000000146e+00 0.000000000000000000e+00
8.591980707128107353e-01 2.789000000000000146e+00 0.000000000000000000e+00 2.789000000000000146e+00 0.000000000000000000e+00 2.789000000000000146e+00 0.000000000000000000e+00
8.607967563214241613e-01 2.787999999999999812e+00 0.000000000000000000e+00 2.787999999999999812e+00 0.000000000000000000e+00 2.787999999999999812e+00 0.000000000000000000e+00
8.624014022787029887e-01 2.787999999999999812e+00 0.000000000000000000e+00 2.787999999999999812e+00 0.000000000000000000e+00 2.787999999999999812e+00 0.000000000000000000e+00
8.639999999999999902e-01 2.786999999999999922e+00 0.000000000000000000e+00 2.786999999999999922e+00 0.000000000000000000e+00 2.786999999999999922e+00 0.000000000000000000e+00
8.655984919886898776e-01 2.786000000000000032e+00 0.000000000000000000e+00 2.786000000000000032e+00 0.000000000000000000e+00 2.786000000000000032e+00 0.000000000000000000e+00
8.671968441152401175e-01 2.786000000000000032e+00 0.000000000000000000e+00 2.786000000000000032e+00 0.000000000000000000e+00 2.786000000000000032e+00 0.000000000000000000e+00
8.688011099665748915e-01 2.785000000000000142e+00 0.000000000000000000e+00 2.785000000000000142e+00 0.000000000000000000e+00 2.785000000000000142e+00 0.000000000000000000e+00
8.703991014075608268e-01 2.785000000000000142e+00 0.000000000000000000e+00 2.785000000000000142e+00 0.000000000000000000e+00 2.785000000000000142e+00 0.000000000000000000e+00
8.719968491532099630e-01 2.783999999999999808e+00 0.000000000000000000e+00 2.783999999999999808e+00 0.000000000000000000e+00 2.783999999999999808e+00 0.000000000000000000e+00
8.736004734961916318e-01 2.783999999999999808e+00 0.000000000000000000e+00 2.783999999999999808e+00 0.000000000000000000e+00 2.783999999999999808e+00 0.000000000000000000e+00
8.751976507793088889e-01 2.782999999999999918e+00 0.000000000000000000e+00 2.782999999999999918e+00 0.000000000000000000e+00 2.782999999999999918e+00 0.000000000000000000e+00
8.768006789010289737e-01 2.782000000000000028e+00 0.000000000000000000e+00 2.782000000000000028e+00 0.000000000000000000e+00 2.782000000000000028e+00 0.000000000000000000e+00
8.783971434239238318e-01 2.782000000000000028e+00 0.000000000000000000e+00 2.782000000000000028e+00 0.000000000000000000e+00 2.782000000000000028e+00 0.000000000000000000e+00
8.799994321851644097e-01 2.781000000000000139e+00 0.000000000000000000e+00 2.781000000000000139e+00 0.000000000000000000e+00 2.781000000000000139e+00 0.000000000000000000e+00
8.816013083514061544e-01 2.781000000000000139e+00 0.000000000000000000e+00 2.781000000000000139e+00 0.000000000000000000e+00 2.781000000000000139e+00 0.000000000000000000e+00
8.831964439632143948e-01 2.779999999999999805e+00 0.000000000000000000e+00 2.779999999999999805e+00 0.000000000000000000e+00 2.779999999999999805e+00 0.000000000000000000e+00
8.847973623926865816e-01 2.779999999999999805e+00 0.000000000000000000e+00 2.779999999999999805e+00 0.000000000000000000e+00 2.779999999999999805e+00 0.000000000000000000e+00
8.863977579821840092e-01 2.778999999999999915e+00 0.000000000000000000e+00 2.778999999999999915e+00 0.000000000000000000e+00 2.778999999999999915e+00 0.000000000000000000e+00
8.879975935024566613e-01 2.778999999999999915e+00 0.000000000000000000e+00 2.778999999999999915e+00 0.000000000000000000e+00 2.778999999999999915e+00 0.000000000000000000e+00
8.895968314785717146e-01 2.778000000000000025e+00 0.000000000000000000e+00 2.778000000000000025e+00 0.000000000000000000e+00 2.778000000000000025e+00 0.000000000000000000e+00
8.911954341903809418e-01 2.778000000000000025e+00 0.000000000000000000e+00 2.778000000000000025e+00 0.000000000000000000e+00 2.778000000000000025e+00 0.000000000000000000e+00
8.927997926132885675e-01 2.777000000000000135e+00 0.000000000000000000e+00 2.777000000000000135e+00 0.000000000000000000e+00 2.777000000000000135e+00 0.000000000000000000e+00
8.943970336812794297e-01 2.777000000000000135e+00 0.000000000000000000e+00 2.777000000000000135e+00 0.000000000000000000e+00 2.777000000000000135e+00 0.000000000000000000e+00
8.960000000000000187e-01 2.775999999999999801e+00 0.000000000000000000e+00 2.775999999999999801e+00 0.000000000000000000e+00 2.775999999999999801e+00 0.000000000000000000e+00
8.975957257346394158e-01 2.775999999999999801e+00 0.000000000000000000e+00 2.775999999999999801e+00 0.000000000000000000e+00 2.775999999999999801e+00 0.000000000000000000e+00
8.991971454058876878e-01 2.774999999999999911e+00 0.000000000000000000e+00 2.774999999999999911e+00 0.000000000000000000e+00 2.774999999999999911e+00 0.000000000000000000e+00
9.007977448088464456e-01 2.774999999999999911e+00 0.000000000000000000e+00 2.774999999999999911e+00 0.000000000000000000e+00 2.774999999999999911e+00 0.000000000000000000e+00
9.023974846063147481e-01 2.774000000000000021e+00 0.000000000000000000e+00 2.774000000000000021e+00 0.000000000000000000e+00 2.774000000000000021e+00 0.000000000000000000e+00
9.039963252181901776e-01 2.774000000000000021e+00 0.000000000000000000e+00 2.774000000000000021e+00 0.000000000000000000e+00 2.774000000000000021e+00 0.000000000000000000e+00
9.056008414409676410e-01 2.773000000000000131e+00 0.000000000000000000e+00 2.773000000000000131e+00 0.000000000000000000e+00 2.773000000000000131e+00 0.000000000000000000e+00
9.071977873224699174e-01 2.773000000000000131e+00 0.000000000000000000e+00 2.773000000000000131e+00 0.000000000000000000e+00 2.773000000000000131e+00 0.000000000000000000e+00
9.088003752950317704e-01 2.771999999999999797e+00 0.000000000000000000e+00 2.771999999999999797e+00 0.000000000000000000e+00 2.771999999999999797e+00 0.000000000000000000e+00
9.103952653336957468e-01 2.771999999999999797e+00 0.000000000000000000e+00 2.771999999999999797e+00 0.000000000000000000e+00 2.771999999999999797e+00 0.000000000000000000e+00
9.119957630858858133e-01 2.771999999999999797e+00 0.000000000000000000e+00 2.771999999999999797e+00 0.000000000000000000e+00 2.771999999999999797e+00 0.000000000000000000e+00
9.136018981791923510e-01 2.770999999999999908e+00 0.000000000000000000e+00 2.770999999999999908e+00 0.000000000000000000e+00 2.770999999999999908e+00 0.000000000000000000e+00
9.152001889689382885e-01 2.770999999999999908e+00 0.000000000000000000e+00 2.770999999999999908e+00 0.000000000000000000e+00 2.770999999999999908e+00 0.000000000000000000e+00
9.167973024934189530e-01 2.770000000000000018e+00 0.000000000000000000e+00 2.770000000000000018e+00 0.000000000000000000e+00 2.770000000000000018e+00 0.000000000000000000e+00
9.183999999999999941e-01 2.770000000000000018e+00 0.000000000000000000e+00 2.770000000000000018e+00 0.000000000000000000e+00 2.770000000000000018e+00 0.000000000000000000e+00
9.200014840648537140e-01 2.769000000000000128e+00 0.000000000000000000e+00 2.769000000000000128e+00 0.000000000000000000e+00 2.769000000000000128e+00 0.000000000000000000e+00
9.216017126164230966e-01 2.769000000000000128e+00 0.000000000000000000e+00 2.769000000000000128e+00 0.000000000000000000e+00 2.769000000000000128e+00 0.000000000000000000e+00
9.232006433453959771e-01 2.767999999999999794e+00 0.000000000000000000e+00 2.767999999999999794e+00 0.000000000000000000e+00 2.767999999999999794e+00 0.000000000000000000e+00
9.247982337057867319e-01 2.767999999999999794e+00 0.000000000000000000e+00 2.767999999999999794e+00 0.000000000000000000e+00 2.767999999999999794e+00 0.000000000000000000e+00
9.264013628823766222e-01 2.767999999999999794e+00 0.000000000000000000e+00 2.767999999999999794e+00 0.000000000000000000e+00 2.767999999999999794e+00 0.000000000000000000e+00
9.279961677794079655e-01 2.766999999999999904e+00 0.000000000000000000e+00 2.766999999999999904e+00 0.000000000000000000e+00 2.766999999999999904e+00 0.000000000000000000e+00
9.295964730757119154e-01 2.766999999999999904e+00 0.000000000000000000e+00 2.766999999999999904e+00 0.000000000000000000e+00 2.766999999999999904e+00 0.000000000000000000e+00
9.311953133801493809e-01 2.766000000000000014e+00 0.000000000000000000e+00 2.766000000000000014e+00 0.000000000000000000e+00 2.766000000000000014e+00 0.000000000000000000e+00
9.327996629450180377e-01 2.766000000000000014e+00 0.000000000000000000e+00 2.766000000000000014e+00 0.000000000000000000e+00 2.766000000000000014e+00 0.000000000000000000e+00
9.343954660898795561e-01 2.766000000000000014e+00 0.000000000000000000e+00 2.766000000000000014e+00 0.000000000000000000e+00 2.766000000000000014e+00 0.000000000000000000e+00
9.359967386873218054e-01 2.765000000000000124e+00 0.000000000000000000e+00 2.765000000000000124e+00 0.000000000000000000e+00 2.765000000000000124e+00 0.000000000000000000e+00
9.375964185244562987e-01 2.765000000000000124e+00 0.000000000000000000e+00 2.765000000000000124e+00 0.000000000000000000e+00 2.765000000000000124e+00 0.000000000000000000e+00
9.392015756382092739e-01 2.763999999999999790e+00 0.000000000000000000e+00 2.763999999999999790e+00 0.000000000000000000e+00 2.763999999999999790e+00 0.000000000000000000e+00
9.407979603296252602e-01 2.763999999999999790e+00 0.000000000000000000e+00 2.763999999999999790e+00 0.000000000000000000e+00 2.763999999999999790e+00 0.000000000000000000e+00
9.423997810918046669e-01 2.763999999999999790e+00 0.000000000000000000e+00 2.763999999999999790e+00 0.000000000000000000e+00 2.763999999999999790e+00 0.000000000000000000e+00
9.439998781778451420e-01 2.762999999999999901e+00 0.000000000000000000e+00 2.762999999999999901e+00 0.000000000000000000e+00 2.762999999999999901e+00 0.000000000000000000e+00
9.455982061822647555e-01 2.762999999999999901e+00 0.000000000000000000e+00 2.762999999999999901e+00 0.000000000000000000e+00 2.762999999999999901e+00 0.000000000000000000e+00
9.472019557660720235e-01 2.762000000000000011e+00 0.000000000000000000e+00 2.762000000000000011e+00 0.000000000000000000e+00 2.762000000000000011e+00 0.000000000000000000e+00
9.487966328678016925e-01 2.762000000000000011e+00 0.000000000000000000e+00 2.762000000000000011e+00 0.000000000000000000e+00 2.762000000000000011e+00 0.000000000000000000e+00
9.503966885132805187e-01 2.762000000000000011e+00 0.000000000000000000e+00 2.762000000000000011e+00 0.000000000000000000e+00 2.762000000000000011e+00 0.000000000000000000e+00
9.520021499596883485e-01 2.761000000000000121e+00 0.000000000000000000e+00 2.761000000000000121e+00 0.000000000000000000e+00 2.761000000000000121e+00 0.000000000000000000e+00
9.535983755970373066e-01 2.761000000000000121e+00 0.000000000000000000e+00 2.761000000000000121e+00 0.000000000000000000e+00 2.761000000000000121e+00 0.000000000000000000e+00
9.551999630197459679e-01 2.759999999999999787e+00 0.000000000000000000e+00 2.759999999999999787e+00 0.000000000000000000e+00 2.759999999999999787e+00 0.000000000000000000e+00
9.567995554938185654e-01 2.759999999999999787e+00 0.000000000000000000e+00 2.759999999999999787e+00 0.000000000000000000e+00 2.759999999999999787e+00 0.000000000000000000e+00
9.583971058856268765e-01 2.759999999999999787e+00 0.000000000000000000e+00 2.759999999999999787e+00 0.000000000000000000e+00 2.759999999999999787e+00 0.000000000000000000e+00
9.599999999999999645e-01 2.758999999999999897e+00 0.000000000000000000e+00 2.758999999999999897e+00 0.000000000000000000e+00 2.758999999999999897e+00 0.000000000000000000e+00
9.616008066079808625e-01 2.758999999999999897e+00 0.000000000000000000e+00 2.758999999999999897e+00 0.000000000000000000e+00 2.758999999999999897e+00 0.000000000000000000e+00
9.631994779406625184e-01 2.758999999999999897e+00 0.000000000000000000e+00 2.758999999999999897e+00 0.000000000000000000e+00 2.758999999999999897e+00 0.000000000000000000e+00
9.647959660098982537e-01 2.758000000000000007e+00 0.000000000000000000e+00 2.758000000000000007e+00 0.000000000000000000e+00 2.758000000000000007e+00 0.000000000000000000e+00
9.663977551736232519e-01 2.758000000000000007e+00 0.000000000000000000e+00 2.758000000000000007e+00 0.000000000000000000e+00 2.758000000000000007e+00 0.000000000000000000e+00
9.679973142415466691e-01 2.758000000000000007e+00 0.000000000000000000e+00 2.758000000000000007e+00 0.000000000000000000e+00 2.758000000000000007e+00 0.000000000000000000e+00
9.696021771942034961e-01 2.757000000000000117e+00 0.000000000000000000e+00 2.757000000000000117e+00 0.000000000000000000e+00 2.757000000000000117e+00 0.000000000000000000e+00
9.711971549651029489e-01 2.757000000000000117e+00 0.000000000000000000e+00 2.757000000000000117e+00 0.000000000000000000e+00 2.757000000000000117e+00 0.000000000000000000e+00
9.727973888004016745e-01 2.757000000000000117e+00 0.000000000000000000e+00 2.757000000000000117e+00 0.000000000000000000e+00 2.757000000000000117e+00 0.000000000000000000e+00
9.743952468524543775e-01 2.755999999999999783e+00 0.000000000000000000e+00 2.755999999999999783e+00 0.000000000000000000e+00 2.755999999999999783e+00 0.000000000000000000e+00
9.759983626301826920e-01 2.755999999999999783e+00 0.000000000000000000e+00 2.755999999999999783e+00 0.000000000000000000e+00 2.755999999999999783e+00 0.000000000000000000e+00
9.775990538143110031e-01 2.754999999999999893e+00 0.000000000000000000e+00 2.754999999999999893e+00 0.000000000000000000e+00 2.754999999999999893e+00 0.000000000000000000e+00
9.791972705302562918e-01 2.754999999999999893e+00 0.000000000000000000e+00 2.754999999999999893e+00 0.000000000000000000e+00 2.754999999999999893e+00 0.000000000000000000e+00
9.808007214562023401e-01 2.754999999999999893e+00 0.000000000000000000e+00 2.754999999999999893e+00 0.000000000000000000e+00 2.754999999999999893e+00 0.000000000000000000e+00
9.824016481121985445e-01 2.754000000000000004e+00 0.000000000000000000e+00 2.754000000000000004e+00 0.000000000000000000e+00 2.754000000000000004e+00 0.000000000000000000e+00
9.839999999999999858e-01 2.754000000000000004e+00 0.000000000000000000e+00 2.754000000000000004e+00 0.000000000000000000e+00 2.754000000000000004e+00 0.000000000000000000e+00
9.855957264141944618e-01 2.754000000000000004e+00 0.000000000000000000e+00 2.754000000000000004e+00 0.000000000000000000e+00 2.754000000000000004e+00 0.000000000000000000e+00
9.871966367284541466e-01 2.753000000000000114e+00 0.000000000000000000e+00 2.753000000000000114e+00 0.000000000000000000e+00 2.753000000000000114e+00 0.000000000000000000e+00
9.887948703634290570e-01 2.753000000000000114e+00 0.000000000000000000e+00 2.753000000000000114e+00 0.000000000000000000e+00 2.753000000000000114e+00 0.000000000000000000e+00
9.903982873484256100e-01 2.753000000000000114e+00 0.000000000000000000e+00 2.753000000000000114e+00 0.000000000000000000e+00 2.753000000000000114e+00 0.000000000000000000e+00
9.919989758689111703e-01 2.753000000000000114e+00 0.000000000000000000e+00 2.753000000000000114e+00 0.000000000000000000e+00 2.753000000000000114e+00 0.000000000000000000e+00
9.935968841909554872e-01 2.751999999999999780e+00 0.000000000000000000e+00 2.751999999999999780e+00 0.000000000000000000e+00 2.751999999999999780e+00 0.000000000000000000e+00
9.951999486282128160e-01 2.751999999999999780e+00 0.000000000000000000e+00 2.751999999999999780e+00 0.000000000000000000e+00 2.751999999999999780e+00 0.000000000000000000e+00
9.968001800903669718e-01 2.751999999999999780e+00 0.000000000000000000e+00 2.751999999999999780e+00 0.000000000000000000e+00 2.751999999999999780e+00 0.000000000000000000e+00
9.983975262314488397e-01 2.750999999999999890e+00 0.000000000000000000e+00 2.750999999999999890e+00 0.000000000000000000e+00 2.750999999999999890e+00 0.000000000000000000e+00
1.000000000000000000e+00 2.750999999999999890e+00 0.000000000000000000e+00 2.750999999999999890e+00 0.000000000000000000e+00 2.750999999999999890e+00 0.000000000000000000e+00
