0.30	3.13	2.49
0.30	3.13	2.48
0.30	3.14	2.46
0.30	3.14	2.45
0.30	3.15	2.43
0.31	3.15	2.42
0.31	3.15	2.41
0.31	3.15	2.39
0.31	3.16	2.38
0.31	3.16	2.37
0.31	3.16	2.35
0.31	3.15	2.34
0.31	3.15	2.33
0.31	3.15	2.32
0.31	3.15	2.31
0.32	3.14	2.30
0.32	3.14	2.29
0.32	3.13	2.28
0.32	3.13	2.27
0.32	3.12	2.27
0.32	3.11	2.26
0.32	3.10	2.25
0.32	3.10	2.25
0.32	3.09	2.25
0.32	3.08	2.25
0.33	3.07	2.24
0.33	3.06	2.25
0.33	3.05	2.25
0.33	3.05	2.25
0.33	3.04	2.26
0.33	3.03	2.26
0.33	3.03	2.27
0.33	3.02	2.28
0.33	3.02	2.29
0.33	3.03	2.30
0.34	3.04	2.31
0.34	3.05	2.31
0.34	3.06	2.31
0.34	3.08	2.30
0.34	3.08	2.28
0.34	3.08	2.26
0.34	3.06	2.24
0.34	3.04	2.23
0.34	3.02	2.22
0.34	2.99	2.22
0.35	2.97	2.23
0.35	2.95	2.23
0.35	2.93	2.25
0.35	2.91	2.26
0.35	2.90	2.27
0.35	2.88	2.29
0.35	2.87	2.31
0.35	2.85	2.33
0.35	2.84	2.35
0.35	2.83	2.37
0.36	2.82	2.39
0.36	2.81	2.41
0.36	2.81	2.44
0.36	2.80	2.46
0.36	2.80	2.49
0.36	2.79	2.51
0.36	2.79	2.54
0.36	2.79	2.57
0.36	2.79	2.60
0.36	2.79	2.62
0.37	2.79	2.65
0.37	2.80	2.68
0.37	2.80	2.71
0.37	2.81	2.74
0.37	2.81	2.77
0.37	2.82	2.80
0.37	2.83	2.83
0.37	2.85	2.86
0.37	2.86	2.90
0.37	2.87	2.93
0.38	2.89	2.96
0.38	2.91	2.99
0.38	2.93	3.02
0.38	2.95	3.05
0.38	2.97	3.08
0.38	2.99	3.11
0.38	3.02	3.14
0.38	3.05	3.17
0.38	3.07	3.19
0.38	3.10	3.22
0.39	3.14	3.24
0.39	3.17	3.27
0.39	3.20	3.29
0.39	3.24	3.31
0.39	3.28	3.33
0.39	3.31	3.35
0.39	3.35	3.37
0.39	3.39	3.39
0.39	3.43	3.40
0.39	3.47	3.41
0.40	3.52	3.42
0.40	3.56	3.43
0.40	3.60	3.44
0.40	3.64	3.44
0.40	3.69	3.45
0.40	3.73	3.45
0.40	3.77	3.45
0.40	3.81	3.44
0.40	3.85	3.44
0.40	3.89	3.43
0.41	3.93	3.42
0.41	3.97	3.41
0.41	4.00	3.40
0.41	4.04	3.39
0.41	4.07	3.37
0.41	4.10	3.36
0.41	4.13	3.34
0.41	4.16	3.33
0.41	4.19	3.31
0.41	4.21	3.30
0.42	4.24	3.28
0.42	4.26	3.26
0.42	4.28	3.25
0.42	4.30	3.23
0.42	4.32	3.22
0.42	4.33	3.21
0.42	4.35	3.19
0.42	4.36	3.18
0.42	4.38	3.17
0.42	4.39	3.16
0.43	4.40	3.16
0.43	4.42	3.15
0.43	4.43	3.15
0.43	4.44	3.14
0.43	4.46	3.14
0.43	4.47	3.14
0.43	4.49	3.14
0.43	4.50	3.14
0.43	4.52	3.14
0.43	4.54	3.14
0.44	4.56	3.14
0.44	4.58	3.15
0.44	4.60	3.15
0.44	4.63	3.15
0.44	4.65	3.16
0.44	4.68	3.16
0.44	4.71	3.16
0.44	4.74	3.16
0.44	4.77	3.17
0.44	4.80	3.17
0.45	4.84	3.17
0.45	4.87	3.16
0.45	4.91	3.16
0.45	4.95	3.16
0.45	4.99	3.15
0.45	5.03	3.14
0.45	5.07	3.13
0.45	5.11	3.12
0.45	5.15	3.10
0.45	5.19	3.08
0.46	5.24	3.06
0.46	5.28	3.04
0.46	5.32	3.02
0.46	5.36	2.99
0.46	5.40	2.96
0.46	5.44	2.93
0.46	5.47	2.90
0.46	5.51	2.87
0.46	5.54	2.83
0.46	5.58	2.79
0.47	5.61	2.75
0.47	5.64	2.71
0.47	5.66	2.67
0.47	5.69	2.63
0.47	5.71	2.59
0.47	5.73	2.54
0.47	5.75	2.50
0.47	5.77	2.45
0.47	5.78	2.41
0.47	5.80	2.36
0.48	5.81	2.32
0.48	5.82	2.27
0.48	5.82	2.23
0.48	5.83	2.19
0.48	5.83	2.14
0.48	5.83	2.10
0.48	5.83	2.06
0.48	5.83	2.02
0.48	5.83	1.98
0.48	5.83	1.94
0.49	5.82	1.90
0.49	5.82	1.86
0.49	5.81	1.83
0.49	5.80	1.79
0.49	5.79	1.75
0.49	5.79	1.72
0.49	5.78	1.69
0.49	5.76	1.66
0.49	5.75	1.63
0.49	5.74	1.60
0.50	5.73	1.57
0.50	5.72	1.54
0.50	5.70	1.51
0.50	5.69	1.49
0.50	5.68	1.46
0.50	5.66	1.44
0.50	5.65	1.41
0.50	5.64	1.39
0.50	5.62	1.37
0.50	5.61	1.35
0.51	5.59	1.33
0.51	5.58	1.31
0.51	5.56	1.29
0.51	5.55	1.27
0.51	5.53	1.25
0.51	5.52	1.23
0.51	5.50	1.22
0.51	5.49	1.20
0.51	5.48	1.19
0.51	5.46	1.17
0.52	5.45	1.16
0.52	5.43	1.14
0.52	5.42	1.13
0.52	5.40	1.12
0.52	5.39	1.11
0.52	5.38	1.09
0.52	5.36	1.08
0.52	5.35	1.07
0.52	5.33	1.06
0.52	5.32	1.05
0.53	5.31	1.04
0.53	5.29	1.03
0.53	5.28	1.02
0.53	5.27	1.01
0.53	5.25	1.01
0.53	5.24	1.00
0.53	5.23	0.99
0.53	5.22	0.98
0.53	5.20	0.98
0.53	5.19	0.97
0.54	5.18	0.96
0.54	5.17	0.96
0.54	5.16	0.95
0.54	5.14	0.95
0.54	5.13	0.94
0.54	5.12	0.94
0.54	5.11	0.93
0.54	5.10	0.93
0.54	5.09	0.92
0.54	5.08	0.92
0.55	5.06	0.92
0.55	5.05	0.91
0.55	5.04	0.91
0.55	5.03	0.91
0.55	5.02	0.90
0.55	5.01	0.90
0.55	5.00	0.90
0.55	4.99	0.90
0.55	4.98	0.90
0.55	4.97	0.89
0.56	4.96	0.89
0.56	4.95	0.89
0.56	4.94	0.89
0.56	4.93	0.89
0.56	4.93	0.89
0.56	4.92	0.89
0.56	4.91	0.89
0.56	4.90	0.89
0.56	4.89	0.89
0.56	4.88	0.89
0.57	4.87	0.89
0.57	4.86	0.89
0.57	4.86	0.89
0.57	4.85	0.89
0.57	4.84	0.89
0.57	4.83	0.90
0.57	4.82	0.90
0.57	4.82	0.90
0.57	4.81	0.90
0.57	4.80	0.90
0.58	4.79	0.91
0.58	4.79	0.91
0.58	4.78	0.91
0.58	4.77	0.92
0.58	4.77	0.92
0.58	4.76	0.92
0.58	4.75	0.93
0.58	4.75	0.93
0.58	4.74	0.94
0.58	4.73	0.94
0.59	4.73	0.95
0.59	4.72	0.95
0.59	4.72	0.96
0.59	4.71	0.96
0.59	4.70	0.97
0.59	4.70	0.98
0.59	4.69	0.98
0.59	4.69	0.99
0.59	4.69	1.00
0.59	4.68	1.01
0.60	4.68	1.02
0.60	4.67	1.03
0.60	4.67	1.04
0.60	4.67	1.05
0.60	4.66	1.06
0.60	4.66	1.07
0.60	4.66	1.08
0.60	4.66	1.09
0.60	4.66	1.11
0.60	4.66	1.12
0.61	4.66	1.13
0.61	4.66	1.15
0.61	4.66	1.16
0.61	4.67	1.18
0.61	4.67	1.20
0.61	4.68	1.21
0.61	4.68	1.23
0.61	4.69	1.25
0.61	4.70	1.27
0.61	4.71	1.29
0.62	4.72	1.31
0.62	4.74	1.33
0.62	4.76	1.36
0.62	4.78	1.38
0.62	4.80	1.40
0.62	4.83	1.42
0.62	4.86	1.44
0.62	4.90	1.46
0.62	4.94	1.48
0.62	4.99	1.49
0.63	5.04	1.50
0.63	5.09	1.51
0.63	5.15	1.50
0.63	5.21	1.49
0.63	5.27	1.47
0.63	5.34	1.44
0.63	5.40	1.40
0.63	5.45	1.35
0.63	5.50	1.28
0.63	5.53	1.21
0.64	5.55	1.13
0.64	5.56	1.05
0.64	5.55	0.98
0.64	5.52	0.91
0.64	5.49	0.86
0.64	5.45	0.82
0.64	5.42	0.79
0.64	5.39	0.77
0.64	5.36	0.75
0.64	5.35	0.74
0.65	5.33	0.72
0.65	5.32	0.69
0.65	5.30	0.66
0.65	5.28	0.63
0.65	5.25	0.60
0.65	5.21	0.58
0.65	5.17	0.57
0.65	5.13	0.55
0.65	5.09	0.55
0.65	5.04	0.55
0.66	5.00	0.55
0.66	4.96	0.56
0.66	4.92	0.58
0.66	4.88	0.60
0.66	4.84	0.62
0.66	4.80	0.65
0.66	4.76	0.68
0.66	4.73	0.72
0.66	4.70	0.77
0.66	4.67	0.83
0.67	4.65	0.90
0.67	4.63	0.97
0.67	4.62	1.05
0.67	4.63	1.15
0.67	4.65	1.25
0.67	4.70	1.36
0.67	4.77	1.47
0.67	4.88	1.58
0.67	5.02	1.67
0.67	5.18	1.72
0.68	5.37	1.74
0.68	5.57	1.71
0.68	5.75	1.63
0.68	5.90	1.50
0.68	6.02	1.35
0.68	6.09	1.19
0.68	6.12	1.03
0.68	6.12	0.88
0.68	6.10	0.75
0.68	6.06	0.64
0.69	6.02	0.55
0.69	5.97	0.47
0.69	5.92	0.40
0.69	5.86	0.35
0.69	5.82	0.30
0.69	5.77	0.27
0.69	5.72	0.23
0.69	5.68	0.21
0.69	5.64	0.18
0.69	5.60	0.17
0.70	5.57	0.15
0.70	5.53	0.13
0.70	5.50	0.12
0.70	5.47	0.11
0.70	5.44	0.10
0.70	5.42	0.09
0.70	5.39	0.09
0.70	5.37	0.08
0.70	5.35	0.08
0.70	5.32	0.07
0.71	5.30	0.07
0.71	5.28	0.06
0.71	5.27	0.06
0.71	5.25	0.06
0.71	5.23	0.05
0.71	5.22	0.05
0.71	5.20	0.05
0.71	5.18	0.05
0.71	5.17	0.05
0.71	5.16	0.05
0.72	5.14	0.04
0.72	5.13	0.04
0.72	5.12	0.04
0.72	5.10	0.04
0.72	5.09	0.04
0.72	5.08	0.04
0.72	5.07	0.04
0.72	5.06	0.04
0.72	5.05	0.04
0.72	5.04	0.04
0.73	5.03	0.04
0.73	5.02	0.03
0.73	5.01	0.03
0.73	5.00	0.03
0.73	4.99	0.03
0.73	4.99	0.03
0.73	4.98	0.03
0.73	4.97	0.03
0.73	4.96	0.03
0.73	4.95	0.03
0.74	4.95	0.03
0.74	4.94	0.03
0.74	4.93	0.03
0.74	4.92	0.03
0.74	4.92	0.03
0.74	4.91	0.03
0.74	4.90	0.03
0.74	4.90	0.03
0.74	4.89	0.03
0.74	4.88	0.03
0.75	4.88	0.03
0.75	4.87	0.03
0.75	4.87	0.03
0.75	4.86	0.03
0.75	4.85	0.03
0.75	4.85	0.03
0.75	4.84	0.03
0.75	4.84	0.02
0.75	4.83	0.02
0.75	4.83	0.02
0.76	4.82	0.02
0.76	4.82	0.02
0.76	4.81	0.02
0.76	4.81	0.02
0.76	4.80	0.02
0.76	4.80	0.02
0.76	4.79	0.02
0.76	4.79	0.02
0.76	4.78	0.02
0.76	4.78	0.02
0.77	4.77	0.02
0.77	4.77	0.02
0.77	4.76	0.02
0.77	4.76	0.02
0.77	4.75	0.02
0.77	4.75	0.02
0.77	4.75	0.02
0.77	4.74	0.02
0.77	4.74	0.02
0.77	4.73	0.02
0.78	4.73	0.02
0.78	4.73	0.02
0.78	4.72	0.02
0.78	4.72	0.02
0.78	4.71	0.02
0.78	4.71	0.02
0.78	4.71	0.02
0.78	4.70	0.02
0.78	4.70	0.02
0.78	4.69	0.02
0.79	4.69	0.02
0.79	4.69	0.02
0.79	4.68	0.02
0.79	4.68	0.02
0.79	4.68	0.02
0.79	4.67	0.02
0.79	4.67	0.02
0.79	4.67	0.02
0.79	4.66	0.02
0.79	4.66	0.02
0.80	4.66	0.01
0.80	4.65	0.01
0.80	4.65	0.01
0.80	4.65	0.01
0.80	4.64	0.01
0.80	4.64	0.01
0.80	4.64	0.01
0.80	4.63	0.01
0.80	4.63	0.01
0.80	4.63	0.01
0.81	4.63	0.01
0.81	4.62	0.01
0.81	4.62	0.01
0.81	4.62	0.01
0.81	4.61	0.01
0.81	4.61	0.01
0.81	4.61	0.01
0.81	4.61	0.01
0.81	4.60	0.01
0.81	4.60	0.01
0.82	4.60	0.01
0.82	4.59	0.01
0.82	4.59	0.01
0.82	4.59	0.01
0.82	4.59	0.01
0.82	4.58	0.01
0.82	4.58	0.01
0.82	4.58	0.01
0.82	4.58	0.01
0.82	4.57	0.01
0.83	4.57	0.01
0.83	4.57	0.01
0.83	4.57	0.01
0.83	4.56	0.01
0.83	4.56	0.01
0.83	4.56	0.01
0.83	4.56	0.01
0.83	4.55	0.01
0.83	4.55	0.01
0.83	4.55	0.01
0.84	4.55	0.01
0.84	4.54	0.01
0.84	4.54	0.01
0.84	4.54	0.01
0.84	4.54	0.01
0.84	4.53	0.01
0.84	4.53	0.01
0.84	4.53	0.01
0.84	4.53	0.01
0.84	4.53	0.01
0.85	4.52	0.01
0.85	4.52	0.01
0.85	4.52	0.01
0.85	4.52	0.01
0.85	4.51	0.01
0.85	4.51	0.01
0.85	4.51	0.01
0.85	4.51	0.01
0.85	4.51	0.01
0.85	4.50	0.01
0.86	4.50	0.01
0.86	4.50	0.01
0.86	4.50	0.01
0.86	4.50	0.01
0.86	4.49	0.01
0.86	4.49	0.01
0.86	4.49	0.01
0.86	4.49	0.01
0.86	4.49	0.01
0.86	4.48	0.01
0.87	4.48	0.01
0.87	4.48	0.01
0.87	4.48	0.01
0.87	4.48	0.01
0.87	4.48	0.01
0.87	4.47	0.01
0.87	4.47	0.01
0.87	4.47	0.01
0.87	4.47	0.01
0.87	4.47	0.01
0.88	4.46	0.01
0.88	4.46	0.01
0.88	4.46	0.01
0.88	4.46	0.01
0.88	4.46	0.01
0.88	4.46	0.01
0.88	4.45	0.01
0.88	4.45	0.01
0.88	4.45	0.00
0.88	4.45	0.00
0.89	4.45	0.00
0.89	4.45	0.00
0.89	4.44	0.00
0.89	4.44	0.00
0.89	4.44	0.00
0.89	4.44	0.00
0.89	4.44	0.00
0.89	4.44	0.00
0.89	4.43	0.00
0.89	4.43	0.00
0.90	4.43	0.00
0.90	4.43	0.00
0.90	4.43	0.00
0.90	4.43	0.00
0.90	4.42	0.00
0.90	4.42	0.00
0.90	4.42	0.00
0.90	4.42	0.00
0.90	4.42	0.00
0.90	4.42	0.00
0.91	4.42	0.00
0.91	4.41	0.00
0.91	4.41	0.00
0.91	4.41	0.00
0.91	4.41	0.00
0.91	4.41	0.00
0.91	4.41	0.00
0.91	4.40	0.00
0.91	4.40	0.00
0.91	4.40	0.00
0.92	4.40	0.00
0.92	4.40	0.00
0.92	4.40	0.00
0.92	4.40	0.00
0.92	4.39	0.00
0.92	4.39	0.00
0.92	4.39	0.00
0.92	4.39	0.00
0.92	4.39	0.00
0.92	4.39	0.00
0.93	4.39	0.00
0.93	4.39	0.00
0.93	4.38	0.00
0.93	4.38	0.00
0.93	4.38	0.00
0.93	4.38	0.00
0.93	4.38	0.00
0.93	4.38	0.00
0.93	4.38	0.00
0.93	4.37	0.00
0.94	4.37	0.00
0.94	4.37	0.00
0.94	4.37	0.00
0.94	4.37	0.00
0.94	4.37	0.00
0.94	4.37	0.00
0.94	4.37	0.00
0.94	4.36	0.00
0.94	4.36	0.00
0.94	4.36	0.00
0.95	4.36	0.00
0.95	4.36	0.00
0.95	4.36	0.00
0.95	4.36	0.00
0.95	4.36	0.00
0.95	4.36	0.00
0.95	4.35	0.00
0.95	4.35	0.00
0.95	4.35	0.00
0.95	4.35	0.00
0.96	4.35	0.00
0.96	4.35	0.00
0.96	4.35	0.00
0.96	4.35	0.00
0.96	4.34	0.00
0.96	4.34	0.00
0.96	4.34	0.00
0.96	4.34	0.00
0.96	4.34	0.00
0.96	4.34	0.00
0.97	4.34	0.00
0.97	4.34	0.00
0.97	4.34	0.00
0.97	4.33	0.00
0.97	4.33	0.00
0.97	4.33	0.00
0.97	4.33	0.00
0.97	4.33	0.00
0.97	4.33	0.00
0.97	4.33	0.00
0.98	4.33	0.00
0.98	4.33	0.00
0.98	4.32	0.00
0.98	4.32	0.00
0.98	4.32	0.00
0.98	4.32	0.00
0.98	4.32	0.00
0.98	4.32	0.00
0.98	4.32	0.00
0.98	4.32	0.00
0.99	4.32	0.00
0.99	4.32	0.00
0.99	4.31	0.00
0.99	4.31	0.00
0.99	4.31	0.00
0.99	4.31	0.00
0.99	4.31	0.00
0.99	4.31	0.00
0.99	4.31	0.00
0.99	4.31	0.00
1.00	4.31	0.00
1.00	4.31	0.00
1.00	4.30	0.00
1.00	4.30	0.00
1.00	4.30	0.00
1.00	4.30	0.00
1.00	4.30	0.00
1.01	4.30	0.00
1.01	4.30	0.00
1.01	4.29	0.00
1.01	4.29	0.00
1.02	4.29	0.00
1.02	4.29	0.00
1.02	4.28	0.00
1.02	4.28	0.00
1.03	4.28	0.00
1.03	4.28	0.00
1.03	4.28	0.00
1.03	4.27	0.00
1.04	4.27	0.00
1.04	4.27	0.00
1.04	4.27	0.00
1.04	4.27	0.00
1.05	4.26	0.00
1.05	4.26	0.00
1.05	4.26	0.00
1.05	4.26	0.00
1.06	4.26	0.00
1.06	4.25	0.00
1.06	4.25	0.00
1.06	4.25	0.00
1.07	4.25	0.00
1.07	4.25	0.00
1.07	4.25	0.00
1.07	4.24	0.00
1.08	4.24	0.00
1.08	4.24	0.00
1.08	4.24	0.00
1.08	4.24	0.00
1.09	4.24	0.00
1.09	4.23	0.00
1.09	4.23	0.00
1.09	4.23	0.00
1.10	4.23	0.00
1.10	4.23	0.00
1.10	4.23	0.00
1.10	4.22	0.00
1.11	4.22	0.00
1.11	4.22	0.00
1.11	4.22	0.00
1.11	4.22	0.00
1.12	4.22	0.00
1.12	4.22	0.00
1.12	4.21	0.00
1.12	4.21	0.00
1.13	4.21	0.00
1.13	4.21	0.00
1.13	4.21	0.00
1.13	4.21	0.00
1.14	4.21	0.00
1.14	4.20	0.00
1.14	4.20	0.00
1.14	4.20	0.00
1.15	4.20	0.00
1.15	4.20	0.00
1.15	4.20	0.00
1.15	4.20	0.00
1.16	4.19	0.00
1.16	4.19	0.00
1.16	4.19	0.00
1.16	4.19	0.00
1.17	4.19	0.00
1.17	4.19	0.00
1.17	4.19	0.00
1.17	4.19	0.00
1.18	4.18	0.00
1.18	4.18	0.00
1.18	4.18	0.00
1.18	4.18	0.00
1.19	4.18	0.00
1.19	4.18	0.00
1.19	4.18	0.00
1.19	4.18	0.00
1.20	4.18	0.00
1.20	4.17	0.00
1.20	4.17	0.00
1.20	4.17	0.00
1.21	4.17	0.00
1.21	4.17	0.00
1.21	4.17	0.00
1.21	4.17	0.00
1.22	4.17	0.00
1.22	4.17	0.00
1.22	4.16	0.00
1.22	4.16	0.00
1.23	4.16	0.00
1.23	4.16	0.00
1.23	4.16	0.00
1.23	4.16	0.00
1.24	4.16	0.00
1.24	4.16	0.00
1.24	4.16	0.00
1.24	4.16	0.00
1.25	4.15	0.00
1.25	4.15	0.00
1.25	4.15	0.00
1.25	4.15	0.00
1.26	4.15	0.00
1.26	4.15	0.00
1.26	4.15	0.00
1.26	4.15	0.00
1.27	4.15	0.00
1.27	4.15	0.00
1.27	4.15	0.00
1.27	4.14	0.00
1.28	4.14	0.00
1.28	4.14	0.00
1.28	4.14	0.00
1.28	4.14	0.00
1.29	4.14	0.00
1.29	4.14	0.00
1.29	4.14	0.00
1.29	4.14	0.00
1.30	4.14	0.00
1.30	4.14	0.00
1.30	4.14	0.00
1.30	4.13	0.00
1.31	4.13	0.00
1.31	4.13	0.00
1.31	4.13	0.00
1.31	4.13	0.00
1.32	4.13	0.00
1.32	4.13	0.00
1.32	4.13	0.00
1.32	4.13	0.00
1.33	4.13	0.00
1.33	4.13	0.00
1.33	4.13	0.00
1.33	4.13	0.00
1.34	4.12	0.00
1.34	4.12	0.00
1.34	4.12	0.00
1.34	4.12	0.00
1.35	4.12	0.00
1.35	4.12	0.00
1.35	4.12	0.00
1.35	4.12	0.00
1.36	4.12	0.00
1.36	4.12	0.00
1.36	4.12	0.00
1.36	4.12	0.00
1.37	4.12	0.00
1.37	4.12	0.00
1.37	4.11	0.00
1.37	4.11	0.00
1.38	4.11	0.00
1.38	4.11	0.00
1.38	4.11	0.00
1.38	4.11	0.00
1.39	4.11	0.00
1.39	4.11	0.00
1.39	4.11	0.00
1.39	4.11	0.00
1.40	4.11	0.00
1.40	4.11	0.00
1.40	4.11	0.00
1.40	4.11	0.00
1.41	4.11	0.00
1.41	4.10	0.00
1.41	4.10	0.00
1.41	4.10	0.00
1.42	4.10	0.00
1.42	4.10	0.00
1.42	4.10	0.00
1.42	4.10	0.00
1.43	4.10	0.00
1.43	4.10	0.00
1.43	4.10	0.00
1.43	4.10	0.00
1.44	4.10	0.00
1.44	4.10	0.00
1.44	4.10	0.00
1.44	4.10	0.00
1.45	4.10	0.00
1.45	4.10	0.00
1.45	4.09	0.00
1.45	4.09	0.00
1.46	4.09	0.00
1.46	4.09	0.00
1.46	4.09	0.00
1.46	4.09	0.00
1.47	4.09	0.00
1.47	4.09	0.00
1.47	4.09	0.00
1.47	4.09	0.00
1.48	4.09	0.00
1.48	4.09	0.00
1.48	4.09	0.00
1.48	4.09	0.00
1.49	4.09	0.00
1.49	4.09	0.00
1.49	4.09	0.00
1.49	4.09	0.00
1.50	4.09	0.00
1.50	4.08	0.00
1.50	4.08	0.00
1.50	4.08	0.00
1.51	4.08	0.00
1.51	4.08	0.00
1.51	4.08	0.00
1.51	4.08	0.00
1.52	4.08	0.00
1.52	4.08	0.00
1.52	4.08	0.00
1.52	4.08	0.00
1.53	4.08	0.00
1.53	4.08	0.00
1.53	4.08	0.00
1.53	4.08	0.00
1.54	4.08	0.00
1.54	4.08	0.00
1.54	4.08	0.00
1.54	4.08	0.00
1.55	4.08	0.00
1.55	4.08	0.00
1.55	4.08	0.00
1.55	4.07	0.00
1.56	4.07	0.00
1.56	4.07	0.00
1.56	4.07	0.00
1.56	4.07	0.00
1.57	4.07	0.00
1.57	4.07	0.00
1.57	4.07	0.00
1.57	4.07	0.00
1.58	4.07	0.00
1.58	4.07	0.00
1.58	4.07	0.00
1.58	4.07	0.00
1.59	4.07	0.00
1.59	4.07	0.00
1.59	4.07	0.00
1.59	4.07	0.00
1.60	4.07	0.00
1.60	4.07	0.00
1.60	4.07	0.00
1.60	4.07	0.00
1.61	4.07	0.00
1.61	4.07	0.00
1.61	4.07	0.00
1.61	4.06	0.00
1.62	4.06	0.00
1.62	4.06	0.00
1.62	4.06	0.00
1.62	4.06	0.00
1.63	4.06	0.00
1.63	4.06	0.00
1.63	4.06	0.00
1.63	4.06	0.00
1.64	4.06	0.00
1.64	4.06	0.00
1.64	4.06	0.00
1.64	4.06	0.00
1.65	4.06	0.00
1.65	4.06	0.00
1.65	4.06	0.00
1.65	4.06	0.00
1.66	4.06	0.00
1.66	4.06	0.00
1.66	4.06	0.00
1.66	4.06	0.00
1.67	4.06	0.00
1.67	4.06	0.00
1.67	4.06	0.00
1.67	4.06	0.00
1.68	4.06	0.00
1.68	4.06	0.00
1.68	4.06	0.00
1.68	4.05	0.00
1.69	4.05	0.00
1.69	4.05	0.00
1.69	4.05	0.00
