0.39697	3.746	1.301
0.39719	3.6958	1.3242
0.39741	3.7714	1.3238
0.39762	3.8152	1.3236
0.39784	3.8342	1.3207
0.39806	3.8463	1.32
0.39827	3.851	1.3195
0.39849	3.8534	1.32
0.39871	3.8603	1.3221
0.39893	3.8725	1.3217
0.39914	3.8783	1.3221
0.39936	3.8757	1.3234
0.39958	3.8635	1.3247
0.39979	3.8556	1.3259
0.40001	3.8413	1.3289
0.40023	3.8312	1.3327
0.40045	3.818	1.3365
0.40066	3.8048	1.3403
0.40088	3.7926	1.345
0.4011	3.7815	1.3496
0.40132	3.7683	1.3551
0.40153	3.754	1.3615
0.40175	3.7407	1.3678
0.40197	3.7275	1.3742
0.40219	3.7153	1.3814
0.4024	3.7032	1.3894
0.40262	3.691	1.3983
0.40284	3.6799	1.4072
0.40306	3.6677	1.4161
0.40327	3.6566	1.4258
0.40349	3.6455	1.4356
0.40371	3.6344	1.4453
0.40393	3.6222	1.455
0.40414	3.6079	1.4656
0.40436	3.5937	1.4762
0.40458	3.5804	1.4868
0.4048	3.5672	1.4974
0.40501	3.5529	1.5088
0.40523	3.5397	1.5202
0.40545	3.5275	1.5308
0.40567	3.5143	1.5422
0.40589	3.5021	1.5528
0.4061	3.4889	1.5642
0.40632	3.4757	1.5757
0.40654	3.4635	1.5871
0.40676	3.4513	1.5985
0.40698	3.4402	1.61
0.40719	3.4302	1.6222
0.40741	3.4222	1.6337
0.40763	3.4132	1.6459
0.40785	3.4042	1.6582
0.40806	3.3952	1.6705
0.40828	3.3884	1.6819
0.4085	3.3794	1.6942
0.40872	3.3714	1.7065
0.40893	3.3646	1.7187
0.40915	3.3587	1.731
0.40937	3.3529	1.7424
0.40959	3.3471	1.7547
0.40981	3.3423	1.7661
0.41002	3.3376	1.7784
0.41024	3.3328	1.7907
0.41046	3.328	1.803
0.41068	3.3233	1.8152
0.4109	3.3196	1.8275
0.41111	3.3148	1.8398
0.41133	3.3111	1.8521
0.41155	3.3074	1.8643
0.41177	3.3048	1.8766
0.41199	3.3021	1.8889
0.41221	3.2995	1.9003
0.41242	3.2958	1.9126
0.41264	3.2921	1.9257
0.41286	3.2894	1.938
0.41308	3.2847	1.9511
0.4133	3.281	1.9642
0.41352	3.2762	1.9774
0.41373	3.2725	1.9896
0.41395	3.2688	2.0028
0.41417	3.2651	2.015
0.41439	3.2624	2.0273
0.41461	3.2598	2.0396
0.41482	3.2571	2.0519
0.41504	3.2545	2.0633
0.41526	3.2519	2.0756
0.41548	3.2492	2.0878
0.4157	3.2476	2.0993
0.41592	3.2471	2.1098
0.41613	3.2466	2.1204
0.41635	3.2481	2.1302
0.41657	3.2487	2.1391
0.41679	3.2503	2.1479
0.41701	3.2508	2.1568
0.41723	3.2524	2.1649
0.41745	3.254	2.1738
0.41766	3.2556	2.1826
0.41788	3.2582	2.1907
0.4181	3.2598	2.1987
0.41832	3.2624	2.2068
0.41854	3.264	2.214
0.41876	3.2667	2.2212
0.41898	3.2683	2.2292
0.41919	3.2698	2.2364
0.41941	3.2714	2.2436
0.41963	3.272	2.2516
0.41985	3.2725	2.2597
0.42007	3.273	2.2677
0.42029	3.2746	2.2758
0.42051	3.2762	2.2838
0.42072	3.2778	2.2919
0.42094	3.2794	2.2999
0.42116	3.2799	2.3079
0.42138	3.2815	2.316
0.4216	3.2831	2.324
0.42182	3.2857	2.3321
0.42204	3.2873	2.3401
0.42226	3.2899	2.3473
0.42247	3.2926	2.3553
0.42269	3.2942	2.3642
0.42291	3.2968	2.3723
0.42313	3.3005	2.3803
0.42335	3.3042	2.3884
0.42357	3.3069	2.3964
0.42379	3.3095	2.4044
0.42401	3.3132	2.4116
0.42423	3.3169	2.4188
0.42444	3.3206	2.426
0.42466	3.3243	2.4332
0.42488	3.328	2.4404
0.4251	3.3317	2.4476
0.42532	3.3365	2.4548
0.42554	3.3413	2.462
0.42576	3.346	2.4692
0.42598	3.3519	2.4756
0.4262	3.3577	2.4819
0.42642	3.3635	2.4883
0.42663	3.3683	2.4955
0.42685	3.3741	2.5018
0.42707	3.3799	2.5082
0.42729	3.3857	2.5145
0.42751	3.3915	2.5209
0.42773	3.3984	2.5272
0.42795	3.4053	2.5335
0.42817	3.4122	2.5399
0.42839	3.418	2.5462
0.42861	3.4238	2.5526
0.42883	3.4296	2.5589
0.42905	3.4354	2.5653
0.42926	3.4413	2.5716
0.42948	3.4471	2.578
0.4297	3.4529	2.5843
0.42992	3.4598	2.5898
0.43014	3.4667	2.5962
0.43036	3.4735	2.6025
0.43058	3.4804	2.6089
0.4308	3.4873	2.6152
0.43102	3.4942	2.6216
0.43124	3.5011	2.6271
0.43146	3.5079	2.6326
0.43168	3.5159	2.6381
0.4319	3.5238	2.6436
0.43212	3.5317	2.6491
0.43234	3.5397	2.6546
0.43256	3.5476	2.6601
0.43278	3.5556	2.6656
0.433	3.5635	2.6711
0.43322	3.5714	2.6766
0.43343	3.5804	2.6821
0.43365	3.5894	2.6876
0.43387	3.5984	2.6923
0.43409	3.6074	2.6969
0.43431	3.6164	2.7016
0.43453	3.6254	2.7071
0.43475	3.6344	2.7126
0.43497	3.6434	2.7181
0.43519	3.6524	2.7236
0.43541	3.6614	2.7291
0.43563	3.6704	2.7346
0.43585	3.6804	2.7393
0.43607	3.6905	2.7439
0.43629	3.7005	2.7486
0.43651	3.7106	2.7532
0.43673	3.7196	2.7579
0.43695	3.7286	2.7625
0.43717	3.7376	2.768
0.43739	3.7466	2.7727
0.43761	3.7556	2.7774
0.43783	3.7646	2.782
0.43805	3.7735	2.7867
0.43827	3.7836	2.7905
0.43849	3.7937	2.7943
0.43871	3.8037	2.7981
0.43893	3.8138	2.8019
0.43915	3.8228	2.8066
0.43937	3.8317	2.8104
0.43959	3.8407	2.8142
0.43981	3.8497	2.818
0.44003	3.8587	2.8218
0.44025	3.8688	2.8248
0.44047	3.8788	2.8277
0.44069	3.8878	2.8315
0.44091	3.8979	2.8345
0.44113	3.9079	2.8375
0.44135	3.918	2.8404
0.44157	3.927	2.8442
0.44179	3.936	2.848
0.44201	3.945	2.851
0.44223	3.954	2.854
0.44245	3.963	2.8569
0.44267	3.972	2.8607
0.44289	3.981	2.8646
0.44311	3.991	2.8675
0.44333	4	2.8705
0.44355	4.009	2.8734
0.44377	4.018	2.8764
0.44399	4.028	2.8794
0.44421	4.037	2.8832
0.44443	4.046	2.8861
0.44465	4.055	2.8891
0.44487	4.064	2.8921
0.44509	4.073	2.8942
0.44531	4.082	2.8971
0.44553	4.091	2.9001
0.44575	4.1	2.9031
0.44597	4.109	2.9052
0.44619	4.119	2.9073
0.44641	4.128	2.9094
0.44663	4.1381	2.9115
0.44685	4.1471	2.9145
0.44707	4.1561	2.9175
0.44729	4.1651	2.9196
0.44751	4.1741	2.9217
0.44774	4.1831	2.9247
0.44796	4.1921	2.9276
0.44818	4.2011	2.9297
0.4484	4.2101	2.9327
0.44862	4.219	2.9357
0.44884	4.228	2.9378
0.44906	4.237	2.9399
0.44928	4.246	2.9429
0.4495	4.254	2.945
0.44972	4.2619	2.9479
0.44994	4.2709	2.9501
0.45016	4.2788	2.9522
0.45038	4.2868	2.9543
0.4506	4.2958	2.9564
0.45082	4.3048	2.9585
0.45104	4.3138	2.9606
0.45127	4.3228	2.9619
0.45149	4.3317	2.964
0.45171	4.3407	2.9661
0.45193	4.3497	2.9674
0.45215	4.3587	2.9695
0.45237	4.3677	2.9716
0.45259	4.3767	2.9729
0.45281	4.3857	2.975
0.45303	4.3947	2.9771
0.45325	4.4026	2.9793
0.45347	4.4116	2.9814
0.45369	4.4206	2.9835
0.45391	4.4286	2.9856
0.45414	4.4365	2.9877
0.45436	4.4444	2.989
0.45458	4.4534	2.9911
0.4548	4.4624	2.9932
0.45502	4.4714	2.9945
0.45524	4.4804	2.9966
0.45546	4.4894	2.9979
0.45568	4.4984	2.9992
0.4559	4.5074	3.0013
0.45612	4.5164	3.0025
0.45635	4.5254	3.0038
0.45657	4.5344	3.0051
0.45679	4.5434	3.0064
0.45701	4.5524	3.0076
0.45723	4.5614	3.0089
0.45745	4.5704	3.0102
0.45767	4.5794	3.0114
0.45789	4.5873	3.0127
0.45811	4.5952	3.014
0.45834	4.6032	3.0152
0.45856	4.6111	3.0165
0.45878	4.619	3.0178
0.459	4.627	3.0191
0.45922	4.6349	3.0203
0.45944	4.6429	3.0216
0.45966	4.6508	3.0229
0.45988	4.6598	3.0241
0.4601	4.6677	3.0254
0.46033	4.6767	3.0258
0.46055	4.6847	3.0271
0.46077	4.6937	3.0275
0.46099	4.7016	3.0288
0.46121	4.7106	3.0292
0.46143	4.7185	3.0296
0.46165	4.7275	3.0301
0.46187	4.7354	3.0305
0.4621	4.7434	3.0309
0.46232	4.7513	3.0313
0.46254	4.7603	3.0309
0.46276	4.7693	3.0305
0.46298	4.7783	3.0301
0.4632	4.7862	3.0296
0.46342	4.7942	3.0292
0.46365	4.8011	3.0296
0.46387	4.809	3.0292
0.46409	4.8159	3.0288
0.46431	4.8238	3.0284
0.46453	4.8307	3.0279
0.46476	4.8386	3.0275
0.46498	4.8455	3.0271
0.4652	4.8534	3.0267
0.46542	4.8614	3.0262
0.46564	4.8693	3.0258
0.46586	4.8762	3.0254
0.46608	4.8831	3.025
0.46631	4.8899	3.0246
0.46653	4.8968	3.0241
0.46675	4.9048	3.0229
0.46697	4.9127	3.0216
0.46719	4.9206	3.0203
0.46741	4.9286	3.0199
0.46764	4.9365	3.0186
0.46786	4.9444	3.0174
0.46808	4.9524	3.0161
0.4683	4.9603	3.0148
0.46852	4.9683	3.0127
0.46875	4.9762	3.0114
0.46897	4.9841	3.0093
0.46919	4.9921	3.008
0.46941	5	3.0068
0.46963	5.0079	3.0047
0.46986	5.0159	3.0025
0.47008	5.0238	3.0013
0.4703	5.0317	2.9992
0.47052	5.0397	2.997
0.47074	5.0466	2.9949
0.47096	5.0534	2.9928
0.47119	5.0603	2.9907
0.47141	5.0672	2.9886
0.47163	5.0741	2.9865
0.47185	5.081	2.9843
0.47208	5.0878	2.9814
0.4723	5.0947	2.9793
0.47252	5.1016	2.9763
0.47274	5.1085	2.9733
0.47296	5.1153	2.9704
0.47318	5.1222	2.9683
0.47341	5.128	2.9653
0.47363	5.1339	2.9623
0.47385	5.1397	2.9594
0.47407	5.1466	2.9564
0.4743	5.1534	2.9534
0.47452	5.1603	2.9505
0.47474	5.1672	2.9467
0.47496	5.1741	2.9429
0.47518	5.1799	2.9399
0.47541	5.1857	2.9369
0.47563	5.1915	2.9331
0.47585	5.1974	2.9293
0.47607	5.2032	2.9255
0.47629	5.209	2.9225
0.47652	5.2148	2.9187
0.47674	5.2217	2.9149
0.47696	5.2275	2.9111
0.47719	5.2333	2.9073
0.47741	5.2392	2.9035
0.47763	5.245	2.8997
0.47785	5.2508	2.8959
0.47807	5.2566	2.8921
0.4783	5.2624	2.8883
0.47852	5.2683	2.8844
0.47874	5.2741	2.8806
0.47896	5.2799	2.8768
0.47919	5.2857	2.873
0.47941	5.2915	2.8692
0.47963	5.2974	2.8646
0.47985	5.3021	2.8599
0.48008	5.3069	2.8561
0.4803	5.3127	2.8523
0.48052	5.3185	2.8485
0.48074	5.3243	2.8438
0.48097	5.3291	2.8392
0.48119	5.3339	2.8345
0.48141	5.3386	2.8298
0.48163	5.3434	2.8252
0.48186	5.3481	2.8205
0.48208	5.3529	2.8159
0.4823	5.3577	2.8112
0.48253	5.3624	2.8066
0.48275	5.3661	2.8019
0.48297	5.3698	2.7973
0.48319	5.3746	2.7926
0.48342	5.3794	2.7871
0.48364	5.3841	2.7816
0.48386	5.3878	2.7761
0.48408	5.3915	2.7706
0.48431	5.3963	2.7659
0.48453	5.4	2.7613
0.48475	5.4037	2.7566
0.48498	5.4074	2.752
0.4852	5.4122	2.7465
0.48542	5.4159	2.741
0.48564	5.4196	2.7355
0.48587	5.4233	2.73
0.48609	5.427	2.7244
0.48631	5.4307	2.7189
0.48654	5.4344	2.7134
0.48676	5.4381	2.7079
0.48698	5.4407	2.7024
0.4872	5.4444	2.6969
0.48743	5.4481	2.6914
0.48765	5.4519	2.6851
0.48787	5.4556	2.6796
0.4881	5.4593	2.6741
0.48832	5.463	2.6686
0.48854	5.4656	2.6631
0.48877	5.4693	2.6576
0.48899	5.473	2.6521
0.48921	5.4757	2.6466
0.48944	5.4794	2.6411
0.48966	5.4831	2.6356
0.48988	5.4857	2.6301
0.49011	5.4884	2.6246
0.49033	5.4921	2.6191
0.49055	5.4958	2.6135
0.49077	5.4984	2.608
0.491	5.5011	2.6025
0.49122	5.5048	2.5962
0.49144	5.5074	2.5907
0.49167	5.5101	2.5852
0.49189	5.5127	2.5797
0.49211	5.5153	2.5742
0.49234	5.518	2.5687
0.49256	5.5206	2.5632
0.49278	5.5233	2.5577
0.49301	5.5259	2.5522
0.49323	5.5286	2.5467
0.49345	5.5312	2.5412
0.49368	5.5328	2.5357
0.4939	5.5344	2.5302
0.49412	5.537	2.5247
0.49435	5.5386	2.5192
0.49457	5.5402	2.5137
0.49479	5.5429	2.5073
0.49502	5.5444	2.5018
0.49524	5.5471	2.4963
0.49546	5.5487	2.4908
0.49569	5.5503	2.4853
0.49591	5.5529	2.4798
0.49613	5.5545	2.4743
0.49636	5.5561	2.4688
0.49658	5.5577	2.4633
0.4968	5.5593	2.4578
0.49703	5.5619	2.4523
0.49725	5.5635	2.4468
0.49747	5.5651	2.4413
0.4977	5.5667	2.4358
0.49792	5.5683	2.4303
0.49815	5.5688	2.4248
0.49837	5.5704	2.4193
0.49859	5.572	2.4138
0.49882	5.5735	2.4083
0.49904	5.5751	2.4028
0.49927	5.5757	2.3973
0.49949	5.5772	2.3918
0.49971	5.5788	2.3862
0.49994	5.5804	2.3807
0.50016	5.582	2.3752
0.50038	5.5825	2.3697
0.50061	5.5841	2.3642
0.50083	5.5847	2.3596
0.50105	5.5862	2.3549
0.50128	5.5878	2.3503
0.5015	5.5894	2.3456
0.50173	5.591	2.3401
0.50195	5.5915	2.3346
0.50217	5.5931	2.3291
0.5024	5.5937	2.3236
0.50262	5.5952	2.3181
0.50284	5.5958	2.3134
0.50307	5.5963	2.3088
0.50329	5.5968	2.3041
0.50352	5.5974	2.2995
0.50374	5.5989	2.2948
0.50396	5.5995	2.2902
0.50419	5.6011	2.2847
0.50441	5.6016	2.2792
0.50464	5.6021	2.2745
0.50486	5.6026	2.2698
0.50509	5.6032	2.2652
0.50531	5.6037	2.2605
0.50553	5.6042	2.2559
0.50576	5.6058	2.2512
0.50598	5.6063	2.2466
0.50621	5.6079	2.2411
0.50643	5.6085	2.2356
0.50665	5.6101	2.2301
0.50688	5.6106	2.2254
0.5071	5.6111	2.2207
0.50733	5.6116	2.2161
0.50755	5.6122	2.2114
0.50777	5.6127	2.2068
0.508	5.6132	2.2013
0.50822	5.6148	2.1966
0.50845	5.6153	2.192
0.50867	5.6169	2.1873
0.5089	5.6175	2.1826
0.50912	5.618	2.178
0.50934	5.6185	2.1733
0.50957	5.619	2.1687
0.50979	5.6196	2.1649
0.51002	5.6201	2.1611
0.51024	5.6206	2.1564
0.51047	5.6212	2.1518
0.51069	5.6217	2.1471
0.51091	5.6222	2.1424
0.51114	5.6228	2.1386
0.51136	5.6233	2.1348
0.51159	5.6228	2.1302
0.51181	5.6233	2.1255
0.51204	5.6228	2.1209
0.51226	5.6233	2.117
0.51249	5.6228	2.1132
0.51271	5.6233	2.1094
0.51294	5.6228	2.1056
0.51316	5.6233	2.101
0.51339	5.6228	2.0971
0.51361	5.6233	2.0933
0.51383	5.6228	2.0895
0.51406	5.6233	2.0857
0.51428	5.6228	2.0819
0.51451	5.6233	2.0773
0.51473	5.6228	2.0734
0.51496	5.6233	2.0696
0.51518	5.6228	2.0658
0.51541	5.6233	2.062
0.51563	5.6228	2.0574
0.51586	5.6233	2.0535
0.51608	5.6228	2.0497
0.51631	5.6233	2.0459
0.51653	5.6228	2.0421
0.51675	5.6233	2.0375
0.51698	5.6228	2.0337
0.5172	5.6233	2.0298
0.51743	5.6228	2.026
0.51765	5.6233	2.0222
0.51788	5.6228	2.0184
0.5181	5.6233	2.0146
0.51833	5.6228	2.0108
0.51855	5.6233	2.007
0.51878	5.6228	2.0032
0.519	5.6233	1.9994
0.51923	5.6228	1.9956
0.51945	5.6233	1.9918
0.51968	5.6228	1.9879
0.5199	5.6233	1.9841
0.52013	5.6228	1.9812
0.52035	5.6233	1.9774
0.52058	5.6228	1.9735
0.5208	5.6233	1.9697
0.52103	5.6228	1.9668
0.52125	5.6233	1.9638
0.52148	5.6228	1.96
0.5217	5.6233	1.9562
0.52193	5.6228	1.9524
0.52215	5.6233	1.9494
0.52238	5.6228	1.9465
0.5226	5.6222	1.9426
0.52283	5.6217	1.9388
0.52305	5.6212	1.9359
0.52328	5.6206	1.9329
0.5235	5.6201	1.9291
0.52373	5.6196	1.9253
0.52395	5.619	1.9223
0.52418	5.6185	1.9194
0.5244	5.618	1.9156
0.52463	5.6175	1.9118
0.52485	5.6169	1.9079
0.52508	5.6164	1.905
0.5253	5.6159	1.902
0.52553	5.6153	1.8982
0.52576	5.6148	1.8944
0.52598	5.6143	1.8914
0.52621	5.6138	1.8885
0.52643	5.6132	1.8847
0.52666	5.6127	1.8809
0.52688	5.6122	1.8779
0.52711	5.6116	1.8749
0.52733	5.6111	1.8711
0.52756	5.6106	1.8673
0.52778	5.6101	1.8643
0.52801	5.6095	1.8614
0.52823	5.609	1.8584
0.52846	5.6085	1.8546
0.52869	5.6079	1.8516
0.52891	5.6074	1.8487
0.52913	5.6069	1.8457
0.52936	5.6074	1.8419
0.52959	5.6069	1.8389
0.52981	5.6074	1.836
0.53004	5.6069	1.833
0.53026	5.6074	1.8301
0.53049	5.6069	1.8271
0.53072	5.6063	1.8241
0.53094	5.6058	1.8212
0.53117	5.6053	1.8182
0.53139	5.6048	1.8152
0.53162	5.6042	1.8123
0.53184	5.6037	1.8093
0.53207	5.6032	1.8064
0.53229	5.6026	1.8034
0.53252	5.6021	1.8004
0.53274	5.6016	1.7975
0.53297	5.6011	1.7945
0.5332	5.6005	1.7915
0.53342	5.6	1.7886
0.53365	5.5995	1.7848
0.53387	5.5989	1.7818
0.5341	5.5995	1.7788
0.53432	5.5989	1.7759
0.53455	5.5984	1.7721
0.53478	5.5979	1.7691
0.535	5.5974	1.7661
0.53523	5.5968	1.7632
0.53545	5.5963	1.7602
0.53568	5.5958	1.7573
0.53591	5.5952	1.7543
0.53613	5.5947	1.7513
0.53636	5.5942	1.7484
0.53658	5.5937	1.7454
0.53681	5.5931	1.7424
0.53704	5.5926	1.7395
0.53726	5.5921	1.7365
0.53749	5.5915	1.7335
0.53771	5.591	1.7306
0.53794	5.5915	1.7276
0.53816	5.591	1.7247
0.53839	5.5915	1.7217
0.53862	5.591	1.7187
0.53884	5.5915	1.7149
0.53907	5.591	1.712
0.53929	5.5915	1.709
0.53952	5.591	1.706
0.53975	5.5915	1.7022
0.53997	5.591	1.6993
0.5402	5.5915	1.6963
0.54043	5.591	1.6933
0.54065	5.5915	1.6895
0.54088	5.591	1.6866
0.5411	5.5915	1.6836
0.54133	5.591	1.6806
0.54156	5.5915	1.6768
0.54178	5.591	1.6739
0.54201	5.5915	1.6709
0.54224	5.5921	1.6679
0.54246	5.5926	1.6641
0.54269	5.5921	1.6612
0.54291	5.5926	1.6582
0.54314	5.5931	1.6552
0.54337	5.5937	1.6514
0.54359	5.5942	1.6476
0.54382	5.5947	1.6447
0.54405	5.5952	1.6417
0.54427	5.5958	1.6379
0.5445	5.5963	1.6341
0.54472	5.5968	1.6311
0.54495	5.5974	1.6282
0.54518	5.5979	1.6243
0.5454	5.5984	1.6205
0.54563	5.5979	1.6176
0.54586	5.5984	1.6146
0.54608	5.5989	1.6108
0.54631	5.5995	1.607
0.54653	5.5989	1.604
0.54676	5.5995	1.6011
0.54699	5.5989	1.5981
0.54721	5.5995	1.5943
0.54744	5.5989	1.5913
0.54767	5.5995	1.5884
0.54789	5.5989	1.5854
0.54812	5.5995	1.5816
0.54835	5.5989	1.5786
0.54858	5.5995	1.5757
0.5488	5.6	1.5727
0.54903	5.6005	1.5689
0.54925	5.6011	1.5651
0.54948	5.6016	1.5621
0.54971	5.6021	1.5592
0.54993	5.6026	1.5553
0.55016	5.6032	1.5515
0.55039	5.6037	1.5486
0.55061	5.6042	1.5456
0.55084	5.6048	1.5418
0.55107	5.6053	1.538
0.55129	5.6058	1.535
0.55152	5.6063	1.5321
0.55175	5.6069	1.5283
0.55197	5.6074	1.5244
0.5522	5.6069	1.5206
0.55243	5.6074	1.5177
0.55266	5.6069	1.5147
0.55288	5.6074	1.5109
0.55311	5.6079	1.5071
0.55334	5.6085	1.5033
0.55356	5.6079	1.5003
0.55379	5.6085	1.4965
0.55402	5.609	1.4927
0.55424	5.6095	1.4889
0.55447	5.6101	1.4851
0.5547	5.6106	1.4813
0.55492	5.6101	1.4775
0.55515	5.6106	1.4737
0.55538	5.6111	1.4698
0.55561	5.6116	1.4669
0.55583	5.6111	1.4631
0.55606	5.6116	1.4593
0.55629	5.6122	1.4555
0.55651	5.6116	1.4516
0.55674	5.6111	1.4487
0.55697	5.6116	1.4449
0.55719	5.6111	1.4411
0.55742	5.6106	1.4373
0.55765	5.6101	1.4343
0.55788	5.6095	1.4313
0.5581	5.609	1.4275
0.55833	5.6095	1.4237
0.55856	5.609	1.4199
0.55879	5.6085	1.4169
0.55901	5.6079	1.4131
0.55924	5.6085	1.4093
0.55947	5.6079	1.4055
0.55969	5.6063	1.4025
0.55992	5.6058	1.3996
0.56015	5.6063	1.3958
0.56037	5.6058	1.392
0.5606	5.6063	1.3882
0.56083	5.6058	1.3852
0.56106	5.6053	1.3814
0.56128	5.6048	1.3776
0.56151	5.6053	1.3738
0.56174	5.6048	1.37
0.56197	5.6042	1.367
0.56219	5.6037	1.3632
0.56242	5.6032	1.3594
0.56265	5.6026	1.3556
0.56287	5.6021	1.3526
0.5631	5.6016	1.3488
0.56333	5.6011	1.345
0.56356	5.6005	1.3412
0.56378	5.6	1.3374
0.56401	5.5984	1.3344
0.56424	5.5979	1.3306
0.56447	5.5974	1.3268
0.56469	5.5968	1.323
0.56492	5.5952	1.32
0.56515	5.5937	1.317
0.56538	5.5931	1.3132
0.56561	5.5926	1.3094
0.56583	5.5921	1.3056
0.56606	5.5905	1.3026
0.56629	5.5899	1.2988
0.56652	5.5894	1.295
0.56674	5.5878	1.2921
0.56697	5.5862	1.2891
0.5672	5.5847	1.2861
0.56743	5.5841	1.2823
0.56765	5.5825	1.2794
0.56788	5.581	1.2764
0.56811	5.5794	1.2734
0.56834	5.5788	1.2696
0.56856	5.5772	1.2667
0.56879	5.5757	1.2637
0.56902	5.5741	1.2607
0.56925	5.5725	1.2578
0.56947	5.5709	1.2548
0.5697	5.5693	1.2519
0.56993	5.5677	1.2489
0.57016	5.5661	1.2459
0.57039	5.5646	1.243
0.57061	5.563	1.24
0.57084	5.5614	1.237
0.57107	5.5598	1.2341
0.5713	5.5593	1.2311
0.57153	5.5577	1.2282
0.57175	5.555	1.226
0.57198	5.5545	1.2231
0.57221	5.5529	1.2201
0.57244	5.5513	1.2171
0.57266	5.5497	1.215
0.57289	5.5481	1.2121
0.57312	5.5466	1.2091
0.57335	5.545	1.207
0.57358	5.5434	1.204
0.5738	5.5418	1.2011
0.57403	5.5402	1.1989
0.57426	5.5386	1.1968
0.57449	5.537	1.1939
0.57472	5.5344	1.1918
0.57494	5.5328	1.1896
0.57517	5.5312	1.1867
0.5754	5.5286	1.1846
0.57563	5.527	1.1824
0.57586	5.5243	1.1803
0.57609	5.5217	1.1782
0.57631	5.5201	1.1761
0.57654	5.5185	1.174
0.57677	5.5159	1.1719
0.577	5.5143	1.1697
0.57722	5.5127	1.1676
0.57745	5.5111	1.1655
0.57768	5.5085	1.1634
0.57791	5.5069	1.1613
0.57814	5.5053	1.1592
0.57837	5.5026	1.157
0.5786	5.5011	1.1549
0.57882	5.4995	1.1528
0.57905	5.4979	1.1507
0.57928	5.4952	1.1494
0.57951	5.4937	1.1473
0.57974	5.4921	1.1452
0.57997	5.4894	1.1439
0.58019	5.4878	1.1418
0.58042	5.4862	1.1397
0.58065	5.4836	1.1384
0.58088	5.482	1.1363
0.58111	5.4804	1.1342
0.58134	5.4778	1.1329
0.58156	5.4762	1.1308
0.58179	5.4746	1.1295
0.58202	5.472	1.1283
0.58225	5.4693	1.127
0.58248	5.4667	1.1257
0.58271	5.4661	1.1236
0.58293	5.4646	1.1223
0.58316	5.4619	1.1211
0.58339	5.4593	1.1198
0.58362	5.4577	1.1185
0.58385	5.455	1.1173
0.58408	5.4524	1.116
0.5843	5.4497	1.1147
0.58453	5.4471	1.1143
0.58476	5.4455	1.113
0.58499	5.4429	1.1118
0.58522	5.4402	1.1105
0.58545	5.4386	1.1092
0.58568	5.437	1.1079
0.58591	5.4354	1.1067
0.58613	5.4328	1.1054
0.58636	5.4302	1.1041
0.58659	5.4286	1.1029
0.58682	5.427	1.1016
0.58705	5.4254	1.1003
0.58728	5.4238	1.0991
0.58751	5.4222	1.0978
0.58774	5.4206	1.0965
0.58796	5.419	1.0952
0.58819	5.4175	1.094
0.58842	5.4159	1.0927
0.58865	5.4143	1.0914
0.58888	5.4127	1.0902
0.58911	5.4111	1.0889
0.58934	5.4095	1.0876
0.58957	5.4079	1.0872
0.58979	5.4063	1.0859
0.59002	5.4048	1.0847
0.59025	5.4032	1.0834
0.59048	5.4016	1.0821
0.59071	5.4	1.0817
0.59094	5.3984	1.0804
0.59117	5.3968	1.0792
0.5914	5.3952	1.0779
0.59163	5.3937	1.0766
0.59185	5.3921	1.0762
0.59208	5.3905	1.0749
0.59231	5.3878	1.0745
0.59254	5.3862	1.0732
0.59277	5.3847	1.072
0.593	5.3831	1.0707
0.59323	5.3825	1.0694
0.59346	5.381	1.069
0.59369	5.3794	1.0677
0.59392	5.3778	1.0665
0.59415	5.3762	1.0652
0.59437	5.3746	1.0648
0.5946	5.373	1.0643
0.59483	5.3714	1.0631
0.59506	5.3688	1.0626
0.59529	5.3672	1.0614
0.59552	5.3656	1.061
0.59575	5.3651	1.0597
0.59598	5.3635	1.0593
0.59621	5.3619	1.0588
0.59644	5.3603	1.0576
0.59667	5.3587	1.0571
0.59689	5.3571	1.0559
0.59712	5.3566	1.0546
0.59735	5.355	1.0542
0.59758	5.3545	1.0529
0.59781	5.354	1.0516
0.59804	5.3534	1.0504
0.59827	5.3529	1.05
0.5985	5.3524	1.0487
0.59873	5.3519	1.0474
0.59896	5.3513	1.0461
0.59919	5.3508	1.0449
0.59942	5.3503	1.0436
0.59965	5.3497	1.0423
0.59988	5.3492	1.0419
0.60011	5.3476	1.0406
0.60034	5.3471	1.0394
0.60057	5.3455	1.0389
0.6008	5.345	1.0377
0.60102	5.3434	1.0373
0.60125	5.3429	1.036
0.60148	5.3413	1.0356
0.60171	5.3407	1.0343
0.60194	5.3402	1.0339
0.60217	5.3386	1.0334
0.6024	5.3381	1.0322
0.60263	5.3365	1.0318
0.60286	5.336	1.0305
0.60309	5.3344	1.0301
0.60332	5.3339	1.0288
0.60355	5.3333	1.0284
0.60378	5.3317	1.0279
0.60401	5.3312	1.0275
0.60424	5.3296	1.0271
0.60447	5.3291	1.0258
0.6047	5.3275	1.0254
0.60493	5.327	1.0241
0.60516	5.3254	1.0237
0.60539	5.3238	1.0233
0.60562	5.3233	1.0229
0.60584	5.3217	1.0224
0.60608	5.3212	1.0212
0.6063	5.3196	1.0207
0.60653	5.319	1.0195
0.60676	5.3175	1.0191
0.607	5.3169	1.0178
0.60722	5.3164	1.0174
0.60745	5.3148	1.0169
0.60768	5.3143	1.0165
0.60791	5.3127	1.0161
0.60814	5.3111	1.0157
0.60837	5.3095	1.0152
0.6086	5.309	1.014
0.60883	5.3085	1.0127
0.60906	5.3079	1.0114
0.60929	5.3074	1.011
0.60952	5.3058	1.0106
0.60975	5.3053	1.0102
0.60998	5.3037	1.0097
0.61021	5.3021	1.0093
0.61044	5.3005	1.0089
0.61067	5.2989	1.0085
0.6109	5.2984	1.0072
0.61113	5.2968	1.0068
0.61136	5.2963	1.0064
0.61159	5.2958	1.0051
0.61182	5.2942	1.0047
0.61205	5.2926	1.0042
0.61228	5.291	1.0038
0.61251	5.2894	1.0034
0.61274	5.2878	1.003
0.61297	5.2873	1.0025
0.6132	5.2857	1.0013
0.61343	5.2852	1.0009
0.61366	5.2847	0.99958
0.61389	5.2841	0.99831
0.61412	5.2836	0.99704
0.61435	5.2831	0.99577
0.61458	5.2825	0.9945
0.61481	5.282	0.99323
0.61504	5.2815	0.99281
0.61527	5.281	0.99154
0.6155	5.2804	0.99027
0.61573	5.2799	0.989
0.61597	5.2794	0.98773
0.61619	5.2788	0.98646
0.61642	5.2783	0.98519
0.61665	5.2778	0.98477
0.61688	5.2762	0.9835
0.61711	5.2757	0.98223
0.61735	5.2741	0.9818
0.61758	5.2735	0.98053
0.61781	5.272	0.98011
0.61804	5.2714	0.97884
0.61827	5.2698	0.97842
0.6185	5.2693	0.97715
0.61873	5.2688	0.97672
0.61896	5.2672	0.9763
0.61919	5.2667	0.97503
0.61942	5.2651	0.97461
0.61965	5.2646	0.97334
0.61988	5.263	0.97291
0.62011	5.2624	0.97164
0.62034	5.2619	0.97122
0.62057	5.2614	0.9708
0.6208	5.2608	0.96953
0.62103	5.2593	0.9691
0.62126	5.2587	0.96784
0.62149	5.2571	0.96741
0.62173	5.2566	0.96614
0.62196	5.255	0.96572
0.62218	5.2545	0.96445
0.62241	5.254	0.96318
0.62265	5.2534	0.96276
0.62288	5.2529	0.96149
0.62311	5.2513	0.96106
0.62334	5.2508	0.95979
0.62357	5.2492	0.95937
0.6238	5.2487	0.9581
0.62403	5.2471	0.95683
0.62426	5.2466	0.95641
0.62449	5.246	0.95514
0.62472	5.2455	0.95387
0.62495	5.245	0.9526
0.62518	5.2444	0.95133
0.62541	5.2439	0.95006
0.62565	5.2434	0.94879
0.62588	5.2429	0.94836
0.62611	5.2413	0.94709
0.62634	5.2407	0.94582
0.62657	5.2402	0.94455
0.6268	5.2397	0.94328
0.62703	5.2392	0.94201
0.62726	5.2386	0.94075
0.62749	5.2381	0.94032
0.62772	5.2365	0.93905
0.62795	5.236	0.93863
0.62819	5.2344	0.93821
0.62841	5.2339	0.93694
0.62865	5.2323	0.93651
0.62888	5.2307	0.93609
0.62911	5.2291	0.93567
0.62934	5.2275	0.9344
0.62957	5.227	0.93397
0.6298	5.2254	0.93355
0.63003	5.2238	0.93313
0.63026	5.2222	0.9327
0.63049	5.2206	0.93228
0.63073	5.219	0.93186
0.63096	5.2175	0.93059
0.63119	5.2159	0.93016
0.63142	5.2143	0.92889
0.63165	5.2127	0.92847
0.63188	5.2111	0.92805
0.63211	5.2095	0.92762
0.63234	5.209	0.92635
0.63257	5.2074	0.92593
0.6328	5.2069	0.92551
0.63303	5.2053	0.92424
0.63327	5.2037	0.92381
0.6335	5.2032	0.92254
0.63373	5.2016	0.92212
0.63396	5.2011	0.92085
0.63419	5.1995	0.92043
0.63442	5.1989	0.92
0.63465	5.1984	0.91958
0.63488	5.1968	0.91916
0.63512	5.1963	0.91789
0.63535	5.1947	0.91746
0.63558	5.1942	0.91619
0.63581	5.1926	0.91577
0.63604	5.1921	0.9145
0.63627	5.1905	0.91408
0.6365	5.1899	0.91366
0.63673	5.1894	0.91323
0.63697	5.1878	0.91281
0.6372	5.1873	0.91154
0.63743	5.1857	0.91112
0.63766	5.1852	0.90985
0.63789	5.1836	0.90942
0.63812	5.182	0.909
0.63835	5.1815	0.90858
0.63859	5.1799	0.90815
0.63882	5.1794	0.90773
0.63905	5.1778	0.90731
0.63928	5.1762	0.90688
0.63951	5.1746	0.90646
0.63974	5.173	0.90604
0.63997	5.1714	0.90561
0.6402	5.1698	0.90519
0.64044	5.1683	0.90477
0.64067	5.1667	0.90519
0.6409	5.1651	0.90477
0.64113	5.1635	0.90434
0.64136	5.1619	0.90392
0.6416	5.1614	0.90265
0.64183	5.1598	0.90223
0.64206	5.1582	0.90265
0.64229	5.1566	0.90223
0.64252	5.155	0.90265
0.64275	5.1545	0.90223
0.64298	5.1529	0.9018
0.64322	5.1513	0.90138
0.64345	5.1497	0.90096
0.64368	5.1481	0.90053
0.64391	5.1476	0.90011
0.64414	5.146	0.89969
0.64437	5.1455	0.89926
0.6446	5.1439	0.89969
0.64484	5.1423	0.90011
0.64507	5.1407	0.90053
0.6453	5.1392	0.90096
0.64553	5.1386	0.90053
0.64577	5.137	0.90096
0.64599	5.1354	0.90053
0.64623	5.1339	0.90096
0.64646	5.1323	0.90138
0.64669	5.1317	0.9018
0.64693	5.1302	0.90223
0.64715	5.1286	0.90265
0.64739	5.127	0.90307
0.64762	5.1254	0.9035
0.64785	5.1238	0.90392
0.64808	5.1222	0.90434
0.64832	5.1206	0.90477
0.64855	5.119	0.90519
0.64878	5.1175	0.90561
0.64901	5.1148	0.90604
0.64924	5.1132	0.90646
0.64947	5.1116	0.90688
0.6497	5.109	0.90731
0.64994	5.1074	0.90773
0.65017	5.1048	0.90815
0.6504	5.1032	0.90858
0.65064	5.1016	0.909
0.65087	5.0989	0.91027
0.6511	5.0974	0.91069
0.65133	5.0947	0.91196
0.65156	5.0921	0.91323
0.65179	5.0905	0.91366
0.65203	5.0878	0.91492
0.65226	5.0852	0.91535
0.65249	5.0836	0.91662
0.65272	5.081	0.91704
0.65295	5.0783	0.91831
0.65319	5.0767	0.91873
0.65342	5.0741	0.92
0.65365	5.0714	0.92127
0.65388	5.0688	0.92254
0.65412	5.0661	0.92381
0.65435	5.0646	0.92424
0.65458	5.0619	0.92551
0.65481	5.0593	0.92678
0.65504	5.0577	0.9272
0.65528	5.055	0.92847
0.65551	5.0524	0.92974
0.65574	5.0508	0.93101
0.65597	5.0481	0.93228
0.65621	5.0455	0.9344
0.65644	5.0439	0.93567
0.65667	5.0413	0.93778
0.6569	5.0386	0.9399
0.65713	5.037	0.94117
0.65737	5.0344	0.94328
0.6576	5.0317	0.94455
0.65783	5.0291	0.94667
0.65806	5.0265	0.94879
0.6583	5.0238	0.95006
0.65853	5.0201	0.95217
0.65876	5.0175	0.95429
0.65899	5.0148	0.95556
0.65923	5.0111	0.95768
0.65946	5.0085	0.95979
0.65969	5.0058	0.96106
0.65992	5.0021	0.96318
0.66016	4.9995	0.9653
0.66039	4.9968	0.96657
0.66062	4.9931	0.96868
0.66085	4.9905	0.9708
0.66109	4.9878	0.97291
0.66132	4.9841	0.97503
0.66155	4.9815	0.97715
0.66179	4.9788	0.98011
0.66201	4.9762	0.98223
0.66225	4.9735	0.98434
0.66248	4.9709	0.98731
0.66272	4.9683	0.99027
0.66295	4.9656	0.99239
0.66318	4.963	0.99535
0.66341	4.9603	0.99831
0.66364	4.9577	1.0004
0.66388	4.955	1.0034
0.66411	4.9524	1.0064
0.66434	4.9497	1.0093
0.66458	4.9471	1.0131
0.66481	4.9444	1.0161
0.66504	4.9418	1.0191
0.66527	4.9392	1.022
0.66551	4.9365	1.0258
0.66574	4.9339	1.0288
0.66597	4.9312	1.0318
0.6662	4.9286	1.0347
0.66644	4.9259	1.0385
0.66667	4.9233	1.0423
0.6669	4.9217	1.0453
0.66714	4.919	1.0491
0.66737	4.9164	1.0529
0.6676	4.9148	1.0567
0.66783	4.9122	1.0605
0.66807	4.9095	1.0635
0.6683	4.9079	1.0673
0.66853	4.9053	1.0711
0.66877	4.9026	1.0749
0.669	4.9011	1.0779
0.66923	4.8984	1.0817
0.66946	4.8968	1.0855
0.6697	4.8952	1.0893
0.66993	4.8926	1.0931
0.67016	4.891	1.0969
0.6704	4.8884	1.1007
0.67063	4.8868	1.1046
0.67086	4.8852	1.1084
0.67109	4.8825	1.1122
0.67133	4.881	1.116
0.67156	4.8794	1.1206
0.6718	4.8778	1.1244
0.67203	4.8762	1.1283
0.67226	4.8746	1.1321
0.67249	4.873	1.1367
0.67272	4.8714	1.1414
0.67296	4.8698	1.146
0.67319	4.8683	1.1507
0.67343	4.8677	1.1545
0.67366	4.8661	1.1583
0.67389	4.8656	1.163
0.67413	4.864	1.1676
0.67436	4.8635	1.1723
0.67459	4.863	1.1769
0.67482	4.8624	1.1807
0.67506	4.8619	1.1846
0.67529	4.8614	1.1892
0.67552	4.8608	1.1939
0.67576	4.8614	1.1985
0.67599	4.8619	1.2023
0.67622	4.8624	1.2061
0.67646	4.863	1.21
0.67669	4.8635	1.2138
0.67692	4.863	1.2184
0.67716	4.8635	1.2222
0.67739	4.864	1.226
0.67762	4.8646	1.2298
0.67785	4.8651	1.2337
0.67809	4.8656	1.2375
0.67832	4.8661	1.2421
0.67856	4.8677	1.2459
0.67879	4.8683	1.2497
0.67902	4.8698	1.2535
0.67925	4.8714	1.2565
0.67949	4.872	1.2603
0.67972	4.8735	1.2641
0.67996	4.8751	1.2679
0.68019	4.8767	1.2709
0.68043	4.8794	1.2739
0.68066	4.882	1.2777
0.68089	4.8836	1.2815
0.68112	4.8862	1.2844
0.68136	4.8889	1.2874
0.68159	4.8915	1.2904
0.68182	4.8942	1.2925
0.68206	4.8968	1.2955
0.68229	4.8995	1.2984
0.68253	4.9021	1.3005
0.68276	4.9048	1.3035
0.68299	4.9085	1.3056
0.68323	4.9111	1.3077
0.68346	4.9138	1.309
0.68369	4.9175	1.3111
0.68393	4.9201	1.3132
0.68416	4.9228	1.3145
0.68439	4.9265	1.3158
0.68463	4.9302	1.317
0.68486	4.9339	1.3183
0.68509	4.9386	1.3187
0.68533	4.9423	1.32
0.68556	4.946	1.3204
0.6858	4.9508	1.3209
0.68603	4.9556	1.3213
0.68626	4.9603	1.3209
0.6865	4.964	1.3213
0.68673	4.9688	1.3209
0.68697	4.9735	1.3213
0.6872	4.9783	1.3209
0.68743	4.9841	1.3196
0.68767	4.9889	1.3192
0.6879	4.9937	1.3179
0.68813	4.9984	1.3166
0.68837	5.0032	1.3145
0.6886	5.0079	1.3132
0.68884	5.0138	1.3111
0.68907	5.0196	1.309
0.6893	5.0254	1.306
0.68954	5.0302	1.3039
0.68977	5.0349	1.3018
0.69	5.0407	1.2988
0.69024	5.0466	1.2959
0.69047	5.0524	1.2921
0.69071	5.0571	1.2883
0.69094	5.0619	1.2844
0.69117	5.0677	1.2798
0.69141	5.0735	1.2751
0.69164	5.0794	1.2705
0.69188	5.0852	1.2658
0.69211	5.0899	1.2612
0.69234	5.0947	1.2565
0.69258	5.0995	1.2519
0.69281	5.1042	1.2464
0.69305	5.1101	1.24
0.69328	5.1159	1.2337
0.69351	5.1217	1.2273
0.69375	5.1265	1.221
0.69398	5.1312	1.2146
0.69422	5.137	1.2083
0.69445	5.1429	1.2019
0.69469	5.1487	1.1956
0.69492	5.1545	1.1892
0.69515	5.1603	1.1829
0.69539	5.1651	1.1765
0.69562	5.1709	1.1693
0.69586	5.1767	1.1621
0.69609	5.1825	1.1549
0.69632	5.1884	1.1477
0.69656	5.1942	1.1405
0.69679	5.1989	1.1333
0.69702	5.2037	1.1261
0.69726	5.2095	1.1189
0.6975	5.2153	1.1118
0.69773	5.2212	1.1046
0.69796	5.2259	1.0974
0.6982	5.2307	1.0902
0.69843	5.2354	1.0821
0.69867	5.2402	1.0741
0.6989	5.246	1.066
0.69914	5.2519	1.058
0.69937	5.2566	1.05
0.6996	5.2614	1.0419
0.69984	5.2661	1.0347
0.70007	5.2709	1.0267
0.70031	5.2767	1.0186
0.70054	5.2815	1.0106
0.70077	5.2862	1.0025
0.70101	5.291	0.9945
0.70124	5.2958	0.98646
0.70148	5.3005	0.97842
0.70171	5.3053	0.96953
0.70195	5.3101	0.96149
0.70218	5.3138	0.95344
0.70242	5.3175	0.9454
0.70265	5.3212	0.93736
0.70288	5.3249	0.92932
0.70312	5.3286	0.92127
0.70335	5.3323	0.91323
0.70359	5.3349	0.90604
0.70383	5.3376	0.89884
0.70406	5.3413	0.89164
0.70429	5.3439	0.88445
0.70453	5.3466	0.87725
0.70476	5.3492	0.87006
0.705	5.3529	0.86286
0.70523	5.3556	0.85651
0.70547	5.3582	0.85016
0.7057	5.3619	0.84381
0.70593	5.3646	0.83746
0.70617	5.3672	0.83112
0.7064	5.3709	0.82392
0.70664	5.3735	0.81757
0.70687	5.3762	0.81037
0.70711	5.3799	0.80318
0.70734	5.3825	0.79598
0.70758	5.3852	0.78879
0.70781	5.3878	0.78159
0.70805	5.3905	0.7744
0.70828	5.3921	0.76805
0.70851	5.3937	0.7617
0.70875	5.3952	0.75535
0.70898	5.3968	0.749
0.70922	5.3984	0.74265
0.70946	5.4	0.7363
0.70969	5.4016	0.72995
0.70993	5.4021	0.72445
0.71016	5.4037	0.7181
0.71039	5.4042	0.7126
0.71063	5.4048	0.70709
0.71087	5.4053	0.70159
0.7111	5.4058	0.69694
0.71134	5.4063	0.69228
0.71157	5.4069	0.68762
0.71181	5.4074	0.68212
0.71204	5.4079	0.67662
0.71228	5.4085	0.67112
0.71251	5.409	0.66561
0.71275	5.4085	0.66011
0.71298	5.409	0.65461
0.71321	5.4085	0.64995
0.71345	5.4079	0.6453
0.71369	5.4074	0.64064
0.71392	5.4069	0.63598
0.71415	5.4063	0.63133
0.71439	5.4058	0.62667
0.71462	5.4053	0.62117
0.71486	5.4048	0.61567
0.71509	5.4032	0.61101
0.71533	5.4026	0.60635
0.71556	5.4011	0.6017
0.7158	5.4005	0.59704
0.71603	5.3989	0.59323
0.71627	5.3974	0.58942
0.71651	5.3958	0.58561
0.71674	5.3942	0.58096
0.71697	5.3937	0.5763
0.71721	5.3921	0.57249
0.71745	5.3905	0.56868
0.71768	5.3889	0.56487
0.71792	5.3873	0.56106
0.71815	5.3857	0.55725
0.71839	5.3841	0.55429
0.71862	5.3825	0.55048
0.71886	5.381	0.54667
0.71909	5.3794	0.54286
0.71933	5.3767	0.53905
0.71956	5.3741	0.53524
0.7198	5.3725	0.53143
0.72003	5.3698	0.52762
0.72027	5.3683	0.52381
0.7205	5.3656	0.52085
0.72074	5.363	0.51704
0.72097	5.3614	0.51323
0.72121	5.3587	0.50942
0.72145	5.3561	0.50646
0.72168	5.3534	0.5035
0.72192	5.3508	0.49969
0.72215	5.3481	0.49672
0.72239	5.3455	0.49376
0.72262	5.3429	0.4908
0.72286	5.3413	0.48784
0.72309	5.3397	0.48487
0.72333	5.337	0.48191
0.72356	5.3354	0.47895
0.7238	5.3328	0.47683
0.72403	5.3302	0.47387
0.72427	5.3286	0.4709
0.72451	5.3259	0.46879
0.72474	5.3233	0.46667
0.72498	5.3206	0.46371
0.72521	5.3169	0.46159
0.72545	5.3143	0.45948
0.72568	5.3116	0.45651
0.72592	5.3079	0.4544
0.72615	5.3053	0.45228
0.72639	5.3016	0.45016
0.72662	5.2979	0.44805
0.72686	5.2952	0.44593
0.7271	5.2915	0.44381
0.72733	5.2878	0.4417
0.72757	5.2852	0.43958
0.7278	5.2815	0.43746
0.72804	5.2778	0.43535
0.72827	5.2751	0.43323
0.72851	5.2725	0.43196
0.72875	5.2698	0.42985
0.72898	5.2672	0.42773
0.72922	5.2646	0.42646
0.72945	5.2619	0.42434
0.72969	5.2593	0.42223
0.72992	5.2566	0.42096
0.73016	5.254	0.41884
0.7304	5.2503	0.41757
0.73063	5.2476	0.4163
0.73086	5.245	0.41414
0.7311	5.2413	0.41283
0.73134	5.2386	0.41144
0.73158	5.236	0.41005
0.73181	5.2323	0.4085
0.73205	5.2286	0.40695
0.73228	5.2259	0.40509
0.73252	5.2222	0.40387
0.73275	5.2185	0.40264
0.73299	5.2159	0.401
0.73322	5.2122	0.39979
0.73346	5.2095	0.39815
0.7337	5.2069	0.39693
0.73393	5.2042	0.3953
0.73417	5.2016	0.39408
0.73441	5.1989	0.39333
0.73464	5.1963	0.39216
0.73488	5.1926	0.39149
0.73511	5.1889	0.39039
0.73535	5.1862	0.38988
0.73559	5.1836	0.38895
0.73582	5.1799	0.38874
0.73606	5.1762	0.38833
0.73629	5.1735	0.3875
0.73653	5.1698	0.3875
0.73677	5.1661	0.3875
0.737	5.1624	0.38749
0.73724	5.1587	0.38749
0.73747	5.155	0.38747
0.73771	5.1513	0.38745
0.73795	5.1476	0.38739
0.73818	5.1439	0.38728
0.73842	5.1402	0.38704
0.73865	5.1376	0.38657
0.73889	5.1339	0.38561
0.73912	5.1302	0.38535
0.73936	5.1275	0.38481
0.7396	5.1249	0.38373
0.73983	5.1222	0.38319
0.74007	5.1196	0.3821
0.74031	5.1169	0.38157
0.74054	5.1143	0.38048
0.74078	5.1116	0.37995
0.74102	5.1101	0.37888
0.74125	5.1074	0.37837
0.74148	5.1048	0.37734
0.74172	5.1021	0.37692
0.74196	5.1005	0.37607
0.74219	5.0979	0.37601
0.74243	5.0963	0.37588
0.74267	5.0947	0.37563
0.74291	5.0921	0.37511
0.74314	5.0894	0.37574
0.74338	5.0868	0.37533
0.74361	5.0841	0.37619
0.74385	5.0815	0.37626
0.74409	5.0788	0.37641
0.74432	5.0762	0.37672
0.74456	5.0725	0.37735
0.74479	5.0698	0.37696
0.74503	5.0672	0.37784
0.74527	5.0646	0.37797
0.74551	5.0619	0.37822
0.74574	5.0593	0.37875
0.74598	5.0556	0.37983
0.74621	5.0519	0.38035
0.74645	5.0492	0.38141
0.74669	5.0466	0.38187
0.74692	5.0439	0.38281
0.74716	5.0413	0.38304
0.7474	5.0397	0.3835
0.74763	5.037	0.38444
0.74787	5.0344	0.38467
0.74811	5.0328	0.38513
0.74834	5.0302	0.38606
0.74858	5.0275	0.38626
0.74881	5.0259	0.38667
0.74905	5.0233	0.38751
0.74929	5.0217	0.38753
0.74953	5.0201	0.38756
0.74976	5.0196	0.38762
0.75	5.018	0.38774
0.75023	5.0175	0.38799
0.75047	5.0159	0.3885
0.75071	5.0143	0.38943
0.75095	5.0127	0.38963
0.75118	5.0111	0.39003
0.75142	5.0106	0.39083
0.75166	5.009	0.39206
0.75189	5.0074	0.39284
0.75213	5.0058	0.39404
0.75236	5.0042	0.39476
0.7526	5.0026	0.39591
0.75284	5.0011	0.39746
0.75308	4.9995	0.39859
0.75331	4.9979	0.4001
0.75355	4.9963	0.40197
0.75379	4.9947	0.40329
0.75402	4.9931	0.40478
0.75426	4.9926	0.40542
0.7545	4.991	0.40722
0.75473	4.9894	0.40925
0.75497	4.9878	0.41044
0.7552	4.9862	0.41163
0.75544	4.9857	0.41285
0.75568	4.9852	0.41406
0.75592	4.9847	0.41618
0.75615	4.9841	0.41745
0.75639	4.9836	0.41872
0.75663	4.9831	0.41999
0.75686	4.9825	0.42126
0.7571	4.982	0.42253
0.75734	4.9815	0.4238
0.75758	4.981	0.42507
0.75781	4.9794	0.42719
0.75805	4.9788	0.42846
0.75828	4.9783	0.42973
0.75852	4.9767	0.43184
0.75876	4.9762	0.43311
0.75899	4.9746	0.43523
0.75923	4.973	0.43734
0.75947	4.9714	0.43946
0.75971	4.9709	0.44158
0.75994	4.9693	0.44369
0.76018	4.9677	0.44666
0.76042	4.9661	0.44877
0.76066	4.9646	0.45089
0.76089	4.963	0.45385
0.76113	4.9614	0.45682
0.76137	4.9608	0.45893
0.76161	4.9593	0.4619
0.76184	4.9577	0.46486
0.76208	4.9571	0.46697
0.76232	4.9566	0.46994
0.76255	4.9561	0.4729
0.76279	4.9556	0.47586
0.76303	4.955	0.47798
0.76326	4.9545	0.48094
0.7635	4.954	0.48391
0.76374	4.9534	0.48687
0.76397	4.9529	0.48983
0.76421	4.9534	0.49279
0.76445	4.9529	0.49576
0.76469	4.9524	0.49872
0.76492	4.9519	0.50253
0.76516	4.9513	0.50634
0.7654	4.9519	0.5093
0.76564	4.9524	0.51311
0.76587	4.9519	0.51692
0.76611	4.9513	0.52073
0.76635	4.9519	0.52454
0.76659	4.9524	0.52835
0.76682	4.9529	0.53216
0.76706	4.9534	0.53597
0.7673	4.954	0.53978
0.76754	4.9545	0.54443
0.76777	4.955	0.54824
0.76801	4.9566	0.55205
0.76824	4.9582	0.55586
0.76848	4.9587	0.55967
0.76872	4.9603	0.56348
0.76896	4.9608	0.56814
0.7692	4.9614	0.57279
0.76943	4.963	0.57745
0.76967	4.9646	0.58211
0.76991	4.9661	0.58676
0.77014	4.9677	0.59142
0.77038	4.9693	0.59607
0.77062	4.972	0.60073
0.77086	4.9746	0.60539
0.7711	4.9772	0.61004
0.77133	4.9799	0.61555
0.77157	4.9825	0.62105
0.77181	4.9862	0.6257
0.77205	4.991	0.63036
0.77228	4.9947	0.63502
0.77252	4.9995	0.63967
0.77276	5.0042	0.64348
0.773	5.009	0.64729
0.77323	5.0148	0.6511
0.77347	5.0196	0.65491
0.77371	5.0243	0.65957
0.77395	5.0302	0.66338
0.77418	5.036	0.66719
0.77442	5.0429	0.671
0.77466	5.0487	0.67481
0.7749	5.0556	0.67777
0.77514	5.0614	0.68073
0.77537	5.0683	0.68369
0.77561	5.0751	0.68666
0.77585	5.0831	0.68962
0.77609	5.091	0.69174
0.77632	5.0989	0.6947
0.77656	5.1069	0.69766
0.7768	5.1148	0.69978
0.77703	5.1238	0.7019
0.77727	5.1339	0.70316
0.77751	5.1429	0.70443
0.77775	5.1519	0.7057
0.77799	5.1608	0.70613
0.77822	5.1709	0.70655
0.77846	5.181	0.70697
0.7787	5.1921	0.70655
0.77894	5.2021	0.70697
0.77918	5.2132	0.70655
0.77941	5.2243	0.70528
0.77965	5.2354	0.70486
0.77989	5.2466	0.70359
0.78013	5.2587	0.70147
0.78037	5.2709	0.69936
0.78061	5.2831	0.69639
0.78084	5.2942	0.69428
0.78108	5.3053	0.69216
0.78132	5.3175	0.6892
0.78156	5.3296	0.68623
0.78179	5.3418	0.68242
0.78203	5.354	0.67861
0.78227	5.3661	0.67481
0.78251	5.3783	0.67015
0.78274	5.3894	0.66549
0.78298	5.4016	0.66084
0.78322	5.4138	0.65533
0.78346	5.4259	0.64983
0.7837	5.437	0.64433
0.78394	5.4481	0.63883
0.78417	5.4593	0.63332
0.78441	5.4704	0.62697
0.78465	5.4825	0.61978
0.78488	5.4926	0.61258
0.78512	5.5026	0.60539
0.78536	5.5138	0.59819
0.7856	5.5238	0.591
0.78584	5.5328	0.5838
0.78608	5.5418	0.5766
0.78632	5.5508	0.56941
0.78655	5.5587	0.56221
0.78679	5.5667	0.55502
0.78703	5.5746	0.54782
0.78727	5.5825	0.54063
0.78751	5.5905	0.53343
0.78775	5.5984	0.52623
0.78798	5.6063	0.51819
0.78822	5.6132	0.511
0.78846	5.6212	0.5038
0.7887	5.628	0.4966
0.78893	5.6339	0.48941
0.78918	5.6397	0.48137
0.78941	5.6466	0.47332
0.78965	5.6534	0.46528
0.78989	5.6603	0.45714
0.79013	5.6672	0.44838
0.79037	5.673	0.43962
0.7906	5.6788	0.43041
0.79084	5.6847	0.42151
0.79108	5.6894	0.41276
0.79132	5.6942	0.40389
0.79156	5.6989	0.39514
0.7918	5.7037	0.38597
0.79203	5.7074	0.37707
0.79227	5.7122	0.36824
0.79251	5.7159	0.35902
0.79275	5.7196	0.35091
0.79299	5.7222	0.34287
0.79322	5.7249	0.33439
0.79346	5.7265	0.3261
0.7937	5.728	0.31803
0.79394	5.7307	0.31011
0.79418	5.7323	0.30232
0.79442	5.7328	0.29456
0.79466	5.7344	0.2868
0.79489	5.736	0.27887
0.79513	5.7365	0.27198
0.79537	5.736	0.26561
0.79561	5.7365	0.25852
0.79585	5.736	0.25112
0.79609	5.7354	0.24446
0.79633	5.7349	0.23773
0.79656	5.7354	0.23067
0.7968	5.7349	0.22427
0.79704	5.7354	0.21753
0.79728	5.7349	0.21143
0.79752	5.7333	0.20501
0.79776	5.7317	0.19926
0.798	5.7302	0.19343
0.79823	5.7286	0.18725
0.79848	5.7259	0.18162
0.79871	5.7243	0.1755
0.79895	5.7228	0.16955
0.79919	5.7212	0.16392
0.79943	5.7196	0.15892
0.79966	5.718	0.15385
0.79991	5.7164	0.14845
0.80014	5.7138	0.14361
0.80038	5.7122	0.13844
0.80062	5.7095	0.13391
0.80086	5.7069	0.12944
0.8011	5.7053	0.12502
0.80134	5.7037	0.12046
0.80158	5.7032	0.11506
0.80182	5.7016	0.1102
0.80205	5.7011	0.105
0.80229	5.6995	0.10032
0.80253	5.6989	0.09524
0.80277	5.6974	0.090191
0.80301	5.6968	0.084702
0.80325	5.6963	0.079302
0.80348	5.6947	0.073977
0.80372	5.6942	0.068318
0.80396	5.6926	0.063167
0.8042	5.691	0.057575
0.80444	5.6905	0.051661
0.80468	5.6889	0.046292
0.80492	5.6884	0.04068
0.80516	5.6868	0.035664
0.8054	5.6852	0.030728
0.80563	5.6836	0.026297
0.80588	5.682	0.021944
0.80611	5.6794	0.018142
0.80635	5.6767	0.014868
0.80659	5.6741	0.012066
0.80683	5.6704	0.0093106
0.80707	5.6667	0.0070509
0.80731	5.6619	0.005245
0.80755	5.6571	0.0034686
0.80779	5.6534	0.0021571
0.80802	5.6487	0.0012833
0.80827	5.6439	0.00042328
0.8085	5.6381	0
0.80874	5.6323	0
0.80898	5.6265	0
0.80922	5.6196	0
0.80946	5.6138	0
0.8097	5.6079	0
0.80994	5.6021	0
0.81018	5.5952	0
0.81042	5.5894	0
0.81065	5.5836	0
0.81089	5.5778	0
0.81113	5.573	0
0.81137	5.5661	0
0.81161	5.5593	0
0.81185	5.5524	0
0.81209	5.5466	0
0.81233	5.5397	0
0.81257	5.5339	0
0.81281	5.527	0
0.81305	5.5201	0
0.81329	5.5132	0
0.81353	5.5063	0
0.81377	5.4995	0
0.814	5.4926	0
0.81424	5.4857	0
0.81448	5.4799	0
0.81472	5.473	0
0.81496	5.4672	0
0.8152	5.4614	0
0.81544	5.4566	0
0.81568	5.4508	0
0.81592	5.446	0
0.81615	5.4402	0
0.8164	5.4354	0
0.81663	5.4286	0
0.81688	5.4228	0
0.81711	5.4169	0
0.81735	5.4111	0
0.81759	5.4053	0
0.81783	5.3995	0
0.81807	5.3937	0
0.81831	5.3878	0
0.81855	5.382	0
0.81879	5.3762	0
0.81903	5.3693	0
0.81927	5.3624	0
0.81951	5.3556	0
0.81975	5.3487	0
0.81999	5.3429	0
0.82023	5.3381	0
0.82046	5.3323	0
0.8207	5.3265	0
0.82095	5.3206	0
0.82119	5.3148	0
0.82143	5.309	0
0.82167	5.3021	0
0.82191	5.2963	0
0.82214	5.2905	0
0.82238	5.2847	0
0.82262	5.2788	0
0.82286	5.273	0
0.8231	5.2672	0
0.82334	5.2624	0
0.82358	5.2566	0
0.82382	5.2508	0
0.82406	5.245	0
0.8243	5.2392	0
0.82454	5.2333	0
0.82478	5.2286	0
0.82502	5.2238	0
0.82526	5.219	0
0.82549	5.2132	0
0.82574	5.2095	0
0.82598	5.2058	0
0.82622	5.2032	0
0.82646	5.2016	0
0.82669	5.2	0
0.82694	5.1974	0
0.82717	5.1947	0
0.82742	5.1931	0
0.82765	5.1915	0
0.82789	5.191	0
0.82814	5.1905	0
0.82837	5.1889	0
0.82861	5.1873	0
0.82885	5.1857	0
0.82909	5.1841	0
0.82933	5.1815	0
0.82957	5.1778	0
0.82981	5.1741	0
0.83005	5.1693	0
0.83029	5.1646	0
0.83053	5.1608	0
0.83077	5.1571	0
0.83101	5.1524	0
0.83125	5.1476	0
0.83149	5.1429	0
0.83173	5.1381	0
0.83197	5.1344	0
0.83221	5.1307	0
0.83245	5.127	0
0.83269	5.1233	0
0.83293	5.1196	0
0.83317	5.1159	0
0.83341	5.1122	0
0.83365	5.1085	0
0.83389	5.1058	0
0.83413	5.1021	0
0.83437	5.0984	0
0.83461	5.0947	0
0.83485	5.091	0
0.83509	5.0862	0
0.83533	5.0815	0
0.83557	5.0767	0
0.83581	5.072	0
0.83605	5.0672	0
0.83629	5.0635	0
0.83653	5.0587	0
0.83677	5.055	0
0.83701	5.0503	0
0.83726	5.0455	0
0.83749	5.0397	0
0.83773	5.0349	0
0.83797	5.0302	0
0.83821	5.0254	0
0.83846	5.0206	0
0.83869	5.0169	0
0.83893	5.0132	0
0.83918	5.0085	0
0.83941	5.0048	0
0.83965	5.0021	0
0.83989	4.9974	0
0.84014	4.9926	0
0.84038	4.9878	0
0.84062	4.9841	0
0.84085	4.9794	0
0.84109	4.9746	0
0.84133	4.9698	0
0.84157	4.9651	0
0.84181	4.9603	0
0.84206	4.9556	0
0.8423	4.9508	0
0.84254	4.9471	0
0.84278	4.9444	0
0.84302	4.9407	0
0.84326	4.936	0
0.8435	4.9333	0
0.84374	4.9307	0
0.84398	4.9291	0
0.84422	4.9265	0
0.84446	4.9238	0
0.8447	4.9222	0
0.84494	4.9196	0
0.84518	4.9169	0
0.84542	4.9143	0
0.84566	4.9116	0
0.8459	4.9079	0
0.84614	4.9053	0
0.84638	4.9016	0
0.84662	4.8989	0
0.84687	4.8963	0
0.8471	4.8926	0
0.84735	4.8889	0
0.84759	4.8841	0
0.84783	4.8794	0
0.84807	4.8767	0
0.84831	4.873	0
0.84855	4.8704	0
0.84879	4.8677	0
0.84903	4.8651	0
0.84927	4.8614	0
0.84951	4.8598	0
0.84975	4.8571	0
0.84999	4.8556	0
0.85024	4.8529	0
0.85047	4.8513	0
0.85071	4.8497	0
0.85095	4.8481	0
0.85119	4.8476	0
0.85144	4.8471	0
0.85168	4.8466	0
0.85192	4.846	0
0.85216	4.8455	0
0.8524	4.846	0
0.85264	4.8466	0
0.85288	4.8481	0
0.85312	4.8487	0
0.85336	4.8471	0
0.8536	4.8455	0
0.85384	4.8439	0
0.85408	4.8413	0
0.85432	4.8386	0
0.85457	4.8349	0
0.85481	4.8302	0
0.85505	4.8275	0
0.85529	4.8228	0
0.85553	4.818	0
0.85577	4.8122	0
0.85601	4.8053	0
0.85625	4.8016	0
0.85649	4.7968	0
0.85673	4.791	0
0.85698	4.7873	0