123.984000000000	2.79428038315086	2.11731973486806
20.6640000000000	1.89637484699413	0.520622281805162
11.2712727272727	1.84696776908488	0.292455022248510
7.74900000000000	1.83520879339071	0.203325638665115
5.90400000000000	1.83093456599300	0.156305422004412
4.76861538461538	1.82912268147371	0.127435410626584
3.99948387096774	1.82839490815639	0.108018239997804
3.44400000000000	1.82824035569346	0.0941424356288844
3.02400000000000	1.82844266465365	0.0838008229418693
2.69530434782609	1.82889656845009	0.0758462793319991
2.43105882352941	1.82954152048224	0.0695857396920091
2.21400000000000	1.83034685310298	0.0645724605692267
2.03252459016393	1.83129490261696	0.0605063662011275
1.87854545454545	1.83236984424902	0.0571773216683443
1.74625352112676	1.83356850109787	0.0544375625673297
1.63136842105263	1.83488215325355	0.0521777378619314
1.53066666666667	1.83631189568098	0.0503128037330161
1.44167441860465	1.83785200626251	0.0487852121359510
1.36246153846154	1.83950809742432	0.0475398831472649
1.29150000000000	1.84127573352312	0.0465438165722309
1.22756435643564	1.84315879073401	0.0457638269822693
1.16966037735849	1.84515609882981	0.0451777494884398
1.11697297297297	1.84726940205963	0.0447687813741694
1.06882758620690	1.84950312125201	0.0445173620168122
1.02466115702479	1.85185655011811	0.0444148873165981
0.984000000000000	1.85433708602955	0.0444525435105743
0.946442748091603	1.85694389141726	0.0446163184482473
0.911647058823529	1.85968189431628	0.0449082180426910
0.879319148936170	1.86255304847942	0.0453195145603568
0.849205479452055	1.86556477252018	0.0458467061877772
0.821086092715232	1.86871914232242	0.0464890619636040
0.794769230769231	1.87202354499046	0.0472456664536507
0.770086956521739	1.87547997029154	0.0481156831474838
0.746891566265060	1.87909576207898	0.0491007440184532
0.725052631578947	1.88287553700510	0.0502024685871438
0.704454545454545	1.88682657590362	0.0514249699676461
0.684994475138121	1.89095857820752	0.0527668882597013
0.666580645161290	1.89527615509994	0.0542374786510093
0.649130890052356	1.89978889827154	0.0558377828697247
0.632571428571429	1.90450118941990	0.0575741304910390
0.616835820895522	1.90942797871173	0.0594575973881965
0.601864077669903	1.91457589929460	0.0614888132893421
0.587601895734597	1.91995979232144	0.0636836252972580
0.574000000000000	1.92558621245534	0.0660474193143663
0.561013574660633	1.93146955033298	0.0685902607044261
0.548601769911504	1.93762171949833	0.0713297124042271
0.536727272727273	1.94405668848584	0.0742725255159410
0.525355932203390	1.95079393957224	0.0774402651840952
0.514456431535270	1.95784488079510	0.0808491017611756
0.504000000000000	1.96522840282350	0.0845143494574846
0.493960159362550	1.97296611696506	0.0884607183566200
0.484312500000000	1.98107434852370	0.0927123205329830
0.475034482758621	1.98957689736873	0.0972945555690801
0.466105263157895	1.99849739901572	0.102234308686430
0.457505535055351	2.00786235190470	0.107569624877478
0.449217391304348	2.01769527062124	0.113332277341163
0.441224199288256	2.02802998585523	0.119564307081853
0.433510489510490	2.03890029242585	0.126310737683788
0.426061855670103	2.05033773050606	0.133621888688738
0.418864864864865	2.06238623514874	0.141552050253548
0.411906976744186	2.07508541944367	0.150164902649425
0.405176470588235	2.08849179386472	0.159524208320438
0.398662379421222	2.10265773248391	0.169704272115876
0.392354430379747	2.11765745487742	0.180784668038845
0.386242990654206	2.13357684775584	0.192847518209986
0.380319018404908	2.15052729421230	0.205979715389871
0.374574018126888	2.16866239521152	0.220264805188090
0.369000000000000	2.18821000749012	0.235781756885293
0.363589442815249	2.20954959026057	0.252585414900864
0.358335260115607	2.23350426770971	0.270686744923908
0.353230769230769	2.26146399229956	0.291289183574469
0.348269662921348	2.29375660738686	0.315831242803617
0.343445983379501	2.33119053350866	0.345816864135359
0.338754098360656	2.37485172923474	0.383758694819097
0.334188679245283	2.42572721527762	0.433972951851275
0.329744680851064	2.48345083404973	0.503843274384286
0.325417322834646	2.54280256026836	0.604875905047727
0.321202072538860	2.58621898683037	0.749919094197421
0.317094629156010	2.57776305202471	0.937231216074100
0.313090909090909	2.48466385589611	1.12529306262702
0.309187032418953	2.32654196857953	1.25366962616230
0.305379310344828	2.16128485364620	1.30821719091307
0.301664233576642	2.02240374663426	1.31777346854469
0.298038461538462	1.91120382483611	1.31003819030903
0.294498812351544	1.81843971146317	1.29797264386667
0.291042253521127	1.73601593095869	1.28501412931624
0.287665893271462	1.65918366718755	1.27077552756651
0.284366972477064	1.58581687105041	1.25392788808134
0.281142857142857	1.51537339802536	1.23333958642497
0.277991031390135	1.44811191794576	1.20839071781297
0.274909090909091	1.38458773593260	1.17897548680834
0.271894736842105	1.32538174637669	1.14537189315459
0.268945770065076	1.27095829522109	1.10810874384750
0.266060085836910	1.22160807982360	1.06784657169947
0.263235668789809	1.17746119708973	1.02527794799849
0.260470588235294	1.13851422443990	0.981068111423459
0.257762993762994	1.10465505593529	0.935848701769360
0.255111111111111	1.07569743443703	0.890171315227815
0.252513238289206	1.05139848429458	0.844522807730455
0.249967741935484	1.03149633885167	0.799333908366460
0.247473053892216	1.01569089172747	0.754968865277326
0.245027667984190	1.00367854084766	0.711751791959877
0.242630136986301	0.995134447104833	0.669949675583652
0.240279069767442	0.989727740716646	0.629794411490033
0.237973128598848	0.987122477156964	0.591456494518828
0.235711026615970	0.986984260794136	0.555074707634340
0.233491525423729	0.988974927555838	0.520741209560060
0.231313432835821	0.992772790470849	0.488495459036496
0.229175600739372	0.998072503860281	0.458343455240642
0.227076923076923	1.00459173486678	0.430249408788256
0.225016333938294	1.01207130496237	0.404151365614707
0.222992805755396	1.02028069236110	0.379964065675756
0.221005347593583	1.02902882293318	0.357589594965014
0.219053003533569	1.03814603603062	0.336908284442638
0.217134851138354	1.04749403563105	0.317810878798413
0.215250000000000	1.05695951988498	0.300172328297421
0.213397590361446	1.06644688135626	0.283881931010930
0.211576791808874	1.07588432408261	0.268825368607000
0.209786802030457	1.08522117867229	0.254901954953031
0.208026845637584	1.09440407799002	0.242012987091972
0.206296173044925	1.10340476068908	0.230069697942451