0.3	2.19491	0.00626
0.301	2.19314	0.00598
0.302	2.1914	0.00571
0.303	2.18968	0.00545
0.304	2.18798	0.0052
0.305	2.1863	0.00496
0.306	2.18464	0.00473
0.307	2.183	0.0045
0.308	2.18139	0.00429
0.309	2.17979	0.00408
0.31	2.17821	0.00388
0.311	2.17665	0.00369
0.312	2.17511	0.0035
0.313	2.17359	0.00332
0.314	2.17209	0.00315
0.315	2.17061	0.00298
0.316	2.16914	0.00283
0.317	2.16769	0.00267
0.318	2.16626	0.00253
0.319	2.16484	0.00238
0.32	2.16344	0.00225
0.321	2.16206	0.00212
0.322	2.16069	0.002
0.323	2.15934	0.00188
0.324	2.158	0.00176
0.325	2.15668	0.00165
0.326	2.15537	0.00155
0.327	2.15408	0.00145
0.328	2.1528	0.00135
0.329	2.15154	0.00126
0.33	2.15029	0.00117
0.331	2.14906	0.00109
0.332	2.14784	0.00101
0.333	2.14663	9.33875E-4
0.334	2.14543	8.62095E-4
0.335	2.14425	7.93923E-4
0.336	2.14308	7.29255E-4
0.337	2.14193	6.6799E-4
0.338	2.14078	6.1003E-4
0.339	2.13965	5.55279E-4
0.34	2.13853	5.03646E-4
0.341	2.13742	4.55039E-4
0.342	2.13632	4.09374E-4
0.343	2.13524	3.66564E-4
0.344	2.13416	3.2653E-4
0.345	2.1331	2.8919E-4
0.346	2.13205	2.54469E-4
0.347	2.13101	2.22291E-4
0.348	2.12998	1.92584E-4
0.349	2.12896	1.65278E-4
0.35	2.12795	1.40305E-4
0.351	2.12695	1.17597E-4
0.352	2.12596	9.70915E-5
0.353	2.12498	7.87247E-5
0.354	2.12401	6.24365E-5
0.355	2.12305	4.81676E-5
0.356	2.1221	3.5861E-5
0.357	2.12116	2.54609E-5
0.358	2.12023	1.69133E-5
0.359	2.1193	1.01657E-5
0.36	2.11839	5.16709E-6
0.361	2.11748	1.86791E-6
0.362	2.11659	2.19976E-7
0.363	2.1157	0
0.364	2.11482	0
0.365	2.11395	0
0.366	2.11308	0
0.367	2.11223	0
0.368	2.11138	0
0.369	2.11054	0
0.37	2.10971	0
0.371	2.10889	0
0.372	2.10807	0
0.373	2.10726	0
0.374	2.10646	0
0.375	2.10567	0
0.376	2.10488	0
0.377	2.1041	0
0.378	2.10333	0
0.379	2.10256	0
0.38	2.10181	0
0.381	2.10105	0
0.382	2.10031	0
0.383	2.09957	0
0.384	2.09884	0
0.385	2.09811	0
0.386	2.09739	0
0.387	2.09668	0
0.388	2.09597	0
0.389	2.09527	0
0.39	2.09457	0
0.391	2.09388	0
0.392	2.0932	0
0.393	2.09252	0
0.394	2.09185	0
0.395	2.09118	0
0.396	2.09052	0
0.397	2.08987	0
0.398	2.08922	0
0.399	2.08857	0
0.4	2.08794	0
0.401	2.0873	0
0.402	2.08667	0
0.403	2.08605	0
0.404	2.08543	0
0.405	2.08482	0
0.406	2.08421	0
0.407	2.0836	0
0.408	2.08301	0
0.409	2.08241	0
0.41	2.08182	0
0.411	2.08124	0
0.412	2.08066	0
0.413	2.08008	0
0.414	2.07951	0
0.415	2.07894	0
0.416	2.07838	0
0.417	2.07782	0
0.418	2.07727	0
0.419	2.07672	0
0.42	2.07618	0
0.421	2.07564	0
0.422	2.0751	0
0.423	2.07457	0
0.424	2.07404	0
0.425	2.07351	0
0.426	2.07299	0
0.427	2.07247	0
0.428	2.07196	0
0.429	2.07145	0
0.43	2.07095	0
0.431	2.07044	0
0.432	2.06995	0
0.433	2.06945	0
0.434	2.06896	0
0.435	2.06847	0
0.436	2.06799	0
0.437	2.06751	0
0.438	2.06703	0
0.439	2.06656	0
0.44	2.06609	0
0.441	2.06562	0
0.442	2.06516	0
0.443	2.0647	0
0.444	2.06424	0
0.445	2.06379	0
0.446	2.06334	0
0.447	2.06289	0
0.448	2.06244	0
0.449	2.062	0
0.45	2.06156	0
0.451	2.06113	0
0.452	2.0607	0
0.453	2.06027	0
0.454	2.05984	0
0.455	2.05942	0
0.456	2.059	0
0.457	2.05858	0
0.458	2.05816	0
0.459	2.05775	0
0.46	2.05734	0
0.461	2.05694	0
0.462	2.05653	0
0.463	2.05613	0
0.464	2.05573	0
0.465	2.05534	0
0.466	2.05494	0
0.467	2.05455	0
0.468	2.05416	0
0.469	2.05378	0
0.47	2.05339	0
0.471	2.05301	0
0.472	2.05263	0
0.473	2.05226	0
0.474	2.05188	0
0.475	2.05151	0
0.476	2.05114	0
0.477	2.05078	0
0.478	2.05041	0
0.479	2.05005	0
0.48	2.04969	0
0.481	2.04934	0
0.482	2.04898	0
0.483	2.04863	0
0.484	2.04828	0
0.485	2.04793	0
0.486	2.04758	0
0.487	2.04724	0
0.488	2.04689	0
0.489	2.04655	0
0.49	2.04622	0
0.491	2.04588	0
0.492	2.04555	0
0.493	2.04521	0
0.494	2.04489	0
0.495	2.04456	0
0.496	2.04423	0
0.497	2.04391	0
0.498	2.04359	0
0.499	2.04326	0
0.5	2.04295	0
0.501	2.04263	0
0.502	2.04232	0
0.503	2.042	0
0.504	2.04169	0
0.505	2.04138	0
0.506	2.04108	0
0.507	2.04077	0
0.508	2.04047	0
0.509	2.04016	0
0.51	2.03986	0
0.511	2.03957	0
0.512	2.03927	0
0.513	2.03897	0
0.514	2.03868	0
0.515	2.03839	0
0.516	2.0381	0
0.517	2.03781	0
0.518	2.03752	0
0.519	2.03724	0
0.52	2.03696	0
0.521	2.03667	0
0.522	2.03639	0
0.523	2.03611	0
0.524	2.03584	0
0.525	2.03556	0
0.526	2.03529	0
0.527	2.03501	0
0.528	2.03474	0
0.529	2.03447	0
0.53	2.0342	0
0.531	2.03394	0
0.532	2.03367	0
0.533	2.03341	0
0.534	2.03315	0
0.535	2.03288	0
0.536	2.03262	0
0.537	2.03237	0
0.538	2.03211	0
0.539	2.03185	0
0.54	2.0316	0
0.541	2.03135	0
0.542	2.03109	0
0.543	2.03084	0
0.544	2.0306	0
0.545	2.03035	0
0.546	2.0301	0
0.547	2.02986	0
0.548	2.02961	0
0.549	2.02937	0
0.55	2.02913	0
0.551	2.02889	0
0.552	2.02865	0
0.553	2.02841	0
0.554	2.02818	0
0.555	2.02794	0
0.556	2.02771	0
0.557	2.02747	0
0.558	2.02724	0
0.559	2.02701	0
0.56	2.02678	0
0.561	2.02656	0
0.562	2.02633	0
0.563	2.0261	0
0.564	2.02588	0
0.565	2.02565	0
0.566	2.02543	0
0.567	2.02521	0
0.568	2.02499	0
0.569	2.02477	0
0.57	2.02455	0
0.571	2.02434	0
0.572	2.02412	0
0.573	2.02391	0
0.574	2.02369	0
0.575	2.02348	0
0.576	2.02327	0
0.577	2.02306	0
0.578	2.02285	0
0.579	2.02264	0
0.58	2.02243	0
0.581	2.02222	0
0.582	2.02202	0
0.583	2.02181	0
0.584	2.02161	0
0.585	2.02141	0
0.586	2.02121	0
0.587	2.02101	0
0.588	2.02081	0
0.589	2.02061	0
0.59	2.02041	0
0.591	2.02021	0
0.592	2.02002	0
0.593	2.01982	0
0.594	2.01963	0
0.595	2.01943	0
0.596	2.01924	0
0.597	2.01905	0
0.598	2.01886	0
0.599	2.01867	0
0.6	2.01848	0
0.601	2.01829	0
0.602	2.0181	0
0.603	2.01792	0
0.604	2.01773	0
0.605	2.01755	0
0.606	2.01736	0
0.607	2.01718	0
0.608	2.017	0
0.609	2.01682	0
0.61	2.01664	0
0.611	2.01646	0
0.612	2.01628	0
0.613	2.0161	0
0.614	2.01592	0
0.615	2.01575	0
0.616	2.01557	0
0.617	2.01539	0
0.618	2.01522	0
0.619	2.01505	0
0.62	2.01487	0
0.621	2.0147	0
0.622	2.01453	0
0.623	2.01436	0
0.624	2.01419	0
0.625	2.01402	0
0.626	2.01385	0
0.627	2.01369	0
0.628	2.01352	0
0.629	2.01335	0
0.63	2.01319	0
0.631	2.01302	0
0.632	2.01286	0
0.633	2.0127	0
0.634	2.01253	0
0.635	2.01237	0
0.636	2.01221	0
0.637	2.01205	0
0.638	2.01189	0
0.639	2.01173	0
0.64	2.01157	0
0.641	2.01142	0
0.642	2.01126	0
0.643	2.0111	0
0.644	2.01095	0
0.645	2.01079	0
0.646	2.01064	0
0.647	2.01048	0
0.648	2.01033	0
0.649	2.01018	0
0.65	2.01002	0
0.651	2.00987	0
0.652	2.00972	0
0.653	2.00957	0
0.654	2.00942	0
0.655	2.00927	0
0.656	2.00913	0
0.657	2.00898	0
0.658	2.00883	0
0.659	2.00869	0
0.66	2.00854	0
0.661	2.00839	0
0.662	2.00825	0
0.663	2.00811	0
0.664	2.00796	0
0.665	2.00782	0
0.666	2.00768	0
0.667	2.00753	0
0.668	2.00739	0
0.669	2.00725	0
0.67	2.00711	0
0.671	2.00697	0
0.672	2.00683	0
0.673	2.0067	0
0.674	2.00656	0
0.675	2.00642	0
0.676	2.00628	0
0.677	2.00615	0
0.678	2.00601	0
0.679	2.00588	0
0.68	2.00574	0
0.681	2.00561	0
0.682	2.00547	0
0.683	2.00534	0
0.684	2.00521	0
0.685	2.00508	0
0.686	2.00494	0
0.687	2.00481	0
0.688	2.00468	0
0.689	2.00455	0
0.69	2.00442	0
0.691	2.00429	0
0.692	2.00417	0
0.693	2.00404	0
0.694	2.00391	0
0.695	2.00378	0
0.696	2.00366	0
0.697	2.00353	0
0.698	2.0034	0
0.699	2.00328	0
0.7	2.00315	0
0.701	2.00303	0
0.702	2.00291	0
0.703	2.00278	0
0.704	2.00266	0
0.705	2.00254	0
0.706	2.00242	0
0.707	2.00229	0
0.708	2.00217	0
0.709	2.00205	0
0.71	2.00193	0
0.711	2.00181	0
0.712	2.00169	0
0.713	2.00157	0
0.714	2.00146	0
0.715	2.00134	0
0.716	2.00122	0
0.717	2.0011	0
0.718	2.00099	0
0.719	2.00087	0
0.72	2.00075	0
0.721	2.00064	0
0.722	2.00052	0
0.723	2.00041	0
0.724	2.00029	0
0.725	2.00018	0
0.726	2.00007	0
0.727	1.99995	0
0.728	1.99984	0
0.729	1.99973	0
0.73	1.99962	0
0.731	1.99951	0
0.732	1.99939	0
0.733	1.99928	0
0.734	1.99917	0
0.735	1.99906	0
0.736	1.99895	0
0.737	1.99885	0
0.738	1.99874	0
0.739	1.99863	0
0.74	1.99852	0
0.741	1.99841	0
0.742	1.99831	0
0.743	1.9982	0
0.744	1.99809	0
0.745	1.99799	0
0.746	1.99788	0
0.747	1.99778	0
0.748	1.99767	0
0.749	1.99757	0
0.75	1.99746	0
0.751	1.99736	0
0.752	1.99725	0
0.753	1.99715	0
0.754	1.99705	0
0.755	1.99695	0
0.756	1.99684	0
0.757	1.99674	0
0.758	1.99664	0
0.759	1.99654	0
0.76	1.99644	0
0.761	1.99634	0
0.762	1.99624	0
0.763	1.99614	0
0.764	1.99604	0
0.765	1.99594	0
0.766	1.99584	0
0.767	1.99574	0
0.768	1.99564	0
0.769	1.99555	0
0.77	1.99545	0
0.771	1.99535	0
0.772	1.99526	0
0.773	1.99516	0
0.774	1.99506	0
0.775	1.99497	0
0.776	1.99487	0
0.777	1.99478	0
0.778	1.99468	0
0.779	1.99459	0
0.78	1.99449	0
0.781	1.9944	0
0.782	1.9943	0
0.783	1.99421	0
0.784	1.99412	0
0.785	1.99403	0
0.786	1.99393	0
0.787	1.99384	0
0.788	1.99375	0
0.789	1.99366	0
0.79	1.99357	0
0.791	1.99347	0
0.792	1.99338	0
0.793	1.99329	0
0.794	1.9932	0
0.795	1.99311	0
0.796	1.99302	0
0.797	1.99294	0
0.798	1.99285	0
0.799	1.99276	0
0.8	1.99267	0
0.801	1.99258	0
0.802	1.99249	0
0.803	1.99241	0
0.804	1.99232	0
0.805	1.99223	0
0.806	1.99214	0
0.807	1.99206	0
0.808	1.99197	0
0.809	1.99189	0
0.81	1.9918	0
0.811	1.99171	0
0.812	1.99163	0
0.813	1.99154	0
0.814	1.99146	0
0.815	1.99138	0
0.816	1.99129	0
0.817	1.99121	0
0.818	1.99112	0
0.819	1.99104	0
0.82	1.99096	0
0.821	1.99088	0
0.822	1.99079	0
0.823	1.99071	0
0.824	1.99063	0
0.825	1.99055	0
0.826	1.99046	0
0.827	1.99038	0
0.828	1.9903	0
0.829	1.99022	0
0.83	1.99014	0
0.831	1.99006	0
0.832	1.98998	0
0.833	1.9899	0
0.834	1.98982	0
0.835	1.98974	0
0.836	1.98966	0
0.837	1.98958	0
0.838	1.98951	0
0.839	1.98943	0
0.84	1.98935	0
0.841	1.98927	0
0.842	1.98919	0
0.843	1.98912	0
0.844	1.98904	0
0.845	1.98896	0
0.846	1.98888	0
0.847	1.98881	0
0.848	1.98873	0
0.849	1.98866	0
0.85	1.98858	0
0.851	1.9885	0
0.852	1.98843	0
0.853	1.98835	0
0.854	1.98828	0
0.855	1.9882	0
0.856	1.98813	0
0.857	1.98805	0
0.858	1.98798	0
0.859	1.98791	0
0.86	1.98783	0
0.861	1.98776	0
0.862	1.98769	0
0.863	1.98761	0
0.864	1.98754	0
0.865	1.98747	0
0.866	1.98739	0
0.867	1.98732	0
0.868	1.98725	0
0.869	1.98718	0
0.87	1.98711	0
0.871	1.98704	0
0.872	1.98696	0
0.873	1.98689	0
0.874	1.98682	0
0.875	1.98675	0
0.876	1.98668	0
0.877	1.98661	0
0.878	1.98654	0
0.879	1.98647	0
0.88	1.9864	0
0.881	1.98633	0
0.882	1.98626	0
0.883	1.98619	0
0.884	1.98613	0
0.885	1.98606	0
0.886	1.98599	0
0.887	1.98592	0
0.888	1.98585	0
0.889	1.98578	0
0.89	1.98572	0
0.891	1.98565	0
0.892	1.98558	0
0.893	1.98551	0
0.894	1.98545	0
0.895	1.98538	0
0.896	1.98531	0
0.897	1.98525	0
0.898	1.98518	0
0.899	1.98511	0
0.9	1.98505	0
0.901	1.98498	0
0.902	1.98492	0
0.903	1.98485	0
0.904	1.98479	0
0.905	1.98472	0
0.906	1.98466	0
0.907	1.98459	0
0.908	1.98453	0
0.909	1.98446	0
0.91	1.9844	0
0.911	1.98434	0
0.912	1.98427	0
0.913	1.98421	0
0.914	1.98415	0
0.915	1.98408	0
0.916	1.98402	0
0.917	1.98396	0
0.918	1.98389	0
0.919	1.98383	0
0.92	1.98377	0
0.921	1.98371	0
0.922	1.98364	0
0.923	1.98358	0
0.924	1.98352	0
0.925	1.98346	0
0.926	1.9834	0
0.927	1.98334	0
0.928	1.98328	0
0.929	1.98321	0
0.93	1.98315	0
0.931	1.98309	0
0.932	1.98303	0
0.933	1.98297	0
0.934	1.98291	0
0.935	1.98285	0
0.936	1.98279	0
0.937	1.98273	0
0.938	1.98267	0
0.939	1.98261	0
0.94	1.98255	0
0.941	1.9825	0
0.942	1.98244	0
0.943	1.98238	0
0.944	1.98232	0
0.945	1.98226	0
0.946	1.9822	0
0.947	1.98214	0
0.948	1.98209	0
0.949	1.98203	0
0.95	1.98197	0
0.951	1.98191	0
0.952	1.98186	0
0.953	1.9818	0
0.954	1.98174	0
0.955	1.98168	0
0.956	1.98163	0
0.957	1.98157	0
0.958	1.98151	0
0.959	1.98146	0
0.96	1.9814	0
0.961	1.98135	0
0.962	1.98129	0
0.963	1.98123	0
0.964	1.98118	0
0.965	1.98112	0
0.966	1.98107	0
0.967	1.98101	0
0.968	1.98096	0
0.969	1.9809	0
0.97	1.98085	0
0.971	1.98079	0
0.972	1.98074	0
0.973	1.98068	0
0.974	1.98063	0
0.975	1.98057	0
0.976	1.98052	0
0.977	1.98047	0
0.978	1.98041	0
0.979	1.98036	0
0.98	1.98031	0
0.981	1.98025	0
0.982	1.9802	0
0.983	1.98015	0
0.984	1.98009	0
0.985	1.98004	0
0.986	1.97999	0
0.987	1.97994	0
0.988	1.97988	0
0.989	1.97983	0
0.99	1.97978	0
0.991	1.97973	0
0.992	1.97967	0
0.993	1.97962	0
0.994	1.97957	0
0.995	1.97952	0
0.996	1.97947	0
0.997	1.97942	0
0.998	1.97936	0
0.999	1.97931	0
1	1.97926	0
1.001	1.97921	0
1.002	1.97916	0
1.003	1.97911	0
1.004	1.97906	0
1.005	1.97901	0
1.006	1.97896	0
1.007	1.97891	0
1.008	1.97886	0
1.009	1.97881	0
1.01	1.97876	0
1.011	1.97871	0
1.012	1.97866	0
1.013	1.97861	0
1.014	1.97856	0
1.015	1.97851	0
1.016	1.97846	0
1.017	1.97842	0
1.018	1.97837	0
1.019	1.97832	0
1.02	1.97827	0
1.021	1.97822	0
1.022	1.97817	0
1.023	1.97812	0
1.024	1.97808	0
1.025	1.97803	0
1.026	1.97798	0
1.027	1.97793	0
1.028	1.97788	0
1.029	1.97784	0
1.03	1.97779	0
1.031	1.97774	0
1.032	1.97769	0
1.033	1.97765	0
1.034	1.9776	0
1.035	1.97755	0
1.036	1.97751	0
1.037	1.97746	0
1.038	1.97741	0
1.039	1.97737	0
1.04	1.97732	0
1.041	1.97727	0
1.042	1.97723	0
1.043	1.97718	0
1.044	1.97714	0
1.045	1.97709	0
1.046	1.97704	0
1.047	1.977	0
1.048	1.97695	0
1.049	1.97691	0
1.05	1.97686	0
1.051	1.97682	0
1.052	1.97677	0
1.053	1.97673	0
1.054	1.97668	0
1.055	1.97664	0
1.056	1.97659	0
1.057	1.97655	0
1.058	1.9765	0
1.059	1.97646	0
1.06	1.97642	0
1.061	1.97637	0
1.062	1.97633	0
1.063	1.97628	0
1.064	1.97624	0
1.065	1.9762	0
1.066	1.97615	0
1.067	1.97611	0
1.068	1.97606	0
1.069	1.97602	0
1.07	1.97598	0
1.071	1.97593	0
1.072	1.97589	0
1.073	1.97585	0
1.074	1.97581	0
1.075	1.97576	0
1.076	1.97572	0
1.077	1.97568	0
1.078	1.97563	0
1.079	1.97559	0
1.08	1.97555	0
1.081	1.97551	0
1.082	1.97546	0
1.083	1.97542	0
1.084	1.97538	0
1.085	1.97534	0
1.086	1.9753	0
1.087	1.97526	0
1.088	1.97521	0
1.089	1.97517	0
1.09	1.97513	0
1.091	1.97509	0
1.092	1.97505	0
1.093	1.97501	0
1.094	1.97497	0
1.095	1.97492	0
1.096	1.97488	0
1.097	1.97484	0
1.098	1.9748	0
1.099	1.97476	0
1.1	1.97472	0
1.101	1.97468	0
1.102	1.97464	0
1.103	1.9746	0
1.104	1.97456	0
1.105	1.97452	0
1.106	1.97448	0
1.107	1.97444	0
1.108	1.9744	0
1.109	1.97436	0
1.11	1.97432	0
1.111	1.97428	0
1.112	1.97424	0
1.113	1.9742	0
1.114	1.97416	0
1.115	1.97412	0
1.116	1.97408	0
1.117	1.97404	0
1.118	1.97401	0
1.119	1.97397	0
1.12	1.97393	0
1.121	1.97389	0
1.122	1.97385	0
1.123	1.97381	0
1.124	1.97377	0
1.125	1.97373	0
1.126	1.9737	0
1.127	1.97366	0
1.128	1.97362	0
1.129	1.97358	0
1.13	1.97354	0
1.131	1.9735	0
1.132	1.97347	0
1.133	1.97343	0
1.134	1.97339	0
1.135	1.97335	0
1.136	1.97332	0
1.137	1.97328	0
1.138	1.97324	0
1.139	1.9732	0
1.14	1.97317	0
1.141	1.97313	0
1.142	1.97309	0
1.143	1.97305	0
1.144	1.97302	0
1.145	1.97298	0
1.146	1.97294	0
1.147	1.97291	0
1.148	1.97287	0
1.149	1.97283	0
1.15	1.9728	0
1.151	1.97276	0
1.152	1.97272	0
1.153	1.97269	0
1.154	1.97265	0
1.155	1.97262	0
1.156	1.97258	0
1.157	1.97254	0
1.158	1.97251	0
1.159	1.97247	0
1.16	1.97244	0
1.161	1.9724	0
1.162	1.97236	0
1.163	1.97233	0
1.164	1.97229	0
1.165	1.97226	0
1.166	1.97222	0
1.167	1.97219	0
1.168	1.97215	0
1.169	1.97212	0
1.17	1.97208	0
1.171	1.97205	0
1.172	1.97201	0
1.173	1.97198	0
1.174	1.97194	0
1.175	1.97191	0
1.176	1.97187	0
1.177	1.97184	0
1.178	1.9718	0
1.179	1.97177	0
1.18	1.97173	0
1.181	1.9717	0
1.182	1.97167	0
1.183	1.97163	0
1.184	1.9716	0
1.185	1.97156	0
1.186	1.97153	0
1.187	1.9715	0
1.188	1.97146	0
1.189	1.97143	0
1.19	1.97139	0
1.191	1.97136	0
1.192	1.97133	0
1.193	1.97129	0
1.194	1.97126	0
1.195	1.97123	0
1.196	1.97119	0
1.197	1.97116	0
1.198	1.97113	0
1.199	1.97109	0
1.2	1.97106	0
1.201	1.97103	0
1.202	1.971	0
1.203	1.97096	0
1.204	1.97093	0
1.205	1.9709	0
1.206	1.97086	0
1.207	1.97083	0
1.208	1.9708	0
1.209	1.97077	0
1.21	1.97073	0
1.211	1.9707	0
1.212	1.97067	0
1.213	1.97064	0
1.214	1.9706	0
1.215	1.97057	0
1.216	1.97054	0
1.217	1.97051	0
1.218	1.97048	0
1.219	1.97044	0
1.22	1.97041	0
1.221	1.97038	0
1.222	1.97035	0
1.223	1.97032	0
1.224	1.97029	0
1.225	1.97025	0
1.226	1.97022	0
1.227	1.97019	0
1.228	1.97016	0
1.229	1.97013	0
1.23	1.9701	0
1.231	1.97007	0
1.232	1.97004	0
1.233	1.97	0
1.234	1.96997	0
1.235	1.96994	0
1.236	1.96991	0
1.237	1.96988	0
1.238	1.96985	0
1.239	1.96982	0
1.24	1.96979	0
1.241	1.96976	0
1.242	1.96973	0
1.243	1.9697	0
1.244	1.96967	0
1.245	1.96964	0
1.246	1.96961	0
1.247	1.96958	0
1.248	1.96955	0
1.249	1.96952	0
1.25	1.96949	0
1.251	1.96946	0
1.252	1.96943	0
1.253	1.9694	0
1.254	1.96937	0
1.255	1.96934	0
1.256	1.96931	0
1.257	1.96928	0
1.258	1.96925	0
1.259	1.96922	0
1.26	1.96919	0
1.261	1.96916	0
1.262	1.96913	0
1.263	1.9691	0
1.264	1.96907	0
1.265	1.96904	0
1.266	1.96901	0
1.267	1.96898	0
1.268	1.96895	0
1.269	1.96892	0
1.27	1.9689	0
1.271	1.96887	0
1.272	1.96884	0
1.273	1.96881	0
1.274	1.96878	0
1.275	1.96875	0
1.276	1.96872	0
1.277	1.96869	0
1.278	1.96867	0
1.279	1.96864	0
1.28	1.96861	0
1.281	1.96858	0
1.282	1.96855	0
1.283	1.96852	0
1.284	1.96849	0
1.285	1.96847	0
1.286	1.96844	0
1.287	1.96841	0
1.288	1.96838	0
1.289	1.96835	0
1.29	1.96833	0
1.291	1.9683	0
1.292	1.96827	0
1.293	1.96824	0
1.294	1.96821	0
1.295	1.96819	0
1.296	1.96816	0
1.297	1.96813	0
1.298	1.9681	0
1.299	1.96808	0
1.3	1.96805	0
1.301	1.96802	0
1.302	1.96799	0
1.303	1.96797	0
1.304	1.96794	0
1.305	1.96791	0
1.306	1.96789	0
1.307	1.96786	0
1.308	1.96783	0
1.309	1.9678	0
1.31	1.96778	0
1.311	1.96775	0
1.312	1.96772	0
1.313	1.9677	0
1.314	1.96767	0
1.315	1.96764	0
1.316	1.96762	0
1.317	1.96759	0
1.318	1.96756	0
1.319	1.96754	0
1.32	1.96751	0
1.321	1.96748	0
1.322	1.96746	0
1.323	1.96743	0
1.324	1.9674	0
1.325	1.96738	0
1.326	1.96735	0
1.327	1.96733	0
1.328	1.9673	0
1.329	1.96727	0
1.33	1.96725	0
1.331	1.96722	0
1.332	1.9672	0
1.333	1.96717	0
1.334	1.96714	0
1.335	1.96712	0
1.336	1.96709	0
1.337	1.96707	0
1.338	1.96704	0
1.339	1.96701	0
1.34	1.96699	0
1.341	1.96696	0
1.342	1.96694	0
1.343	1.96691	0
1.344	1.96689	0
1.345	1.96686	0
1.346	1.96684	0
1.347	1.96681	0
1.348	1.96679	0
1.349	1.96676	0
1.35	1.96674	0
1.351	1.96671	0
1.352	1.96668	0
1.353	1.96666	0
1.354	1.96663	0
1.355	1.96661	0
1.356	1.96658	0
1.357	1.96656	0
1.358	1.96654	0
1.359	1.96651	0
1.36	1.96649	0
1.361	1.96646	0
1.362	1.96644	0
1.363	1.96641	0
1.364	1.96639	0
1.365	1.96636	0
1.366	1.96634	0
1.367	1.96631	0
1.368	1.96629	0
1.369	1.96626	0
1.37	1.96624	0
1.371	1.96622	0
1.372	1.96619	0
1.373	1.96617	0
1.374	1.96614	0
1.375	1.96612	0
1.376	1.96609	0
1.377	1.96607	0
1.378	1.96605	0
1.379	1.96602	0
1.38	1.966	0
1.381	1.96597	0
1.382	1.96595	0
1.383	1.96593	0
1.384	1.9659	0
1.385	1.96588	0
1.386	1.96586	0
1.387	1.96583	0
1.388	1.96581	0
1.389	1.96578	0
1.39	1.96576	0
1.391	1.96574	0
1.392	1.96571	0
1.393	1.96569	0
1.394	1.96567	0
1.395	1.96564	0
1.396	1.96562	0
1.397	1.9656	0
1.398	1.96557	0
1.399	1.96555	0
1.4	1.96553	0
1.401	1.9655	0
1.402	1.96548	0
1.403	1.96546	0
1.404	1.96544	0
1.405	1.96541	0
1.406	1.96539	0
1.407	1.96537	0
1.408	1.96534	0
1.409	1.96532	0
1.41	1.9653	0
1.411	1.96528	0
1.412	1.96525	0
1.413	1.96523	0
1.414	1.96521	0
1.415	1.96518	0
1.416	1.96516	0
1.417	1.96514	0
1.418	1.96512	0
1.419	1.96509	0
1.42	1.96507	0
1.421	1.96505	0
1.422	1.96503	0
1.423	1.965	0
1.424	1.96498	0
1.425	1.96496	0
1.426	1.96494	0
1.427	1.96492	0
1.428	1.96489	0
1.429	1.96487	0
1.43	1.96485	0
1.431	1.96483	0
1.432	1.96481	0
1.433	1.96478	0
1.434	1.96476	0
1.435	1.96474	0
1.436	1.96472	0
1.437	1.9647	0
1.438	1.96467	0
1.439	1.96465	0
1.44	1.96463	0
1.441	1.96461	0
1.442	1.96459	0
1.443	1.96457	0
1.444	1.96454	0
1.445	1.96452	0
1.446	1.9645	0
1.447	1.96448	0
1.448	1.96446	0
1.449	1.96444	0
1.45	1.96442	0
1.451	1.96439	0
1.452	1.96437	0
1.453	1.96435	0
1.454	1.96433	0
1.455	1.96431	0
1.456	1.96429	0
1.457	1.96427	0
1.458	1.96425	0
1.459	1.96422	0
1.46	1.9642	0
1.461	1.96418	0
1.462	1.96416	0
1.463	1.96414	0
1.464	1.96412	0
1.465	1.9641	0
1.466	1.96408	0
1.467	1.96406	0
1.468	1.96404	0
1.469	1.96401	0
1.47	1.96399	0
1.471	1.96397	0
1.472	1.96395	0
1.473	1.96393	0
1.474	1.96391	0
1.475	1.96389	0
1.476	1.96387	0
1.477	1.96385	0
1.478	1.96383	0
1.479	1.96381	0
1.48	1.96379	0
1.481	1.96377	0
1.482	1.96375	0
1.483	1.96373	0
1.484	1.96371	0
1.485	1.96369	0
1.486	1.96367	0
1.487	1.96365	0
1.488	1.96363	0
1.489	1.96361	0
1.49	1.96359	0
1.491	1.96357	0
1.492	1.96355	0
1.493	1.96353	0
1.494	1.96351	0
1.495	1.96349	0
1.496	1.96347	0
1.497	1.96345	0
1.498	1.96343	0
1.499	1.96341	0
1.5	1.96339	0
1.501	1.96337	0
1.502	1.96335	0
1.503	1.96333	0
1.504	1.96331	0
1.505	1.96329	0
1.506	1.96327	0
1.507	1.96325	0
1.508	1.96323	0
1.509	1.96321	0
1.51	1.96319	0
1.511	1.96317	0
1.512	1.96315	0
1.513	1.96313	0
1.514	1.96311	0
1.515	1.96309	0
1.516	1.96307	0
1.517	1.96305	0
1.518	1.96303	0
1.519	1.96301	0
1.52	1.963	0
1.521	1.96298	0
1.522	1.96296	0
1.523	1.96294	0
1.524	1.96292	0
1.525	1.9629	0
1.526	1.96288	0
1.527	1.96286	0
1.528	1.96284	0
1.529	1.96282	0
1.53	1.9628	0
1.531	1.96279	0
1.532	1.96277	0
1.533	1.96275	0
1.534	1.96273	0
1.535	1.96271	0
1.536	1.96269	0
1.537	1.96267	0
1.538	1.96265	0
1.539	1.96264	0
1.54	1.96262	0
1.541	1.9626	0
1.542	1.96258	0
1.543	1.96256	0
1.544	1.96254	0
1.545	1.96252	0
1.546	1.96251	0
1.547	1.96249	0
1.548	1.96247	0
1.549	1.96245	0
1.55	1.96243	0
1.551	1.96241	0
1.552	1.96239	0
1.553	1.96238	0
1.554	1.96236	0
1.555	1.96234	0
1.556	1.96232	0
1.557	1.9623	0
1.558	1.96229	0
1.559	1.96227	0
1.56	1.96225	0
1.561	1.96223	0
1.562	1.96221	0
1.563	1.96219	0
1.564	1.96218	0
1.565	1.96216	0
1.566	1.96214	0
1.567	1.96212	0
1.568	1.9621	0
1.569	1.96209	0
1.57	1.96207	0
1.571	1.96205	0
1.572	1.96203	0
1.573	1.96202	0
1.574	1.962	0
1.575	1.96198	0
1.576	1.96196	0
1.577	1.96194	0
1.578	1.96193	0
1.579	1.96191	0
1.58	1.96189	0
1.581	1.96187	0
1.582	1.96186	0
1.583	1.96184	0
1.584	1.96182	0
1.585	1.9618	0
1.586	1.96179	0
1.587	1.96177	0
1.588	1.96175	0
1.589	1.96173	0
1.59	1.96172	0
1.591	1.9617	0
1.592	1.96168	0
1.593	1.96166	0
1.594	1.96165	0
1.595	1.96163	0
1.596	1.96161	0
1.597	1.9616	0
1.598	1.96158	0
1.599	1.96156	0
1.6	1.96154	0
1.601	1.96153	0
1.602	1.96151	0
1.603	1.96149	0
1.604	1.96148	0
1.605	1.96146	0
1.606	1.96144	0
1.607	1.96142	0
1.608	1.96141	0
1.609	1.96139	0
1.61	1.96137	0
1.611	1.96136	0
1.612	1.96134	0
1.613	1.96132	0
1.614	1.96131	0
1.615	1.96129	0
1.616	1.96127	0
1.617	1.96126	0
1.618	1.96124	0
1.619	1.96122	0
1.62	1.96121	0
1.621	1.96119	0
1.622	1.96117	0
1.623	1.96116	0
1.624	1.96114	0
1.625	1.96112	0
1.626	1.96111	0
1.627	1.96109	0
1.628	1.96107	0
1.629	1.96106	0
1.63	1.96104	0
1.631	1.96102	0
1.632	1.96101	0
1.633	1.96099	0
1.634	1.96098	0
1.635	1.96096	0
1.636	1.96094	0
1.637	1.96093	0
1.638	1.96091	0
1.639	1.96089	0
1.64	1.96088	0
1.641	1.96086	0
1.642	1.96085	0
1.643	1.96083	0
1.644	1.96081	0
1.645	1.9608	0
1.646	1.96078	0
1.647	1.96076	0
1.648	1.96075	0
1.649	1.96073	0
1.65	1.96072	0
1.651	1.9607	0
1.652	1.96068	0
1.653	1.96067	0
1.654	1.96065	0
1.655	1.96064	0
1.656	1.96062	0
1.657	1.96061	0
1.658	1.96059	0
1.659	1.96057	0
1.66	1.96056	0
1.661	1.96054	0
1.662	1.96053	0
1.663	1.96051	0
1.664	1.96049	0
1.665	1.96048	0
1.666	1.96046	0
1.667	1.96045	0
1.668	1.96043	0
1.669	1.96042	0
1.67	1.9604	0
1.671	1.96039	0
1.672	1.96037	0
1.673	1.96035	0
1.674	1.96034	0
1.675	1.96032	0
1.676	1.96031	0
1.677	1.96029	0
1.678	1.96028	0
1.679	1.96026	0
1.68	1.96025	0
1.681	1.96023	0
1.682	1.96022	0
1.683	1.9602	0
1.684	1.96019	0
1.685	1.96017	0
1.686	1.96015	0
1.687	1.96014	0
1.688	1.96012	0
1.689	1.96011	0
1.69	1.96009	0
1.691	1.96008	0
1.692	1.96006	0
1.693	1.96005	0
1.694	1.96003	0
1.695	1.96002	0
1.696	1.96	0
1.697	1.95999	0
1.698	1.95997	0
1.699	1.95996	0
1.7	1.95994	0
1.701	1.95993	0
1.702	1.95991	0
1.703	1.9599	0
1.704	1.95988	0
1.705	1.95987	0
1.706	1.95985	0
1.707	1.95984	0
1.708	1.95982	0
1.709	1.95981	0
1.71	1.95979	0
1.711	1.95978	0
1.712	1.95977	0
1.713	1.95975	0
1.714	1.95974	0
1.715	1.95972	0
1.716	1.95971	0
1.717	1.95969	0
1.718	1.95968	0
1.719	1.95966	0
1.72	1.95965	0
1.721	1.95963	0
1.722	1.95962	0
1.723	1.9596	0
1.724	1.95959	0
1.725	1.95958	0
1.726	1.95956	0
1.727	1.95955	0
1.728	1.95953	0
1.729	1.95952	0
1.73	1.9595	0
1.731	1.95949	0
1.732	1.95947	0
1.733	1.95946	0
1.734	1.95945	0
1.735	1.95943	0
1.736	1.95942	0
1.737	1.9594	0
1.738	1.95939	0
1.739	1.95937	0
1.74	1.95936	0
1.741	1.95935	0
1.742	1.95933	0
1.743	1.95932	0
1.744	1.9593	0
1.745	1.95929	0
1.746	1.95928	0
1.747	1.95926	0
1.748	1.95925	0
1.749	1.95923	0
1.75	1.95922	0
1.751	1.9592	0
1.752	1.95919	0
1.753	1.95918	0
1.754	1.95916	0
1.755	1.95915	0
1.756	1.95914	0
1.757	1.95912	0
1.758	1.95911	0
1.759	1.95909	0
1.76	1.95908	0
1.761	1.95907	0
1.762	1.95905	0
1.763	1.95904	0
1.764	1.95902	0
1.765	1.95901	0
1.766	1.959	0
1.767	1.95898	0
1.768	1.95897	0
1.769	1.95896	0
1.77	1.95894	0
1.771	1.95893	0
1.772	1.95891	0
1.773	1.9589	0
1.774	1.95889	0
1.775	1.95887	0
1.776	1.95886	0
1.777	1.95885	0
1.778	1.95883	0
1.779	1.95882	0
1.78	1.95881	0
1.781	1.95879	0
1.782	1.95878	0
1.783	1.95877	0
1.784	1.95875	0
1.785	1.95874	0
1.786	1.95873	0
1.787	1.95871	0
1.788	1.9587	0
1.789	1.95869	0
1.79	1.95867	0
1.791	1.95866	0
1.792	1.95865	0
1.793	1.95863	0
1.794	1.95862	0
1.795	1.95861	0
1.796	1.95859	0
1.797	1.95858	0
1.798	1.95857	0
1.799	1.95855	0
1.8	1.95854	0
1.801	1.95853	0
1.802	1.95851	0
1.803	1.9585	0
1.804	1.95849	0
1.805	1.95847	0
1.806	1.95846	0
1.807	1.95845	0
1.808	1.95843	0
1.809	1.95842	0
1.81	1.95841	0
1.811	1.9584	0
1.812	1.95838	0
1.813	1.95837	0
1.814	1.95836	0
1.815	1.95834	0
1.816	1.95833	0
1.817	1.95832	0
1.818	1.9583	0
1.819	1.95829	0
1.82	1.95828	0
1.821	1.95827	0
1.822	1.95825	0
1.823	1.95824	0
1.824	1.95823	0
1.825	1.95821	0
1.826	1.9582	0
1.827	1.95819	0
1.828	1.95818	0
1.829	1.95816	0
1.83	1.95815	0
1.831	1.95814	0
1.832	1.95813	0
1.833	1.95811	0
1.834	1.9581	0
1.835	1.95809	0
1.836	1.95807	0
1.837	1.95806	0
1.838	1.95805	0
1.839	1.95804	0
1.84	1.95802	0
1.841	1.95801	0
1.842	1.958	0
1.843	1.95799	0
1.844	1.95797	0
1.845	1.95796	0
1.846	1.95795	0
1.847	1.95794	0
1.848	1.95792	0
1.849	1.95791	0
1.85	1.9579	0
1.851	1.95789	0
1.852	1.95787	0
1.853	1.95786	0
1.854	1.95785	0
1.855	1.95784	0
1.856	1.95783	0
1.857	1.95781	0
1.858	1.9578	0
1.859	1.95779	0
1.86	1.95778	0
1.861	1.95776	0
1.862	1.95775	0
1.863	1.95774	0
1.864	1.95773	0
1.865	1.95772	0
1.866	1.9577	0
1.867	1.95769	0
1.868	1.95768	0
1.869	1.95767	0
1.87	1.95765	0
1.871	1.95764	0
1.872	1.95763	0
1.873	1.95762	0
1.874	1.95761	0
1.875	1.95759	0
1.876	1.95758	0
1.877	1.95757	0
1.878	1.95756	0
1.879	1.95755	0
1.88	1.95753	0
1.881	1.95752	0
1.882	1.95751	0
1.883	1.9575	0
1.884	1.95749	0
1.885	1.95747	0
1.886	1.95746	0
1.887	1.95745	0
1.888	1.95744	0
1.889	1.95743	0
1.89	1.95742	0
1.891	1.9574	0
1.892	1.95739	0
1.893	1.95738	0
1.894	1.95737	0
1.895	1.95736	0
1.896	1.95734	0
1.897	1.95733	0
1.898	1.95732	0
1.899	1.95731	0
1.9	1.9573	0