0.210000 1.538358 0.000000 
0.245000 1.510272 0.000000 
0.280000 1.494164 0.000000 
0.315000 1.483901 0.000000 
0.350000 1.476891 0.000000 
0.385000 1.471856 0.000000 
0.420000 1.468094 0.000000 
0.455000 1.465193 0.000000 
0.490000 1.462897 0.000000 
0.525000 1.461037 0.000000 
0.560000 1.459500 0.000000 
0.595000 1.458206 0.000000 
0.630000 1.457100 0.000000 
0.665000 1.456139 0.000000 
0.700000 1.455292 0.000000 
0.735000 1.454537 0.000000 
0.770000 1.453855 0.000000 
0.805000 1.453231 0.000000 
0.840000 1.452655 0.000000 
0.875000 1.452118 0.000000 
0.910000 1.451612 0.000000 
0.945000 1.451132 0.000000 
0.980000 1.450672 0.000000 
1.015000 1.450229 0.000000 
1.050000 1.449800 0.000000 
1.085000 1.449381 0.000000 
1.120000 1.448970 0.000000 
1.155000 1.448565 0.000000 
1.190000 1.448164 0.000000 
1.225000 1.447766 0.000000 
1.260000 1.447370 0.000000 
1.295000 1.446974 0.000000 
1.330000 1.446578 0.000000 
1.365000 1.446180 0.000000 
1.400000 1.445779 0.000000 
1.435000 1.445376 0.000000 
1.470000 1.444970 0.000000 
1.505000 1.444559 0.000000 
1.540000 1.444143 0.000000 
1.575000 1.443723 0.000000 
1.610000 1.443297 0.000000 
1.645000 1.442865 0.000000 
1.680000 1.442427 0.000000 
1.715000 1.441982 0.000000 
1.750000 1.441531 0.000000 
1.785000 1.441072 0.000000 
1.820000 1.440606 0.000000 
1.855000 1.440133 0.000000 
1.890000 1.439652 0.000000 
1.925000 1.439162 0.000000 
1.960000 1.438665 0.000000 
1.995000 1.438158 0.000000 
2.030000 1.437644 0.000000 
2.065000 1.437120 0.000000 
2.100000 1.436587 0.000000 
2.135000 1.436045 0.000000 
2.170000 1.435494 0.000000 
2.205000 1.434933 0.000000 
2.240000 1.434362 0.000000 
2.275000 1.433782 0.000000 
2.310000 1.433191 0.000000 
2.345000 1.432590 0.000000 
2.380000 1.431979 0.000000 
2.415000 1.431357 0.000000 
2.450000 1.430725 0.000000 
2.485000 1.430081 0.000000 
2.520000 1.429427 0.000000 
2.555000 1.428761 0.000000 
2.590000 1.428084 0.000000 
2.625000 1.427395 0.000000 
2.660000 1.426695 0.000000 
2.695000 1.425983 0.000000 
2.730000 1.425259 0.000000 
2.765000 1.424522 0.000000 
2.800000 1.423773 0.000000 
2.835000 1.423012 0.000000 
2.870000 1.422237 0.000000 
2.905000 1.421450 0.000000 
2.940000 1.420650 0.000000 
2.975000 1.419836 0.000000 
3.010000 1.419009 0.000000 
3.045000 1.418168 0.000000 
3.080000 1.417313 0.000000 
3.115000 1.416444 0.000000 
3.150000 1.415560 0.000000 
3.185000 1.414662 0.000000 
3.220000 1.413749 0.000000 
3.255000 1.412822 0.000000 
3.290000 1.411878 0.000000 
3.325000 1.410920 0.000000 
3.360000 1.409946 0.000000 
3.395000 1.408955 0.000000 
3.430000 1.407949 0.000000 
3.465000 1.406926 0.000000 
3.500000 1.405886 0.000000 
3.535000 1.404829 0.000000 
3.570000 1.403755 0.000000 
3.605000 1.402663 0.000000 
3.640000 1.401554 0.000000 
3.675000 1.400426 0.000000 
3.710000 1.399280 0.000000 
