0.370258362000000	2.34242400000000	0
0.371839935000000	2.33922800000000	0
0.373421631000000	2.33607300000000	0
0.375003387000000	2.33295800000000	0
0.376585205000000	2.32988200000000	0
0.378167084000000	2.32684400000000	0
0.379749054000000	2.32384400000000	0
0.381331055000000	2.32088100000000	0
0.382913147000000	2.31795400000000	0
0.384495300000000	2.31506400000000	0
0.386077484000000	2.31220900000000	0
0.387659760000000	2.30938800000000	0
0.389242096000000	2.30660200000000	0
0.390824493000000	2.30384900000000	0
0.392406952000000	2.30113000000000	0
0.393989471000000	2.29844300000000	0
0.395572083000000	2.29578900000000	0
0.397154724000000	2.29316500000000	0
0.398737396000000	2.29057300000000	0
0.400320160000000	2.28801200000000	0
0.401903015000000	2.28548000000000	0
0.403485901000000	2.28297900000000	0
0.405068817000000	2.28050600000000	0
0.406651794000000	2.27806200000000	0
0.408234863000000	2.27564700000000	0
0.409817963000000	2.27325900000000	0
0.411401184000000	2.27089900000000	0
0.412984375000000	2.26856600000000	0
0.414567627000000	2.26625900000000	0
0.416150970000000	2.26397800000000	0
0.417734375000000	2.26172400000000	0
0.419317810000000	2.25949500000000	0
0.420901306000000	2.25729000000000	0
0.422484863000000	2.25511100000000	0
0.424068451000000	2.25295600000000	0
0.425652100000000	2.25082400000000	0
0.427235779000000	2.24871700000000	0
0.428819519000000	2.24663200000000	0
0.430403381000000	2.24457100000000	0
0.431987213000000	2.24253200000000	0
0.433571106000000	2.24051500000000	0
0.435155029000000	2.23852000000000	0
0.436739075000000	2.23654700000000	0
0.438323090000000	2.23459500000000	0
0.439907166000000	2.23266400000000	0
0.441491302000000	2.23075400000000	0
0.443075500000000	2.22886400000000	0
0.444659729000000	2.22699500000000	0
0.446243988000000	2.22514500000000	0
0.447828308000000	2.22331400000000	0
0.449412689000000	2.22150300000000	0
0.450997131000000	2.21971100000000	0
0.452581543000000	2.21793800000000	0
0.454166077000000	2.21618300000000	0
0.455750580000000	2.21444600000000	0
0.457335144000000	2.21272800000000	0
0.458919769000000	2.21102700000000	0
0.460504456000000	2.20934300000000	0
0.462089172000000	2.20767700000000	0
0.463673889000000	2.20602800000000	0
0.465258698000000	2.20439500000000	0
0.466843506000000	2.20278000000000	0
0.468428375000000	2.20118000000000	0
0.470013245000000	2.19959700000000	0
0.471598206000000	2.19802900000000	0
0.473183167000000	2.19647700000000	0
0.474768158000000	2.19494100000000	0
0.476353180000000	2.19342000000000	0
0.477938293000000	2.19191400000000	0
0.479523376000000	2.19042300000000	0
0.481108551000000	2.18894600000000	0
0.482693695000000	2.18748500000000	0
0.484278900000000	2.18603700000000	0
0.485864166000000	2.18460300000000	0
0.487449463000000	2.18318400000000	0
0.489034760000000	2.18177800000000	0
0.490620117000000	2.18038600000000	0
0.492205475000000	2.17900700000000	0
0.493790863000000	2.17764100000000	0
0.495376312000000	2.17628900000000	0
0.496961761000000	2.17494900000000	0
0.498547272000000	2.17362200000000	0
0.500132751000000	2.17230800000000	0
0.501718323000000	2.17100600000000	0
0.503303894000000	2.16971700000000	0
0.504889496000000	2.16843900000000	0
0.506475159000000	2.16717300000000	0
0.508060791000000	2.16592000000000	0
0.509646484000000	2.16467800000000	0
0.511232178000000	2.16344700000000	0
0.512817871000000	2.16222800000000	0
0.514403687000000	2.16102000000000	0
0.515989380000000	2.15982300000000	0
0.517575256000000	2.15863700000000	0
0.519161011000000	2.15746200000000	0
0.520746887000000	2.15629800000000	0
0.522332764000000	2.15514400000000	0
0.523918640000000	2.15400100000000	0
0.525504517000000	2.15286800000000	0
0.527090454000000	2.15174500000000	0
0.528676392000000	2.15063200000000	0
0.530262329000000	2.14952900000000	0
0.531848328000000	2.14843600000000	0
0.533434387000000	2.14735300000000	0
0.535020386000000	2.14627900000000	0
0.536606384000000	2.14521500000000	0
0.538192505000000	2.14416100000000	0
0.539778503000000	2.14311500000000	0
0.541364624000000	2.14207900000000	0
0.542950745000000	2.14105200000000	0
0.544536804000000	2.14003300000000	0
0.546122925000000	2.13902400000000	0
0.547709106000000	2.13802300000000	0
0.549295288000000	2.13703100000000	0
0.550881409000000	2.13604800000000	0
0.552467590000000	2.13507300000000	0
0.554053833000000	2.13410600000000	0
0.555640015000000	2.13314700000000	0
0.557226196000000	2.13219700000000	0
0.558812378000000	2.13125500000000	0
0.560398621000000	2.13032100000000	0
0.561984924000000	2.12939500000000	0
0.563571167000000	2.12847600000000	0
0.565157349000000	2.12756500000000	0
0.566743652000000	2.12666200000000	0
0.568329956000000	2.12576700000000	0
0.569916199000000	2.12487800000000	0
0.571502502000000	2.12399800000000	0
0.573088745000000	2.12312400000000	0
0.574675110000000	2.12225800000000	0
0.576261353000000	2.12139900000000	0
0.577847656000000	2.12054700000000	0
0.579433960000000	2.11970200000000	0
0.581020325000000	2.11886400000000	0
0.582606567000000	2.11803200000000	0
0.584192932000000	2.11720800000000	0
0.585779236000000	2.11639000000000	0
0.587365601000000	2.11557900000000	0
0.588951843000000	2.11477400000000	0
0.590538208000000	2.11397600000000	0
0.592124512000000	2.11318400000000	0
0.593710815000000	2.11239900000000	0
0.595297180000000	2.11161900000000	0
0.596883423000000	2.11084700000000	0
0.598469788000000	2.11008000000000	0
0.600056091000000	2.10931900000000	0
0.601642395000000	2.10856400000000	0
0.603228699000000	2.10781500000000	0
0.604815002000000	2.10707200000000	0
0.606401245000000	2.10633500000000	0
0.607987610000000	2.10560400000000	0
0.609573853000000	2.10487800000000	0
0.611160095000000	2.10415800000000	0
0.612746399000000	2.10344400000000	0
0.614332642000000	2.10273500000000	0
0.615918884000000	2.10203200000000	0
0.617505188000000	2.10133400000000	0
0.619091431000000	2.10064100000000	0
0.620677612000000	2.09995400000000	0
0.622263855000000	2.09927200000000	0
0.623850037000000	2.09859500000000	0
0.625436218000000	2.09792300000000	0
0.627022400000000	2.09725600000000	0
0.628608582000000	2.09659500000000	0
0.630194763000000	2.09593800000000	0
0.631780884000000	2.09528700000000	0
0.633367065000000	2.09464000000000	0
0.634953186000000	2.09399800000000	0
0.636539307000000	2.09336100000000	0
0.638125366000000	2.09272900000000	0
0.639711487000000	2.09210100000000	0
0.641297485000000	2.09147800000000	0
0.642883545000000	2.09086000000000	0
0.644469604000000	2.09024600000000	0
0.646055603000000	2.08963700000000	0
0.647641602000000	2.08903200000000	0
0.649227600000000	2.08843100000000	0
0.650813538000000	2.08783600000000	0
0.652399475000000	2.08724400000000	0
0.653985413000000	2.08665700000000	0
0.655571289000000	2.08607300000000	0
0.657157166000000	2.08549500000000	0
0.658743042000000	2.08492000000000	0
0.660328857000000	2.08434900000000	0
0.661914673000000	2.08378300000000	0
0.663500488000000	2.08322100000000	0
0.665086243000000	2.08266200000000	0
0.666671997000000	2.08210800000000	0
0.668257690000000	2.08155800000000	0
0.669843384000000	2.08101100000000	0
0.671429077000000	2.08046900000000	0
0.673014709000000	2.07993000000000	0
0.674600342000000	2.07939500000000	0
0.676185913000000	2.07886400000000	0
0.677771484000000	2.07833600000000	0
0.679357056000000	2.07781300000000	0
0.680942505000000	2.07729200000000	0
0.682528015000000	2.07677600000000	0
0.684113464000000	2.07626300000000	0
0.685698853000000	2.07575400000000	0
0.687284302000000	2.07524800000000	0
0.688869629000000	2.07474600000000	0
0.690454956000000	2.07424700000000	0
0.692040283000000	2.07375200000000	0
0.693625549000000	2.07326000000000	0
0.695210815000000	2.07277100000000	0
0.696796021000000	2.07228600000000	0
0.698381165000000	2.07180400000000	0
0.699966309000000	2.07132500000000	0
0.701551392000000	2.07085000000000	0
0.703136475000000	2.07037800000000	0
0.704721497000000	2.06990900000000	0
0.706306519000000	2.06944300000000	0
0.707891479000000	2.06898000000000	0
0.709476379000000	2.06852100000000	0
0.711061218000000	2.06806400000000	0
0.712646118000000	2.06761100000000	0
0.714230896000000	2.06716000000000	0
0.715815674000000	2.06671300000000	0
0.717400391000000	2.06626800000000	0
0.718985046000000	2.06582700000000	0
0.720569702000000	2.06538800000000	0
0.722154297000000	2.06495300000000	0
0.723738892000000	2.06452000000000	0
0.725323364000000	2.06409000000000	0
0.726907898000000	2.06366300000000	0
0.728492310000000	2.06323800000000	0
0.730076721000000	2.06281700000000	0
0.731661072000000	2.06239800000000	0
0.733245361000000	2.06198200000000	0
0.734829651000000	2.06156800000000	0
0.736413879000000	2.06115700000000	0
0.737997986000000	2.06074900000000	0
0.739582153000000	2.06034400000000	0
0.741166199000000	2.05994100000000	0
0.742750244000000	2.05954100000000	0
0.744334229000000	2.05914300000000	0
0.745918152000000	2.05874800000000	0
0.747502075000000	2.05835500000000	0
0.749085876000000	2.05796500000000	0
0.750669678000000	2.05757800000000	0
0.752253418000000	2.05719200000000	0
0.753837036000000	2.05681000000000	0
0.755420715000000	2.05642900000000	0
0.757004272000000	2.05605100000000	0
0.758587830000000	2.05567600000000	0
0.760171265000000	2.05530300000000	0
0.761754761000000	2.05493200000000	0
0.763338074000000	2.05456300000000	0
0.764921387000000	2.05419700000000	0
0.766504639000000	2.05383300000000	0
0.768087891000000	2.05347100000000	0
0.769671021000000	2.05311200000000	0
0.771254089000000	2.05275400000000	0
0.772837158000000	2.05239900000000	0
0.774420105000000	2.05204700000000	0
0.776003052000000	2.05169600000000	0
0.777585876000000	2.05134700000000	0
0.779168701000000	2.05100100000000	0
0.780751465000000	2.05065700000000	0
0.782334106000000	2.05031400000000	0
0.783916748000000	2.04997400000000	0
0.785499329000000	2.04963600000000	0
0.787081848000000	2.04930000000000	0
0.788664246000000	2.04896600000000	0
0.790246643000000	2.04863500000000	0
0.791828979000000	2.04830500000000	0
0.793411194000000	2.04797700000000	0
0.794993408000000	2.04765100000000	0
0.796575500000000	2.04732700000000	0
0.798157593000000	2.04700500000000	0
0.799739563000000	2.04668500000000	0
0.801321472000000	2.04636600000000	0
0.802903381000000	2.04605000000000	0
0.804485168000000	2.04573500000000	0
0.806066895000000	2.04542300000000	0
0.807648560000000	2.04511200000000	0
0.809230103000000	2.04480300000000	0
0.810811646000000	2.04449600000000	0
0.812393127000000	2.04419100000000	0
0.813974487000000	2.04388700000000	0
0.815555786000000	2.04358500000000	0
0.817137085000000	2.04328500000000	0
0.818718201000000	2.04298700000000	0
0.820299316000000	2.04269100000000	0
0.821880371000000	2.04239600000000	0
0.823461304000000	2.04210300000000	0
0.825042175000000	2.04181100000000	0
0.826623047000000	2.04152200000000	0
0.828203735000000	2.04123400000000	0
0.829784363000000	2.04094700000000	0
0.831364929000000	2.04066300000000	0
0.832945496000000	2.04038000000000	0
0.834526001000000	2.04009800000000	0
0.836106262000000	2.03981800000000	0
0.837686523000000	2.03954000000000	0
0.839266785000000	2.03926300000000	0
0.840846863000000	2.03898800000000	0
0.842426941000000	2.03871500000000	0
0.844006958000000	2.03844300000000	0
0.845586792000000	2.03817200000000	0
0.847166626000000	2.03790300000000	0
0.848746277000000	2.03763600000000	0
0.850325989000000	2.03737000000000	0
0.851905579000000	2.03710600000000	0
0.853485046000000	2.03684300000000	0
0.855064453000000	2.03658100000000	0
0.856643738000000	2.03632100000000	0
0.858222961000000	2.03606300000000	0
0.859802124000000	2.03580500000000	0
0.861381165000000	2.03555000000000	0
0.862960144000000	2.03529500000000	0
0.864539063000000	2.03504300000000	0
0.866117859000000	2.03479100000000	0
0.867696594000000	2.03454100000000	0
0.869275208000000	2.03429200000000	0
0.870853821000000	2.03404500000000	0
0.872432251000000	2.03379900000000	0
0.874010620000000	2.03355400000000	0
0.875588867000000	2.03331100000000	0
0.877167114000000	2.03306900000000	0
0.878745239000000	2.03282800000000	0
0.880323120000000	2.03258900000000	0
0.881901062000000	2.03235100000000	0
0.883478882000000	2.03211400000000	0
0.885056641000000	2.03187900000000	0
0.886634399000000	2.03164400000000	0
0.888211914000000	2.03141100000000	0
0.889789368000000	2.03118000000000	0
0.891366699000000	2.03094900000000	0
0.892943970000000	2.03072000000000	0
0.894521179000000	2.03049200000000	0
0.896098267000000	2.03026500000000	0
0.897675171000000	2.03004000000000	0
0.899252136000000	2.02981500000000	0
0.900828918000000	2.02959200000000	0
0.902405579000000	2.02937000000000	0
0.903982239000000	2.02914900000000	0
0.905558716000000	2.02892900000000	0
0.907135071000000	2.02871100000000	0
0.908711426000000	2.02849300000000	0
0.910287598000000	2.02827700000000	0
0.911863647000000	2.02806200000000	0
0.913439636000000	2.02784800000000	0
0.915015503000000	2.02763500000000	0
0.916591431000000	2.02742400000000	0
0.918167114000000	2.02721300000000	0
0.919742676000000	2.02700400000000	0
0.921318176000000	2.02679500000000	0
0.922893555000000	2.02658700000000	0
0.924468750000000	2.02638100000000	0
0.926043945000000	2.02617600000000	0
0.927619019000000	2.02597200000000	0
0.929194031000000	2.02576900000000	0
0.930768860000000	2.02556700000000	0
0.932343628000000	2.02536600000000	0
0.933918274000000	2.02516600000000	0
0.935492798000000	2.02496600000000	0
0.937067200000000	2.02476900000000	0
0.938641479000000	2.02457200000000	0
0.940215698000000	2.02437600000000	0
0.941789856000000	2.02418100000000	0
0.943363770000000	2.02398700000000	0
0.944937683000000	2.02379400000000	0
0.946511414000000	2.02360200000000	0
0.948085144000000	2.02341100000000	0
0.949658691000000	2.02322100000000	0
0.951232117000000	2.02303100000000	0
0.952805359000000	2.02284300000000	0
0.954378601000000	2.02265600000000	0
0.955951660000000	2.02247000000000	0
0.957524719000000	2.02228400000000	0
0.959097534000000	2.02210000000000	0
0.960670288000000	2.02191600000000	0
0.962242859000000	2.02173400000000	0
0.963815430000000	2.02155200000000	0
0.965387817000000	2.02137100000000	0
0.966960083000000	2.02119100000000	0
0.968532227000000	2.02101200000000	0
0.970104309000000	2.02083400000000	0
0.971676147000000	2.02065700000000	0
0.973247925000000	2.02048000000000	0
0.974819641000000	2.02030500000000	0
0.976391235000000	2.02013000000000	0
0.977962708000000	2.01995600000000	0
0.979533997000000	2.01978300000000	0
0.981105164000000	2.01961100000000	0
0.982676270000000	2.01944000000000	0
0.984247192000000	2.01926900000000	0
0.985817993000000	2.01910000000000	0
0.987388672000000	2.01893100000000	0
0.988959290000000	2.01876300000000	0
0.990529663000000	2.01859600000000	0
0.992100098000000	2.01843000000000	0
0.993670227000000	2.01826400000000	0
0.995240356000000	2.01809900000000	0
0.996810242000000	2.01793500000000	0
0.998380066000000	2.01777200000000	0
0.999949829000000	2.01761000000000	0