0.191671829000000	1.62056600000000	1.25348600000000
0.193269012000000	1.63595500000000	1.24623200000000
0.194866226000000	1.65040100000000	1.23882300000000
0.196463455000000	1.66394500000000	1.23131700000000
0.198060699000000	1.67662900000000	1.22376600000000
0.199657990000000	1.68849300000000	1.21621800000000
0.201255280000000	1.69958200000000	1.20871200000000
0.202852600000000	1.70993600000000	1.20128600000000
0.204449936000000	1.71959800000000	1.19397300000000
0.206047287000000	1.72860800000000	1.18679900000000
0.207644684000000	1.73700700000000	1.17979000000000
0.209242096000000	1.74483500000000	1.17296400000000
0.210839508000000	1.75212800000000	1.16634000000000
0.212436935000000	1.75892400000000	1.15993100000000
0.214034393000000	1.76525800000000	1.15374800000000
0.215631882000000	1.77116400000000	1.14779900000000
0.217229370000000	1.77667300000000	1.14209100000000
0.218826904000000	1.78181600000000	1.13662700000000
0.220424438000000	1.78662200000000	1.13141000000000
0.222021973000000	1.79111900000000	1.12644000000000
0.223619553000000	1.79533000000000	1.12171600000000
0.225217133000000	1.79928100000000	1.11723600000000
0.226814743000000	1.80299300000000	1.11299600000000
0.228412354000000	1.80648700000000	1.10899200000000
0.230009979000000	1.80978100000000	1.10521900000000
0.231607635000000	1.81289300000000	1.10167000000000
0.233205322000000	1.81583800000000	1.09834100000000
0.234803009000000	1.81863100000000	1.09522400000000
0.236400681000000	1.82128400000000	1.09231200000000
0.237998413000000	1.82380800000000	1.08959800000000
0.239596146000000	1.82621400000000	1.08707500000000
0.241193878000000	1.82851000000000	1.08473600000000
0.242791626000000	1.83070400000000	1.08257500000000
0.244389404000000	1.83280200000000	1.08058500000000
0.245987183000000	1.83480800000000	1.07876100000000
0.247584991000000	1.83672800000000	1.07709500000000
0.249182785000000	1.83856400000000	1.07558400000000
0.250780609000000	1.84031900000000	1.07422300000000
0.252378448000000	1.84199300000000	1.07300900000000
0.253976273000000	1.84358900000000	1.07193800000000
0.255574142000000	1.84510600000000	1.07101000000000
0.257171997000000	1.84654300000000	1.07022200000000
0.258769867000000	1.84790200000000	1.06957700000000
0.260367767000000	1.84918000000000	1.06907300000000
0.261965668000000	1.85037800000000	1.06871500000000
0.263563568000000	1.85149400000000	1.06850500000000
0.265161499000000	1.85252900000000	1.06844800000000
0.266759430000000	1.85348300000000	1.06855000000000
0.268357361000000	1.85435700000000	1.06881700000000
0.269955292000000	1.85515300000000	1.06925800000000
0.271553253000000	1.85587300000000	1.06988100000000
0.273151215000000	1.85652300000000	1.07069600000000
0.274749176000000	1.85710700000000	1.07171300000000
0.276347137000000	1.85763300000000	1.07294200000000
0.277945129000000	1.85810900000000	1.07439400000000
0.279543121000000	1.85854500000000	1.07608100000000
0.281141113000000	1.85895500000000	1.07801200000000
0.282739136000000	1.85935200000000	1.08019900000000
0.284337128000000	1.85975200000000	1.08265000000000
0.285935150000000	1.86017300000000	1.08537300000000
0.287533173000000	1.86063500000000	1.08837700000000
0.289131195000000	1.86116000000000	1.09166600000000
0.290729218000000	1.86177000000000	1.09524400000000
0.292327271000000	1.86248900000000	1.09911300000000
0.293925293000000	1.86334300000000	1.10327100000000
0.295523346000000	1.86435700000000	1.10771600000000
0.297121399000000	1.86555900000000	1.11244000000000
0.298719421000000	1.86697400000000	1.11743600000000
0.300317474000000	1.86862900000000	1.12269000000000
0.301915558000000	1.87055100000000	1.12818800000000
0.303513611000000	1.87276300000000	1.13391300000000
0.305111664000000	1.87528800000000	1.13984300000000
0.306709717000000	1.87815000000000	1.14595600000000
0.308307800000000	1.88136700000000	1.15222500000000
0.309905823000000	1.88495600000000	1.15862400000000
0.311503906000000	1.88893200000000	1.16512100000000
0.313101990000000	1.89330800000000	1.17168500000000
0.314700043000000	1.89809100000000	1.17828400000000
0.316298096000000	1.90328700000000	1.18488400000000
0.317896179000000	1.90889800000000	1.19145000000000
0.319494232000000	1.91492200000000	1.19794800000000
0.321092316000000	1.92135700000000	1.20434300000000
0.322690369000000	1.92819200000000	1.21060200000000
0.324288422000000	1.93541900000000	1.21669200000000
0.325886475000000	1.94302200000000	1.22258200000000
0.327484558000000	1.95098500000000	1.22824000000000
0.329082581000000	1.95928800000000	1.23363900000000
0.330680634000000	1.96790900000000	1.23875300000000
0.332278687000000	1.97682400000000	1.24355700000000
0.333876740000000	1.98600700000000	1.24803100000000
0.335474792000000	1.99543000000000	1.25215400000000
0.337072815000000	2.00506400000000	1.25591000000000
0.338670837000000	2.01487700000000	1.25928600000000
0.340268860000000	2.02483800000000	1.26227200000000
0.341866882000000	2.03491600000000	1.26485800000000
0.343464905000000	2.04507600000000	1.26704200000000
0.345062927000000	2.05528800000000	1.26882000000000
0.346660950000000	2.06551600000000	1.27019500000000
0.348258942000000	2.07573000000000	1.27117000000000
0.349856934000000	2.08589600000000	1.27175300000000
0.351454926000000	2.09598400000000	1.27195500000000
0.353052917000000	2.10596500000000	1.27178800000000
0.354650879000000	2.11580900000000	1.27126900000000
0.356248840000000	2.12549000000000	1.27041700000000
0.357846802000000	2.13498200000000	1.26925400000000
0.359444763000000	2.14426500000000	1.26780400000000
0.361042694000000	2.15331800000000	1.26609300000000
0.362640625000000	2.16212400000000	1.26415100000000
0.364238556000000	2.17067100000000	1.26200800000000
0.365836456000000	2.17894900000000	1.25969600000000
0.367434387000000	2.18695100000000	1.25724700000000
0.369032257000000	2.19467600000000	1.25469600000000
0.370630157000000	2.20212700000000	1.25207500000000
0.372228027000000	2.20930900000000	1.24941800000000
0.373825867000000	2.21623400000000	1.24675700000000
0.375423737000000	2.22291700000000	1.24412200000000
0.377021545000000	2.22937600000000	1.24154000000000
0.378619385000000	2.23563400000000	1.23903800000000
0.380217224000000	2.24171800000000	1.23663700000000
0.381815002000000	2.24765500000000	1.23435400000000
0.383412811000000	2.25347700000000	1.23220400000000
0.385010559000000	2.25921600000000	1.23019500000000
0.386608337000000	2.26490600000000	1.22833200000000
0.388206116000000	2.27058000000000	1.22661200000000
0.389803833000000	2.27627200000000	1.22503100000000
0.391401550000000	2.28201200000000	1.22357800000000
0.392999268000000	2.28783000000000	1.22223700000000
0.394596954000000	2.29375400000000	1.22098800000000
0.396194641000000	2.29980600000000	1.21980900000000
0.397792297000000	2.30600600000000	1.21867300000000
0.399389954000000	2.31236800000000	1.21755200000000
0.400987579000000	2.31890500000000	1.21641400000000
0.402585175000000	2.32562200000000	1.21522900000000
0.404182800000000	2.33251900000000	1.21396500000000
0.405780365000000	2.33959500000000	1.21259100000000
0.407377930000000	2.34684000000000	1.21107600000000
0.408975464000000	2.35424400000000	1.20939300000000
0.410572998000000	2.36179100000000	1.20751500000000
0.412170502000000	2.36946300000000	1.20542000000000
0.413768005000000	2.37723900000000	1.20308700000000
0.415365479000000	2.38509500000000	1.20050000000000
0.416962952000000	2.39300800000000	1.19764500000000
0.418560364000000	2.40095000000000	1.19451300000000
0.420157776000000	2.40889800000000	1.19109700000000
0.421755188000000	2.41682500000000	1.18739600000000
0.423352539000000	2.42470600000000	1.18340800000000
0.424949890000000	2.43251700000000	1.17913700000000
0.426547211000000	2.44023500000000	1.17459100000000
0.428144531000000	2.44783900000000	1.16977500000000
0.429741852000000	2.45531000000000	1.16470100000000
0.431339111000000	2.46263000000000	1.15938000000000
0.432936340000000	2.46978400000000	1.15382500000000
0.434533600000000	2.47676000000000	1.14805000000000
0.436130768000000	2.48354500000000	1.14206900000000
0.437727936000000	2.49013000000000	1.13589800000000
0.439325104000000	2.49650900000000	1.12955000000000
0.440922211000000	2.50267500000000	1.12304000000000
0.442519348000000	2.50862400000000	1.11638200000000
0.444116394000000	2.51435400000000	1.10958900000000
0.445713470000000	2.51986400000000	1.10267400000000
0.447310486000000	2.52515100000000	1.09564900000000
0.448907532000000	2.53021800000000	1.08852500000000
0.450504486000000	2.53506500000000	1.08131200000000
0.452101471000000	2.53969300000000	1.07402000000000
0.453698395000000	2.54410400000000	1.06665600000000
0.455295319000000	2.54830000000000	1.05922900000000
0.456892181000000	2.55228200000000	1.05174600000000
0.458489014000000	2.55605300000000	1.04421300000000
0.460085846000000	2.55961400000000	1.03663600000000
0.461682678000000	2.56296800000000	1.02902000000000
0.463279449000000	2.56611500000000	1.02137100000000
0.464876160000000	2.56905700000000	1.01369300000000
0.466472900000000	2.57179400000000	1.00599200000000
0.468069580000000	2.57432700000000	0.998271000000000
0.469666199000000	2.57665600000000	0.990535000000000
0.471262848000000	2.57878300000000	0.982790000000000
0.472859436000000	2.58070600000000	0.975039000000000
0.474455994000000	2.58242700000000	0.967288000000000
0.476052551000000	2.58394400000000	0.959541000000000
0.477649017000000	2.58525900000000	0.951805000000000
0.479245514000000	2.58637100000000	0.944084000000000
0.480841949000000	2.58728100000000	0.936384000000000
0.482438385000000	2.58798900000000	0.928712000000000
0.484034760000000	2.58849600000000	0.921072000000000
0.485631104000000	2.58880200000000	0.913472000000000
0.487227386000000	2.58890900000000	0.905918000000000
0.488823669000000	2.58881900000000	0.898417000000000
0.490419983000000	2.58853300000000	0.890974000000000
0.492016174000000	2.58805400000000	0.883597000000000
0.493612366000000	2.58738400000000	0.876291000000000
0.495208496000000	2.58652700000000	0.869065000000000
0.496804596000000	2.58548600000000	0.861923000000000
0.498400696000000	2.58426400000000	0.854873000000000
0.499996735000000	2.58286700000000	0.847919000000000
0.501592712000000	2.58129900000000	0.841069000000000
0.503188721000000	2.57956400000000	0.834327000000000
0.504784668000000	2.57766900000000	0.827700000000000
0.506380554000000	2.57561800000000	0.821191000000000
0.507976410000000	2.57341800000000	0.814806000000000
0.509572266000000	2.57107400000000	0.808549000000000
0.511168060000000	2.56859400000000	0.802423000000000
0.512763794000000	2.56598300000000	0.796433000000000
0.514359497000000	2.56324800000000	0.790581000000000
0.515955200000000	2.56039600000000	0.784870000000000
0.517550903000000	2.55743400000000	0.779303000000000
0.519146484000000	2.55436800000000	0.773880000000000
0.520742065000000	2.55120600000000	0.768604000000000
0.522337524000000	2.54795400000000	0.763476000000000
0.523933044000000	2.54461900000000	0.758496000000000
0.525528503000000	2.54120800000000	0.753665000000000
0.527123901000000	2.53772700000000	0.748983000000000
0.528719299000000	2.53418300000000	0.744448000000000
0.530314575000000	2.53058200000000	0.740060000000000
0.531909851000000	2.52693100000000	0.735819000000000
0.533505127000000	2.52323400000000	0.731722000000000
0.535100342000000	2.51949900000000	0.727768000000000
0.536695496000000	2.51573100000000	0.723956000000000
0.538290649000000	2.51193400000000	0.720282000000000
0.539885681000000	2.50811400000000	0.716745000000000
0.541480713000000	2.50427600000000	0.713342000000000
0.543075745000000	2.50042500000000	0.710070000000000
0.544670654000000	2.49656400000000	0.706926000000000
0.546265564000000	2.49269700000000	0.703907000000000
0.547860474000000	2.48883000000000	0.701011000000000
0.549455261000000	2.48496400000000	0.698233000000000
0.551050049000000	2.48110400000000	0.695570000000000
0.552644775000000	2.47725200000000	0.693020000000000
0.554239441000000	2.47341200000000	0.690578000000000
0.555834106000000	2.46958500000000	0.688242000000000
0.557428650000000	2.46577400000000	0.686007000000000
0.559023254000000	2.46198100000000	0.683871000000000
0.560617737000000	2.45820900000000	0.681829000000000
0.562212158000000	2.45445800000000	0.679879000000000
0.563806580000000	2.45073000000000	0.678017000000000
0.565400940000000	2.44702600000000	0.676239000000000
0.566995239000000	2.44334900000000	0.674543000000000
0.568589478000000	2.43969700000000	0.672925000000000
0.570183716000000	2.43607300000000	0.671383000000000
0.571777954000000	2.43247600000000	0.669912000000000
0.573372009000000	2.42890800000000	0.668511000000000
0.574966125000000	2.42536800000000	0.667176000000000
0.576560120000000	2.42185700000000	0.665904000000000
0.578154114000000	2.41837500000000	0.664693000000000
0.579747986000000	2.41492100000000	0.663540000000000
0.581341919000000	2.41149600000000	0.662443000000000
0.582935669000000	2.40810000000000	0.661399000000000
0.584529480000000	2.40473100000000	0.660405000000000
0.586123169000000	2.40139000000000	0.659461000000000
0.587716858000000	2.39807700000000	0.658563000000000
0.589310486000000	2.39479000000000	0.657709000000000
0.590904053000000	2.39152900000000	0.656899000000000
0.592497559000000	2.38829400000000	0.656129000000000
0.594091003000000	2.38508400000000	0.655397000000000
0.595684448000000	2.38189800000000	0.654704000000000
0.597277771000000	2.37873600000000	0.654046000000000
0.598871094000000	2.37559700000000	0.653422000000000
0.600464294000000	2.37247900000000	0.652832000000000
0.602057495000000	2.36938300000000	0.652273000000000
0.603650635000000	2.36630700000000	0.651744000000000
0.605243774000000	2.36325100000000	0.651245000000000
0.606836792000000	2.36021400000000	0.650774000000000
0.608429749000000	2.35719600000000	0.650329000000000
0.610022644000000	2.35419400000000	0.649912000000000
0.611615540000000	2.35120900000000	0.649519000000000
0.613208374000000	2.34824000000000	0.649151000000000
0.614801086000000	2.34528500000000	0.648806000000000
0.616393738000000	2.34234500000000	0.648485000000000
0.617986389000000	2.33941900000000	0.648186000000000
0.619578979000000	2.33650400000000	0.647908000000000
0.621171509000000	2.33360200000000	0.647652000000000
0.622763977000000	2.33071100000000	0.647416000000000
0.624356323000000	2.32783100000000	0.647201000000000
0.625948730000000	2.32496000000000	0.647005000000000
0.627541016000000	2.32209900000000	0.646829000000000
0.629133179000000	2.31924600000000	0.646671000000000
0.630725403000000	2.31640100000000	0.646533000000000
0.632317505000000	2.31356300000000	0.646412000000000
0.633909546000000	2.31073100000000	0.646310000000000
0.635501526000000	2.30790600000000	0.646226000000000
0.637093445000000	2.30508600000000	0.646159000000000
0.638685303000000	2.30227100000000	0.646110000000000
0.640277100000000	2.29946000000000	0.646079000000000
0.641868835000000	2.29665400000000	0.646064000000000
0.643460571000000	2.29385000000000	0.646067000000000
0.645052124000000	2.29105000000000	0.646087000000000
0.646643677000000	2.28825200000000	0.646123000000000
0.648235229000000	2.28545600000000	0.646177000000000
0.649826660000000	2.28266100000000	0.646247000000000
0.651418030000000	2.27986800000000	0.646335000000000
0.653009338000000	2.27707600000000	0.646439000000000
0.654600525000000	2.27428400000000	0.646560000000000
0.656191711000000	2.27149200000000	0.646698000000000
0.657782837000000	2.26870000000000	0.646853000000000
0.659373901000000	2.26590700000000	0.647024000000000
0.660964844000000	2.26311300000000	0.647213000000000
0.662555786000000	2.26031900000000	0.647419000000000
0.664146606000000	2.25752200000000	0.647641000000000
0.665737427000000	2.25472400000000	0.647881000000000
0.667328125000000	2.25192400000000	0.648138000000000
0.668918762000000	2.24912200000000	0.648413000000000
0.670509338000000	2.24631700000000	0.648705000000000
0.672099854000000	2.24351000000000	0.649014000000000
0.673690308000000	2.24070000000000	0.649341000000000
0.675280640000000	2.23788600000000	0.649686000000000
0.676870972000000	2.23507000000000	0.650048000000000
0.678461243000000	2.23225000000000	0.650428000000000
0.680051392000000	2.22942700000000	0.650827000000000
0.681641479000000	2.22659900000000	0.651243000000000
0.683231567000000	2.22376900000000	0.651678000000000
0.684821472000000	2.22093400000000	0.652131000000000
0.686411377000000	2.21809500000000	0.652603000000000
0.688001221000000	2.21525200000000	0.653094000000000
0.689590942000000	2.21240500000000	0.653603000000000
0.691180664000000	2.20955300000000	0.654131000000000
0.692770264000000	2.20669700000000	0.654678000000000
0.694359741000000	2.20383700000000	0.655245000000000
0.695949280000000	2.20097200000000	0.655830000000000
0.697538696000000	2.19810300000000	0.656436000000000
0.699127991000000	2.19522900000000	0.657060000000000
0.700717224000000	2.19235000000000	0.657705000000000
0.702306396000000	2.18946600000000	0.658369000000000
0.703895508000000	2.18657800000000	0.659053000000000
0.705484497000000	2.18368600000000	0.659758000000000
0.707073486000000	2.18078800000000	0.660483000000000
0.708662354000000	2.17788600000000	0.661228000000000
0.710251160000000	2.17497900000000	0.661993000000000
0.711839905000000	2.17206700000000	0.662780000000000
0.713428589000000	2.16915100000000	0.663587000000000
0.715017151000000	2.16623000000000	0.664415000000000
0.716605591000000	2.16330500000000	0.665264000000000
0.718194031000000	2.16037500000000	0.666135000000000
0.719782410000000	2.15744000000000	0.667027000000000
0.721370728000000	2.15450100000000	0.667940000000000
0.722958862000000	2.15155700000000	0.668875000000000
0.724546997000000	2.14860900000000	0.669832000000000
0.726135071000000	2.14565700000000	0.670810000000000
0.727723022000000	2.14270000000000	0.671811000000000
0.729310913000000	2.13974000000000	0.672834000000000
0.730898743000000	2.13677500000000	0.673878000000000
0.732486450000000	2.13380600000000	0.674946000000000
0.734074097000000	2.13083400000000	0.676036000000000
0.735661682000000	2.12785800000000	0.677148000000000
0.737249146000000	2.12487700000000	0.678284000000000
0.738836548000000	2.12189400000000	0.679442000000000
0.740423889000000	2.11890600000000	0.680623000000000
0.742011108000000	2.11591600000000	0.681827000000000
0.743598267000000	2.11292200000000	0.683054000000000
0.745185425000000	2.10992500000000	0.684305000000000
0.746772400000000	2.10692500000000	0.685579000000000
0.748359314000000	2.10392200000000	0.686877000000000
0.749946167000000	2.10091600000000	0.688198000000000
0.751532898000000	2.09790800000000	0.689543000000000
0.753119629000000	2.09489700000000	0.690912000000000
0.754706177000000	2.09188300000000	0.692305000000000
0.756292725000000	2.08886800000000	0.693722000000000
0.757879150000000	2.08585000000000	0.695164000000000
0.759465454000000	2.08283100000000	0.696629000000000
0.761051758000000	2.07980900000000	0.698119000000000
0.762637939000000	2.07678700000000	0.699633000000000
0.764223999000000	2.07376200000000	0.701172000000000
0.765809998000000	2.07073700000000	0.702735000000000
0.767395935000000	2.06771000000000	0.704323000000000
0.768981750000000	2.06468200000000	0.705936000000000
0.770567505000000	2.06165400000000	0.707574000000000
0.772153198000000	2.05862500000000	0.709236000000000
0.773738708000000	2.05559500000000	0.710924000000000
0.775324219000000	2.05256600000000	0.712637000000000
0.776909607000000	2.04953600000000	0.714375000000000
0.778494934000000	2.04650700000000	0.716138000000000
0.780080200000000	2.04347700000000	0.717926000000000
0.781665283000000	2.04044900000000	0.719740000000000
0.783250366000000	2.03742100000000	0.721579000000000
0.784835327000000	2.03439400000000	0.723443000000000
0.786420166000000	2.03136800000000	0.725333000000000
0.788004944000000	2.02834300000000	0.727249000000000
0.789589661000000	2.02532000000000	0.729190000000000
0.791174194000000	2.02229900000000	0.731157000000000
0.792758728000000	2.01928000000000	0.733150000000000
0.794343140000000	2.01626300000000	0.735168000000000
0.795927490000000	2.01324800000000	0.737212000000000
0.797511719000000	2.01023600000000	0.739282000000000
0.799095825000000	2.00722600000000	0.741377000000000
0.800679932000000	2.00422000000000	0.743499000000000
0.802263855000000	2.00121700000000	0.745646000000000
0.803847778000000	1.99821700000000	0.747820000000000
0.805431519000000	1.99522100000000	0.750019000000000
0.807015259000000	1.99222900000000	0.752244000000000
0.808598755000000	1.98924100000000	0.754495000000000
0.810182251000000	1.98625800000000	0.756772000000000
0.811765747000000	1.98327900000000	0.759075000000000
0.813348999000000	1.98030500000000	0.761404000000000
0.814932251000000	1.97733600000000	0.763759000000000
0.816515320000000	1.97437200000000	0.766140000000000
0.818098328000000	1.97141400000000	0.768547000000000
0.819681274000000	1.96846200000000	0.770979000000000
0.821264160000000	1.96551500000000	0.773438000000000
0.822846863000000	1.96257500000000	0.775922000000000
0.824429504000000	1.95964200000000	0.778433000000000
0.826012024000000	1.95671500000000	0.780969000000000
0.827594543000000	1.95379500000000	0.783531000000000
0.829176880000000	1.95088300000000	0.786119000000000
0.830759094000000	1.94797800000000	0.788732000000000
0.832341187000000	1.94508100000000	0.791371000000000
0.833923340000000	1.94219100000000	0.794036000000000
0.835505249000000	1.93931000000000	0.796726000000000
0.837087097000000	1.93643700000000	0.799442000000000
0.838668823000000	1.93357300000000	0.802183000000000
0.840250488000000	1.93071800000000	0.804950000000000
0.841832153000000	1.92787200000000	0.807742000000000
0.843413574000000	1.92503600000000	0.810559000000000
0.844994934000000	1.92220900000000	0.813401000000000
0.846576172000000	1.91939200000000	0.816269000000000
0.848157349000000	1.91658600000000	0.819162000000000
0.849738403000000	1.91379000000000	0.822079000000000
0.851319336000000	1.91100400000000	0.825022000000000
0.852900208000000	1.90822900000000	0.827989000000000
0.854480957000000	1.90546600000000	0.830981000000000
0.856061646000000	1.90271400000000	0.833997000000000
0.857642090000000	1.89997300000000	0.837038000000000
0.859222534000000	1.89724500000000	0.840103000000000
0.860802917000000	1.89452800000000	0.843193000000000
0.862383118000000	1.89182400000000	0.846307000000000
0.863963257000000	1.88913200000000	0.849444000000000
0.865543335000000	1.88645400000000	0.852606000000000
0.867123230000000	1.88378800000000	0.855791000000000
0.868703003000000	1.88113600000000	0.859000000000000
0.870282837000000	1.87849700000000	0.862233000000000
0.871862427000000	1.87587200000000	0.865488000000000
0.873441895000000	1.87326100000000	0.868767000000000
0.875021301000000	1.87066400000000	0.872069000000000
0.876600586000000	1.86808200000000	0.875394000000000
0.878179810000000	1.86551400000000	0.878742000000000
0.879758789000000	1.86296200000000	0.882112000000000
0.881337769000000	1.86042400000000	0.885505000000000
0.882916687000000	1.85790100000000	0.888920000000000
0.884495422000000	1.85539500000000	0.892357000000000
0.886074036000000	1.85290400000000	0.895816000000000
0.887652649000000	1.85042900000000	0.899297000000000
0.889231079000000	1.84797000000000	0.902800000000000
0.890809387000000	1.84552800000000	0.906323000000000
0.892387573000000	1.84310200000000	0.909869000000000
0.893965637000000	1.84069300000000	0.913434000000000
0.895543640000000	1.83830200000000	0.917021000000000
0.897121460000000	1.83592700000000	0.920629000000000
0.898699341000000	1.83357000000000	0.924257000000000
0.900276978000000	1.83123000000000	0.927905000000000
0.901854492000000	1.82890900000000	0.931573000000000
0.903431946000000	1.82660500000000	0.935261000000000
0.905009277000000	1.82431900000000	0.938969000000000
0.906586548000000	1.82205200000000	0.942696000000000
0.908163574000000	1.81980300000000	0.946442000000000
0.909740540000000	1.81757300000000	0.950207000000000
0.911317505000000	1.81536200000000	0.953991000000000
0.912894226000000	1.81317000000000	0.957793000000000
0.914470825000000	1.81099700000000	0.961614000000000
0.916047363000000	1.80884300000000	0.965452000000000
0.917623840000000	1.80670900000000	0.969309000000000
0.919200073000000	1.80459500000000	0.973183000000000
0.920776245000000	1.80250000000000	0.977075000000000
0.922352356000000	1.80042600000000	0.980983000000000
0.923928345000000	1.79837100000000	0.984909000000000
0.925504211000000	1.79633700000000	0.988851000000000
0.927079895000000	1.79432300000000	0.992809000000000
0.928655457000000	1.79233000000000	0.996784000000000
0.930231079000000	1.79035700000000	1.00077500000000
0.931806335000000	1.78840500000000	1.00478000000000
0.933381653000000	1.78647400000000	1.00880200000000
0.934956848000000	1.78456400000000	1.01283900000000
0.936531860000000	1.78267500000000	1.01689100000000
0.938106750000000	1.78080700000000	1.02095700000000
0.939681519000000	1.77896100000000	1.02503700000000
0.941256165000000	1.77713600000000	1.02913200000000
0.942830750000000	1.77533200000000	1.03324100000000
0.944405151000000	1.77355100000000	1.03736300000000
0.945979492000000	1.77179000000000	1.04149800000000
0.947553711000000	1.77005200000000	1.04564700000000
0.949127747000000	1.76833500000000	1.04980800000000
0.950701660000000	1.76664100000000	1.05398200000000
0.952275574000000	1.76496800000000	1.05816900000000
0.953849243000000	1.76331700000000	1.06236700000000
0.955422852000000	1.76168900000000	1.06657700000000
0.956996277000000	1.76008200000000	1.07079800000000
0.958569641000000	1.75849800000000	1.07503100000000
0.960142883000000	1.75693600000000	1.07927500000000
0.961716003000000	1.75539700000000	1.08352900000000
0.963288940000000	1.75387900000000	1.08779400000000
0.964861816000000	1.75238500000000	1.09206900000000
0.966434570000000	1.75091200000000	1.09635400000000
0.968007141000000	1.74946200000000	1.10064900000000
0.969579590000000	1.74803500000000	1.10495300000000
0.971151978000000	1.74663000000000	1.10926600000000
0.972724243000000	1.74524800000000	1.11358800000000
0.974296265000000	1.74388800000000	1.11791900000000
0.975868347000000	1.74255000000000	1.12225800000000
0.977440125000000	1.74123600000000	1.12660500000000
0.979011902000000	1.73994400000000	1.13096000000000
0.980583496000000	1.73867400000000	1.13532300000000
0.982154968000000	1.73742700000000	1.13969300000000
0.983726379000000	1.73620200000000	1.14407000000000
0.985297546000000	1.73500000000000	1.14845300000000
0.986868652000000	1.73382100000000	1.15284400000000
0.988439636000000	1.73266300000000	1.15724000000000
0.990010437000000	1.73152900000000	1.16164300000000
0.991581177000000	1.73041700000000	1.16605100000000
0.993151733000000	1.72932700000000	1.17046500000000
0.994722290000000	1.72825900000000	1.17488500000000
0.996292603000000	1.72721400000000	1.17930900000000
0.997862793000000	1.72619200000000	1.18373900000000
0.999432800000000	1.72519100000000	1.18817300000000
1.01252185100000	1.71770500000000	1.22529800000000
1.01596447800000	1.71598800000000	1.23510100000000
1.01940655500000	1.71437400000000	1.24491300000000
1.02284796100000	1.71286300000000	1.25473200000000
1.02628881800000	1.71145400000000	1.26455700000000
1.02972900400000	1.71014500000000	1.27438500000000
1.03316870100000	1.70893600000000	1.28421400000000
1.03660778800000	1.70782600000000	1.29404200000000
1.04004626500000	1.70681400000000	1.30386700000000
1.04348425300000	1.70589800000000	1.31368700000000
1.04692175300000	1.70507800000000	1.32350100000000
1.05035864300000	1.70435200000000	1.33330600000000
1.05379504400000	1.70371800000000	1.34310200000000
1.05723095700000	1.70317600000000	1.35288600000000
1.06066626000000	1.70272500000000	1.36265600000000
1.06410119600000	1.70236200000000	1.37241200000000
1.06753552200000	1.70208700000000	1.38215200000000
1.07096948200000	1.70189900000000	1.39187400000000
1.07440295400000	1.70179500000000	1.40157700000000
1.07783593800000	1.70177500000000	1.41126000000000
1.08126843300000	1.70183700000000	1.42092200000000
1.08470043900000	1.70198000000000	1.43056100000000
1.08813208000000	1.70220200000000	1.44017600000000
1.09156335400000	1.70250200000000	1.44976700000000
1.09499414100000	1.70287900000000	1.45933100000000
1.09842456100000	1.70333100000000	1.46886900000000
1.10185461400000	1.70385600000000	1.47837900000000
1.10528418000000	1.70445400000000	1.48786100000000
1.10871350100000	1.70512300000000	1.49731300000000
1.11214233400000	1.70586100000000	1.50673600000000
1.11557080100000	1.70666700000000	1.51612700000000
1.11899890100000	1.70754000000000	1.52548700000000
1.12242675800000	1.70847800000000	1.53481500000000
1.12585424800000	1.70948000000000	1.54411000000000
1.12928137200000	1.71054500000000	1.55337200000000
1.13270825200000	1.71167100000000	1.56259900000000
1.13613464400000	1.71285700000000	1.57179300000000
1.13956091300000	1.71410100000000	1.58095200000000
1.14298681600000	1.71540300000000	1.59007600000000
1.14641247600000	1.71676100000000	1.59916400000000
1.14983776900000	1.71817300000000	1.60821700000000
1.15326293900000	1.71963900000000	1.61723400000000
1.15668774400000	1.72115700000000	1.62621400000000
1.16011242700000	1.72272600000000	1.63515700000000
1.16353674300000	1.72434400000000	1.64406400000000
1.16696081500000	1.72601100000000	1.65293400000000
1.17038476600000	1.72772600000000	1.66176700000000
1.17380847200000	1.72948600000000	1.67056200000000
1.17723205600000	1.73129200000000	1.67932000000000
1.18065527300000	1.73314200000000	1.68804100000000
1.18407836900000	1.73503400000000	1.69672400000000
1.18750134300000	1.73696800000000	1.70537000000000
1.19092419400000	1.73894300000000	1.71397800000000
1.19434680200000	1.74095700000000	1.72254800000000
1.19776928700000	1.74301000000000	1.73108200000000
1.20119165000000	1.74510000000000	1.73957700000000
1.20461389200000	1.74722700000000	1.74803600000000
1.20803588900000	1.74939000000000	1.75645700000000
1.21145788600000	1.75158700000000	1.76484100000000
1.21487976100000	1.75381700000000	1.77318700000000
1.21830151400000	1.75608100000000	1.78149700000000
1.22172326700000	1.75837600000000	1.78977000000000
1.22514489700000	1.76070200000000	1.79800700000000
1.22856640600000	1.76305800000000	1.80620600000000
1.23198803700000	1.76544400000000	1.81437000000000
1.23540942400000	1.76785700000000	1.82249700000000
1.23883081100000	1.77029900000000	1.83058900000000
1.24225219700000	1.77276700000000	1.83864500000000
1.24567358400000	1.77526100000000	1.84666500000000
1.24909484900000	1.77778000000000	1.85465000000000
1.25251623500000	1.78032300000000	1.86260100000000
1.25593750000000	1.78289000000000	1.87051600000000
1.25935888700000	1.78548000000000	1.87839700000000
1.26278027300000	1.78809300000000	1.88624400000000
1.26620166000000	1.79072700000000	1.89405600000000
1.26962304700000	1.79338200000000	1.90183500000000
1.27304455600000	1.79605700000000	1.90958100000000
1.27646606400000	1.79875100000000	1.91729400000000
1.27988769500000	1.80146500000000	1.92497300000000
1.28330932600000	1.80419700000000	1.93262100000000
1.28673120100000	1.80694700000000	1.94023600000000
1.29015307600000	1.80971400000000	1.94781900000000
1.29357495100000	1.81249700000000	1.95537100000000
1.29699707000000	1.81529700000000	1.96289100000000
1.30041918900000	1.81811200000000	1.97038100000000
1.30384155300000	1.82094200000000	1.97784000000000
1.30726403800000	1.82378600000000	1.98526900000000
1.31068676800000	1.82664500000000	1.99266700000000
1.31410949700000	1.82951700000000	2.00003700000000
1.31753247100000	1.83240200000000	2.00737700000000
1.32095544400000	1.83529900000000	2.01468800000000
1.32437878400000	1.83820900000000	2.02197000000000
1.32780224600000	1.84113000000000	2.02922400000000
1.33122595200000	1.84406200000000	2.03645000000000
1.33464978000000	1.84700500000000	2.04364900000000
1.33807397500000	1.84995800000000	2.05082100000000
1.34149829100000	1.85292100000000	2.05796500000000
1.34492285200000	1.85589400000000	2.06508400000000
1.34834765600000	1.85887600000000	2.07217600000000
1.35177270500000	1.86186700000000	2.07924200000000
1.35519812000000	1.86486600000000	2.08628200000000
1.35862377900000	1.86787300000000	2.09329800000000
1.36204956100000	1.87088900000000	2.10028900000000
1.36547583000000	1.87391100000000	2.10725500000000
1.36890222200000	1.87694100000000	2.11419700000000
1.37232897900000	1.87997700000000	2.12111600000000
1.37575610400000	1.88302100000000	2.12801100000000
1.37918359400000	1.88607000000000	2.13488300000000
1.38261132800000	1.88912500000000	2.14173300000000
1.38603942900000	1.89218600000000	2.14856000000000
1.38946789600000	1.89525200000000	2.15536500000000
1.39289672900000	1.89832400000000	2.16214900000000
1.39632592800000	1.90140000000000	2.16891100000000
1.39975549300000	1.90448100000000	2.17565200000000
1.40318542500000	1.90756700000000	2.18237300000000
1.40661584500000	1.91065700000000	2.18907300000000
1.41004663100000	1.91375100000000	2.19575300000000
1.41347778300000	1.91684800000000	2.20241400000000
1.41690942400000	1.91994900000000	2.20905500000000
1.42034143100000	1.92305400000000	2.21567800000000
1.42377380400000	1.92616100000000	2.22228200000000
1.42720678700000	1.92927200000000	2.22886800000000
1.43064025900000	1.93238600000000	2.23543500000000
1.43407397500000	1.93550200000000	2.24198500000000
1.43750842300000	1.93862100000000	2.24851800000000
1.44094311500000	1.94174200000000	2.25503300000000
1.44437854000000	1.94486500000000	2.26153300000000
1.44781433100000	1.94799100000000	2.26801500000000
1.45125073200000	1.95111800000000	2.27448200000000
1.45468750000000	1.95424700000000	2.28093300000000
1.45812487800000	1.95737800000000	2.28736900000000
1.46156286600000	1.96051100000000	2.29378900000000
1.46500134300000	1.96364500000000	2.30019500000000
1.46844030800000	1.96678000000000	2.30658600000000
1.47188000500000	1.96991600000000	2.31296400000000
1.47532006800000	1.97305400000000	2.31932700000000
1.47876098600000	1.97619300000000	2.32567700000000
1.48220227100000	1.97933200000000	2.33201300000000
1.48564428700000	1.98247300000000	2.33833700000000
1.48908679200000	1.98561400000000	2.34464800000000
1.49253002900000	1.98875600000000	2.35094600000000
1.49597387700000	1.99189900000000	2.35723300000000
1.49941821300000	1.99504200000000	2.36350800000000
1.50286340300000	1.99818600000000	2.36977100000000
1.50630920400000	2.00133000000000	2.37602400000000
1.50975561500000	2.00447500000000	2.38226500000000
1.51320263700000	2.00762000000000	2.38849500000000
1.51665051300000	2.01076600000000	2.39471500000000
1.52009887700000	2.01391200000000	2.40092500000000
1.52354809600000	2.01705800000000	2.40712600000000
1.52699804700000	2.02020400000000	2.41331700000000
1.53044860800000	2.02335100000000	2.41949800000000
1.53390002400000	2.02649800000000	2.42567100000000
1.53735205100000	2.02964500000000	2.43183500000000
1.54080493200000	2.03279200000000	2.43799000000000
1.54425842300000	2.03593900000000	2.44413700000000
1.54771276900000	2.03908700000000	2.45027600000000
1.55116784700000	2.04223400000000	2.45640800000000
1.55462377900000	2.04538200000000	2.46253200000000
1.55808044400000	2.04853000000000	2.46864900000000
1.56153796400000	2.05167800000000	2.47475900000000
1.56499633800000	2.05482700000000	2.48086200000000
1.56845532200000	2.05797600000000	2.48695900000000
1.57191528300000	2.06112400000000	2.49305000000000
1.57537609900000	2.06427300000000	2.49913400000000
1.57883764600000	2.06742200000000	2.50521300000000
1.58230017100000	2.07057200000000	2.51128700000000
1.58576342800000	2.07372200000000	2.51735500000000
1.58922766100000	2.07687200000000	2.52341800000000
1.59269274900000	2.08002300000000	2.52947700000000
1.59615869100000	2.08317400000000	2.53553100000000
1.59962561000000	2.08632500000000	2.54158000000000
1.60309338400000	2.08947700000000	2.54762500000000
1.60656213400000	2.09262900000000	2.55366700000000
1.61003161600000	2.09578300000000	2.55970500000000
1.61350219700000	2.09893600000000	2.56573900000000
1.61697375500000	2.10209100000000	2.57177000000000
1.62044616700000	2.10524600000000	2.57779900000000
1.62391955600000	2.10840200000000	2.58382400000000
1.62739392100000	2.11155900000000	2.58984700000000
1.63086926300000	2.11471700000000	2.59586700000000
1.63434558100000	2.11787500000000	2.60188500000000
1.63782299800000	2.12103500000000	2.60790100000000
1.64130139200000	2.12419600000000	2.61391500000000
1.64478064000000	2.12735800000000	2.61992800000000
1.64826098600000	2.13052200000000	2.62593900000000
1.65174243200000	2.13368700000000	2.63194900000000
1.65522485400000	2.13685300000000	2.63795800000000
1.65870837400000	2.14002100000000	2.64396600000000
1.66219299300000	2.14319100000000	2.64997400000000
1.66567846700000	2.14636200000000	2.65598100000000
1.66916528300000	2.14953400000000	2.66198700000000
1.67265307600000	2.15270900000000	2.66799400000000
1.67614196800000	2.15588600000000	2.67400100000000
1.67963183600000	2.15906500000000	2.68000700000000
1.68312304700000	2.16224600000000	2.68601500000000
1.68661523400000	2.16542900000000	2.69202200000000
1.69010864300000	2.16861400000000	2.69803100000000
1.69360314900000	2.17180300000000	2.70404100000000