0.191671829000000	1.61333800000000	1.25633000000000
0.193269012000000	1.62989600000000	1.24808000000000
0.194866226000000	1.64526100000000	1.23963800000000
0.196463455000000	1.65948200000000	1.23108400000000
0.198060699000000	1.67261400000000	1.22249500000000
0.199657990000000	1.68470900000000	1.21393600000000
0.201255280000000	1.69582300000000	1.20546700000000
0.202852600000000	1.70601300000000	1.19714000000000
0.204449936000000	1.71533200000000	1.18900100000000
0.206047287000000	1.72383700000000	1.18108900000000
0.207644684000000	1.73158100000000	1.17343700000000
0.209242096000000	1.73861700000000	1.16607500000000
0.210839508000000	1.74499600000000	1.15902600000000
0.212436935000000	1.75076800000000	1.15230900000000
0.214034393000000	1.75597900000000	1.14593900000000
0.215631882000000	1.76067500000000	1.13992800000000
0.217229370000000	1.76489800000000	1.13428200000000
0.218826904000000	1.76869000000000	1.12900900000000
0.220424438000000	1.77208700000000	1.12411000000000
0.222021973000000	1.77512400000000	1.11958600000000
0.223619553000000	1.77783600000000	1.11543700000000
0.225217133000000	1.78025200000000	1.11165900000000
0.226814743000000	1.78240100000000	1.10825000000000
0.228412354000000	1.78430700000000	1.10520500000000
0.230009979000000	1.78599500000000	1.10251900000000
0.231607635000000	1.78748700000000	1.10018700000000
0.233205322000000	1.78880100000000	1.09820500000000
0.234803009000000	1.78995600000000	1.09656600000000
0.236400681000000	1.79096900000000	1.09526700000000
0.237998413000000	1.79185500000000	1.09430300000000
0.239596146000000	1.79262700000000	1.09367000000000
0.241193878000000	1.79330000000000	1.09336600000000
0.242791626000000	1.79388600000000	1.09338900000000
0.244389404000000	1.79439700000000	1.09373600000000
0.245987183000000	1.79484500000000	1.09440800000000
0.247584991000000	1.79524200000000	1.09540300000000
0.249182785000000	1.79560200000000	1.09672300000000
0.250780609000000	1.79593500000000	1.09836900000000
0.252378448000000	1.79625600000000	1.10034100000000
0.253976273000000	1.79657900000000	1.10264200000000
0.255574142000000	1.79691700000000	1.10527300000000
0.257171997000000	1.79728700000000	1.10823500000000
0.258769867000000	1.79770500000000	1.11153100000000
0.260367767000000	1.79818900000000	1.11516000000000
0.261965668000000	1.79875600000000	1.11912300000000
0.263563568000000	1.79942600000000	1.12342000000000
0.265161499000000	1.80021900000000	1.12804700000000
0.266759430000000	1.80115700000000	1.13300300000000
0.268357361000000	1.80226000000000	1.13828200000000
0.269955292000000	1.80355000000000	1.14387800000000
0.271553253000000	1.80504900000000	1.14978500000000
0.273151215000000	1.80678100000000	1.15599000000000
0.274749176000000	1.80876600000000	1.16248500000000
0.276347137000000	1.81102700000000	1.16925300000000
0.277945129000000	1.81358500000000	1.17628200000000
0.279543121000000	1.81646000000000	1.18355200000000
0.281141113000000	1.81967100000000	1.19104400000000
0.282739136000000	1.82323700000000	1.19873900000000
0.284337128000000	1.82717300000000	1.20661300000000
0.285935150000000	1.83149600000000	1.21464200000000
0.287533173000000	1.83621800000000	1.22280000000000
0.289131195000000	1.84134900000000	1.23106200000000
0.290729218000000	1.84689900000000	1.23939900000000
0.292327271000000	1.85287500000000	1.24778400000000
0.293925293000000	1.85928000000000	1.25618700000000
0.295523346000000	1.86611900000000	1.26458000000000
0.297121399000000	1.87338900000000	1.27293300000000
0.298719421000000	1.88108900000000	1.28121900000000
0.300317474000000	1.88921400000000	1.28940800000000
0.301915558000000	1.89775800000000	1.29747400000000
0.303513611000000	1.90671200000000	1.30538700000000
0.305111664000000	1.91606500000000	1.31312400000000
0.306709717000000	1.92580400000000	1.32065900000000
0.308307800000000	1.93591700000000	1.32796700000000
0.309905823000000	1.94638600000000	1.33502800000000
0.311503906000000	1.95719500000000	1.34181900000000
0.313101990000000	1.96832600000000	1.34832300000000
0.314700043000000	1.97976000000000	1.35452000000000
0.316298096000000	1.99147500000000	1.36039500000000
0.317896179000000	2.00345200000000	1.36593300000000
0.319494232000000	2.01566800000000	1.37112200000000
0.321092316000000	2.02810200000000	1.37595100000000
0.322690369000000	2.04073000000000	1.38040900000000
0.324288422000000	2.05353100000000	1.38449000000000
0.325886475000000	2.06648200000000	1.38818600000000
0.327484558000000	2.07956000000000	1.39149400000000
0.329082581000000	2.09274100000000	1.39440900000000
0.330680634000000	2.10600500000000	1.39693100000000
0.332278687000000	2.11932800000000	1.39905800000000
0.333876740000000	2.13268900000000	1.40079200000000
0.335474792000000	2.14606700000000	1.40213500000000
0.337072815000000	2.15944000000000	1.40308900000000
0.338670837000000	2.17278700000000	1.40366100000000
0.340268860000000	2.18609000000000	1.40385600000000
0.341866882000000	2.19932700000000	1.40367900000000
0.343464905000000	2.21248200000000	1.40314100000000
0.345062927000000	2.22553400000000	1.40224800000000
0.346660950000000	2.23846700000000	1.40101100000000
0.348258942000000	2.25126400000000	1.39944100000000
0.349856934000000	2.26390800000000	1.39754900000000
0.351454926000000	2.27638400000000	1.39534900000000
0.353052917000000	2.28867700000000	1.39285400000000
0.354650879000000	2.30077200000000	1.39007900000000
0.356248840000000	2.31265600000000	1.38703900000000
0.357846802000000	2.32431800000000	1.38375200000000
0.359444763000000	2.33574600000000	1.38023500000000
0.361042694000000	2.34693000000000	1.37650800000000
0.362640625000000	2.35786100000000	1.37259000000000
0.364238556000000	2.36853300000000	1.36850200000000
0.365836456000000	2.37894000000000	1.36426700000000
0.367434387000000	2.38907900000000	1.35990800000000
0.369032257000000	2.39894800000000	1.35544800000000
0.370630157000000	2.40855000000000	1.35091100000000
0.372228027000000	2.41788700000000	1.34632100000000
0.373825867000000	2.42696700000000	1.34170300000000
0.375423737000000	2.43579900000000	1.33708200000000
0.377021545000000	2.44439600000000	1.33247900000000
0.378619385000000	2.45277300000000	1.32791600000000
0.380217224000000	2.46094800000000	1.32341400000000
0.381815002000000	2.46894500000000	1.31899100000000
0.383412811000000	2.47678500000000	1.31466100000000
0.385010559000000	2.48449600000000	1.31043600000000
0.386608337000000	2.49210700000000	1.30632400000000
0.388206116000000	2.49964600000000	1.30232800000000
0.389803833000000	2.50714300000000	1.29845000000000
0.391401550000000	2.51463000000000	1.29468300000000
0.392999268000000	2.52213600000000	1.29101700000000
0.394596954000000	2.52968800000000	1.28744000000000
0.396194641000000	2.53731400000000	1.28393200000000
0.397792297000000	2.54503600000000	1.28047000000000
0.399389954000000	2.55287300000000	1.27702800000000
0.400987579000000	2.56084200000000	1.27357700000000
0.402585175000000	2.56895400000000	1.27008400000000
0.404182800000000	2.57721400000000	1.26651800000000
0.405780365000000	2.58562300000000	1.26284100000000
0.407377930000000	2.59417600000000	1.25902200000000
0.408975464000000	2.60286500000000	1.25502600000000
0.410572998000000	2.61167300000000	1.25082100000000
0.412170502000000	2.62058200000000	1.24637700000000
0.413768005000000	2.62956900000000	1.24166800000000
0.415365479000000	2.63860400000000	1.23667100000000
0.416962952000000	2.64765900000000	1.23136700000000
0.418560364000000	2.65669900000000	1.22574100000000
0.420157776000000	2.66569100000000	1.21978500000000
0.421755188000000	2.67460000000000	1.21349200000000
0.423352539000000	2.68338800000000	1.20686300000000
0.424949890000000	2.69202200000000	1.19990300000000
0.426547211000000	2.70046700000000	1.19262100000000
0.428144531000000	2.70869100000000	1.18502900000000
0.429741852000000	2.71666400000000	1.17714600000000
0.431339111000000	2.72435800000000	1.16899100000000
0.432936340000000	2.73174800000000	1.16058800000000
0.434533600000000	2.73881500000000	1.15196300000000
0.436130768000000	2.74553900000000	1.14314400000000
0.437727936000000	2.75190800000000	1.13415800000000
0.439325104000000	2.75791000000000	1.12503700000000
0.440922211000000	2.76353900000000	1.11581100000000
0.442519348000000	2.76879100000000	1.10650900000000
0.444116394000000	2.77366700000000	1.09716200000000
0.445713470000000	2.77817000000000	1.08779700000000
0.447310486000000	2.78230600000000	1.07844300000000
0.448907532000000	2.78608300000000	1.06912500000000
0.450504486000000	2.78951300000000	1.05986600000000
0.452101471000000	2.79260800000000	1.05069000000000
0.453698395000000	2.79538400000000	1.04161700000000
0.455295319000000	2.79785500000000	1.03266300000000
0.456892181000000	2.80004000000000	1.02384500000000
0.458489014000000	2.80195500000000	1.01517600000000
0.460085846000000	2.80362000000000	1.00666800000000
0.461682678000000	2.80505300000000	0.998328000000000
0.463279449000000	2.80627100000000	0.990164000000000
0.464876160000000	2.80729400000000	0.982181000000000
0.466472900000000	2.80813900000000	0.974382000000000
0.468069580000000	2.80882300000000	0.966769000000000
0.469666199000000	2.80936200000000	0.959341000000000
0.471262848000000	2.80977300000000	0.952098000000000
0.472859436000000	2.81006900000000	0.945035000000000
0.474455994000000	2.81026400000000	0.938151000000000
0.476052551000000	2.81037100000000	0.931440000000000
0.477649017000000	2.81040100000000	0.924897000000000
0.479245514000000	2.81036400000000	0.918517000000000
0.480841949000000	2.81027000000000	0.912293000000000
0.482438385000000	2.81012700000000	0.906219000000000
0.484034760000000	2.80994200000000	0.900287000000000
0.485631104000000	2.80972200000000	0.894492000000000
0.487227386000000	2.80947100000000	0.888827000000000
0.488823669000000	2.80919500000000	0.883285000000000
0.490419983000000	2.80889700000000	0.877858000000000
0.492016174000000	2.80858000000000	0.872542000000000
0.493612366000000	2.80824800000000	0.867330000000000
0.495208496000000	2.80790100000000	0.862216000000000
0.496804596000000	2.80754100000000	0.857196000000000
0.498400696000000	2.80716900000000	0.852262000000000
0.499996735000000	2.80678700000000	0.847412000000000
0.501592712000000	2.80639200000000	0.842641000000000
0.503188721000000	2.80598700000000	0.837944000000000
0.504784668000000	2.80557000000000	0.833318000000000
0.506380554000000	2.80514200000000	0.828759000000000
0.507976410000000	2.80470100000000	0.824266000000000
0.509572266000000	2.80424700000000	0.819834000000000
0.511168060000000	2.80377900000000	0.815462000000000
0.512763794000000	2.80329600000000	0.811147000000000
0.514359497000000	2.80279800000000	0.806888000000000
0.515955200000000	2.80228400000000	0.802683000000000
0.517550903000000	2.80175200000000	0.798530000000000
0.519146484000000	2.80120200000000	0.794430000000000
0.520742065000000	2.80063400000000	0.790380000000000
0.522337524000000	2.80004700000000	0.786379000000000
0.523933044000000	2.79944000000000	0.782428000000000
0.525528503000000	2.79881200000000	0.778526000000000
0.527123901000000	2.79816400000000	0.774671000000000
0.528719299000000	2.79749400000000	0.770865000000000
0.530314575000000	2.79680300000000	0.767107000000000
0.531909851000000	2.79609100000000	0.763396000000000
0.533505127000000	2.79535700000000	0.759732000000000
0.535100342000000	2.79460000000000	0.756117000000000
0.536695496000000	2.79382200000000	0.752549000000000
0.538290649000000	2.79302300000000	0.749028000000000
0.539885681000000	2.79220200000000	0.745555000000000
0.541480713000000	2.79135900000000	0.742130000000000
0.543075745000000	2.79049600000000	0.738753000000000
0.544670654000000	2.78961100000000	0.735424000000000
0.546265564000000	2.78870700000000	0.732144000000000
0.547860474000000	2.78778300000000	0.728911000000000
0.549455261000000	2.78683900000000	0.725727000000000
0.551050049000000	2.78587700000000	0.722591000000000
0.552644775000000	2.78489600000000	0.719504000000000
0.554239441000000	2.78389800000000	0.716465000000000
0.555834106000000	2.78288300000000	0.713476000000000
0.557428650000000	2.78185200000000	0.710534000000000
0.559023254000000	2.78080400000000	0.707641000000000
0.560617737000000	2.77974200000000	0.704797000000000
0.562212158000000	2.77866600000000	0.702002000000000
0.563806580000000	2.77757600000000	0.699255000000000
0.565400940000000	2.77647400000000	0.696556000000000
0.566995239000000	2.77535900000000	0.693905000000000
0.568589478000000	2.77423400000000	0.691303000000000
0.570183716000000	2.77309800000000	0.688748000000000
0.571777954000000	2.77195100000000	0.686241000000000
0.573372009000000	2.77079700000000	0.683781000000000
0.574966125000000	2.76963300000000	0.681369000000000
0.576560120000000	2.76846200000000	0.679003000000000
0.578154114000000	2.76728500000000	0.676684000000000
0.579747986000000	2.76610200000000	0.674411000000000
0.581341919000000	2.76491300000000	0.672185000000000
0.582935669000000	2.76371900000000	0.670003000000000
0.584529480000000	2.76252200000000	0.667868000000000
0.586123169000000	2.76132200000000	0.665777000000000
0.587716858000000	2.76011800000000	0.663730000000000
0.589310486000000	2.75891400000000	0.661727000000000
0.590904053000000	2.75770800000000	0.659768000000000
0.592497559000000	2.75650100000000	0.657853000000000
0.594091003000000	2.75529400000000	0.655980000000000
0.595684448000000	2.75408800000000	0.654149000000000
0.597277771000000	2.75288300000000	0.652359000000000
0.598871094000000	2.75168100000000	0.650612000000000
0.600464294000000	2.75048000000000	0.648904000000000
0.602057495000000	2.74928200000000	0.647238000000000
0.603650635000000	2.74808800000000	0.645610000000000
0.605243774000000	2.74689800000000	0.644022000000000
0.606836792000000	2.74571200000000	0.642473000000000
0.608429749000000	2.74453100000000	0.640962000000000
0.610022644000000	2.74335500000000	0.639489000000000
0.611615540000000	2.74218500000000	0.638053000000000
0.613208374000000	2.74102100000000	0.636653000000000
0.614801086000000	2.73986400000000	0.635289000000000
0.616393738000000	2.73871400000000	0.633961000000000
0.617986389000000	2.73757100000000	0.632668000000000
0.619578979000000	2.73643600000000	0.631409000000000
0.621171509000000	2.73530800000000	0.630184000000000
0.622763977000000	2.73419000000000	0.628993000000000
0.624356323000000	2.73308000000000	0.627834000000000
0.625948730000000	2.73197900000000	0.626707000000000
0.627541016000000	2.73088700000000	0.625612000000000
0.629133179000000	2.72980500000000	0.624549000000000
0.630725403000000	2.72873200000000	0.623516000000000
0.632317505000000	2.72767000000000	0.622513000000000
0.633909546000000	2.72661800000000	0.621540000000000
0.635501526000000	2.72557600000000	0.620596000000000
0.637093445000000	2.72454500000000	0.619680000000000
0.638685303000000	2.72352500000000	0.618792000000000
0.640277100000000	2.72251600000000	0.617932000000000
0.641868835000000	2.72151800000000	0.617100000000000
0.643460571000000	2.72053200000000	0.616293000000000
0.645052124000000	2.71955700000000	0.615513000000000
0.646643677000000	2.71859400000000	0.614758000000000
0.648235229000000	2.71764300000000	0.614029000000000
0.649826660000000	2.71670300000000	0.613324000000000
0.651418030000000	2.71577500000000	0.612643000000000
0.653009338000000	2.71486000000000	0.611986000000000
0.654600525000000	2.71395700000000	0.611352000000000
0.656191711000000	2.71306600000000	0.610741000000000
0.657782837000000	2.71218800000000	0.610152000000000
0.659373901000000	2.71132200000000	0.609586000000000
0.660964844000000	2.71046800000000	0.609040000000000
0.662555786000000	2.70962700000000	0.608516000000000
0.664146606000000	2.70879900000000	0.608013000000000
0.665737427000000	2.70798300000000	0.607529000000000
0.667328125000000	2.70718000000000	0.607066000000000
0.668918762000000	2.70639000000000	0.606622000000000
0.670509338000000	2.70561200000000	0.606197000000000
0.672099854000000	2.70484700000000	0.605790000000000
0.673690308000000	2.70409500000000	0.605402000000000
0.675280640000000	2.70335600000000	0.605032000000000
0.676870972000000	2.70262900000000	0.604679000000000
0.678461243000000	2.70191500000000	0.604344000000000
0.680051392000000	2.70121400000000	0.604025000000000
0.681641479000000	2.70052500000000	0.603723000000000
0.683231567000000	2.69984900000000	0.603436000000000
0.684821472000000	2.69918600000000	0.603166000000000
0.686411377000000	2.69853600000000	0.602911000000000
0.688001221000000	2.69789800000000	0.602671000000000
0.689590942000000	2.69727300000000	0.602446000000000
0.691180664000000	2.69666000000000	0.602235000000000
0.692770264000000	2.69606000000000	0.602039000000000
0.694359741000000	2.69547200000000	0.601857000000000
0.695949280000000	2.69489700000000	0.601688000000000
0.697538696000000	2.69433400000000	0.601532000000000
0.699127991000000	2.69378300000000	0.601389000000000
0.700717224000000	2.69324500000000	0.601259000000000
0.702306396000000	2.69271900000000	0.601142000000000
0.703895508000000	2.69220500000000	0.601037000000000
0.705484497000000	2.69170300000000	0.600943000000000
0.707073486000000	2.69121300000000	0.600861000000000
0.708662354000000	2.69073600000000	0.600791000000000
0.710251160000000	2.69027000000000	0.600732000000000
0.711839905000000	2.68981600000000	0.600684000000000
0.713428589000000	2.68937400000000	0.600646000000000
0.715017151000000	2.68894400000000	0.600618000000000
0.716605591000000	2.68852500000000	0.600601000000000
0.718194031000000	2.68811800000000	0.600594000000000
0.719782410000000	2.68772300000000	0.600597000000000
0.721370728000000	2.68733900000000	0.600609000000000
0.722958862000000	2.68696600000000	0.600630000000000
0.724546997000000	2.68660500000000	0.600661000000000
0.726135071000000	2.68625500000000	0.600700000000000
0.727723022000000	2.68591600000000	0.600748000000000
0.729310913000000	2.68558900000000	0.600804000000000
0.730898743000000	2.68527200000000	0.600869000000000
0.732486450000000	2.68496700000000	0.600942000000000
0.734074097000000	2.68467200000000	0.601023000000000
0.735661682000000	2.68438900000000	0.601111000000000
0.737249146000000	2.68411600000000	0.601207000000000
0.738836548000000	2.68385300000000	0.601310000000000
0.740423889000000	2.68360200000000	0.601421000000000
0.742011108000000	2.68336000000000	0.601538000000000
0.743598267000000	2.68313000000000	0.601662000000000
0.745185425000000	2.68290900000000	0.601793000000000
0.746772400000000	2.68269900000000	0.601931000000000
0.748359314000000	2.68249900000000	0.602075000000000
0.749946167000000	2.68231000000000	0.602225000000000
0.751532898000000	2.68213000000000	0.602381000000000
0.753119629000000	2.68196100000000	0.602542000000000
0.754706177000000	2.68180100000000	0.602710000000000
0.756292725000000	2.68165100000000	0.602883000000000
0.757879150000000	2.68151100000000	0.603062000000000
0.759465454000000	2.68138100000000	0.603246000000000
0.761051758000000	2.68126000000000	0.603435000000000
0.762637939000000	2.68114900000000	0.603629000000000
0.764223999000000	2.68104800000000	0.603828000000000
0.765809998000000	2.68095500000000	0.604032000000000
0.767395935000000	2.68087300000000	0.604240000000000
0.768981750000000	2.68079900000000	0.604453000000000
0.770567505000000	2.68073500000000	0.604671000000000
0.772153198000000	2.68067900000000	0.604892000000000
0.773738708000000	2.68063300000000	0.605118000000000
0.775324219000000	2.68059600000000	0.605348000000000
0.776909607000000	2.68056700000000	0.605582000000000
0.778494934000000	2.68054700000000	0.605819000000000
0.780080200000000	2.68053700000000	0.606061000000000
0.781665283000000	2.68053400000000	0.606305000000000
0.783250366000000	2.68054100000000	0.606554000000000
0.784835327000000	2.68055600000000	0.606805000000000
0.786420166000000	2.68057900000000	0.607060000000000
0.788004944000000	2.68061100000000	0.607318000000000
0.789589661000000	2.68065100000000	0.607580000000000
0.791174194000000	2.68069900000000	0.607844000000000
0.792758728000000	2.68075600000000	0.608111000000000
0.794343140000000	2.68082000000000	0.608381000000000
0.795927490000000	2.68089300000000	0.608653000000000
0.797511719000000	2.68097400000000	0.608928000000000
0.799095825000000	2.68106200000000	0.609206000000000
0.800679932000000	2.68115900000000	0.609486000000000
0.802263855000000	2.68126300000000	0.609768000000000
0.803847778000000	2.68137500000000	0.610053000000000
0.805431519000000	2.68149400000000	0.610340000000000
0.807015259000000	2.68162100000000	0.610628000000000
0.808598755000000	2.68175600000000	0.610919000000000
0.810182251000000	2.68189700000000	0.611212000000000
0.811765747000000	2.68204700000000	0.611507000000000
0.813348999000000	2.68220300000000	0.611803000000000
0.814932251000000	2.68236700000000	0.612101000000000
0.816515320000000	2.68253800000000	0.612401000000000
0.818098328000000	2.68271600000000	0.612702000000000
0.819681274000000	2.68290100000000	0.613005000000000
0.821264160000000	2.68309400000000	0.613309000000000
0.822846863000000	2.68329300000000	0.613614000000000
0.824429504000000	2.68349800000000	0.613921000000000
0.826012024000000	2.68371100000000	0.614229000000000
0.827594543000000	2.68393000000000	0.614537000000000
0.829176880000000	2.68415700000000	0.614847000000000
0.830759094000000	2.68438900000000	0.615159000000000
0.832341187000000	2.68462800000000	0.615471000000000
0.833923340000000	2.68487400000000	0.615783000000000
0.835505249000000	2.68512600000000	0.616097000000000
0.837087097000000	2.68538500000000	0.616411000000000
0.838668823000000	2.68564900000000	0.616727000000000
0.840250488000000	2.68592000000000	0.617042000000000
0.841832153000000	2.68619800000000	0.617359000000000
0.843413574000000	2.68648100000000	0.617675000000000
0.844994934000000	2.68677000000000	0.617993000000000
0.846576172000000	2.68706600000000	0.618310000000000
0.848157349000000	2.68736700000000	0.618628000000000
0.849738403000000	2.68767400000000	0.618947000000000
0.851319336000000	2.68798700000000	0.619265000000000
0.852900208000000	2.68830600000000	0.619584000000000
0.854480957000000	2.68863100000000	0.619903000000000
0.856061646000000	2.68896100000000	0.620223000000000
0.857642090000000	2.68929700000000	0.620542000000000
0.859222534000000	2.68963800000000	0.620861000000000
0.860802917000000	2.68998500000000	0.621180000000000
0.862383118000000	2.69033700000000	0.621499000000000
0.863963257000000	2.69069500000000	0.621818000000000
0.865543335000000	2.69105800000000	0.622137000000000
0.867123230000000	2.69142600000000	0.622456000000000
0.868703003000000	2.69180000000000	0.622774000000000
0.870282837000000	2.69217900000000	0.623092000000000
0.871862427000000	2.69256300000000	0.623410000000000
0.873441895000000	2.69295100000000	0.623727000000000
0.875021301000000	2.69334500000000	0.624044000000000
0.876600586000000	2.69374400000000	0.624361000000000
0.878179810000000	2.69414800000000	0.624677000000000
0.879758789000000	2.69455600000000	0.624992000000000
0.881337769000000	2.69497000000000	0.625308000000000
0.882916687000000	2.69538800000000	0.625622000000000
0.884495422000000	2.69581100000000	0.625936000000000
0.886074036000000	2.69623900000000	0.626249000000000
0.887652649000000	2.69667100000000	0.626561000000000
0.889231079000000	2.69710800000000	0.626873000000000
0.890809387000000	2.69754900000000	0.627184000000000
0.892387573000000	2.69799500000000	0.627494000000000
0.893965637000000	2.69844500000000	0.627803000000000
0.895543640000000	2.69890000000000	0.628112000000000
0.897121460000000	2.69935800000000	0.628419000000000
0.898699341000000	2.69982100000000	0.628726000000000
0.900276978000000	2.70028900000000	0.629032000000000
0.901854492000000	2.70076000000000	0.629336000000000
0.903431946000000	2.70123600000000	0.629640000000000
0.905009277000000	2.70171500000000	0.629943000000000
0.906586548000000	2.70219900000000	0.630244000000000
0.908163574000000	2.70268700000000	0.630545000000000
0.909740540000000	2.70317900000000	0.630845000000000
0.911317505000000	2.70367400000000	0.631143000000000
0.912894226000000	2.70417400000000	0.631440000000000
0.914470825000000	2.70467700000000	0.631736000000000
0.916047363000000	2.70518400000000	0.632031000000000
0.917623840000000	2.70569500000000	0.632324000000000
0.919200073000000	2.70620900000000	0.632617000000000
0.920776245000000	2.70672700000000	0.632908000000000
0.922352356000000	2.70724900000000	0.633198000000000
0.923928345000000	2.70777400000000	0.633486000000000
0.925504211000000	2.70830200000000	0.633773000000000
0.927079895000000	2.70883500000000	0.634059000000000
0.928655457000000	2.70937000000000	0.634343000000000
0.930231079000000	2.70990900000000	0.634626000000000
0.931806335000000	2.71045100000000	0.634908000000000
0.933381653000000	2.71099700000000	0.635188000000000
0.934956848000000	2.71154600000000	0.635467000000000
0.936531860000000	2.71209800000000	0.635744000000000
0.938106750000000	2.71265300000000	0.636020000000000
0.939681519000000	2.71321100000000	0.636294000000000
0.941256165000000	2.71377300000000	0.636567000000000
0.942830750000000	2.71433700000000	0.636838000000000
0.944405151000000	2.71490500000000	0.637107000000000
0.945979492000000	2.71547500000000	0.637376000000000
0.947553711000000	2.71604800000000	0.637642000000000
0.949127747000000	2.71662400000000	0.637907000000000
0.950701660000000	2.71720400000000	0.638170000000000
0.952275574000000	2.71778600000000	0.638432000000000
0.953849243000000	2.71837100000000	0.638692000000000
0.955422852000000	2.71895800000000	0.638950000000000
0.956996277000000	2.71954800000000	0.639207000000000
0.958569641000000	2.72014100000000	0.639462000000000
0.960142883000000	2.72073700000000	0.639715000000000
0.961716003000000	2.72133500000000	0.639967000000000
0.963288940000000	2.72193500000000	0.640217000000000
0.964861816000000	2.72253800000000	0.640465000000000
0.966434570000000	2.72314400000000	0.640712000000000
0.968007141000000	2.72375200000000	0.640956000000000
0.969579590000000	2.72436300000000	0.641199000000000
0.971151978000000	2.72497600000000	0.641440000000000
0.972724243000000	2.72559100000000	0.641680000000000
0.974296265000000	2.72620800000000	0.641918000000000
0.975868347000000	2.72682800000000	0.642153000000000
0.977440125000000	2.72745000000000	0.642388000000000
0.979011902000000	2.72807500000000	0.642620000000000
0.980583496000000	2.72870100000000	0.642850000000000
0.982154968000000	2.72933000000000	0.643079000000000
0.983726379000000	2.72996100000000	0.643306000000000
0.985297546000000	2.73059300000000	0.643531000000000
0.986868652000000	2.73122800000000	0.643754000000000
0.988439636000000	2.73186500000000	0.643975000000000
0.990010437000000	2.73250400000000	0.644194000000000
0.991581177000000	2.73314500000000	0.644412000000000
0.993151733000000	2.73378800000000	0.644627000000000
0.994722290000000	2.73443200000000	0.644841000000000
0.996292603000000	2.73507800000000	0.645053000000000
0.997862793000000	2.73572700000000	0.645263000000000
0.999432800000000	2.73637700000000	0.645471000000000
1.01252185100000	2.74186400000000	0.647132000000000
1.01596447800000	2.74332600000000	0.647547000000000
1.01940655500000	2.74479500000000	0.647953000000000
1.02284796100000	2.74627100000000	0.648349000000000
1.02628881800000	2.74775400000000	0.648736000000000
1.02972900400000	2.74924200000000	0.649113000000000
1.03316870100000	2.75073700000000	0.649481000000000
1.03660778800000	2.75223700000000	0.649840000000000
1.04004626500000	2.75374200000000	0.650189000000000
1.04348425300000	2.75525300000000	0.650529000000000
1.04692175300000	2.75676800000000	0.650860000000000
1.05035864300000	2.75828900000000	0.651181000000000
1.05379504400000	2.75981300000000	0.651493000000000
1.05723095700000	2.76134200000000	0.651795000000000
1.06066626000000	2.76287400000000	0.652088000000000
1.06410119600000	2.76441000000000	0.652372000000000
1.06753552200000	2.76595000000000	0.652646000000000
1.07096948200000	2.76749300000000	0.652911000000000
1.07440295400000	2.76903900000000	0.653167000000000
1.07783593800000	2.77058800000000	0.653414000000000
1.08126843300000	2.77213900000000	0.653652000000000
1.08470043900000	2.77369200000000	0.653880000000000
1.08813208000000	2.77524900000000	0.654099000000000
1.09156335400000	2.77680600000000	0.654309000000000
1.09499414100000	2.77836600000000	0.654510000000000
1.09842456100000	2.77992700000000	0.654702000000000
1.10185461400000	2.78149000000000	0.654886000000000
1.10528418000000	2.78305400000000	0.655060000000000
1.10871350100000	2.78461900000000	0.655225000000000
1.11214233400000	2.78618500000000	0.655382000000000
1.11557080100000	2.78775100000000	0.655530000000000
1.11899890100000	2.78931800000000	0.655669000000000
1.12242675800000	2.79088600000000	0.655799000000000
1.12585424800000	2.79245400000000	0.655921000000000
1.12928137200000	2.79402100000000	0.656034000000000
1.13270825200000	2.79558900000000	0.656139000000000
1.13613464400000	2.79715600000000	0.656235000000000
1.13956091300000	2.79872300000000	0.656323000000000
1.14298681600000	2.80029000000000	0.656402000000000
1.14641247600000	2.80185600000000	0.656474000000000
1.14983776900000	2.80342100000000	0.656537000000000
1.15326293900000	2.80498500000000	0.656592000000000
1.15668774400000	2.80654700000000	0.656639000000000
1.16011242700000	2.80810900000000	0.656677000000000
1.16353674300000	2.80966900000000	0.656708000000000
1.16696081500000	2.81122800000000	0.656731000000000
1.17038476600000	2.81278500000000	0.656746000000000
1.17380847200000	2.81434100000000	0.656754000000000
1.17723205600000	2.81589400000000	0.656753000000000
1.18065527300000	2.81744600000000	0.656745000000000
1.18407836900000	2.81899500000000	0.656730000000000
1.18750134300000	2.82054300000000	0.656707000000000
1.19092419400000	2.82208800000000	0.656677000000000
1.19434680200000	2.82363000000000	0.656639000000000
1.19776928700000	2.82517100000000	0.656594000000000
1.20119165000000	2.82670800000000	0.656541000000000
1.20461389200000	2.82824300000000	0.656482000000000
1.20803588900000	2.82977400000000	0.656415000000000
1.21145788600000	2.83130300000000	0.656342000000000
1.21487976100000	2.83282900000000	0.656261000000000
1.21830151400000	2.83435200000000	0.656174000000000
1.22172326700000	2.83587100000000	0.656079000000000
1.22514489700000	2.83738800000000	0.655978000000000
1.22856640600000	2.83890000000000	0.655871000000000
1.23198803700000	2.84041000000000	0.655756000000000
1.23540942400000	2.84191600000000	0.655635000000000
1.23883081100000	2.84341800000000	0.655508000000000
1.24225219700000	2.84491600000000	0.655374000000000
1.24567358400000	2.84641100000000	0.655234000000000
1.24909484900000	2.84790200000000	0.655088000000000
1.25251623500000	2.84938800000000	0.654935000000000
1.25593750000000	2.85087100000000	0.654777000000000
1.25935888700000	2.85234900000000	0.654612000000000
1.26278027300000	2.85382400000000	0.654441000000000
1.26620166000000	2.85529400000000	0.654265000000000
1.26962304700000	2.85675900000000	0.654082000000000
1.27304455600000	2.85822100000000	0.653894000000000
1.27646606400000	2.85967700000000	0.653700000000000
1.27988769500000	2.86112900000000	0.653501000000000
1.28330932600000	2.86257700000000	0.653295000000000
1.28673120100000	2.86402000000000	0.653085000000000
1.29015307600000	2.86545800000000	0.652869000000000
1.29357495100000	2.86689100000000	0.652647000000000
1.29699707000000	2.86831900000000	0.652420000000000
1.30041918900000	2.86974300000000	0.652188000000000
1.30384155300000	2.87116100000000	0.651951000000000
1.30726403800000	2.87257400000000	0.651709000000000
1.31068676800000	2.87398200000000	0.651461000000000
1.31410949700000	2.87538500000000	0.651209000000000
1.31753247100000	2.87678200000000	0.650951000000000
1.32095544400000	2.87817400000000	0.650689000000000
1.32437878400000	2.87956100000000	0.650422000000000
1.32780224600000	2.88094200000000	0.650151000000000
1.33122595200000	2.88231800000000	0.649874000000000
1.33464978000000	2.88368800000000	0.649594000000000
1.33807397500000	2.88505300000000	0.649308000000000
1.34149829100000	2.88641200000000	0.649018000000000
1.34492285200000	2.88776400000000	0.648724000000000
1.34834765600000	2.88911200000000	0.648425000000000
1.35177270500000	2.89045300000000	0.648123000000000
1.35519812000000	2.89178800000000	0.647816000000000
1.35862377900000	2.89311700000000	0.647504000000000
1.36204956100000	2.89444000000000	0.647189000000000
1.36547583000000	2.89575700000000	0.646870000000000
1.36890222200000	2.89706900000000	0.646547000000000
1.37232897900000	2.89837300000000	0.646219000000000
1.37575610400000	2.89967100000000	0.645889000000000
1.37918359400000	2.90096300000000	0.645554000000000
1.38261132800000	2.90224800000000	0.645215000000000
1.38603942900000	2.90352700000000	0.644873000000000
1.38946789600000	2.90480000000000	0.644528000000000
1.39289672900000	2.90606500000000	0.644179000000000
1.39632592800000	2.90732400000000	0.643826000000000
1.39975549300000	2.90857600000000	0.643470000000000
1.40318542500000	2.90982200000000	0.643111000000000
1.40661584500000	2.91106000000000	0.642748000000000
1.41004663100000	2.91229100000000	0.642382000000000
1.41347778300000	2.91351500000000	0.642013000000000
1.41690942400000	2.91473200000000	0.641641000000000
1.42034143100000	2.91594200000000	0.641266000000000
1.42377380400000	2.91714500000000	0.640888000000000
1.42720678700000	2.91834000000000	0.640507000000000
1.43064025900000	2.91952800000000	0.640123000000000
1.43407397500000	2.92070800000000	0.639737000000000
1.43750842300000	2.92188000000000	0.639347000000000
1.44094311500000	2.92304500000000	0.638955000000000
1.44437854000000	2.92420200000000	0.638561000000000
1.44781433100000	2.92535100000000	0.638164000000000
1.45125073200000	2.92649300000000	0.637764000000000
1.45468750000000	2.92762600000000	0.637362000000000
1.45812487800000	2.92875100000000	0.636958000000000
1.46156286600000	2.92986700000000	0.636551000000000
1.46500134300000	2.93097500000000	0.636143000000000
1.46844030800000	2.93207500000000	0.635732000000000
1.47188000500000	2.93316600000000	0.635319000000000
1.47532006800000	2.93424800000000	0.634903000000000
1.47876098600000	2.93532200000000	0.634486000000000
1.48220227100000	2.93638600000000	0.634067000000000
1.48564428700000	2.93744100000000	0.633647000000000
1.48908679200000	2.93848800000000	0.633224000000000
1.49253002900000	2.93952400000000	0.632800000000000
1.49597387700000	2.94055100000000	0.632374000000000
1.49941821300000	2.94156800000000	0.631946000000000
1.50286340300000	2.94257600000000	0.631517000000000
1.50630920400000	2.94357300000000	0.631087000000000
1.50975561500000	2.94456100000000	0.630655000000000
1.51320263700000	2.94553800000000	0.630222000000000
1.51665051300000	2.94650400000000	0.629788000000000
1.52009887700000	2.94746000000000	0.629353000000000
1.52354809600000	2.94840500000000	0.628916000000000
1.52699804700000	2.94933800000000	0.628479000000000
1.53044860800000	2.95026000000000	0.628041000000000
1.53390002400000	2.95117100000000	0.627602000000000
1.53735205100000	2.95207000000000	0.627162000000000
1.54080493200000	2.95295600000000	0.626722000000000
1.54425842300000	2.95383100000000	0.626281000000000
1.54771276900000	2.95469300000000	0.625839000000000
1.55116784700000	2.95554100000000	0.625397000000000
1.55462377900000	2.95637700000000	0.624955000000000
1.55808044400000	2.95719900000000	0.624513000000000
1.56153796400000	2.95800700000000	0.624071000000000
1.56499633800000	2.95880200000000	0.623628000000000
1.56845532200000	2.95958100000000	0.623186000000000
1.57191528300000	2.96034600000000	0.622744000000000
1.57537609900000	2.96109500000000	0.622303000000000
1.57883764600000	2.96182800000000	0.621861000000000
1.58230017100000	2.96254600000000	0.621421000000000
1.58576342800000	2.96324600000000	0.620981000000000
1.58922766100000	2.96393000000000	0.620542000000000
1.59269274900000	2.96459600000000	0.620104000000000
1.59615869100000	2.96524300000000	0.619667000000000
1.59962561000000	2.96587200000000	0.619231000000000
1.60309338400000	2.96648100000000	0.618797000000000
1.60656213400000	2.96707100000000	0.618365000000000
1.61003161600000	2.96763900000000	0.617934000000000
1.61350219700000	2.96818600000000	0.617505000000000
1.61697375500000	2.96871100000000	0.617078000000000
1.62044616700000	2.96921300000000	0.616654000000000
1.62391955600000	2.96969000000000	0.616232000000000
1.62739392100000	2.97014300000000	0.615813000000000
1.63086926300000	2.97056900000000	0.615397000000000
1.63434558100000	2.97096900000000	0.614984000000000
1.63782299800000	2.97134100000000	0.614574000000000
1.64130139200000	2.97168300000000	0.614169000000000
1.64478064000000	2.97199500000000	0.613767000000000
1.64826098600000	2.97227500000000	0.613370000000000
1.65174243200000	2.97252100000000	0.612978000000000
1.65522485400000	2.97273300000000	0.612591000000000
1.65870837400000	2.97290700000000	0.612209000000000
1.66219299300000	2.97304300000000	0.611833000000000
1.66567846700000	2.97313800000000	0.611464000000000
1.66916528300000	2.97319100000000	0.611101000000000
1.67265307600000	2.97319900000000	0.610746000000000
1.67614196800000	2.97315900000000	0.610398000000000
1.67963183600000	2.97306900000000	0.610059000000000
1.68312304700000	2.97292500000000	0.609729000000000
1.68661523400000	2.97272600000000	0.609409000000000
1.69010864300000	2.97246600000000	0.609100000000000
1.69360314900000	2.97214300000000	0.608802000000000