0.191671829000000	1.61547300000000	1.26888000000000
0.193269012000000	1.63256900000000	1.25968400000000
0.194866226000000	1.64836200000000	1.25031400000000
0.196463455000000	1.66291300000000	1.24086200000000
0.198060699000000	1.67628100000000	1.23141200000000
0.199657990000000	1.68853300000000	1.22203800000000
0.201255280000000	1.69973200000000	1.21280600000000
0.202852600000000	1.70994400000000	1.20377300000000
0.204449936000000	1.71923500000000	1.19498900000000
0.206047287000000	1.72767000000000	1.18649500000000
0.207644684000000	1.73531300000000	1.17832600000000
0.209242096000000	1.74222700000000	1.17051300000000
0.210839508000000	1.74847200000000	1.16307600000000
0.212436935000000	1.75410600000000	1.15603500000000
0.214034393000000	1.75918500000000	1.14940100000000
0.215631882000000	1.76376300000000	1.14318300000000
0.217229370000000	1.76788900000000	1.13738500000000
0.218826904000000	1.77161200000000	1.13200800000000
0.220424438000000	1.77497400000000	1.12704900000000
0.222021973000000	1.77801800000000	1.12250300000000
0.223619553000000	1.78078200000000	1.11836300000000
0.225217133000000	1.78329900000000	1.11462000000000
0.226814743000000	1.78560200000000	1.11126300000000
0.228412354000000	1.78771900000000	1.10828000000000
0.230009979000000	1.78967700000000	1.10566000000000
0.231607635000000	1.79149700000000	1.10338900000000
0.233205322000000	1.79320000000000	1.10145300000000
0.234803009000000	1.79480400000000	1.09984100000000
0.236400681000000	1.79632400000000	1.09853800000000
0.237998413000000	1.79777400000000	1.09753400000000
0.239596146000000	1.79916400000000	1.09681600000000
0.241193878000000	1.80050400000000	1.09637400000000
0.242791626000000	1.80180100000000	1.09619900000000
0.244389404000000	1.80306400000000	1.09628200000000
0.245987183000000	1.80429700000000	1.09661500000000
0.247584991000000	1.80550500000000	1.09719500000000
0.249182785000000	1.80669300000000	1.09801500000000
0.250780609000000	1.80786500000000	1.09907300000000
0.252378448000000	1.80902500000000	1.10036600000000
0.253976273000000	1.81017800000000	1.10189600000000
0.255574142000000	1.81132700000000	1.10366100000000
0.257171997000000	1.81248000000000	1.10566300000000
0.258769867000000	1.81364100000000	1.10790500000000
0.260367767000000	1.81481800000000	1.11039000000000
0.261965668000000	1.81601900000000	1.11312200000000
0.263563568000000	1.81725400000000	1.11610400000000
0.265161499000000	1.81853400000000	1.11934000000000
0.266759430000000	1.81987100000000	1.12283400000000
0.268357361000000	1.82127900000000	1.12659000000000
0.269955292000000	1.82277100000000	1.13061100000000
0.271553253000000	1.82436600000000	1.13489800000000
0.273151215000000	1.82607900000000	1.13945200000000
0.274749176000000	1.82793100000000	1.14427200000000
0.276347137000000	1.82993900000000	1.14935700000000
0.277945129000000	1.83212500000000	1.15470300000000
0.279543121000000	1.83450900000000	1.16030300000000
0.281141113000000	1.83711300000000	1.16615100000000
0.282739136000000	1.83995700000000	1.17223700000000
0.284337128000000	1.84306200000000	1.17854800000000
0.285935150000000	1.84645000000000	1.18507100000000
0.287533173000000	1.85013900000000	1.19179000000000
0.289131195000000	1.85414800000000	1.19868600000000
0.290729218000000	1.85849600000000	1.20574000000000
0.292327271000000	1.86319700000000	1.21292900000000
0.293925293000000	1.86826600000000	1.22023000000000
0.295523346000000	1.87371500000000	1.22761700000000
0.297121399000000	1.87955500000000	1.23506500000000
0.298719421000000	1.88579300000000	1.24254600000000
0.300317474000000	1.89243600000000	1.25003200000000
0.301915558000000	1.89948500000000	1.25749400000000
0.303513611000000	1.90694300000000	1.26490300000000
0.305111664000000	1.91480800000000	1.27223100000000
0.306709717000000	1.92307400000000	1.27944800000000
0.308307800000000	1.93173700000000	1.28652600000000
0.309905823000000	1.94078800000000	1.29343800000000
0.311503906000000	1.95021500000000	1.30015700000000
0.313101990000000	1.96000500000000	1.30665800000000
0.314700043000000	1.97014500000000	1.31291600000000
0.316298096000000	1.98061600000000	1.31890800000000
0.317896179000000	1.99140300000000	1.32461400000000
0.319494232000000	2.00248300000000	1.33001300000000
0.321092316000000	2.01383800000000	1.33508800000000
0.322690369000000	2.02544500000000	1.33982200000000
0.324288422000000	2.03728200000000	1.34420100000000
0.325886475000000	2.04932500000000	1.34821300000000
0.327484558000000	2.06154900000000	1.35184600000000
0.329082581000000	2.07393200000000	1.35509300000000
0.330680634000000	2.08644700000000	1.35794500000000
0.332278687000000	2.09907100000000	1.36039800000000
0.333876740000000	2.11177800000000	1.36244800000000
0.335474792000000	2.12454400000000	1.36409400000000
0.337072815000000	2.13734400000000	1.36533600000000
0.338670837000000	2.15015400000000	1.36617400000000
0.340268860000000	2.16295000000000	1.36661200000000
0.341866882000000	2.17570800000000	1.36665500000000
0.343464905000000	2.18840500000000	1.36630800000000
0.345062927000000	2.20102000000000	1.36557900000000
0.346660950000000	2.21352900000000	1.36447800000000
0.348258942000000	2.22591100000000	1.36301300000000
0.349856934000000	2.23814600000000	1.36119700000000
0.351454926000000	2.25021400000000	1.35904400000000
0.353052917000000	2.26209500000000	1.35656700000000
0.354650879000000	2.27377200000000	1.35378200000000
0.356248840000000	2.28522700000000	1.35070800000000
0.357846802000000	2.29644300000000	1.34736300000000
0.359444763000000	2.30740600000000	1.34376900000000
0.361042694000000	2.31810300000000	1.33994600000000
0.362640625000000	2.32852200000000	1.33592000000000
0.364238556000000	2.33865400000000	1.33171400000000
0.365836456000000	2.34849100000000	1.32735700000000
0.367434387000000	2.35802900000000	1.32287500000000
0.369032257000000	2.36726600000000	1.31829900000000
0.370630157000000	2.37620300000000	1.31365600000000
0.372228027000000	2.38484600000000	1.30897700000000
0.373825867000000	2.39320300000000	1.30429200000000
0.375423737000000	2.40128600000000	1.29963000000000
0.377021545000000	2.40911200000000	1.29501900000000
0.378619385000000	2.41670100000000	1.29048400000000
0.380217224000000	2.42407800000000	1.28604900000000
0.381815002000000	2.43127000000000	1.28173400000000
0.383412811000000	2.43830700000000	1.27755500000000
0.385010559000000	2.44522400000000	1.27352400000000
0.386608337000000	2.45205500000000	1.26964900000000
0.388206116000000	2.45883700000000	1.26592900000000
0.389803833000000	2.46560700000000	1.26236200000000
0.391401550000000	2.47239900000000	1.25893700000000
0.392999268000000	2.47925000000000	1.25563800000000
0.394596954000000	2.48619000000000	1.25244400000000
0.396194641000000	2.49324800000000	1.24932900000000
0.397792297000000	2.50044600000000	1.24626100000000
0.399389954000000	2.50780500000000	1.24320800000000
0.400987579000000	2.51533700000000	1.24013100000000
0.402585175000000	2.52304800000000	1.23699100000000
0.404182800000000	2.53094000000000	1.23374800000000
0.405780365000000	2.53900600000000	1.23036400000000
0.407377930000000	2.54723300000000	1.22680000000000
0.408975464000000	2.55560500000000	1.22302000000000
0.410572998000000	2.56409800000000	1.21899200000000
0.412170502000000	2.57268400000000	1.21468800000000
0.413768005000000	2.58133100000000	1.21008300000000
0.415365479000000	2.59000400000000	1.20515900000000
0.416962952000000	2.59866700000000	1.19990300000000
0.418560364000000	2.60728000000000	1.19430700000000
0.420157776000000	2.61580600000000	1.18837000000000
0.421755188000000	2.62420700000000	1.18209500000000
0.423352539000000	2.63244600000000	1.17549000000000
0.424949890000000	2.64048900000000	1.16857000000000
0.426547211000000	2.64830400000000	1.16135200000000
0.428144531000000	2.65586300000000	1.15385700000000
0.429741852000000	2.66314100000000	1.14611000000000
0.431339111000000	2.67011600000000	1.13813700000000
0.432936340000000	2.67677300000000	1.12996800000000
0.434533600000000	2.68309800000000	1.12163100000000
0.436130768000000	2.68908100000000	1.11315700000000
0.437727936000000	2.69472000000000	1.10457600000000
0.439325104000000	2.70001100000000	1.09591700000000
0.440922211000000	2.70495900000000	1.08721000000000
0.442519348000000	2.70956800000000	1.07847900000000
0.444116394000000	2.71384500000000	1.06975200000000
0.445713470000000	2.71780300000000	1.06105000000000
0.447310486000000	2.72145300000000	1.05239400000000
0.448907532000000	2.72481000000000	1.04380200000000
0.450504486000000	2.72788800000000	1.03529100000000
0.452101471000000	2.73070400000000	1.02687400000000
0.453698395000000	2.73327400000000	1.01856100000000
0.455295319000000	2.73561600000000	1.01036200000000
0.456892181000000	2.73774500000000	1.00228200000000
0.458489014000000	2.73967700000000	0.994327000000000
0.460085846000000	2.74142800000000	0.986498000000000
0.461682678000000	2.74301300000000	0.978797000000000
0.463279449000000	2.74444400000000	0.971224000000000
0.464876160000000	2.74573500000000	0.963776000000000
0.466472900000000	2.74689700000000	0.956451000000000
0.468069580000000	2.74794000000000	0.949246000000000
0.469666199000000	2.74887300000000	0.942156000000000
0.471262848000000	2.74970400000000	0.935177000000000
0.472859436000000	2.75044000000000	0.928304000000000
0.474455994000000	2.75108700000000	0.921532000000000
0.476052551000000	2.75164800000000	0.914858000000000
0.477649017000000	2.75212900000000	0.908275000000000
0.479245514000000	2.75253200000000	0.901779000000000
0.480841949000000	2.75285800000000	0.895367000000000
0.482438385000000	2.75311100000000	0.889035000000000
0.484034760000000	2.75329100000000	0.882779000000000
0.485631104000000	2.75339800000000	0.876596000000000
0.487227386000000	2.75343400000000	0.870485000000000
0.488823669000000	2.75339700000000	0.864442000000000
0.490419983000000	2.75328900000000	0.858467000000000
0.492016174000000	2.75310900000000	0.852558000000000
0.493612366000000	2.75285600000000	0.846714000000000
0.495208496000000	2.75253000000000	0.840937000000000
0.496804596000000	2.75213200000000	0.835224000000000
0.498400696000000	2.75166100000000	0.829577000000000
0.499996735000000	2.75111600000000	0.823996000000000
0.501592712000000	2.75049900000000	0.818482000000000
0.503188721000000	2.74981000000000	0.813036000000000
0.504784668000000	2.74904800000000	0.807659000000000
0.506380554000000	2.74821600000000	0.802352000000000
0.507976410000000	2.74731300000000	0.797117000000000
0.509572266000000	2.74634100000000	0.791956000000000
0.511168060000000	2.74530100000000	0.786868000000000
0.512763794000000	2.74419500000000	0.781857000000000
0.514359497000000	2.74302400000000	0.776923000000000
0.515955200000000	2.74179100000000	0.772068000000000
0.517550903000000	2.74049600000000	0.767293000000000
0.519146484000000	2.73914300000000	0.762598000000000
0.520742065000000	2.73773400000000	0.757986000000000
0.522337524000000	2.73627000000000	0.753457000000000
0.523933044000000	2.73475500000000	0.749012000000000
0.525528503000000	2.73319100000000	0.744651000000000
0.527123901000000	2.73158000000000	0.740375000000000
0.528719299000000	2.72992500000000	0.736185000000000
0.530314575000000	2.72822900000000	0.732080000000000
0.531909851000000	2.72649400000000	0.728061000000000
0.533505127000000	2.72472400000000	0.724128000000000
0.535100342000000	2.72291900000000	0.720281000000000
0.536695496000000	2.72108500000000	0.716519000000000
0.538290649000000	2.71922200000000	0.712841000000000
0.539885681000000	2.71733300000000	0.709249000000000
0.541480713000000	2.71542100000000	0.705739000000000
0.543075745000000	2.71348900000000	0.702313000000000
0.544670654000000	2.71153800000000	0.698969000000000
0.546265564000000	2.70957100000000	0.695706000000000
0.547860474000000	2.70759000000000	0.692523000000000
0.549455261000000	2.70559700000000	0.689418000000000
0.551050049000000	2.70359400000000	0.686392000000000
0.552644775000000	2.70158400000000	0.683442000000000
0.554239441000000	2.69956700000000	0.680567000000000
0.555834106000000	2.69754600000000	0.677766000000000
0.557428650000000	2.69552300000000	0.675037000000000
0.559023254000000	2.69349800000000	0.672379000000000
0.560617737000000	2.69147400000000	0.669790000000000
0.562212158000000	2.68945100000000	0.667269000000000
0.563806580000000	2.68743200000000	0.664815000000000
0.565400940000000	2.68541700000000	0.662425000000000
0.566995239000000	2.68340700000000	0.660099000000000
0.568589478000000	2.68140400000000	0.657834000000000
0.570183716000000	2.67940800000000	0.655630000000000
0.571777954000000	2.67742000000000	0.653484000000000
0.573372009000000	2.67544100000000	0.651396000000000
0.574966125000000	2.67347100000000	0.649363000000000
0.576560120000000	2.67151200000000	0.647384000000000
0.578154114000000	2.66956400000000	0.645458000000000
0.579747986000000	2.66762700000000	0.643584000000000
0.581341919000000	2.66570200000000	0.641759000000000
0.582935669000000	2.66378900000000	0.639982000000000
0.584529480000000	2.66188900000000	0.638253000000000
0.586123169000000	2.66000100000000	0.636569000000000
0.587716858000000	2.65812600000000	0.634930000000000
0.589310486000000	2.65626500000000	0.633335000000000
0.590904053000000	2.65441600000000	0.631781000000000
0.592497559000000	2.65258100000000	0.630268000000000
0.594091003000000	2.65076000000000	0.628795000000000
0.595684448000000	2.64895200000000	0.627360000000000
0.597277771000000	2.64715800000000	0.625963000000000
0.598871094000000	2.64537700000000	0.624602000000000
0.600464294000000	2.64360900000000	0.623277000000000
0.602057495000000	2.64185500000000	0.621986000000000
0.603650635000000	2.64011300000000	0.620729000000000
0.605243774000000	2.63838500000000	0.619504000000000
0.606836792000000	2.63667000000000	0.618311000000000
0.608429749000000	2.63496700000000	0.617149000000000
0.610022644000000	2.63327700000000	0.616018000000000
0.611615540000000	2.63159900000000	0.614915000000000
0.613208374000000	2.62993400000000	0.613842000000000
0.614801086000000	2.62828000000000	0.612796000000000
0.616393738000000	2.62663800000000	0.611778000000000
0.617986389000000	2.62500800000000	0.610786000000000
0.619578979000000	2.62338900000000	0.609820000000000
0.621171509000000	2.62178100000000	0.608880000000000
0.622763977000000	2.62018300000000	0.607965000000000
0.624356323000000	2.61859600000000	0.607074000000000
0.625948730000000	2.61702000000000	0.606207000000000
0.627541016000000	2.61545300000000	0.605363000000000
0.629133179000000	2.61389700000000	0.604542000000000
0.630725403000000	2.61235000000000	0.603744000000000
0.632317505000000	2.61081200000000	0.602968000000000
0.633909546000000	2.60928400000000	0.602214000000000
0.635501526000000	2.60776400000000	0.601481000000000
0.637093445000000	2.60625300000000	0.600769000000000
0.638685303000000	2.60475100000000	0.600077000000000
0.640277100000000	2.60325600000000	0.599406000000000
0.641868835000000	2.60177000000000	0.598755000000000
0.643460571000000	2.60029100000000	0.598124000000000
0.645052124000000	2.59882100000000	0.597512000000000
0.646643677000000	2.59735700000000	0.596920000000000
0.648235229000000	2.59590100000000	0.596346000000000
0.649826660000000	2.59445200000000	0.595792000000000
0.651418030000000	2.59300900000000	0.595256000000000
0.653009338000000	2.59157400000000	0.594738000000000
0.654600525000000	2.59014500000000	0.594238000000000
0.656191711000000	2.58872200000000	0.593756000000000
0.657782837000000	2.58730500000000	0.593292000000000
0.659373901000000	2.58589500000000	0.592846000000000
0.660964844000000	2.58449000000000	0.592417000000000
0.662555786000000	2.58309100000000	0.592006000000000
0.664146606000000	2.58169800000000	0.591611000000000
0.665737427000000	2.58031000000000	0.591234000000000
0.667328125000000	2.57892800000000	0.590874000000000
0.668918762000000	2.57755100000000	0.590530000000000
0.670509338000000	2.57617900000000	0.590204000000000
0.672099854000000	2.57481200000000	0.589893000000000
0.673690308000000	2.57345000000000	0.589600000000000
0.675280640000000	2.57209300000000	0.589322000000000
0.676870972000000	2.57074100000000	0.589061000000000
0.678461243000000	2.56939400000000	0.588817000000000
0.680051392000000	2.56805100000000	0.588588000000000
0.681641479000000	2.56671300000000	0.588376000000000
0.683231567000000	2.56538000000000	0.588179000000000
0.684821472000000	2.56405100000000	0.587998000000000
0.686411377000000	2.56272600000000	0.587834000000000
0.688001221000000	2.56140600000000	0.587685000000000
0.689590942000000	2.56009000000000	0.587551000000000
0.691180664000000	2.55877800000000	0.587434000000000
0.692770264000000	2.55747100000000	0.587332000000000
0.694359741000000	2.55616800000000	0.587245000000000
0.695949280000000	2.55486900000000	0.587174000000000
0.697538696000000	2.55357400000000	0.587119000000000
0.699127991000000	2.55228400000000	0.587079000000000
0.700717224000000	2.55099700000000	0.587054000000000
0.702306396000000	2.54971600000000	0.587044000000000
0.703895508000000	2.54843800000000	0.587050000000000
0.705484497000000	2.54716400000000	0.587071000000000
0.707073486000000	2.54589400000000	0.587107000000000
0.708662354000000	2.54462900000000	0.587158000000000
0.710251160000000	2.54336700000000	0.587224000000000
0.711839905000000	2.54211000000000	0.587305000000000
0.713428589000000	2.54085700000000	0.587401000000000
0.715017151000000	2.53960900000000	0.587512000000000
0.716605591000000	2.53836400000000	0.587637000000000
0.718194031000000	2.53712400000000	0.587778000000000
0.719782410000000	2.53588800000000	0.587933000000000
0.721370728000000	2.53465700000000	0.588103000000000
0.722958862000000	2.53343000000000	0.588288000000000
0.724546997000000	2.53220700000000	0.588488000000000
0.726135071000000	2.53098800000000	0.588702000000000
0.727723022000000	2.52977400000000	0.588930000000000
0.729310913000000	2.52856500000000	0.589173000000000
0.730898743000000	2.52736000000000	0.589430000000000
0.732486450000000	2.52616000000000	0.589702000000000
0.734074097000000	2.52496400000000	0.589988000000000
0.735661682000000	2.52377300000000	0.590289000000000
0.737249146000000	2.52258700000000	0.590603000000000
0.738836548000000	2.52140500000000	0.590932000000000
0.740423889000000	2.52022800000000	0.591275000000000
0.742011108000000	2.51905600000000	0.591632000000000
0.743598267000000	2.51788900000000	0.592003000000000
0.745185425000000	2.51672700000000	0.592389000000000
0.746772400000000	2.51557000000000	0.592788000000000
0.748359314000000	2.51441800000000	0.593201000000000
0.749946167000000	2.51327200000000	0.593627000000000
0.751532898000000	2.51213000000000	0.594068000000000
0.753119629000000	2.51099400000000	0.594522000000000
0.754706177000000	2.50986300000000	0.594990000000000
0.756292725000000	2.50873700000000	0.595471000000000
0.757879150000000	2.50761700000000	0.595966000000000
0.759465454000000	2.50650200000000	0.596475000000000
0.761051758000000	2.50539300000000	0.596997000000000
0.762637939000000	2.50428900000000	0.597532000000000
0.764223999000000	2.50319100000000	0.598080000000000
0.765809998000000	2.50210000000000	0.598642000000000
0.767395935000000	2.50101300000000	0.599217000000000
0.768981750000000	2.49993300000000	0.599805000000000
0.770567505000000	2.49885800000000	0.600406000000000
0.772153198000000	2.49779000000000	0.601020000000000
0.773738708000000	2.49672700000000	0.601647000000000
0.775324219000000	2.49567100000000	0.602286000000000
0.776909607000000	2.49462100000000	0.602939000000000
0.778494934000000	2.49357700000000	0.603604000000000
0.780080200000000	2.49254000000000	0.604282000000000
0.781665283000000	2.49150900000000	0.604972000000000
0.783250366000000	2.49048500000000	0.605675000000000
0.784835327000000	2.48946700000000	0.606390000000000
0.786420166000000	2.48845500000000	0.607117000000000
0.788004944000000	2.48745100000000	0.607857000000000
0.789589661000000	2.48645300000000	0.608608000000000
0.791174194000000	2.48546100000000	0.609372000000000
0.792758728000000	2.48447700000000	0.610148000000000
0.794343140000000	2.48350000000000	0.610936000000000
0.795927490000000	2.48252900000000	0.611735000000000
0.797511719000000	2.48156600000000	0.612547000000000
0.799095825000000	2.48061000000000	0.613370000000000
0.800679932000000	2.47966100000000	0.614204000000000
0.802263855000000	2.47871900000000	0.615050000000000
0.803847778000000	2.47778500000000	0.615908000000000
0.805431519000000	2.47685700000000	0.616777000000000
0.807015259000000	2.47593800000000	0.617657000000000
0.808598755000000	2.47502600000000	0.618548000000000
0.810182251000000	2.47412100000000	0.619451000000000
0.811765747000000	2.47322400000000	0.620364000000000
0.813348999000000	2.47233500000000	0.621288000000000
0.814932251000000	2.47145300000000	0.622223000000000
0.816515320000000	2.47057900000000	0.623169000000000
0.818098328000000	2.46971300000000	0.624126000000000
0.819681274000000	2.46885500000000	0.625093000000000
0.821264160000000	2.46800500000000	0.626070000000000
0.822846863000000	2.46716300000000	0.627058000000000
0.824429504000000	2.46632900000000	0.628056000000000
0.826012024000000	2.46550300000000	0.629064000000000
0.827594543000000	2.46468600000000	0.630082000000000
0.829176880000000	2.46387600000000	0.631110000000000
0.830759094000000	2.46307500000000	0.632148000000000
0.832341187000000	2.46228200000000	0.633196000000000
0.833923340000000	2.46149800000000	0.634254000000000
0.835505249000000	2.46072100000000	0.635321000000000
0.837087097000000	2.45995400000000	0.636398000000000
0.838668823000000	2.45919500000000	0.637484000000000
0.840250488000000	2.45844500000000	0.638579000000000
0.841832153000000	2.45770300000000	0.639684000000000
0.843413574000000	2.45696900000000	0.640797000000000
0.844994934000000	2.45624500000000	0.641920000000000
0.846576172000000	2.45552900000000	0.643052000000000
0.848157349000000	2.45482200000000	0.644192000000000
0.849738403000000	2.45412400000000	0.645341000000000
0.851319336000000	2.45343500000000	0.646499000000000
0.852900208000000	2.45275500000000	0.647665000000000
0.854480957000000	2.45208300000000	0.648839000000000
0.856061646000000	2.45142100000000	0.650022000000000
0.857642090000000	2.45076800000000	0.651213000000000
0.859222534000000	2.45012400000000	0.652412000000000
0.860802917000000	2.44948800000000	0.653619000000000
0.862383118000000	2.44886200000000	0.654834000000000
0.863963257000000	2.44824500000000	0.656057000000000
0.865543335000000	2.44763800000000	0.657288000000000
0.867123230000000	2.44703900000000	0.658526000000000
0.868703003000000	2.44645000000000	0.659771000000000
0.870282837000000	2.44587000000000	0.661024000000000
0.871862427000000	2.44529900000000	0.662284000000000
0.873441895000000	2.44473800000000	0.663551000000000
0.875021301000000	2.44418600000000	0.664826000000000
0.876600586000000	2.44364400000000	0.666107000000000
0.878179810000000	2.44311000000000	0.667395000000000
0.879758789000000	2.44258700000000	0.668690000000000
0.881337769000000	2.44207300000000	0.669992000000000
0.882916687000000	2.44156800000000	0.671300000000000
0.884495422000000	2.44107200000000	0.672614000000000
0.886074036000000	2.44058700000000	0.673935000000000
0.887652649000000	2.44011100000000	0.675262000000000
0.889231079000000	2.43964400000000	0.676595000000000
0.890809387000000	2.43918700000000	0.677934000000000
0.892387573000000	2.43873900000000	0.679280000000000
0.893965637000000	2.43830100000000	0.680630000000000
0.895543640000000	2.43787300000000	0.681987000000000
0.897121460000000	2.43745400000000	0.683349000000000
0.898699341000000	2.43704500000000	0.684717000000000
0.900276978000000	2.43664600000000	0.686090000000000
0.901854492000000	2.43625600000000	0.687468000000000
0.903431946000000	2.43587600000000	0.688852000000000
0.905009277000000	2.43550500000000	0.690241000000000
0.906586548000000	2.43514400000000	0.691635000000000
0.908163574000000	2.43479300000000	0.693033000000000
0.909740540000000	2.43445100000000	0.694436000000000
0.911317505000000	2.43411900000000	0.695845000000000
0.912894226000000	2.43379700000000	0.697257000000000
0.914470825000000	2.43348500000000	0.698674000000000
0.916047363000000	2.43318200000000	0.700096000000000
0.917623840000000	2.43288900000000	0.701521000000000
0.919200073000000	2.43260500000000	0.702951000000000
0.920776245000000	2.43233100000000	0.704385000000000
0.922352356000000	2.43206700000000	0.705823000000000
0.923928345000000	2.43181300000000	0.707265000000000
0.925504211000000	2.43156800000000	0.708711000000000
0.927079895000000	2.43133200000000	0.710160000000000
0.928655457000000	2.43110700000000	0.711613000000000
0.930231079000000	2.43089100000000	0.713069000000000
0.931806335000000	2.43068400000000	0.714529000000000
0.933381653000000	2.43048800000000	0.715992000000000
0.934956848000000	2.43030000000000	0.717459000000000
0.936531860000000	2.43012300000000	0.718928000000000
0.938106750000000	2.42995500000000	0.720400000000000
0.939681519000000	2.42979600000000	0.721876000000000
0.941256165000000	2.42964800000000	0.723354000000000
0.942830750000000	2.42950800000000	0.724835000000000
0.944405151000000	2.42937800000000	0.726318000000000
0.945979492000000	2.42925800000000	0.727804000000000
0.947553711000000	2.42914700000000	0.729293000000000
0.949127747000000	2.42904500000000	0.730783000000000
0.950701660000000	2.42895400000000	0.732276000000000
0.952275574000000	2.42887100000000	0.733772000000000
0.953849243000000	2.42879800000000	0.735269000000000
0.955422852000000	2.42873400000000	0.736768000000000
0.956996277000000	2.42867900000000	0.738270000000000
0.958569641000000	2.42863400000000	0.739773000000000
0.960142883000000	2.42859800000000	0.741277000000000
0.961716003000000	2.42857200000000	0.742784000000000
0.963288940000000	2.42855400000000	0.744292000000000
0.964861816000000	2.42854600000000	0.745801000000000
0.966434570000000	2.42854700000000	0.747312000000000
0.968007141000000	2.42855800000000	0.748824000000000
0.969579590000000	2.42857700000000	0.750337000000000
0.971151978000000	2.42860600000000	0.751851000000000
0.972724243000000	2.42864300000000	0.753367000000000
0.974296265000000	2.42869000000000	0.754883000000000
0.975868347000000	2.42874500000000	0.756400000000000
0.977440125000000	2.42881000000000	0.757918000000000
0.979011902000000	2.42888300000000	0.759437000000000
0.980583496000000	2.42896600000000	0.760957000000000
0.982154968000000	2.42905700000000	0.762476000000000
0.983726379000000	2.42915700000000	0.763997000000000
0.985297546000000	2.42926700000000	0.765518000000000
0.986868652000000	2.42938400000000	0.767039000000000
0.988439636000000	2.42951100000000	0.768560000000000
0.990010437000000	2.42964600000000	0.770082000000000
0.991581177000000	2.42979000000000	0.771603000000000
0.993151733000000	2.42994300000000	0.773125000000000
0.994722290000000	2.43010400000000	0.774646000000000
0.996292603000000	2.43027400000000	0.776168000000000
0.997862793000000	2.43045200000000	0.777689000000000
0.999432800000000	2.43063900000000	0.779210000000000
1.01252185100000	2.43252200000000	0.791874000000000
1.01596447800000	2.43311100000000	0.795197000000000
1.01940655500000	2.43374000000000	0.798515000000000
1.02284796100000	2.43440600000000	0.801827000000000
1.02628881800000	2.43511000000000	0.805133000000000
1.02972900400000	2.43585100000000	0.808432000000000
1.03316870100000	2.43662900000000	0.811723000000000
1.03660778800000	2.43744200000000	0.815006000000000
1.04004626500000	2.43829200000000	0.818280000000000
1.04348425300000	2.43917600000000	0.821545000000000
1.04692175300000	2.44009400000000	0.824800000000000
1.05035864300000	2.44104700000000	0.828045000000000
1.05379504400000	2.44203300000000	0.831279000000000
1.05723095700000	2.44305300000000	0.834501000000000
1.06066626000000	2.44410400000000	0.837711000000000
1.06410119600000	2.44518800000000	0.840909000000000
1.06753552200000	2.44630200000000	0.844094000000000
1.07096948200000	2.44744800000000	0.847265000000000
1.07440295400000	2.44862300000000	0.850424000000000
1.07783593800000	2.44982900000000	0.853567000000000
1.08126843300000	2.45106400000000	0.856697000000000
1.08470043900000	2.45232700000000	0.859811000000000
1.08813208000000	2.45361800000000	0.862911000000000
1.09156335400000	2.45493700000000	0.865994000000000
1.09499414100000	2.45628300000000	0.869062000000000
1.09842456100000	2.45765500000000	0.872114000000000
1.10185461400000	2.45905400000000	0.875148000000000
1.10528418000000	2.46047700000000	0.878166000000000
1.10871350100000	2.46192600000000	0.881167000000000
1.11214233400000	2.46339800000000	0.884151000000000
1.11557080100000	2.46489500000000	0.887116000000000
1.11899890100000	2.46641400000000	0.890064000000000
1.12242675800000	2.46795600000000	0.892994000000000
1.12585424800000	2.46952000000000	0.895905000000000
1.12928137200000	2.47110600000000	0.898798000000000
1.13270825200000	2.47271200000000	0.901672000000000
1.13613464400000	2.47433900000000	0.904527000000000
1.13956091300000	2.47598700000000	0.907362000000000
1.14298681600000	2.47765300000000	0.910178000000000
1.14641247600000	2.47933900000000	0.912975000000000
1.14983776900000	2.48104300000000	0.915752000000000
1.15326293900000	2.48276400000000	0.918510000000000
1.15668774400000	2.48450300000000	0.921247000000000
1.16011242700000	2.48625900000000	0.923964000000000
1.16353674300000	2.48803200000000	0.926662000000000
1.16696081500000	2.48982000000000	0.929338000000000
1.17038476600000	2.49162300000000	0.931995000000000
1.17380847200000	2.49344200000000	0.934631000000000
1.17723205600000	2.49527400000000	0.937247000000000
1.18065527300000	2.49712100000000	0.939842000000000
1.18407836900000	2.49898100000000	0.942416000000000
1.18750134300000	2.50085400000000	0.944970000000000
1.19092419400000	2.50273900000000	0.947503000000000
1.19434680200000	2.50463700000000	0.950016000000000
1.19776928700000	2.50654500000000	0.952507000000000
1.20119165000000	2.50846500000000	0.954978000000000
1.20461389200000	2.51039600000000	0.957428000000000
1.20803588900000	2.51233600000000	0.959857000000000
1.21145788600000	2.51428700000000	0.962265000000000
1.21487976100000	2.51624600000000	0.964652000000000
1.21830151400000	2.51821400000000	0.967019000000000
1.22172326700000	2.52019100000000	0.969365000000000
1.22514489700000	2.52217600000000	0.971690000000000
1.22856640600000	2.52416800000000	0.973994000000000
1.23198803700000	2.52616700000000	0.976277000000000
1.23540942400000	2.52817300000000	0.978540000000000
1.23883081100000	2.53018500000000	0.980783000000000
1.24225219700000	2.53220300000000	0.983004000000000
1.24567358400000	2.53422600000000	0.985205000000000
1.24909484900000	2.53625500000000	0.987386000000000
1.25251623500000	2.53828800000000	0.989546000000000
1.25593750000000	2.54032500000000	0.991686000000000
1.25935888700000	2.54236700000000	0.993806000000000
1.26278027300000	2.54441100000000	0.995906000000000
1.26620166000000	2.54645900000000	0.997985000000000
1.26962304700000	2.54851000000000	1.00004500000000
1.27304455600000	2.55056200000000	1.00208400000000
1.27646606400000	2.55261700000000	1.00410400000000
1.27988769500000	2.55467400000000	1.00610400000000
1.28330932600000	2.55673100000000	1.00808400000000
1.28673120100000	2.55879000000000	1.01004500000000
1.29015307600000	2.56084900000000	1.01198600000000
1.29357495100000	2.56290800000000	1.01390800000000
1.29699707000000	2.56496700000000	1.01581100000000
1.30041918900000	2.56702600000000	1.01769500000000
1.30384155300000	2.56908400000000	1.01956000000000
1.30726403800000	2.57114100000000	1.02140500000000
1.31068676800000	2.57319600000000	1.02323300000000
1.31410949700000	2.57524900000000	1.02504100000000
1.31753247100000	2.57730100000000	1.02683200000000
1.32095544400000	2.57935000000000	1.02860300000000
1.32437878400000	2.58139600000000	1.03035700000000
1.32780224600000	2.58343800000000	1.03209200000000
1.33122595200000	2.58547800000000	1.03381000000000
1.33464978000000	2.58751400000000	1.03550900000000
1.33807397500000	2.58954600000000	1.03719200000000
1.34149829100000	2.59157300000000	1.03885600000000
1.34492285200000	2.59359600000000	1.04050300000000
1.34834765600000	2.59561400000000	1.04213300000000
1.35177270500000	2.59762600000000	1.04374600000000
1.35519812000000	2.59963400000000	1.04534200000000
1.35862377900000	2.60163500000000	1.04692100000000
1.36204956100000	2.60363100000000	1.04848400000000
1.36547583000000	2.60562000000000	1.05003000000000
1.36890222200000	2.60760200000000	1.05156000000000
1.37232897900000	2.60957800000000	1.05307300000000
1.37575610400000	2.61154600000000	1.05457100000000
1.37918359400000	2.61350700000000	1.05605300000000
1.38261132800000	2.61546000000000	1.05751900000000
1.38603942900000	2.61740500000000	1.05897000000000
1.38946789600000	2.61934100000000	1.06040500000000
1.39289672900000	2.62127000000000	1.06182500000000
1.39632592800000	2.62318900000000	1.06323000000000
1.39975549300000	2.62509900000000	1.06462000000000
1.40318542500000	2.62700000000000	1.06599600000000
1.40661584500000	2.62889200000000	1.06735700000000
1.41004663100000	2.63077400000000	1.06870400000000
1.41347778300000	2.63264500000000	1.07003600000000
1.41690942400000	2.63450600000000	1.07135500000000
1.42034143100000	2.63635600000000	1.07265900000000
1.42377380400000	2.63819600000000	1.07395100000000
1.42720678700000	2.64002400000000	1.07522800000000
1.43064025900000	2.64184100000000	1.07649200000000
1.43407397500000	2.64364700000000	1.07774400000000
1.43750842300000	2.64544000000000	1.07898200000000
1.44094311500000	2.64722100000000	1.08020700000000
1.44437854000000	2.64899100000000	1.08142000000000
1.44781433100000	2.65074700000000	1.08262100000000
1.45125073200000	2.65249000000000	1.08380900000000
1.45468750000000	2.65422000000000	1.08498500000000
1.45812487800000	2.65593700000000	1.08615000000000
1.46156286600000	2.65764100000000	1.08730200000000
1.46500134300000	2.65933000000000	1.08844400000000
1.46844030800000	2.66100500000000	1.08957400000000
1.47188000500000	2.66266600000000	1.09069200000000
1.47532006800000	2.66431300000000	1.09180000000000
1.47876098600000	2.66594400000000	1.09289700000000
1.48220227100000	2.66756000000000	1.09398400000000
1.48564428700000	2.66916100000000	1.09506000000000
1.48908679200000	2.67074600000000	1.09612600000000
1.49253002900000	2.67231600000000	1.09718300000000
1.49597387700000	2.67386900000000	1.09822900000000
1.49941821300000	2.67540600000000	1.09926600000000
1.50286340300000	2.67692600000000	1.10029300000000
1.50630920400000	2.67842900000000	1.10131100000000
1.50975561500000	2.67991500000000	1.10232100000000
1.51320263700000	2.68138400000000	1.10332100000000
1.51665051300000	2.68283600000000	1.10431300000000
1.52009887700000	2.68426900000000	1.10529600000000
1.52354809600000	2.68568400000000	1.10627200000000
1.52699804700000	2.68708000000000	1.10723900000000
1.53044860800000	2.68845800000000	1.10819800000000
1.53390002400000	2.68981700000000	1.10915000000000
1.53735205100000	2.69115700000000	1.11009500000000
1.54080493200000	2.69247700000000	1.11103200000000
1.54425842300000	2.69377700000000	1.11196300000000
1.54771276900000	2.69505700000000	1.11288600000000
1.55116784700000	2.69631700000000	1.11380400000000
1.55462377900000	2.69755600000000	1.11471400000000
1.55808044400000	2.69877400000000	1.11561900000000
1.56153796400000	2.69997100000000	1.11651800000000
1.56499633800000	2.70114700000000	1.11741200000000
1.56845532200000	2.70230100000000	1.11830000000000
1.57191528300000	2.70343200000000	1.11918200000000
1.57537609900000	2.70454100000000	1.12006000000000
1.57883764600000	2.70562800000000	1.12093300000000
1.58230017100000	2.70669100000000	1.12180200000000
1.58576342800000	2.70773100000000	1.12266600000000
1.58922766100000	2.70874700000000	1.12352600000000
1.59269274900000	2.70974000000000	1.12438200000000
1.59615869100000	2.71070800000000	1.12523500000000
1.59962561000000	2.71165100000000	1.12608500000000
1.60309338400000	2.71256900000000	1.12693100000000
1.60656213400000	2.71346200000000	1.12777500000000
1.61003161600000	2.71432900000000	1.12861600000000
1.61350219700000	2.71517100000000	1.12945500000000
1.61697375500000	2.71598500000000	1.13029200000000
1.62044616700000	2.71677300000000	1.13112700000000
1.62391955600000	2.71753400000000	1.13196000000000
1.62739392100000	2.71826800000000	1.13279200000000
1.63086926300000	2.71897300000000	1.13362400000000
1.63434558100000	2.71965000000000	1.13445400000000
1.63782299800000	2.72029800000000	1.13528400000000
1.64130139200000	2.72091700000000	1.13611400000000
1.64478064000000	2.72150700000000	1.13694400000000
1.64826098600000	2.72206600000000	1.13777500000000
1.65174243200000	2.72259600000000	1.13860600000000
1.65522485400000	2.72309400000000	1.13943800000000
1.65870837400000	2.72356100000000	1.14027200000000
1.66219299300000	2.72399600000000	1.14110700000000
1.66567846700000	2.72439900000000	1.14194500000000
1.66916528300000	2.72477000000000	1.14278400000000
1.67265307600000	2.72510700000000	1.14362700000000
1.67614196800000	2.72541000000000	1.14447200000000
1.67963183600000	2.72567900000000	1.14532000000000
1.68312304700000	2.72591400000000	1.14617300000000
1.68661523400000	2.72611300000000	1.14702900000000
1.69010864300000	2.72627600000000	1.14789000000000
1.69360314900000	2.72640300000000	1.14875500000000