0.191671829000000	1.61691700000000	1.26272200000000
0.193269012000000	1.63346100000000	1.25371600000000
0.194866226000000	1.64876400000000	1.24456700000000
0.196463455000000	1.66288400000000	1.23535900000000
0.198060699000000	1.67588300000000	1.22616900000000
0.199657990000000	1.68782200000000	1.21706600000000
0.201255280000000	1.69876400000000	1.20811000000000
0.202852600000000	1.70877200000000	1.19935300000000
0.204449936000000	1.71790900000000	1.19083900000000
0.206047287000000	1.72623700000000	1.18260800000000
0.207644684000000	1.73381800000000	1.17469000000000
0.209242096000000	1.74071000000000	1.16711200000000
0.210839508000000	1.74697100000000	1.15989300000000
0.212436935000000	1.75265600000000	1.15305100000000
0.214034393000000	1.75781900000000	1.14659400000000
0.215631882000000	1.76250900000000	1.14053000000000
0.217229370000000	1.76677500000000	1.13486200000000
0.218826904000000	1.77066000000000	1.12959000000000
0.220424438000000	1.77420600000000	1.12471000000000
0.222021973000000	1.77745400000000	1.12021800000000
0.223619553000000	1.78043700000000	1.11610500000000
0.225217133000000	1.78319000000000	1.11236300000000
0.226814743000000	1.78574200000000	1.10897900000000
0.228412354000000	1.78812100000000	1.10594400000000
0.230009979000000	1.79035000000000	1.10324300000000
0.231607635000000	1.79245200000000	1.10086300000000
0.233205322000000	1.79444500000000	1.09879200000000
0.234803009000000	1.79634700000000	1.09701500000000
0.236400681000000	1.79817100000000	1.09552000000000
0.237998413000000	1.79993000000000	1.09429300000000
0.239596146000000	1.80163400000000	1.09332200000000
0.241193878000000	1.80329100000000	1.09259500000000
0.242791626000000	1.80490800000000	1.09210300000000
0.244389404000000	1.80649100000000	1.09183500000000
0.245987183000000	1.80804300000000	1.09178300000000
0.247584991000000	1.80956800000000	1.09194100000000
0.249182785000000	1.81106800000000	1.09230100000000
0.250780609000000	1.81254400000000	1.09286100000000
0.252378448000000	1.81399900000000	1.09361600000000
0.253976273000000	1.81543300000000	1.09456500000000
0.255574142000000	1.81684800000000	1.09570800000000
0.257171997000000	1.81824600000000	1.09704600000000
0.258769867000000	1.81962900000000	1.09858100000000
0.260367767000000	1.82099900000000	1.10031600000000
0.261965668000000	1.82236200000000	1.10225500000000
0.263563568000000	1.82372200000000	1.10440300000000
0.265161499000000	1.82508500000000	1.10676700000000
0.266759430000000	1.82645900000000	1.10935100000000
0.268357361000000	1.82785200000000	1.11216300000000
0.269955292000000	1.82927700000000	1.11520800000000
0.271553253000000	1.83074500000000	1.11849100000000
0.273151215000000	1.83226900000000	1.12201900000000
0.274749176000000	1.83386500000000	1.12579600000000
0.276347137000000	1.83554900000000	1.12982400000000
0.277945129000000	1.83734100000000	1.13410700000000
0.279543121000000	1.83925700000000	1.13864400000000
0.281141113000000	1.84131900000000	1.14343500000000
0.282739136000000	1.84354900000000	1.14847600000000
0.284337128000000	1.84596600000000	1.15376300000000
0.285935150000000	1.84859400000000	1.15928800000000
0.287533173000000	1.85145300000000	1.16504200000000
0.289131195000000	1.85456600000000	1.17101200000000
0.290729218000000	1.85795400000000	1.17718600000000
0.292327271000000	1.86163600000000	1.18354500000000
0.293925293000000	1.86563300000000	1.19007200000000
0.295523346000000	1.86996100000000	1.19674700000000
0.297121399000000	1.87463600000000	1.20354500000000
0.298719421000000	1.87967400000000	1.21044400000000
0.300317474000000	1.88508500000000	1.21741800000000
0.301915558000000	1.89088100000000	1.22443800000000
0.303513611000000	1.89706700000000	1.23147700000000
0.305111664000000	1.90364900000000	1.23850700000000
0.306709717000000	1.91063000000000	1.24549700000000
0.308307800000000	1.91800900000000	1.25241900000000
0.309905823000000	1.92578300000000	1.25924200000000
0.311503906000000	1.93394600000000	1.26593700000000
0.313101990000000	1.94249200000000	1.27247700000000
0.314700043000000	1.95141000000000	1.27883200000000
0.316298096000000	1.96068700000000	1.28497700000000
0.317896179000000	1.97030900000000	1.29088600000000
0.319494232000000	1.98025800000000	1.29653500000000
0.321092316000000	1.99051800000000	1.30190200000000
0.322690369000000	2.00106700000000	1.30696600000000
0.324288422000000	2.01188400000000	1.31170800000000
0.325886475000000	2.02294800000000	1.31611100000000
0.327484558000000	2.03423300000000	1.32016100000000
0.329082581000000	2.04571600000000	1.32384300000000
0.330680634000000	2.05737100000000	1.32714700000000
0.332278687000000	2.06917200000000	1.33006400000000
0.333876740000000	2.08109500000000	1.33258700000000
0.335474792000000	2.09311100000000	1.33471100000000
0.337072815000000	2.10519400000000	1.33643300000000
0.338670837000000	2.11731900000000	1.33775200000000
0.340268860000000	2.12945900000000	1.33866800000000
0.341866882000000	2.14158700000000	1.33918400000000
0.343464905000000	2.15367900000000	1.33930500000000
0.345062927000000	2.16570900000000	1.33903700000000
0.346660950000000	2.17765200000000	1.33838800000000
0.348258942000000	2.18948400000000	1.33736800000000
0.349856934000000	2.20118200000000	1.33598900000000
0.351454926000000	2.21272400000000	1.33426400000000
0.353052917000000	2.22408700000000	1.33221000000000
0.354650879000000	2.23525200000000	1.32984300000000
0.356248840000000	2.24619900000000	1.32718200000000
0.357846802000000	2.25691200000000	1.32424800000000
0.359444763000000	2.26737400000000	1.32106500000000
0.361042694000000	2.27757100000000	1.31765500000000
0.362640625000000	2.28749300000000	1.31404600000000
0.364238556000000	2.29712900000000	1.31026400000000
0.365836456000000	2.30647400000000	1.30633800000000
0.367434387000000	2.31552600000000	1.30229800000000
0.369032257000000	2.32428300000000	1.29817300000000
0.370630157000000	2.33275000000000	1.29399400000000
0.372228027000000	2.34093400000000	1.28979100000000
0.373825867000000	2.34884600000000	1.28559300000000
0.375423737000000	2.35650200000000	1.28142900000000
0.377021545000000	2.36392000000000	1.27732400000000
0.378619385000000	2.37112300000000	1.27330200000000
0.380217224000000	2.37813600000000	1.26938400000000
0.381815002000000	2.38498800000000	1.26558600000000
0.383412811000000	2.39171000000000	1.26192200000000
0.385010559000000	2.39833500000000	1.25839800000000
0.386608337000000	2.40489600000000	1.25501900000000
0.388206116000000	2.41142900000000	1.25178300000000
0.389803833000000	2.41796600000000	1.24868200000000
0.391401550000000	2.42454000000000	1.24570300000000
0.392999268000000	2.43118000000000	1.24283000000000
0.394596954000000	2.43791600000000	1.24004000000000
0.396194641000000	2.44476800000000	1.23730700000000
0.397792297000000	2.45175800000000	1.23460200000000
0.399389954000000	2.45889800000000	1.23189200000000
0.400987579000000	2.46619700000000	1.22914500000000
0.402585175000000	2.47366000000000	1.22632300000000
0.404182800000000	2.48128400000000	1.22339400000000
0.405780365000000	2.48906200000000	1.22032100000000
0.407377930000000	2.49698000000000	1.21707300000000
0.408975464000000	2.50502300000000	1.21361900000000
0.410572998000000	2.51316700000000	1.20993200000000
0.412170502000000	2.52138800000000	1.20599000000000
0.413768005000000	2.52965800000000	1.20177100000000
0.415365479000000	2.53794500000000	1.19726300000000
0.416962952000000	2.54621900000000	1.19245400000000
0.418560364000000	2.55444600000000	1.18734000000000
0.420157776000000	2.56259500000000	1.18191900000000
0.421755188000000	2.57063200000000	1.17619400000000
0.423352539000000	2.57852800000000	1.17017500000000
0.424949890000000	2.58625400000000	1.16387200000000
0.426547211000000	2.59378300000000	1.15730000000000
0.428144531000000	2.60109200000000	1.15047600000000
0.429741852000000	2.60816000000000	1.14342200000000
0.431339111000000	2.61497000000000	1.13615900000000
0.432936340000000	2.62150700000000	1.12871100000000
0.434533600000000	2.62776100000000	1.12110100000000
0.436130768000000	2.63372400000000	1.11335400000000
0.437727936000000	2.63939100000000	1.10549500000000
0.439325104000000	2.64476100000000	1.09754600000000
0.440922211000000	2.64983600000000	1.08953200000000
0.442519348000000	2.65461700000000	1.08147300000000
0.444116394000000	2.65911200000000	1.07339000000000
0.445713470000000	2.66332800000000	1.06530100000000
0.447310486000000	2.66727400000000	1.05722400000000
0.448907532000000	2.67096100000000	1.04917200000000
0.450504486000000	2.67439800000000	1.04115900000000
0.452101471000000	2.67760000000000	1.03319600000000
0.453698395000000	2.68057700000000	1.02529200000000
0.455295319000000	2.68334100000000	1.01745400000000
0.456892181000000	2.68590500000000	1.00968800000000
0.458489014000000	2.68828100000000	1.00199900000000
0.460085846000000	2.69047900000000	0.994388000000000
0.461682678000000	2.69250900000000	0.986858000000000
0.463279449000000	2.69438300000000	0.979408000000000
0.464876160000000	2.69610700000000	0.972039000000000
0.466472900000000	2.69769100000000	0.964750000000000
0.468069580000000	2.69914200000000	0.957538000000000
0.469666199000000	2.70046400000000	0.950402000000000
0.471262848000000	2.70166500000000	0.943339000000000
0.472859436000000	2.70274800000000	0.936347000000000
0.474455994000000	2.70371700000000	0.929424000000000
0.476052551000000	2.70457400000000	0.922567000000000
0.477649017000000	2.70532300000000	0.915775000000000
0.479245514000000	2.70596400000000	0.909044000000000
0.480841949000000	2.70649900000000	0.902375000000000
0.482438385000000	2.70692900000000	0.895766000000000
0.484034760000000	2.70725400000000	0.889215000000000
0.485631104000000	2.70747500000000	0.882723000000000
0.487227386000000	2.70759200000000	0.876290000000000
0.488823669000000	2.70760500000000	0.869916000000000
0.490419983000000	2.70751300000000	0.863602000000000
0.492016174000000	2.70731800000000	0.857348000000000
0.493612366000000	2.70701800000000	0.851157000000000
0.495208496000000	2.70661600000000	0.845030000000000
0.496804596000000	2.70611000000000	0.838969000000000
0.498400696000000	2.70550200000000	0.832976000000000
0.499996735000000	2.70479200000000	0.827053000000000
0.501592712000000	2.70398300000000	0.821203000000000
0.503188721000000	2.70307400000000	0.815428000000000
0.504784668000000	2.70206800000000	0.809732000000000
0.506380554000000	2.70096700000000	0.804115000000000
0.507976410000000	2.69977300000000	0.798582000000000
0.509572266000000	2.69848800000000	0.793134000000000
0.511168060000000	2.69711500000000	0.787773000000000
0.512763794000000	2.69565700000000	0.782503000000000
0.514359497000000	2.69411600000000	0.777324000000000
0.515955200000000	2.69249600000000	0.772240000000000
0.517550903000000	2.69080000000000	0.767251000000000
0.519146484000000	2.68903200000000	0.762359000000000
0.520742065000000	2.68719500000000	0.757566000000000
0.522337524000000	2.68529300000000	0.752873000000000
0.523933044000000	2.68332900000000	0.748281000000000
0.525528503000000	2.68130800000000	0.743790000000000
0.527123901000000	2.67923300000000	0.739401000000000
0.528719299000000	2.67710700000000	0.735113000000000
0.530314575000000	2.67493600000000	0.730929000000000
0.531909851000000	2.67272200000000	0.726846000000000
0.533505127000000	2.67046800000000	0.722865000000000
0.535100342000000	2.66818000000000	0.718986000000000
0.536695496000000	2.66585900000000	0.715207000000000
0.538290649000000	2.66351100000000	0.711527000000000
0.539885681000000	2.66113700000000	0.707947000000000
0.541480713000000	2.65874200000000	0.704463000000000
0.543075745000000	2.65632800000000	0.701076000000000
0.544670654000000	2.65389800000000	0.697784000000000
0.546265564000000	2.65145500000000	0.694584000000000
0.547860474000000	2.64900300000000	0.691476000000000
0.549455261000000	2.64654300000000	0.688457000000000
0.551050049000000	2.64407700000000	0.685526000000000
0.552644775000000	2.64160900000000	0.682682000000000
0.554239441000000	2.63914000000000	0.679920000000000
0.555834106000000	2.63667300000000	0.677241000000000
0.557428650000000	2.63420900000000	0.674642000000000
0.559023254000000	2.63175000000000	0.672120000000000
0.560617737000000	2.62929700000000	0.669674000000000
0.562212158000000	2.62685200000000	0.667301000000000
0.563806580000000	2.62441700000000	0.664999000000000
0.565400940000000	2.62199200000000	0.662767000000000
0.566995239000000	2.61957900000000	0.660602000000000
0.568589478000000	2.61717800000000	0.658503000000000
0.570183716000000	2.61479100000000	0.656466000000000
0.571777954000000	2.61241700000000	0.654490000000000
0.573372009000000	2.61005900000000	0.652574000000000
0.574966125000000	2.60771600000000	0.650714000000000
0.576560120000000	2.60538900000000	0.648910000000000
0.578154114000000	2.60307800000000	0.647159000000000
0.579747986000000	2.60078300000000	0.645460000000000
0.581341919000000	2.59850500000000	0.643810000000000
0.582935669000000	2.59624400000000	0.642209000000000
0.584529480000000	2.59400000000000	0.640654000000000
0.586123169000000	2.59177300000000	0.639144000000000
0.587716858000000	2.58956200000000	0.637677000000000
0.589310486000000	2.58736800000000	0.636253000000000
0.590904053000000	2.58519100000000	0.634868000000000
0.592497559000000	2.58303100000000	0.633523000000000
0.594091003000000	2.58088700000000	0.632215000000000
0.595684448000000	2.57875900000000	0.630944000000000
0.597277771000000	2.57664700000000	0.629708000000000
0.598871094000000	2.57455000000000	0.628506000000000
0.600464294000000	2.57246800000000	0.627337000000000
0.602057495000000	2.57040100000000	0.626200000000000
0.603650635000000	2.56834900000000	0.625095000000000
0.605243774000000	2.56631000000000	0.624019000000000
0.606836792000000	2.56428600000000	0.622972000000000
0.608429749000000	2.56227400000000	0.621954000000000
0.610022644000000	2.56027500000000	0.620963000000000
0.611615540000000	2.55828900000000	0.619999000000000
0.613208374000000	2.55631500000000	0.619060000000000
0.614801086000000	2.55435200000000	0.618148000000000
0.616393738000000	2.55240100000000	0.617259000000000
0.617986389000000	2.55046000000000	0.616395000000000
0.619578979000000	2.54853000000000	0.615555000000000
0.621171509000000	2.54660900000000	0.614737000000000
0.622763977000000	2.54469800000000	0.613942000000000
0.624356323000000	2.54279700000000	0.613169000000000
0.625948730000000	2.54090400000000	0.612418000000000
0.627541016000000	2.53901900000000	0.611687000000000
0.629133179000000	2.53714200000000	0.610978000000000
0.630725403000000	2.53527300000000	0.610289000000000
0.632317505000000	2.53341100000000	0.609620000000000
0.633909546000000	2.53155500000000	0.608971000000000
0.635501526000000	2.52970600000000	0.608342000000000
0.637093445000000	2.52786400000000	0.607732000000000
0.638685303000000	2.52602600000000	0.607141000000000
0.640277100000000	2.52419500000000	0.606569000000000
0.641868835000000	2.52236900000000	0.606015000000000
0.643460571000000	2.52054700000000	0.605480000000000
0.645052124000000	2.51873000000000	0.604963000000000
0.646643677000000	2.51691800000000	0.604465000000000
0.648235229000000	2.51510900000000	0.603984000000000
0.649826660000000	2.51330400000000	0.603521000000000
0.651418030000000	2.51150300000000	0.603076000000000
0.653009338000000	2.50970500000000	0.602649000000000
0.654600525000000	2.50791100000000	0.602239000000000
0.656191711000000	2.50611900000000	0.601847000000000
0.657782837000000	2.50432900000000	0.601472000000000
0.659373901000000	2.50254200000000	0.601115000000000
0.660964844000000	2.50075800000000	0.600774000000000
0.662555786000000	2.49897600000000	0.600451000000000
0.664146606000000	2.49719500000000	0.600146000000000
0.665737427000000	2.49541600000000	0.599857000000000
0.667328125000000	2.49363900000000	0.599586000000000
0.668918762000000	2.49186400000000	0.599332000000000
0.670509338000000	2.49009000000000	0.599094000000000
0.672099854000000	2.48831700000000	0.598874000000000
0.673690308000000	2.48654500000000	0.598672000000000
0.675280640000000	2.48477400000000	0.598486000000000
0.676870972000000	2.48300500000000	0.598317000000000
0.678461243000000	2.48123600000000	0.598166000000000
0.680051392000000	2.47946800000000	0.598031000000000
0.681641479000000	2.47770000000000	0.597914000000000
0.683231567000000	2.47593400000000	0.597814000000000
0.684821472000000	2.47416800000000	0.597731000000000
0.686411377000000	2.47240200000000	0.597665000000000
0.688001221000000	2.47063700000000	0.597616000000000
0.689590942000000	2.46887200000000	0.597585000000000
0.691180664000000	2.46710800000000	0.597571000000000
0.692770264000000	2.46534500000000	0.597574000000000
0.694359741000000	2.46358100000000	0.597595000000000
0.695949280000000	2.46181800000000	0.597632000000000
0.697538696000000	2.46005600000000	0.597688000000000
0.699127991000000	2.45829400000000	0.597760000000000
0.700717224000000	2.45653200000000	0.597850000000000
0.702306396000000	2.45477100000000	0.597958000000000
0.703895508000000	2.45301000000000	0.598083000000000
0.705484497000000	2.45124900000000	0.598225000000000
0.707073486000000	2.44948900000000	0.598385000000000
0.708662354000000	2.44772900000000	0.598562000000000
0.710251160000000	2.44597000000000	0.598757000000000
0.711839905000000	2.44421200000000	0.598970000000000
0.713428589000000	2.44245400000000	0.599200000000000
0.715017151000000	2.44069600000000	0.599448000000000
0.716605591000000	2.43894000000000	0.599714000000000
0.718194031000000	2.43718400000000	0.599997000000000
0.719782410000000	2.43542900000000	0.600298000000000
0.721370728000000	2.43367400000000	0.600617000000000
0.722958862000000	2.43192100000000	0.600954000000000
0.724546997000000	2.43016800000000	0.601308000000000
0.726135071000000	2.42841700000000	0.601680000000000
0.727723022000000	2.42666700000000	0.602070000000000
0.729310913000000	2.42491800000000	0.602478000000000
0.730898743000000	2.42317000000000	0.602904000000000
0.732486450000000	2.42142400000000	0.603347000000000
0.734074097000000	2.41967800000000	0.603809000000000
0.735661682000000	2.41793500000000	0.604288000000000
0.737249146000000	2.41619300000000	0.604785000000000
0.738836548000000	2.41445300000000	0.605301000000000
0.740423889000000	2.41271500000000	0.605834000000000
0.742011108000000	2.41097800000000	0.606385000000000
0.743598267000000	2.40924400000000	0.606954000000000
0.745185425000000	2.40751100000000	0.607541000000000
0.746772400000000	2.40578100000000	0.608146000000000
0.748359314000000	2.40405300000000	0.608768000000000
0.749946167000000	2.40232800000000	0.609409000000000
0.751532898000000	2.40060500000000	0.610068000000000
0.753119629000000	2.39888400000000	0.610744000000000
0.754706177000000	2.39716600000000	0.611439000000000
0.756292725000000	2.39545200000000	0.612151000000000
0.757879150000000	2.39374000000000	0.612882000000000
0.759465454000000	2.39203100000000	0.613630000000000
0.761051758000000	2.39032500000000	0.614396000000000
0.762637939000000	2.38862300000000	0.615180000000000
0.764223999000000	2.38692400000000	0.615981000000000
0.765809998000000	2.38522800000000	0.616801000000000
0.767395935000000	2.38353700000000	0.617638000000000
0.768981750000000	2.38184900000000	0.618493000000000
0.770567505000000	2.38016400000000	0.619366000000000
0.772153198000000	2.37848400000000	0.620256000000000
0.773738708000000	2.37680800000000	0.621165000000000
0.775324219000000	2.37513700000000	0.622090000000000
0.776909607000000	2.37346900000000	0.623034000000000
0.778494934000000	2.37180600000000	0.623995000000000
0.780080200000000	2.37014800000000	0.624973000000000
0.781665283000000	2.36849500000000	0.625969000000000
0.783250366000000	2.36684600000000	0.626983000000000
0.784835327000000	2.36520300000000	0.628014000000000
0.786420166000000	2.36356400000000	0.629062000000000
0.788004944000000	2.36193100000000	0.630128000000000
0.789589661000000	2.36030300000000	0.631211000000000
0.791174194000000	2.35868100000000	0.632311000000000
0.792758728000000	2.35706500000000	0.633428000000000
0.794343140000000	2.35545400000000	0.634563000000000
0.795927490000000	2.35384900000000	0.635714000000000
0.797511719000000	2.35225000000000	0.636883000000000
0.799095825000000	2.35065800000000	0.638068000000000
0.800679932000000	2.34907200000000	0.639271000000000
0.802263855000000	2.34749200000000	0.640490000000000
0.803847778000000	2.34591800000000	0.641726000000000
0.805431519000000	2.34435200000000	0.642978000000000
0.807015259000000	2.34279200000000	0.644248000000000
0.808598755000000	2.34123900000000	0.645534000000000
0.810182251000000	2.33969300000000	0.646836000000000
0.811765747000000	2.33815500000000	0.648155000000000
0.813348999000000	2.33662300000000	0.649490000000000
0.814932251000000	2.33509900000000	0.650841000000000
0.816515320000000	2.33358300000000	0.652209000000000
0.818098328000000	2.33207500000000	0.653592000000000
0.819681274000000	2.33057400000000	0.654992000000000
0.821264160000000	2.32908100000000	0.656407000000000
0.822846863000000	2.32759600000000	0.657839000000000
0.824429504000000	2.32612000000000	0.659286000000000
0.826012024000000	2.32465200000000	0.660749000000000
0.827594543000000	2.32319200000000	0.662227000000000
0.829176880000000	2.32174100000000	0.663721000000000
0.830759094000000	2.32029800000000	0.665230000000000
0.832341187000000	2.31886500000000	0.666755000000000
0.833923340000000	2.31744000000000	0.668295000000000
0.835505249000000	2.31602400000000	0.669850000000000
0.837087097000000	2.31461700000000	0.671420000000000
0.838668823000000	2.31322000000000	0.673004000000000
0.840250488000000	2.31183200000000	0.674604000000000
0.841832153000000	2.31045400000000	0.676218000000000
0.843413574000000	2.30908500000000	0.677847000000000
0.844994934000000	2.30772600000000	0.679491000000000
0.846576172000000	2.30637600000000	0.681148000000000
0.848157349000000	2.30503700000000	0.682820000000000
0.849738403000000	2.30370800000000	0.684506000000000
0.851319336000000	2.30238900000000	0.686207000000000
0.852900208000000	2.30108000000000	0.687921000000000
0.854480957000000	2.29978100000000	0.689649000000000
0.856061646000000	2.29849300000000	0.691390000000000
0.857642090000000	2.29721600000000	0.693145000000000
0.859222534000000	2.29594900000000	0.694914000000000
0.860802917000000	2.29469300000000	0.696696000000000
0.862383118000000	2.29344800000000	0.698491000000000
0.863963257000000	2.29221400000000	0.700299000000000
0.865543335000000	2.29099000000000	0.702121000000000
0.867123230000000	2.28977800000000	0.703955000000000
0.868703003000000	2.28857800000000	0.705801000000000
0.870282837000000	2.28738800000000	0.707661000000000
0.871862427000000	2.28621000000000	0.709532000000000
0.873441895000000	2.28504400000000	0.711416000000000
0.875021301000000	2.28388900000000	0.713313000000000
0.876600586000000	2.28274600000000	0.715221000000000
0.878179810000000	2.28161500000000	0.717141000000000
0.879758789000000	2.28049500000000	0.719073000000000
0.881337769000000	2.27938700000000	0.721017000000000
0.882916687000000	2.27829200000000	0.722973000000000
0.884495422000000	2.27720800000000	0.724939000000000
0.886074036000000	2.27613700000000	0.726917000000000
0.887652649000000	2.27507800000000	0.728906000000000
0.889231079000000	2.27403100000000	0.730906000000000
0.890809387000000	2.27299700000000	0.732917000000000
0.892387573000000	2.27197500000000	0.734938000000000
0.893965637000000	2.27096500000000	0.736970000000000
0.895543640000000	2.26996800000000	0.739013000000000
0.897121460000000	2.26898400000000	0.741066000000000
0.898699341000000	2.26801300000000	0.743129000000000
0.900276978000000	2.26705400000000	0.745201000000000
0.901854492000000	2.26610800000000	0.747284000000000
0.903431946000000	2.26517500000000	0.749377000000000
0.905009277000000	2.26425500000000	0.751478000000000
0.906586548000000	2.26334800000000	0.753590000000000
0.908163574000000	2.26245400000000	0.755711000000000
0.909740540000000	2.26157300000000	0.757840000000000
0.911317505000000	2.26070500000000	0.759979000000000
0.912894226000000	2.25985100000000	0.762127000000000
0.914470825000000	2.25900900000000	0.764283000000000
0.916047363000000	2.25818100000000	0.766448000000000
0.917623840000000	2.25736600000000	0.768621000000000
0.919200073000000	2.25656500000000	0.770802000000000
0.920776245000000	2.25577700000000	0.772992000000000
0.922352356000000	2.25500200000000	0.775189000000000
0.923928345000000	2.25424100000000	0.777394000000000
0.925504211000000	2.25349400000000	0.779607000000000
0.927079895000000	2.25275900000000	0.781828000000000
0.928655457000000	2.25203900000000	0.784055000000000
0.930231079000000	2.25133200000000	0.786291000000000
0.931806335000000	2.25063900000000	0.788532000000000
0.933381653000000	2.24995900000000	0.790781000000000
0.934956848000000	2.24929300000000	0.793037000000000
0.936531860000000	2.24864100000000	0.795300000000000
0.938106750000000	2.24800200000000	0.797568000000000
0.939681519000000	2.24737700000000	0.799843000000000
0.941256165000000	2.24676600000000	0.802125000000000
0.942830750000000	2.24616900000000	0.804412000000000
0.944405151000000	2.24558500000000	0.806705000000000
0.945979492000000	2.24501500000000	0.809004000000000
0.947553711000000	2.24445900000000	0.811309000000000
0.949127747000000	2.24391700000000	0.813618000000000
0.950701660000000	2.24338900000000	0.815934000000000
0.952275574000000	2.24287400000000	0.818254000000000
0.953849243000000	2.24237300000000	0.820579000000000
0.955422852000000	2.24188600000000	0.822910000000000
0.956996277000000	2.24141200000000	0.825245000000000
0.958569641000000	2.24095300000000	0.827584000000000
0.960142883000000	2.24050700000000	0.829928000000000
0.961716003000000	2.24007500000000	0.832276000000000
0.963288940000000	2.23965700000000	0.834629000000000
0.964861816000000	2.23925300000000	0.836985000000000
0.966434570000000	2.23886200000000	0.839345000000000
0.968007141000000	2.23848500000000	0.841709000000000
0.969579590000000	2.23812200000000	0.844077000000000
0.971151978000000	2.23777200000000	0.846448000000000
0.972724243000000	2.23743700000000	0.848822000000000
0.974296265000000	2.23711400000000	0.851199000000000
0.975868347000000	2.23680600000000	0.853580000000000
0.977440125000000	2.23651100000000	0.855963000000000
0.979011902000000	2.23623000000000	0.858349000000000
0.980583496000000	2.23596200000000	0.860738000000000
0.982154968000000	2.23570800000000	0.863129000000000
0.983726379000000	2.23546800000000	0.865523000000000
0.985297546000000	2.23524100000000	0.867918000000000
0.986868652000000	2.23502700000000	0.870316000000000
0.988439636000000	2.23482700000000	0.872716000000000
0.990010437000000	2.23464100000000	0.875117000000000
0.991581177000000	2.23446700000000	0.877521000000000
0.993151733000000	2.23430700000000	0.879926000000000
0.994722290000000	2.23416000000000	0.882332000000000
0.996292603000000	2.23402700000000	0.884740000000000
0.997862793000000	2.23390700000000	0.887148000000000
0.999432800000000	2.23380000000000	0.889558000000000
1.01252185100000	2.23341600000000	0.909680000000000
1.01596447800000	2.23346300000000	0.914977000000000
1.01940655500000	2.23357200000000	0.920272000000000
1.02284796100000	2.23374000000000	0.925565000000000
1.02628881800000	2.23396900000000	0.930854000000000
1.02972900400000	2.23425600000000	0.936138000000000
1.03316870100000	2.23460200000000	0.941415000000000
1.03660778800000	2.23500600000000	0.946686000000000
1.04004626500000	2.23546700000000	0.951949000000000
1.04348425300000	2.23598500000000	0.957202000000000
1.04692175300000	2.23655800000000	0.962446000000000
1.05035864300000	2.23718600000000	0.967678000000000
1.05379504400000	2.23786900000000	0.972898000000000
1.05723095700000	2.23860500000000	0.978105000000000
1.06066626000000	2.23939400000000	0.983299000000000
1.06410119600000	2.24023600000000	0.988477000000000
1.06753552200000	2.24112800000000	0.993641000000000
1.07096948200000	2.24207100000000	0.998788000000000
1.07440295400000	2.24306300000000	1.00391700000000
1.07783593800000	2.24410500000000	1.00902900000000
1.08126843300000	2.24519500000000	1.01412200000000
1.08470043900000	2.24633200000000	1.01919700000000
1.08813208000000	2.24751500000000	1.02425100000000
1.09156335400000	2.24874400000000	1.02928400000000
1.09499414100000	2.25001900000000	1.03429600000000
1.09842456100000	2.25133700000000	1.03928600000000
1.10185461400000	2.25269800000000	1.04425400000000
1.10528418000000	2.25410100000000	1.04919800000000
1.10871350100000	2.25554600000000	1.05411900000000
1.11214233400000	2.25703200000000	1.05901600000000
1.11557080100000	2.25855700000000	1.06388900000000
1.11899890100000	2.26012200000000	1.06873600000000
1.12242675800000	2.26172400000000	1.07355800000000
1.12585424800000	2.26336400000000	1.07835400000000
1.12928137200000	2.26504000000000	1.08312400000000
1.13270825200000	2.26675200000000	1.08786700000000
1.13613464400000	2.26849900000000	1.09258200000000
1.13956091300000	2.27028000000000	1.09727100000000
1.14298681600000	2.27209400000000	1.10193100000000
1.14641247600000	2.27394000000000	1.10656400000000
1.14983776900000	2.27581800000000	1.11116800000000
1.15326293900000	2.27772600000000	1.11574400000000
1.15668774400000	2.27966400000000	1.12029100000000
1.16011242700000	2.28163200000000	1.12480900000000
1.16353674300000	2.28362700000000	1.12929700000000
1.16696081500000	2.28565000000000	1.13375600000000
1.17038476600000	2.28770000000000	1.13818500000000
1.17380847200000	2.28977600000000	1.14258500000000
1.17723205600000	2.29187700000000	1.14695400000000
1.18065527300000	2.29400200000000	1.15129400000000
1.18407836900000	2.29615100000000	1.15560300000000
1.18750134300000	2.29832200000000	1.15988100000000
1.19092419400000	2.30051600000000	1.16413000000000
1.19434680200000	2.30273100000000	1.16834700000000
1.19776928700000	2.30496700000000	1.17253500000000
1.20119165000000	2.30722300000000	1.17669100000000
1.20461389200000	2.30949800000000	1.18081700000000
1.20803588900000	2.31179100000000	1.18491200000000
1.21145788600000	2.31410200000000	1.18897600000000
1.21487976100000	2.31643000000000	1.19301000000000
1.21830151400000	2.31877400000000	1.19701200000000
1.22172326700000	2.32113400000000	1.20098400000000
1.22514489700000	2.32350900000000	1.20492600000000
1.22856640600000	2.32589800000000	1.20883700000000
1.23198803700000	2.32830100000000	1.21271700000000
1.23540942400000	2.33071700000000	1.21656600000000
1.23883081100000	2.33314600000000	1.22038500000000
1.24225219700000	2.33558600000000	1.22417400000000
1.24567358400000	2.33803700000000	1.22793300000000
1.24909484900000	2.34049800000000	1.23166000000000
1.25251623500000	2.34297000000000	1.23535800000000
1.25593750000000	2.34545000000000	1.23902600000000
1.25935888700000	2.34794000000000	1.24266400000000
1.26278027300000	2.35043700000000	1.24627200000000
1.26620166000000	2.35294200000000	1.24985100000000
1.26962304700000	2.35545300000000	1.25340000000000
1.27304455600000	2.35797100000000	1.25691900000000
1.27646606400000	2.36049500000000	1.26041000000000
1.27988769500000	2.36302400000000	1.26387100000000
1.28330932600000	2.36555700000000	1.26730300000000
1.28673120100000	2.36809400000000	1.27070700000000
1.29015307600000	2.37063500000000	1.27408100000000
1.29357495100000	2.37317900000000	1.27742800000000
1.29699707000000	2.37572600000000	1.28074600000000
1.30041918900000	2.37827400000000	1.28403600000000
1.30384155300000	2.38082400000000	1.28729900000000
1.30726403800000	2.38337500000000	1.29053300000000
1.31068676800000	2.38592600000000	1.29374000000000
1.31410949700000	2.38847800000000	1.29692000000000
1.31753247100000	2.39102900000000	1.30007300000000
1.32095544400000	2.39357900000000	1.30319900000000
1.32437878400000	2.39612700000000	1.30629900000000
1.32780224600000	2.39867300000000	1.30937100000000
1.33122595200000	2.40121700000000	1.31241800000000
1.33464978000000	2.40375900000000	1.31543900000000
1.33807397500000	2.40629600000000	1.31843400000000
1.34149829100000	2.40883100000000	1.32140400000000
1.34492285200000	2.41136100000000	1.32434800000000
1.34834765600000	2.41388600000000	1.32726700000000
1.35177270500000	2.41640700000000	1.33016200000000
1.35519812000000	2.41892100000000	1.33303200000000
1.35862377900000	2.42143100000000	1.33587800000000
1.36204956100000	2.42393400000000	1.33869900000000
1.36547583000000	2.42643000000000	1.34149700000000
1.36890222200000	2.42891900000000	1.34427100000000
1.37232897900000	2.43140000000000	1.34702200000000
1.37575610400000	2.43387400000000	1.34975000000000
1.37918359400000	2.43633900000000	1.35245500000000
1.38261132800000	2.43879600000000	1.35513800000000
1.38603942900000	2.44124400000000	1.35779900000000
1.38946789600000	2.44368300000000	1.36043700000000
1.39289672900000	2.44611100000000	1.36305400000000
1.39632592800000	2.44853000000000	1.36564900000000
1.39975549300000	2.45093800000000	1.36822300000000
1.40318542500000	2.45333500000000	1.37077700000000
1.40661584500000	2.45572100000000	1.37330900000000
1.41004663100000	2.45809600000000	1.37582100000000
1.41347778300000	2.46045800000000	1.37831400000000
1.41690942400000	2.46280900000000	1.38078600000000
1.42034143100000	2.46514700000000	1.38323900000000
1.42377380400000	2.46747100000000	1.38567200000000
1.42720678700000	2.46978300000000	1.38808700000000
1.43064025900000	2.47208100000000	1.39048300000000
1.43407397500000	2.47436500000000	1.39286100000000
1.43750842300000	2.47663500000000	1.39522000000000
1.44094311500000	2.47889000000000	1.39756200000000
1.44437854000000	2.48113000000000	1.39988600000000
1.44781433100000	2.48335500000000	1.40219300000000
1.45125073200000	2.48556500000000	1.40448300000000
1.45468750000000	2.48775800000000	1.40675600000000
1.45812487800000	2.48993600000000	1.40901300000000
1.46156286600000	2.49209700000000	1.41125400000000
1.46500134300000	2.49424100000000	1.41347900000000
1.46844030800000	2.49636800000000	1.41568800000000
1.47188000500000	2.49847800000000	1.41788300000000
1.47532006800000	2.50057000000000	1.42006200000000
1.47876098600000	2.50264400000000	1.42222700000000
1.48220227100000	2.50470000000000	1.42437800000000
1.48564428700000	2.50673700000000	1.42651500000000
1.48908679200000	2.50875500000000	1.42863800000000
1.49253002900000	2.51075400000000	1.43074700000000
1.49597387700000	2.51273300000000	1.43284400000000
1.49941821300000	2.51469300000000	1.43492800000000
1.50286340300000	2.51663200000000	1.43699900000000
1.50630920400000	2.51855100000000	1.43905900000000
1.50975561500000	2.52044900000000	1.44110600000000
1.51320263700000	2.52232700000000	1.44314200000000
1.51665051300000	2.52418300000000	1.44516700000000
1.52009887700000	2.52601700000000	1.44718100000000
1.52354809600000	2.52783000000000	1.44918400000000
1.52699804700000	2.52962000000000	1.45117700000000
1.53044860800000	2.53138800000000	1.45316100000000
1.53390002400000	2.53313300000000	1.45513500000000
1.53735205100000	2.53485500000000	1.45709900000000
1.54080493200000	2.53655400000000	1.45905400000000
1.54425842300000	2.53822900000000	1.46100100000000
1.54771276900000	2.53988000000000	1.46294000000000
1.55116784700000	2.54150700000000	1.46487100000000
1.55462377900000	2.54310900000000	1.46679400000000
1.55808044400000	2.54468600000000	1.46871000000000
1.56153796400000	2.54623800000000	1.47061900000000
1.56499633800000	2.54776500000000	1.47252200000000
1.56845532200000	2.54926600000000	1.47441800000000
1.57191528300000	2.55074100000000	1.47630800000000
1.57537609900000	2.55219000000000	1.47819300000000
1.57883764600000	2.55361200000000	1.48007300000000
1.58230017100000	2.55500700000000	1.48194800000000
1.58576342800000	2.55637400000000	1.48381800000000
1.58922766100000	2.55771400000000	1.48568500000000
1.59269274900000	2.55902600000000	1.48754700000000
1.59615869100000	2.56031000000000	1.48940700000000
1.59962561000000	2.56156500000000	1.49126300000000
1.60309338400000	2.56279100000000	1.49311700000000
1.60656213400000	2.56398800000000	1.49496800000000
1.61003161600000	2.56515600000000	1.49681800000000
1.61350219700000	2.56629300000000	1.49866600000000
1.61697375500000	2.56740100000000	1.50051400000000
1.62044616700000	2.56847700000000	1.50236000000000
1.62391955600000	2.56952300000000	1.50420600000000
1.62739392100000	2.57053800000000	1.50605300000000
1.63086926300000	2.57152100000000	1.50790000000000
1.63434558100000	2.57247200000000	1.50974800000000
1.63782299800000	2.57339100000000	1.51159700000000
1.64130139200000	2.57427700000000	1.51344800000000
1.64478064000000	2.57513100000000	1.51530100000000
1.64826098600000	2.57595000000000	1.51715700000000
1.65174243200000	2.57673700000000	1.51901700000000
1.65522485400000	2.57748800000000	1.52087900000000
1.65870837400000	2.57820600000000	1.52274600000000
1.66219299300000	2.57888900000000	1.52461700000000
1.66567846700000	2.57953600000000	1.52649300000000
1.66916528300000	2.58014800000000	1.52837400000000
1.67265307600000	2.58072300000000	1.53026200000000
1.67614196800000	2.58126200000000	1.53215500000000
1.67963183600000	2.58176400000000	1.53405600000000
1.68312304700000	2.58222900000000	1.53596400000000
1.68661523400000	2.58265600000000	1.53787900000000
1.69010864300000	2.58304500000000	1.53980300000000
1.69360314900000	2.58339600000000	1.54173600000000