0.191671829000000	1.61749400000000	1.24615300000000
0.193269012000000	1.63238500000000	1.23996200000000
0.194866226000000	1.64646300000000	1.23360100000000
0.196463455000000	1.65975900000000	1.22711900000000
0.198060699000000	1.67230700000000	1.22055900000000
0.199657990000000	1.68414000000000	1.21396100000000
0.201255280000000	1.69529300000000	1.20735800000000
0.202852600000000	1.70580000000000	1.20078100000000
0.204449936000000	1.71569200000000	1.19425900000000
0.206047287000000	1.72500400000000	1.18781600000000
0.207644684000000	1.73376700000000	1.18147100000000
0.209242096000000	1.74201200000000	1.17524400000000
0.210839508000000	1.74976900000000	1.16915000000000
0.212436935000000	1.75706700000000	1.16320200000000
0.214034393000000	1.76393500000000	1.15741100000000
0.215631882000000	1.77040000000000	1.15178600000000
0.217229370000000	1.77648600000000	1.14633300000000
0.218826904000000	1.78221900000000	1.14105900000000
0.220424438000000	1.78762200000000	1.13596700000000
0.222021973000000	1.79271600000000	1.13105900000000
0.223619553000000	1.79752200000000	1.12633600000000
0.225217133000000	1.80206000000000	1.12180000000000
0.226814743000000	1.80634800000000	1.11745000000000
0.228412354000000	1.81040200000000	1.11328300000000
0.230009979000000	1.81423800000000	1.10929700000000
0.231607635000000	1.81787100000000	1.10549100000000
0.233205322000000	1.82131500000000	1.10186100000000
0.234803009000000	1.82458000000000	1.09840300000000
0.236400681000000	1.82767800000000	1.09511400000000
0.237998413000000	1.83061900000000	1.09198900000000
0.239596146000000	1.83341200000000	1.08902400000000
0.241193878000000	1.83606500000000	1.08621600000000
0.242791626000000	1.83858400000000	1.08356100000000
0.244389404000000	1.84097500000000	1.08105500000000
0.245987183000000	1.84324300000000	1.07869400000000
0.247584991000000	1.84539300000000	1.07647400000000
0.249182785000000	1.84742800000000	1.07439400000000
0.250780609000000	1.84935000000000	1.07245100000000
0.252378448000000	1.85116100000000	1.07064400000000
0.253976273000000	1.85286300000000	1.06897000000000
0.255574142000000	1.85445600000000	1.06743100000000
0.257171997000000	1.85594100000000	1.06602600000000
0.258769867000000	1.85731800000000	1.06475600000000
0.260367767000000	1.85858700000000	1.06362500000000
0.261965668000000	1.85974800000000	1.06263500000000
0.263563568000000	1.86080000000000	1.06179000000000
0.265161499000000	1.86174400000000	1.06109600000000
0.266759430000000	1.86258100000000	1.06056000000000
0.268357361000000	1.86331100000000	1.06018700000000
0.269955292000000	1.86393700000000	1.05998700000000
0.271553253000000	1.86446200000000	1.05996900000000
0.273151215000000	1.86488900000000	1.06014300000000
0.274749176000000	1.86522400000000	1.06051900000000
0.276347137000000	1.86547300000000	1.06110800000000
0.277945129000000	1.86564400000000	1.06192300000000
0.279543121000000	1.86574800000000	1.06297300000000
0.281141113000000	1.86579500000000	1.06427300000000
0.282739136000000	1.86580000000000	1.06583200000000
0.284337128000000	1.86577700000000	1.06766100000000
0.285935150000000	1.86574400000000	1.06977100000000
0.287533173000000	1.86572000000000	1.07217000000000
0.289131195000000	1.86572600000000	1.07486600000000
0.290729218000000	1.86578400000000	1.07786300000000
0.292327271000000	1.86591800000000	1.08116700000000
0.293925293000000	1.86615300000000	1.08477900000000
0.295523346000000	1.86651700000000	1.08869800000000
0.297121399000000	1.86703500000000	1.09291900000000
0.298719421000000	1.86773600000000	1.09743800000000
0.300317474000000	1.86864700000000	1.10224500000000
0.301915558000000	1.86979500000000	1.10732700000000
0.303513611000000	1.87120700000000	1.11267000000000
0.305111664000000	1.87290900000000	1.11825400000000
0.306709717000000	1.87492400000000	1.12406100000000
0.308307800000000	1.87727600000000	1.13006400000000
0.309905823000000	1.87998400000000	1.13624000000000
0.311503906000000	1.88306700000000	1.14255800000000
0.313101990000000	1.88654000000000	1.14898800000000
0.314700043000000	1.89041400000000	1.15549900000000
0.316298096000000	1.89470000000000	1.16205600000000
0.317896179000000	1.89940200000000	1.16862600000000
0.319494232000000	1.90452400000000	1.17517400000000
0.321092316000000	1.91006400000000	1.18166300000000
0.322690369000000	1.91601800000000	1.18806000000000
0.324288422000000	1.92237900000000	1.19433000000000
0.325886475000000	1.92913400000000	1.20044000000000
0.327484558000000	1.93627100000000	1.20635700000000
0.329082581000000	1.94377300000000	1.21205000000000
0.330680634000000	1.95161900000000	1.21749200000000
0.332278687000000	1.95978800000000	1.22265600000000
0.333876740000000	1.96825500000000	1.22751600000000
0.335474792000000	1.97699500000000	1.23205100000000
0.337072815000000	1.98597800000000	1.23624200000000
0.338670837000000	1.99517700000000	1.24007200000000
0.340268860000000	2.00455900000000	1.24352700000000
0.341866882000000	2.01409300000000	1.24659600000000
0.343464905000000	2.02374700000000	1.24927200000000
0.345062927000000	2.03348900000000	1.25154900000000
0.346660950000000	2.04328500000000	1.25342400000000
0.348258942000000	2.05310200000000	1.25490000000000
0.349856934000000	2.06290800000000	1.25597800000000
0.351454926000000	2.07267000000000	1.25666700000000
0.353052917000000	2.08235700000000	1.25697500000000
0.354650879000000	2.09193800000000	1.25691500000000
0.356248840000000	2.10138300000000	1.25650400000000
0.357846802000000	2.11066500000000	1.25575800000000
0.359444763000000	2.11975600000000	1.25469900000000
0.361042694000000	2.12863300000000	1.25335200000000
0.362640625000000	2.13727400000000	1.25174300000000
0.364238556000000	2.14565800000000	1.24990300000000
0.365836456000000	2.15377000000000	1.24786200000000
0.367434387000000	2.16159700000000	1.24565600000000
0.369032257000000	2.16913100000000	1.24332100000000
0.370630157000000	2.17636800000000	1.24089500000000
0.372228027000000	2.18330800000000	1.23841700000000
0.373825867000000	2.18995800000000	1.23592500000000
0.375423737000000	2.19633000000000	1.23345900000000
0.377021545000000	2.20244100000000	1.23105600000000
0.378619385000000	2.20831400000000	1.22875000000000
0.380217224000000	2.21397900000000	1.22657500000000
0.381815002000000	2.21946900000000	1.22455600000000
0.383412811000000	2.22482200000000	1.22271700000000
0.385010559000000	2.23008000000000	1.22107400000000
0.386608337000000	2.23528800000000	1.21963500000000
0.388206116000000	2.24049300000000	1.21840200000000
0.389803833000000	2.24573900000000	1.21736800000000
0.391401550000000	2.25107300000000	1.21652100000000
0.392999268000000	2.25653500000000	1.21583900000000
0.394596954000000	2.26216400000000	1.21529200000000
0.396194641000000	2.26799200000000	1.21484800000000
0.397792297000000	2.27404600000000	1.21446500000000
0.399389954000000	2.28034300000000	1.21410200000000
0.400987579000000	2.28689600000000	1.21371200000000
0.402585175000000	2.29370600000000	1.21325000000000
0.404182800000000	2.30077000000000	1.21267000000000
0.405780365000000	2.30807500000000	1.21192800000000
0.407377930000000	2.31560300000000	1.21098600000000
0.408975464000000	2.32332900000000	1.20980600000000
0.410572998000000	2.33122300000000	1.20835900000000
0.412170502000000	2.33925300000000	1.20662200000000
0.413768005000000	2.34738500000000	1.20457500000000
0.415365479000000	2.35558000000000	1.20220600000000
0.416962952000000	2.36380500000000	1.19951000000000
0.418560364000000	2.37202300000000	1.19648700000000
0.420157776000000	2.38020200000000	1.19314100000000
0.421755188000000	2.38831200000000	1.18948100000000
0.423352539000000	2.39632600000000	1.18551900000000
0.424949890000000	2.40422000000000	1.18127100000000
0.426547211000000	2.41197600000000	1.17675400000000
0.428144531000000	2.41957700000000	1.17198700000000
0.429741852000000	2.42701200000000	1.16698700000000
0.431339111000000	2.43427200000000	1.16177200000000
0.432936340000000	2.44135000000000	1.15636200000000
0.434533600000000	2.44824500000000	1.15077000000000
0.436130768000000	2.45495500000000	1.14501200000000
0.437727936000000	2.46148100000000	1.13910100000000
0.439325104000000	2.46782400000000	1.13304800000000
0.440922211000000	2.47398600000000	1.12686000000000
0.442519348000000	2.47997100000000	1.12054700000000
0.444116394000000	2.48578000000000	1.11411300000000
0.445713470000000	2.49141600000000	1.10756200000000
0.447310486000000	2.49688000000000	1.10089800000000
0.448907532000000	2.50217200000000	1.09412100000000
0.450504486000000	2.50729300000000	1.08723600000000
0.452101471000000	2.51223900000000	1.08024100000000
0.453698395000000	2.51701000000000	1.07313800000000
0.455295319000000	2.52160100000000	1.06592800000000
0.456892181000000	2.52600900000000	1.05861400000000
0.458489014000000	2.53022800000000	1.05119700000000
0.460085846000000	2.53425200000000	1.04367900000000
0.461682678000000	2.53807700000000	1.03606500000000
0.463279449000000	2.54169500000000	1.02835900000000
0.464876160000000	2.54510000000000	1.02056500000000
0.466472900000000	2.54828600000000	1.01269100000000
0.468069580000000	2.55124700000000	1.00474300000000
0.469666199000000	2.55397700000000	0.996730000000000
0.471262848000000	2.55647200000000	0.988659000000000
0.472859436000000	2.55872600000000	0.980540000000000
0.474455994000000	2.56073600000000	0.972383000000000
0.476052551000000	2.56249800000000	0.964198000000000
0.477649017000000	2.56401100000000	0.955997000000000
0.479245514000000	2.56527200000000	0.947789000000000
0.480841949000000	2.56628100000000	0.939587000000000
0.482438385000000	2.56703800000000	0.931401000000000
0.484034760000000	2.56754500000000	0.923243000000000
0.485631104000000	2.56780300000000	0.915124000000000
0.487227386000000	2.56781500000000	0.907055000000000
0.488823669000000	2.56758400000000	0.899047000000000
0.490419983000000	2.56711500000000	0.891110000000000
0.492016174000000	2.56641200000000	0.883254000000000
0.493612366000000	2.56548100000000	0.875489000000000
0.495208496000000	2.56432900000000	0.867824000000000
0.496804596000000	2.56296100000000	0.860267000000000
0.498400696000000	2.56138500000000	0.852826000000000
0.499996735000000	2.55960900000000	0.845508000000000
0.501592712000000	2.55763900000000	0.838321000000000
0.503188721000000	2.55548500000000	0.831270000000000
0.504784668000000	2.55315400000000	0.824362000000000
0.506380554000000	2.55065500000000	0.817600000000000
0.507976410000000	2.54799600000000	0.810990000000000
0.509572266000000	2.54518700000000	0.804535000000000
0.511168060000000	2.54223500000000	0.798238000000000
0.512763794000000	2.53915000000000	0.792102000000000
0.514359497000000	2.53594000000000	0.786130000000000
0.515955200000000	2.53261400000000	0.780322000000000
0.517550903000000	2.52917900000000	0.774679000000000
0.519146484000000	2.52564500000000	0.769202000000000
0.520742065000000	2.52201900000000	0.763892000000000
0.522337524000000	2.51831000000000	0.758748000000000
0.523933044000000	2.51452400000000	0.753769000000000
0.525528503000000	2.51067000000000	0.748954000000000
0.527123901000000	2.50675400000000	0.744302000000000
0.528719299000000	2.50278300000000	0.739810000000000
0.530314575000000	2.49876500000000	0.735478000000000
0.531909851000000	2.49470400000000	0.731302000000000
0.533505127000000	2.49060800000000	0.727280000000000
0.535100342000000	2.48648200000000	0.723409000000000
0.536695496000000	2.48233100000000	0.719686000000000
0.538290649000000	2.47816100000000	0.716109000000000
0.539885681000000	2.47397600000000	0.712673000000000
0.541480713000000	2.46978100000000	0.709376000000000
0.543075745000000	2.46558100000000	0.706214000000000
0.544670654000000	2.46137800000000	0.703183000000000
0.546265564000000	2.45717800000000	0.700280000000000
0.547860474000000	2.45298200000000	0.697501000000000
0.549455261000000	2.44879500000000	0.694842000000000
0.551050049000000	2.44461900000000	0.692300000000000
0.552644775000000	2.44045700000000	0.689871000000000
0.554239441000000	2.43631100000000	0.687552000000000
0.555834106000000	2.43218400000000	0.685337000000000
0.557428650000000	2.42807700000000	0.683225000000000
0.559023254000000	2.42399100000000	0.681211000000000
0.560617737000000	2.41993000000000	0.679291000000000
0.562212158000000	2.41589300000000	0.677463000000000
0.563806580000000	2.41188200000000	0.675722000000000
0.565400940000000	2.40789900000000	0.674066000000000
0.566995239000000	2.40394300000000	0.672491000000000
0.568589478000000	2.40001500000000	0.670994000000000
0.570183716000000	2.39611600000000	0.669572000000000
0.571777954000000	2.39224700000000	0.668221000000000
0.573372009000000	2.38840700000000	0.666940000000000
0.574966125000000	2.38459700000000	0.665725000000000
0.576560120000000	2.38081700000000	0.664573000000000
0.578154114000000	2.37706600000000	0.663482000000000
0.579747986000000	2.37334500000000	0.662449000000000
0.581341919000000	2.36965300000000	0.661472000000000
0.582935669000000	2.36599000000000	0.660548000000000
0.584529480000000	2.36235500000000	0.659676000000000
0.586123169000000	2.35874900000000	0.658853000000000
0.587716858000000	2.35517000000000	0.658077000000000
0.589310486000000	2.35161900000000	0.657346000000000
0.590904053000000	2.34809400000000	0.656658000000000
0.592497559000000	2.34459500000000	0.656012000000000
0.594091003000000	2.34112100000000	0.655405000000000
0.595684448000000	2.33767200000000	0.654837000000000
0.597277771000000	2.33424600000000	0.654306000000000
0.598871094000000	2.33084400000000	0.653809000000000
0.600464294000000	2.32746500000000	0.653347000000000
0.602057495000000	2.32410600000000	0.652917000000000
0.603650635000000	2.32076900000000	0.652519000000000
0.605243774000000	2.31745200000000	0.652151000000000
0.606836792000000	2.31415400000000	0.651812000000000
0.608429749000000	2.31087500000000	0.651502000000000
0.610022644000000	2.30761400000000	0.651218000000000
0.611615540000000	2.30436900000000	0.650961000000000
0.613208374000000	2.30114100000000	0.650730000000000
0.614801086000000	2.29792900000000	0.650523000000000
0.616393738000000	2.29473100000000	0.650340000000000
0.617986389000000	2.29154700000000	0.650181000000000
0.619578979000000	2.28837700000000	0.650044000000000
0.621171509000000	2.28521900000000	0.649930000000000
0.622763977000000	2.28207300000000	0.649837000000000
0.624356323000000	2.27893800000000	0.649765000000000
0.625948730000000	2.27581400000000	0.649714000000000
0.627541016000000	2.27270000000000	0.649683000000000
0.629133179000000	2.26959500000000	0.649672000000000
0.630725403000000	2.26649800000000	0.649681000000000
0.632317505000000	2.26340900000000	0.649709000000000
0.633909546000000	2.26032800000000	0.649755000000000
0.635501526000000	2.25725400000000	0.649821000000000
0.637093445000000	2.25418600000000	0.649904000000000
0.638685303000000	2.25112300000000	0.650006000000000
0.640277100000000	2.24806600000000	0.650126000000000
0.641868835000000	2.24501300000000	0.650264000000000
0.643460571000000	2.24196400000000	0.650419000000000
0.645052124000000	2.23891900000000	0.650592000000000
0.646643677000000	2.23587800000000	0.650783000000000
0.648235229000000	2.23283900000000	0.650990000000000
0.649826660000000	2.22980200000000	0.651215000000000
0.651418030000000	2.22676700000000	0.651458000000000
0.653009338000000	2.22373400000000	0.651717000000000
0.654600525000000	2.22070200000000	0.651994000000000
0.656191711000000	2.21767000000000	0.652288000000000
0.657782837000000	2.21463900000000	0.652599000000000
0.659373901000000	2.21160800000000	0.652927000000000
0.660964844000000	2.20857700000000	0.653273000000000
0.662555786000000	2.20554500000000	0.653636000000000
0.664146606000000	2.20251300000000	0.654015000000000
0.665737427000000	2.19947800000000	0.654413000000000
0.667328125000000	2.19644300000000	0.654827000000000
0.668918762000000	2.19340600000000	0.655259000000000
0.670509338000000	2.19036700000000	0.655709000000000
0.672099854000000	2.18732500000000	0.656176000000000
0.673690308000000	2.18428200000000	0.656661000000000
0.675280640000000	2.18123500000000	0.657163000000000
0.676870972000000	2.17818600000000	0.657684000000000
0.678461243000000	2.17513400000000	0.658222000000000
0.680051392000000	2.17207800000000	0.658778000000000
0.681641479000000	2.16901900000000	0.659353000000000
0.683231567000000	2.16595700000000	0.659945000000000
0.684821472000000	2.16289100000000	0.660556000000000
0.686411377000000	2.15982100000000	0.661186000000000
0.688001221000000	2.15674700000000	0.661834000000000
0.689590942000000	2.15366900000000	0.662501000000000
0.691180664000000	2.15058600000000	0.663187000000000
0.692770264000000	2.14750000000000	0.663891000000000
0.694359741000000	2.14440900000000	0.664615000000000
0.695949280000000	2.14131400000000	0.665358000000000
0.697538696000000	2.13821400000000	0.666120000000000
0.699127991000000	2.13510900000000	0.666902000000000
0.700717224000000	2.13200000000000	0.667704000000000
0.702306396000000	2.12888600000000	0.668525000000000
0.703895508000000	2.12576700000000	0.669366000000000
0.705484497000000	2.12264300000000	0.670227000000000
0.707073486000000	2.11951500000000	0.671109000000000
0.708662354000000	2.11638200000000	0.672010000000000
0.710251160000000	2.11324300000000	0.672933000000000
0.711839905000000	2.11010000000000	0.673875000000000
0.713428589000000	2.10695200000000	0.674839000000000
0.715017151000000	2.10379900000000	0.675823000000000
0.716605591000000	2.10064100000000	0.676828000000000
0.718194031000000	2.09747800000000	0.677855000000000
0.719782410000000	2.09431100000000	0.678903000000000
0.721370728000000	2.09113800000000	0.679972000000000
0.722958862000000	2.08796100000000	0.681063000000000
0.724546997000000	2.08477900000000	0.682175000000000
0.726135071000000	2.08159200000000	0.683310000000000
0.727723022000000	2.07840000000000	0.684466000000000
0.729310913000000	2.07520400000000	0.685645000000000
0.730898743000000	2.07200300000000	0.686845000000000
0.732486450000000	2.06879800000000	0.688069000000000
0.734074097000000	2.06558800000000	0.689314000000000
0.735661682000000	2.06237400000000	0.690583000000000
0.737249146000000	2.05915500000000	0.691874000000000
0.738836548000000	2.05593200000000	0.693188000000000
0.740423889000000	2.05270600000000	0.694525000000000
0.742011108000000	2.04947500000000	0.695886000000000
0.743598267000000	2.04624000000000	0.697269000000000
0.745185425000000	2.04300100000000	0.698677000000000
0.746772400000000	2.03975900000000	0.700107000000000
0.748359314000000	2.03651300000000	0.701562000000000
0.749946167000000	2.03326300000000	0.703040000000000
0.751532898000000	2.03001000000000	0.704542000000000
0.753119629000000	2.02675400000000	0.706068000000000
0.754706177000000	2.02349400000000	0.707619000000000
0.756292725000000	2.02023200000000	0.709194000000000
0.757879150000000	2.01696700000000	0.710793000000000
0.759465454000000	2.01369800000000	0.712417000000000
0.761051758000000	2.01042800000000	0.714065000000000
0.762637939000000	2.00715400000000	0.715738000000000
0.764223999000000	2.00387900000000	0.717436000000000
0.765809998000000	2.00060100000000	0.719159000000000
0.767395935000000	1.99732100000000	0.720907000000000
0.768981750000000	1.99404000000000	0.722680000000000
0.770567505000000	1.99075700000000	0.724479000000000
0.772153198000000	1.98747200000000	0.726303000000000
0.773738708000000	1.98418600000000	0.728152000000000
0.775324219000000	1.98089800000000	0.730027000000000
0.776909607000000	1.97761000000000	0.731928000000000
0.778494934000000	1.97432100000000	0.733854000000000
0.780080200000000	1.97103100000000	0.735806000000000
0.781665283000000	1.96774100000000	0.737784000000000
0.783250366000000	1.96445000000000	0.739789000000000
0.784835327000000	1.96116000000000	0.741819000000000
0.786420166000000	1.95786900000000	0.743875000000000
0.788004944000000	1.95457900000000	0.745958000000000
0.789589661000000	1.95129000000000	0.748067000000000
0.791174194000000	1.94800100000000	0.750202000000000
0.792758728000000	1.94471300000000	0.752364000000000
0.794343140000000	1.94142600000000	0.754552000000000
0.795927490000000	1.93814000000000	0.756767000000000
0.797511719000000	1.93485600000000	0.759008000000000
0.799095825000000	1.93157400000000	0.761276000000000
0.800679932000000	1.92829400000000	0.763571000000000
0.802263855000000	1.92501600000000	0.765893000000000
0.803847778000000	1.92174000000000	0.768241000000000
0.805431519000000	1.91846700000000	0.770616000000000
0.807015259000000	1.91519700000000	0.773019000000000
0.808598755000000	1.91193000000000	0.775448000000000
0.810182251000000	1.90866600000000	0.777904000000000
0.811765747000000	1.90540600000000	0.780387000000000
0.813348999000000	1.90215000000000	0.782897000000000
0.814932251000000	1.89889800000000	0.785434000000000
0.816515320000000	1.89565000000000	0.787999000000000
0.818098328000000	1.89240700000000	0.790590000000000
0.819681274000000	1.88916900000000	0.793208000000000
0.821264160000000	1.88593500000000	0.795854000000000
0.822846863000000	1.88270700000000	0.798527000000000
0.824429504000000	1.87948400000000	0.801227000000000
0.826012024000000	1.87626800000000	0.803953000000000
0.827594543000000	1.87305700000000	0.806708000000000
0.829176880000000	1.86985200000000	0.809489000000000
0.830759094000000	1.86665400000000	0.812297000000000
0.832341187000000	1.86346300000000	0.815132000000000
0.833923340000000	1.86027900000000	0.817994000000000
0.835505249000000	1.85710200000000	0.820884000000000
0.837087097000000	1.85393300000000	0.823800000000000
0.838668823000000	1.85077100000000	0.826743000000000
0.840250488000000	1.84761800000000	0.829713000000000
0.841832153000000	1.84447300000000	0.832710000000000
0.843413574000000	1.84133600000000	0.835734000000000
0.844994934000000	1.83820900000000	0.838784000000000
0.846576172000000	1.83509100000000	0.841862000000000
0.848157349000000	1.83198200000000	0.844965000000000
0.849738403000000	1.82888200000000	0.848096000000000
0.851319336000000	1.82579300000000	0.851253000000000
0.852900208000000	1.82271400000000	0.854436000000000
0.854480957000000	1.81964500000000	0.857646000000000
0.856061646000000	1.81658700000000	0.860882000000000
0.857642090000000	1.81354000000000	0.864144000000000
0.859222534000000	1.81050400000000	0.867433000000000
0.860802917000000	1.80748000000000	0.870747000000000
0.862383118000000	1.80446700000000	0.874087000000000
0.863963257000000	1.80146600000000	0.877453000000000
0.865543335000000	1.79847800000000	0.880845000000000
0.867123230000000	1.79550200000000	0.884263000000000
0.868703003000000	1.79253900000000	0.887705000000000
0.870282837000000	1.78959000000000	0.891174000000000
0.871862427000000	1.78665300000000	0.894667000000000
0.873441895000000	1.78373000000000	0.898186000000000
0.875021301000000	1.78082100000000	0.901729000000000
0.876600586000000	1.77792600000000	0.905298000000000
0.878179810000000	1.77504500000000	0.908891000000000
0.879758789000000	1.77217900000000	0.912508000000000
0.881337769000000	1.76932800000000	0.916150000000000
0.882916687000000	1.76649100000000	0.919816000000000
0.884495422000000	1.76367000000000	0.923506000000000
0.886074036000000	1.76086500000000	0.927220000000000
0.887652649000000	1.75807500000000	0.930958000000000
0.889231079000000	1.75530200000000	0.934720000000000
0.890809387000000	1.75254400000000	0.938505000000000
0.892387573000000	1.74980400000000	0.942313000000000
0.893965637000000	1.74708000000000	0.946144000000000
0.895543640000000	1.74437300000000	0.949998000000000
0.897121460000000	1.74168300000000	0.953874000000000
0.898699341000000	1.73901000000000	0.957773000000000
0.900276978000000	1.73635600000000	0.961694000000000
0.901854492000000	1.73371900000000	0.965638000000000
0.903431946000000	1.73110000000000	0.969603000000000
0.905009277000000	1.72849900000000	0.973589000000000
0.906586548000000	1.72591700000000	0.977598000000000
0.908163574000000	1.72335400000000	0.981627000000000
0.909740540000000	1.72080900000000	0.985677000000000
0.911317505000000	1.71828400000000	0.989748000000000
0.912894226000000	1.71577800000000	0.993840000000000
0.914470825000000	1.71329100000000	0.997952000000000
0.916047363000000	1.71082400000000	1.00208400000000
0.917623840000000	1.70837700000000	1.00623600000000
0.919200073000000	1.70595000000000	1.01040700000000
0.920776245000000	1.70354300000000	1.01459800000000
0.922352356000000	1.70115600000000	1.01880800000000
0.923928345000000	1.69879000000000	1.02303600000000
0.925504211000000	1.69644500000000	1.02728400000000
0.927079895000000	1.69412100000000	1.03154900000000
0.928655457000000	1.69181700000000	1.03583300000000
0.930231079000000	1.68953500000000	1.04013500000000
0.931806335000000	1.68727400000000	1.04445400000000
0.933381653000000	1.68503500000000	1.04879000000000
0.934956848000000	1.68281700000000	1.05314400000000
0.936531860000000	1.68062100000000	1.05751400000000
0.938106750000000	1.67844700000000	1.06190100000000
0.939681519000000	1.67629500000000	1.06630400000000
0.941256165000000	1.67416400000000	1.07072300000000
0.942830750000000	1.67205700000000	1.07515800000000
0.944405151000000	1.66997100000000	1.07960800000000
0.945979492000000	1.66790800000000	1.08407400000000
0.947553711000000	1.66586700000000	1.08855400000000
0.949127747000000	1.66385000000000	1.09304900000000
0.950701660000000	1.66185400000000	1.09755800000000
0.952275574000000	1.65988200000000	1.10208100000000
0.953849243000000	1.65793300000000	1.10661800000000
0.955422852000000	1.65600600000000	1.11116900000000
0.956996277000000	1.65410300000000	1.11573200000000
0.958569641000000	1.65222300000000	1.12030900000000
0.960142883000000	1.65036600000000	1.12489800000000
0.961716003000000	1.64853200000000	1.12950000000000
0.963288940000000	1.64672100000000	1.13411400000000
0.964861816000000	1.64493400000000	1.13873900000000
0.966434570000000	1.64317100000000	1.14337600000000
0.968007141000000	1.64143000000000	1.14802500000000
0.969579590000000	1.63971400000000	1.15268400000000
0.971151978000000	1.63802100000000	1.15735400000000
0.972724243000000	1.63635100000000	1.16203400000000
0.974296265000000	1.63470500000000	1.16672500000000
0.975868347000000	1.63308300000000	1.17142500000000
0.977440125000000	1.63148400000000	1.17613500000000
0.979011902000000	1.62990900000000	1.18085500000000
0.980583496000000	1.62835700000000	1.18558300000000
0.982154968000000	1.62682900000000	1.19032000000000
0.983726379000000	1.62532500000000	1.19506500000000
0.985297546000000	1.62384500000000	1.19981900000000
0.986868652000000	1.62238800000000	1.20458100000000
0.988439636000000	1.62095400000000	1.20935000000000
0.990010437000000	1.61954500000000	1.21412600000000
0.991581177000000	1.61815800000000	1.21891000000000
0.993151733000000	1.61679600000000	1.22370100000000
0.994722290000000	1.61545700000000	1.22849800000000
0.996292603000000	1.61414100000000	1.23330200000000
0.997862793000000	1.61284900000000	1.23811100000000
0.999432800000000	1.61158000000000	1.24292700000000
1.01252185100000	1.60190400000000	1.28327900000000
1.01596447800000	1.59962400000000	1.29394400000000
1.01940655500000	1.59745300000000	1.30462300000000
1.02284796100000	1.59539000000000	1.31531400000000
1.02628881800000	1.59343500000000	1.32601500000000
1.02972900400000	1.59158600000000	1.33672300000000
1.03316870100000	1.58984400000000	1.34743700000000
1.03660778800000	1.58820500000000	1.35815400000000
1.04004626500000	1.58666900000000	1.36887200000000
1.04348425300000	1.58523600000000	1.37958900000000
1.04692175300000	1.58390300000000	1.39030400000000
1.05035864300000	1.58267000000000	1.40101400000000
1.05379504400000	1.58153500000000	1.41171800000000
1.05723095700000	1.58049700000000	1.42241300000000
1.06066626000000	1.57955500000000	1.43309900000000
1.06410119600000	1.57870700000000	1.44377300000000
1.06753552200000	1.57795100000000	1.45443400000000
1.07096948200000	1.57728700000000	1.46508100000000
1.07440295400000	1.57671400000000	1.47571200000000
1.07783593800000	1.57622800000000	1.48632600000000
1.08126843300000	1.57583000000000	1.49692100000000
1.08470043900000	1.57551700000000	1.50749700000000
1.08813208000000	1.57528900000000	1.51805100000000
1.09156335400000	1.57514300000000	1.52858400000000
1.09499414100000	1.57507900000000	1.53909300000000
1.09842456100000	1.57509400000000	1.54957900000000
1.10185461400000	1.57518800000000	1.56003900000000
1.10528418000000	1.57535800000000	1.57047400000000
1.10871350100000	1.57560400000000	1.58088200000000
1.11214233400000	1.57592400000000	1.59126200000000
1.11557080100000	1.57631700000000	1.60161400000000
1.11899890100000	1.57678000000000	1.61193700000000
1.12242675800000	1.57731400000000	1.62223000000000
1.12585424800000	1.57791500000000	1.63249300000000
1.12928137200000	1.57858300000000	1.64272600000000
1.13270825200000	1.57931700000000	1.65292700000000
1.13613464400000	1.58011500000000	1.66309600000000
1.13956091300000	1.58097600000000	1.67323300000000
1.14298681600000	1.58189800000000	1.68333700000000
1.14641247600000	1.58288000000000	1.69340800000000
1.14983776900000	1.58392100000000	1.70344600000000
1.15326293900000	1.58502000000000	1.71344900000000
1.15668774400000	1.58617400000000	1.72342000000000
1.16011242700000	1.58738400000000	1.73335600000000
1.16353674300000	1.58864800000000	1.74325700000000
1.16696081500000	1.58996400000000	1.75312400000000
1.17038476600000	1.59133100000000	1.76295600000000
1.17380847200000	1.59274900000000	1.77275400000000
1.17723205600000	1.59421600000000	1.78251600000000
1.18065527300000	1.59573000000000	1.79224300000000
1.18407836900000	1.59729100000000	1.80193600000000
1.18750134300000	1.59889800000000	1.81159300000000
1.19092419400000	1.60055000000000	1.82121500000000
1.19434680200000	1.60224500000000	1.83080200000000
1.19776928700000	1.60398300000000	1.84035400000000
1.20119165000000	1.60576200000000	1.84987100000000
1.20461389200000	1.60758200000000	1.85935300000000
1.20803588900000	1.60944100000000	1.86879900000000
1.21145788600000	1.61133900000000	1.87821200000000
1.21487976100000	1.61327400000000	1.88758900000000
1.21830151400000	1.61524700000000	1.89693200000000
1.22172326700000	1.61725500000000	1.90624000000000
1.22514489700000	1.61929800000000	1.91551500000000
1.22856640600000	1.62137400000000	1.92475500000000
1.23198803700000	1.62348500000000	1.93396100000000
1.23540942400000	1.62562800000000	1.94313400000000
1.23883081100000	1.62780200000000	1.95227300000000
1.24225219700000	1.63000700000000	1.96137800000000
1.24567358400000	1.63224200000000	1.97045100000000
1.24909484900000	1.63450600000000	1.97949000000000
1.25251623500000	1.63680000000000	1.98849700000000
1.25593750000000	1.63912000000000	1.99747200000000
1.25935888700000	1.64146800000000	2.00641400000000
1.26278027300000	1.64384300000000	2.01532500000000
1.26620166000000	1.64624300000000	2.02420400000000
1.26962304700000	1.64866800000000	2.03305200000000
1.27304455600000	1.65111700000000	2.04186800000000
1.27646606400000	1.65359100000000	2.05065400000000
1.27988769500000	1.65608800000000	2.05940900000000
1.28330932600000	1.65860700000000	2.06813400000000
1.28673120100000	1.66114900000000	2.07682900000000
1.29015307600000	1.66371200000000	2.08549500000000
1.29357495100000	1.66629600000000	2.09413100000000
1.29699707000000	1.66890000000000	2.10273800000000
1.30041918900000	1.67152400000000	2.11131600000000
1.30384155300000	1.67416800000000	2.11986600000000
1.30726403800000	1.67683100000000	2.12838800000000
1.31068676800000	1.67951100000000	2.13688200000000
1.31410949700000	1.68221000000000	2.14534900000000
1.31753247100000	1.68492700000000	2.15378800000000
1.32095544400000	1.68766000000000	2.16220100000000
1.32437878400000	1.69041000000000	2.17058700000000
1.32780224600000	1.69317600000000	2.17894700000000
1.33122595200000	1.69595700000000	2.18728100000000
1.33464978000000	1.69875500000000	2.19559000000000
1.33807397500000	1.70156700000000	2.20387300000000
1.34149829100000	1.70439400000000	2.21213200000000
1.34492285200000	1.70723400000000	2.22036600000000
1.34834765600000	1.71008900000000	2.22857500000000
1.35177270500000	1.71295700000000	2.23676200000000
1.35519812000000	1.71583900000000	2.24492400000000
1.35862377900000	1.71873300000000	2.25306300000000
1.36204956100000	1.72164000000000	2.26117900000000
1.36547583000000	1.72455900000000	2.26927200000000
1.36890222200000	1.72749000000000	2.27734400000000
1.37232897900000	1.73043300000000	2.28539300000000
1.37575610400000	1.73338700000000	2.29342000000000
1.37918359400000	1.73635200000000	2.30142700000000
1.38261132800000	1.73932800000000	2.30941200000000
1.38603942900000	1.74231500000000	2.31737700000000
1.38946789600000	1.74531200000000	2.32532100000000
1.39289672900000	1.74831900000000	2.33324500000000
1.39632592800000	1.75133600000000	2.34115000000000
1.39975549300000	1.75436200000000	2.34903500000000
1.40318542500000	1.75739800000000	2.35690100000000
1.40661584500000	1.76044300000000	2.36474800000000
1.41004663100000	1.76349800000000	2.37257700000000
1.41347778300000	1.76656100000000	2.38038700000000
1.41690942400000	1.76963200000000	2.38818000000000
1.42034143100000	1.77271300000000	2.39595500000000
1.42377380400000	1.77580100000000	2.40371300000000
1.42720678700000	1.77889800000000	2.41145400000000
1.43064025900000	1.78200200000000	2.41917800000000
1.43407397500000	1.78511500000000	2.42688600000000
1.43750842300000	1.78823500000000	2.43457800000000
1.44094311500000	1.79136200000000	2.44225400000000
1.44437854000000	1.79449700000000	2.44991400000000
1.44781433100000	1.79764000000000	2.45756000000000
1.45125073200000	1.80078900000000	2.46519000000000
1.45468750000000	1.80394600000000	2.47280600000000
1.45812487800000	1.80710900000000	2.48040700000000
1.46156286600000	1.81027900000000	2.48799400000000
1.46500134300000	1.81345700000000	2.49556800000000
1.46844030800000	1.81664000000000	2.50312800000000
1.47188000500000	1.81983000000000	2.51067500000000
1.47532006800000	1.82302700000000	2.51820800000000
1.47876098600000	1.82623000000000	2.52572900000000
1.48220227100000	1.82943900000000	2.53323800000000
1.48564428700000	1.83265500000000	2.54073500000000
1.48908679200000	1.83587700000000	2.54821900000000
1.49253002900000	1.83910500000000	2.55569200000000
1.49597387700000	1.84233800000000	2.56315300000000
1.49941821300000	1.84557800000000	2.57060400000000
1.50286340300000	1.84882400000000	2.57804300000000
1.50630920400000	1.85207600000000	2.58547200000000
1.50975561500000	1.85533300000000	2.59289000000000
1.51320263700000	1.85859700000000	2.60029800000000
1.51665051300000	1.86186600000000	2.60769600000000
1.52009887700000	1.86514100000000	2.61508500000000
1.52354809600000	1.86842200000000	2.62246400000000
1.52699804700000	1.87170800000000	2.62983400000000
1.53044860800000	1.87500000000000	2.63719500000000
1.53390002400000	1.87829800000000	2.64454700000000
1.53735205100000	1.88160100000000	2.65189100000000
1.54080493200000	1.88491100000000	2.65922600000000
1.54425842300000	1.88822500000000	2.66655300000000
1.54771276900000	1.89154600000000	2.67387300000000
1.55116784700000	1.89487200000000	2.68118500000000
1.55462377900000	1.89820400000000	2.68848900000000
1.55808044400000	1.90154100000000	2.69578600000000
1.56153796400000	1.90488500000000	2.70307700000000
1.56499633800000	1.90823300000000	2.71036000000000
1.56845532200000	1.91158800000000	2.71763700000000
1.57191528300000	1.91494800000000	2.72490800000000
1.57537609900000	1.91831500000000	2.73217200000000
1.57883764600000	1.92168700000000	2.73943000000000
1.58230017100000	1.92506400000000	2.74668300000000
1.58576342800000	1.92844800000000	2.75393000000000
1.58922766100000	1.93183700000000	2.76117200000000
1.59269274900000	1.93523300000000	2.76840900000000
1.59615869100000	1.93863400000000	2.77564000000000
1.59962561000000	1.94204200000000	2.78286600000000
1.60309338400000	1.94545500000000	2.79008900000000
1.60656213400000	1.94887500000000	2.79730700000000
1.61003161600000	1.95230000000000	2.80452000000000
1.61350219700000	1.95573200000000	2.81172900000000
1.61697375500000	1.95917000000000	2.81893400000000
1.62044616700000	1.96261500000000	2.82613600000000
1.62391955600000	1.96606600000000	2.83333400000000
1.62739392100000	1.96952300000000	2.84052900000000
1.63086926300000	1.97298600000000	2.84772000000000
1.63434558100000	1.97645700000000	2.85490800000000
1.63782299800000	1.97993300000000	2.86209400000000
1.64130139200000	1.98341700000000	2.86927700000000
1.64478064000000	1.98690700000000	2.87645600000000
1.64826098600000	1.99040400000000	2.88363400000000
1.65174243200000	1.99390800000000	2.89081000000000
1.65522485400000	1.99741800000000	2.89798300000000
1.65870837400000	2.00093600000000	2.90515400000000
1.66219299300000	2.00446100000000	2.91232300000000
1.66567846700000	2.00799300000000	2.91949100000000
1.66916528300000	2.01153300000000	2.92665700000000
1.67265307600000	2.01507900000000	2.93382200000000
1.67614196800000	2.01863400000000	2.94098500000000
1.67963183600000	2.02219500000000	2.94814700000000
1.68312304700000	2.02576400000000	2.95530800000000
1.68661523400000	2.02934100000000	2.96246800000000
1.69010864300000	2.03292600000000	2.96962800000000
1.69360314900000	2.03651900000000	2.97678700000000