0.191671829000000	1.61157300000000	1.24870100000000
0.193269012000000	1.62653100000000	1.24283200000000
0.194866226000000	1.64070900000000	1.23677900000000
0.196463455000000	1.65413600000000	1.23059000000000
0.198060699000000	1.66684300000000	1.22430400000000
0.199657990000000	1.67886100000000	1.21795900000000
0.201255280000000	1.69022100000000	1.21158900000000
0.202852600000000	1.70095500000000	1.20522300000000
0.204449936000000	1.71109200000000	1.19888800000000
0.206047287000000	1.72066400000000	1.19260900000000
0.207644684000000	1.72970000000000	1.18640400000000
0.209242096000000	1.73822800000000	1.18029300000000
0.210839508000000	1.74627600000000	1.17429100000000
0.212436935000000	1.75387300000000	1.16841100000000
0.214034393000000	1.76104200000000	1.16266500000000
0.215631882000000	1.76781100000000	1.15706100000000
0.217229370000000	1.77420200000000	1.15160700000000
0.218826904000000	1.78023900000000	1.14631000000000
0.220424438000000	1.78594300000000	1.14117400000000
0.222021973000000	1.79133500000000	1.13620300000000
0.223619553000000	1.79643400000000	1.13139700000000
0.225217133000000	1.80125900000000	1.12676000000000
0.226814743000000	1.80582700000000	1.12229000000000
0.228412354000000	1.81015300000000	1.11798800000000
0.230009979000000	1.81425300000000	1.11385200000000
0.231607635000000	1.81814100000000	1.10988100000000
0.233205322000000	1.82182900000000	1.10607200000000
0.234803009000000	1.82532900000000	1.10242300000000
0.236400681000000	1.82865200000000	1.09893100000000
0.237998413000000	1.83180700000000	1.09559300000000
0.239596146000000	1.83480400000000	1.09240600000000
0.241193878000000	1.83764900000000	1.08936600000000
0.242791626000000	1.84035100000000	1.08647000000000
0.244389404000000	1.84291400000000	1.08371500000000
0.245987183000000	1.84534300000000	1.08109800000000
0.247584991000000	1.84764400000000	1.07861700000000
0.249182785000000	1.84982000000000	1.07626900000000
0.250780609000000	1.85187300000000	1.07405200000000
0.252378448000000	1.85380600000000	1.07196400000000
0.253976273000000	1.85562000000000	1.07000500000000
0.255574142000000	1.85731500000000	1.06817500000000
0.257171997000000	1.85889400000000	1.06647300000000
0.258769867000000	1.86035500000000	1.06490200000000
0.260367767000000	1.86169900000000	1.06346300000000
0.261965668000000	1.86292500000000	1.06215900000000
0.263563568000000	1.86403300000000	1.06099500000000
0.265161499000000	1.86502300000000	1.05997500000000
0.266759430000000	1.86589500000000	1.05910500000000
0.268357361000000	1.86664900000000	1.05839300000000
0.269955292000000	1.86728700000000	1.05784700000000
0.271553253000000	1.86781000000000	1.05747500000000
0.273151215000000	1.86822200000000	1.05728800000000
0.274749176000000	1.86852600000000	1.05729700000000
0.276347137000000	1.86872800000000	1.05751300000000
0.277945129000000	1.86883500000000	1.05794800000000
0.279543121000000	1.86885500000000	1.05861400000000
0.281141113000000	1.86879900000000	1.05952600000000
0.282739136000000	1.86867800000000	1.06069400000000
0.284337128000000	1.86850700000000	1.06213200000000
0.285935150000000	1.86830200000000	1.06385100000000
0.287533173000000	1.86808100000000	1.06586200000000
0.289131195000000	1.86786500000000	1.06817500000000
0.290729218000000	1.86767500000000	1.07079700000000
0.292327271000000	1.86753500000000	1.07373500000000
0.293925293000000	1.86747100000000	1.07699400000000
0.295523346000000	1.86750900000000	1.08057500000000
0.297121399000000	1.86767800000000	1.08447700000000
0.298719421000000	1.86800600000000	1.08869700000000
0.300317474000000	1.86852300000000	1.09322900000000
0.301915558000000	1.86925700000000	1.09806200000000
0.303513611000000	1.87023800000000	1.10318400000000
0.305111664000000	1.87149500000000	1.10857800000000
0.306709717000000	1.87305400000000	1.11422600000000
0.308307800000000	1.87494100000000	1.12010500000000
0.309905823000000	1.87717900000000	1.12619000000000
0.311503906000000	1.87979100000000	1.13245200000000
0.313101990000000	1.88279600000000	1.13886200000000
0.314700043000000	1.88620800000000	1.14538600000000
0.316298096000000	1.89004100000000	1.15199100000000
0.317896179000000	1.89430400000000	1.15864100000000
0.319494232000000	1.89900300000000	1.16529900000000
0.321092316000000	1.90414000000000	1.17192800000000
0.322690369000000	1.90971200000000	1.17849100000000
0.324288422000000	1.91571700000000	1.18495100000000
0.325886475000000	1.92214300000000	1.19127000000000
0.327484558000000	1.92898000000000	1.19741600000000
0.329082581000000	1.93621200000000	1.20335200000000
0.330680634000000	1.94382000000000	1.20904700000000
0.332278687000000	1.95178200000000	1.21447100000000
0.333876740000000	1.96007600000000	1.21959500000000
0.335474792000000	1.96867500000000	1.22439600000000
0.337072815000000	1.97754900000000	1.22884800000000
0.338670837000000	1.98667000000000	1.23293300000000
0.340268860000000	1.99600400000000	1.23663300000000
0.341866882000000	2.00552000000000	1.23993500000000
0.343464905000000	2.01518300000000	1.24282600000000
0.345062927000000	2.02495900000000	1.24529900000000
0.346660950000000	2.03481200000000	1.24735000000000
0.348258942000000	2.04470600000000	1.24897500000000
0.349856934000000	2.05460600000000	1.25017700000000
0.351454926000000	2.06447800000000	1.25096000000000
0.353052917000000	2.07428500000000	1.25133300000000
0.354650879000000	2.08399300000000	1.25130500000000
0.356248840000000	2.09357000000000	1.25089200000000
0.357846802000000	2.10298200000000	1.25011200000000
0.359444763000000	2.11219900000000	1.24898500000000
0.361042694000000	2.12119300000000	1.24753500000000
0.362640625000000	2.12993700000000	1.24579100000000
0.364238556000000	2.13840700000000	1.24378300000000
0.365836456000000	2.14658300000000	1.24154600000000
0.367434387000000	2.15444800000000	1.23911500000000
0.369032257000000	2.16199000000000	1.23653100000000
0.370630157000000	2.16920000000000	1.23383400000000
0.372228027000000	2.17607700000000	1.23106800000000
0.373825867000000	2.18262400000000	1.22827600000000
0.375423737000000	2.18884900000000	1.22550200000000
0.377021545000000	2.19477000000000	1.22279000000000
0.378619385000000	2.20040700000000	1.22017800000000
0.380217224000000	2.20578900000000	1.21770700000000
0.381815002000000	2.21095100000000	1.21541000000000
0.383412811000000	2.21593200000000	1.21331500000000
0.385010559000000	2.22077600000000	1.21144400000000
0.386608337000000	2.22553100000000	1.20981500000000
0.388206116000000	2.23024700000000	1.20843400000000
0.389803833000000	2.23497700000000	1.20730000000000
0.391401550000000	2.23977200000000	1.20640500000000
0.392999268000000	2.24467900000000	1.20573100000000
0.394596954000000	2.24974700000000	1.20525300000000
0.396194641000000	2.25501500000000	1.20493700000000
0.397792297000000	2.26051900000000	1.20474500000000
0.399389954000000	2.26628700000000	1.20463200000000
0.400987579000000	2.27233800000000	1.20455000000000
0.402585175000000	2.27868500000000	1.20444700000000
0.404182800000000	2.28533000000000	1.20427200000000
0.405780365000000	2.29226800000000	1.20397600000000
0.407377930000000	2.29948500000000	1.20350800000000
0.408975464000000	2.30696200000000	1.20282600000000
0.410572998000000	2.31467000000000	1.20188900000000
0.412170502000000	2.32257700000000	1.20066200000000
0.413768005000000	2.33064800000000	1.19911800000000
0.415365479000000	2.33884300000000	1.19723500000000
0.416962952000000	2.34712100000000	1.19499900000000
0.418560364000000	2.35544200000000	1.19240200000000
0.420157776000000	2.36376500000000	1.18944100000000
0.421755188000000	2.37205400000000	1.18612200000000
0.423352539000000	2.38027100000000	1.18245300000000
0.424949890000000	2.38838600000000	1.17844800000000
0.426547211000000	2.39637000000000	1.17412300000000
0.428144531000000	2.40420000000000	1.16949800000000
0.429741852000000	2.41185400000000	1.16459500000000
0.431339111000000	2.41931700000000	1.15943500000000
0.432936340000000	2.42657900000000	1.15404200000000
0.434533600000000	2.43363000000000	1.14843500000000
0.436130768000000	2.44046700000000	1.14263800000000
0.437727936000000	2.44708700000000	1.13667000000000
0.439325104000000	2.45349000000000	1.13054600000000
0.440922211000000	2.45968100000000	1.12428400000000
0.442519348000000	2.46566200000000	1.11789700000000
0.444116394000000	2.47143800000000	1.11139600000000
0.445713470000000	2.47701500000000	1.10479000000000
0.447310486000000	2.48239700000000	1.09808600000000
0.448907532000000	2.48759000000000	1.09128900000000
0.450504486000000	2.49259800000000	1.08440400000000
0.452101471000000	2.49742300000000	1.07743300000000
0.453698395000000	2.50206900000000	1.07037700000000
0.455295319000000	2.50653700000000	1.06323700000000
0.456892181000000	2.51082700000000	1.05601300000000
0.458489014000000	2.51493700000000	1.04870700000000
0.460085846000000	2.51886600000000	1.04131700000000
0.461682678000000	2.52261000000000	1.03384500000000
0.463279449000000	2.52616600000000	1.02629300000000
0.464876160000000	2.52952800000000	1.01866100000000
0.466472900000000	2.53269300000000	1.01095300000000
0.468069580000000	2.53565300000000	1.00317200000000
0.469666199000000	2.53840300000000	0.995322000000000
0.471262848000000	2.54093800000000	0.987409000000000
0.472859436000000	2.54325100000000	0.979440000000000
0.474455994000000	2.54533700000000	0.971420000000000
0.476052551000000	2.54719200000000	0.963359000000000
0.477649017000000	2.54881000000000	0.955265000000000
0.479245514000000	2.55018800000000	0.947147000000000
0.480841949000000	2.55132300000000	0.939015000000000
0.482438385000000	2.55221200000000	0.930880000000000
0.484034760000000	2.55285500000000	0.922753000000000
0.485631104000000	2.55324900000000	0.914644000000000
0.487227386000000	2.55339600000000	0.906564000000000
0.488823669000000	2.55329600000000	0.898526000000000
0.490419983000000	2.55295200000000	0.890539000000000
0.492016174000000	2.55236700000000	0.882616000000000
0.493612366000000	2.55154300000000	0.874765000000000
0.495208496000000	2.55048700000000	0.866999000000000
0.496804596000000	2.54920200000000	0.859327000000000
0.498400696000000	2.54769400000000	0.851759000000000
0.499996735000000	2.54597100000000	0.844303000000000
0.501592712000000	2.54403900000000	0.836969000000000
0.503188721000000	2.54190600000000	0.829763000000000
0.504784668000000	2.53957900000000	0.822694000000000
0.506380554000000	2.53706700000000	0.815767000000000
0.507976410000000	2.53437900000000	0.808990000000000
0.509572266000000	2.53152200000000	0.802367000000000
0.511168060000000	2.52850700000000	0.795903000000000
0.512763794000000	2.52534200000000	0.789602000000000
0.514359497000000	2.52203700000000	0.783468000000000
0.515955200000000	2.51860000000000	0.777502000000000
0.517550903000000	2.51504200000000	0.771709000000000
0.519146484000000	2.51137000000000	0.766088000000000
0.520742065000000	2.50759400000000	0.760641000000000
0.522337524000000	2.50372300000000	0.755369000000000
0.523933044000000	2.49976600000000	0.750271000000000
0.525528503000000	2.49573000000000	0.745347000000000
0.527123901000000	2.49162400000000	0.740596000000000
0.528719299000000	2.48745600000000	0.736017000000000
0.530314575000000	2.48323300000000	0.731607000000000
0.531909851000000	2.47896300000000	0.727365000000000
0.533505127000000	2.47465300000000	0.723288000000000
0.535100342000000	2.47030900000000	0.719373000000000
0.536695496000000	2.46593700000000	0.715617000000000
0.538290649000000	2.46154500000000	0.712018000000000
0.539885681000000	2.45713600000000	0.708571000000000
0.541480713000000	2.45271700000000	0.705274000000000
0.543075745000000	2.44829300000000	0.702121000000000
0.544670654000000	2.44386700000000	0.699110000000000
0.546265564000000	2.43944500000000	0.696236000000000
0.547860474000000	2.43503100000000	0.693496000000000
0.549455261000000	2.43062700000000	0.690884000000000
0.551050049000000	2.42623800000000	0.688397000000000
0.552644775000000	2.42186600000000	0.686032000000000
0.554239441000000	2.41751400000000	0.683782000000000
0.555834106000000	2.41318500000000	0.681645000000000
0.557428650000000	2.40888000000000	0.679617000000000
0.559023254000000	2.40460300000000	0.677692000000000
0.560617737000000	2.40035300000000	0.675868000000000
0.562212158000000	2.39613400000000	0.674140000000000
0.563806580000000	2.39194500000000	0.672505000000000
0.565400940000000	2.38778900000000	0.670958000000000
0.566995239000000	2.38366500000000	0.669496000000000
0.568589478000000	2.37957600000000	0.668115000000000
0.570183716000000	2.37552000000000	0.666812000000000
0.571777954000000	2.37149900000000	0.665583000000000
0.573372009000000	2.36751300000000	0.664426000000000
0.574966125000000	2.36356100000000	0.663337000000000
0.576560120000000	2.35964400000000	0.662312000000000
0.578154114000000	2.35576200000000	0.661350000000000
0.579747986000000	2.35191400000000	0.660447000000000
0.581341919000000	2.34810000000000	0.659600000000000
0.582935669000000	2.34432000000000	0.658808000000000
0.584529480000000	2.34057200000000	0.658067000000000
0.586123169000000	2.33685700000000	0.657375000000000
0.587716858000000	2.33317300000000	0.656730000000000
0.589310486000000	2.32952100000000	0.656129000000000
0.590904053000000	2.32589900000000	0.655572000000000
0.592497559000000	2.32230600000000	0.655056000000000
0.594091003000000	2.31874200000000	0.654578000000000
0.595684448000000	2.31520500000000	0.654138000000000
0.597277771000000	2.31169600000000	0.653734000000000
0.598871094000000	2.30821300000000	0.653364000000000
0.600464294000000	2.30475400000000	0.653027000000000
0.602057495000000	2.30132100000000	0.652721000000000
0.603650635000000	2.29791000000000	0.652445000000000
0.605243774000000	2.29452200000000	0.652199000000000
0.606836792000000	2.29115600000000	0.651980000000000
0.608429749000000	2.28781000000000	0.651788000000000
0.610022644000000	2.28448400000000	0.651623000000000
0.611615540000000	2.28117600000000	0.651482000000000
0.613208374000000	2.27788700000000	0.651365000000000
0.614801086000000	2.27461500000000	0.651272000000000
0.616393738000000	2.27135800000000	0.651202000000000
0.617986389000000	2.26811800000000	0.651153000000000
0.619578979000000	2.26489100000000	0.651126000000000
0.621171509000000	2.26167900000000	0.651120000000000
0.622763977000000	2.25847900000000	0.651134000000000
0.624356323000000	2.25529200000000	0.651168000000000
0.625948730000000	2.25211600000000	0.651222000000000
0.627541016000000	2.24895100000000	0.651295000000000
0.629133179000000	2.24579500000000	0.651386000000000
0.630725403000000	2.24265000000000	0.651496000000000
0.632317505000000	2.23951200000000	0.651623000000000
0.633909546000000	2.23638200000000	0.651769000000000
0.635501526000000	2.23326000000000	0.651932000000000
0.637093445000000	2.23014500000000	0.652113000000000
0.638685303000000	2.22703600000000	0.652311000000000
0.640277100000000	2.22393200000000	0.652526000000000
0.641868835000000	2.22083300000000	0.652758000000000
0.643460571000000	2.21773800000000	0.653007000000000
0.645052124000000	2.21464800000000	0.653273000000000
0.646643677000000	2.21156100000000	0.653555000000000
0.648235229000000	2.20847700000000	0.653854000000000
0.649826660000000	2.20539500000000	0.654170000000000
0.651418030000000	2.20231600000000	0.654502000000000
0.653009338000000	2.19923900000000	0.654851000000000
0.654600525000000	2.19616200000000	0.655217000000000
0.656191711000000	2.19308700000000	0.655599000000000
0.657782837000000	2.19001200000000	0.655997000000000
0.659373901000000	2.18693700000000	0.656413000000000
0.660964844000000	2.18386100000000	0.656845000000000
0.662555786000000	2.18078600000000	0.657293000000000
0.664146606000000	2.17770900000000	0.657759000000000
0.665737427000000	2.17463200000000	0.658242000000000
0.667328125000000	2.17155300000000	0.658741000000000
0.668918762000000	2.16847300000000	0.659258000000000
0.670509338000000	2.16539000000000	0.659791000000000
0.672099854000000	2.16230600000000	0.660342000000000
0.673690308000000	2.15921900000000	0.660911000000000
0.675280640000000	2.15612900000000	0.661497000000000
0.676870972000000	2.15303700000000	0.662100000000000
0.678461243000000	2.14994200000000	0.662721000000000
0.680051392000000	2.14684300000000	0.663360000000000
0.681641479000000	2.14374200000000	0.664017000000000
0.683231567000000	2.14063700000000	0.664691000000000
0.684821472000000	2.13752800000000	0.665384000000000
0.686411377000000	2.13441500000000	0.666095000000000
0.688001221000000	2.13129900000000	0.666825000000000
0.689590942000000	2.12817900000000	0.667573000000000
0.691180664000000	2.12505400000000	0.668340000000000
0.692770264000000	2.12192600000000	0.669126000000000
0.694359741000000	2.11879300000000	0.669931000000000
0.695949280000000	2.11565600000000	0.670755000000000
0.697538696000000	2.11251400000000	0.671598000000000
0.699127991000000	2.10936800000000	0.672460000000000
0.700717224000000	2.10621700000000	0.673342000000000
0.702306396000000	2.10306200000000	0.674244000000000
0.703895508000000	2.09990200000000	0.675165000000000
0.705484497000000	2.09673700000000	0.676106000000000
0.707073486000000	2.09356800000000	0.677068000000000
0.708662354000000	2.09039400000000	0.678049000000000
0.710251160000000	2.08721500000000	0.679051000000000
0.711839905000000	2.08403100000000	0.680074000000000
0.713428589000000	2.08084300000000	0.681117000000000
0.715017151000000	2.07765000000000	0.682181000000000
0.716605591000000	2.07445200000000	0.683266000000000
0.718194031000000	2.07125000000000	0.684372000000000
0.719782410000000	2.06804200000000	0.685499000000000
0.721370728000000	2.06483000000000	0.686648000000000
0.722958862000000	2.06161400000000	0.687818000000000
0.724546997000000	2.05839300000000	0.689009000000000
0.726135071000000	2.05516700000000	0.690223000000000
0.727723022000000	2.05193700000000	0.691458000000000
0.729310913000000	2.04870200000000	0.692716000000000
0.730898743000000	2.04546300000000	0.693995000000000
0.732486450000000	2.04222000000000	0.695297000000000
0.734074097000000	2.03897200000000	0.696622000000000
0.735661682000000	2.03572100000000	0.697969000000000
0.737249146000000	2.03246500000000	0.699338000000000
0.738836548000000	2.02920500000000	0.700731000000000
0.740423889000000	2.02594100000000	0.702146000000000
0.742011108000000	2.02267400000000	0.703585000000000
0.743598267000000	2.01940300000000	0.705046000000000
0.745185425000000	2.01612800000000	0.706532000000000
0.746772400000000	2.01284900000000	0.708040000000000
0.748359314000000	2.00956700000000	0.709572000000000
0.749946167000000	2.00628200000000	0.711128000000000
0.751532898000000	2.00299400000000	0.712708000000000
0.753119629000000	1.99970200000000	0.714312000000000
0.754706177000000	1.99640800000000	0.715940000000000
0.756292725000000	1.99311100000000	0.717592000000000
0.757879150000000	1.98981100000000	0.719268000000000
0.759465454000000	1.98650900000000	0.720969000000000
0.761051758000000	1.98320400000000	0.722694000000000
0.762637939000000	1.97989700000000	0.724443000000000
0.764223999000000	1.97658800000000	0.726218000000000
0.765809998000000	1.97327700000000	0.728017000000000
0.767395935000000	1.96996500000000	0.729841000000000
0.768981750000000	1.96665000000000	0.731691000000000
0.770567505000000	1.96333400000000	0.733565000000000
0.772153198000000	1.96001700000000	0.735465000000000
0.773738708000000	1.95669900000000	0.737390000000000
0.775324219000000	1.95338000000000	0.739340000000000
0.776909607000000	1.95006000000000	0.741316000000000
0.778494934000000	1.94673900000000	0.743317000000000
0.780080200000000	1.94341800000000	0.745344000000000
0.781665283000000	1.94009600000000	0.747397000000000
0.783250366000000	1.93677500000000	0.749475000000000
0.784835327000000	1.93345400000000	0.751580000000000
0.786420166000000	1.93013300000000	0.753710000000000
0.788004944000000	1.92681200000000	0.755866000000000
0.789589661000000	1.92349300000000	0.758049000000000
0.791174194000000	1.92017400000000	0.760257000000000
0.792758728000000	1.91685600000000	0.762492000000000
0.794343140000000	1.91354000000000	0.764754000000000
0.795927490000000	1.91022500000000	0.767041000000000
0.797511719000000	1.90691200000000	0.769355000000000
0.799095825000000	1.90360000000000	0.771695000000000
0.800679932000000	1.90029100000000	0.774062000000000
0.802263855000000	1.89698500000000	0.776455000000000
0.803847778000000	1.89368100000000	0.778875000000000
0.805431519000000	1.89038000000000	0.781322000000000
0.807015259000000	1.88708100000000	0.783795000000000
0.808598755000000	1.88378700000000	0.786295000000000
0.810182251000000	1.88049500000000	0.788822000000000
0.811765747000000	1.87720800000000	0.791375000000000
0.813348999000000	1.87392400000000	0.793955000000000
0.814932251000000	1.87064400000000	0.796562000000000
0.816515320000000	1.86736900000000	0.799196000000000
0.818098328000000	1.86409900000000	0.801856000000000
0.819681274000000	1.86083400000000	0.804543000000000
0.821264160000000	1.85757300000000	0.807258000000000
0.822846863000000	1.85431800000000	0.809999000000000
0.824429504000000	1.85106900000000	0.812766000000000
0.826012024000000	1.84782600000000	0.815561000000000
0.827594543000000	1.84458800000000	0.818382000000000
0.829176880000000	1.84135800000000	0.821230000000000
0.830759094000000	1.83813300000000	0.824105000000000
0.832341187000000	1.83491600000000	0.827007000000000
0.833923340000000	1.83170600000000	0.829935000000000
0.835505249000000	1.82850300000000	0.832890000000000
0.837087097000000	1.82530800000000	0.835872000000000
0.838668823000000	1.82212000000000	0.838881000000000
0.840250488000000	1.81894100000000	0.841915000000000
0.841832153000000	1.81577000000000	0.844977000000000
0.843413574000000	1.81260800000000	0.848065000000000
0.844994934000000	1.80945500000000	0.851179000000000
0.846576172000000	1.80631100000000	0.854320000000000
0.848157349000000	1.80317600000000	0.857487000000000
0.849738403000000	1.80005100000000	0.860681000000000
0.851319336000000	1.79693600000000	0.863900000000000
0.852900208000000	1.79383100000000	0.867146000000000
0.854480957000000	1.79073700000000	0.870418000000000
0.856061646000000	1.78765300000000	0.873715000000000
0.857642090000000	1.78458100000000	0.877038000000000
0.859222534000000	1.78151900000000	0.880388000000000
0.860802917000000	1.77846900000000	0.883763000000000
0.862383118000000	1.77543100000000	0.887163000000000
0.863963257000000	1.77240400000000	0.890589000000000
0.865543335000000	1.76939000000000	0.894041000000000
0.867123230000000	1.76638800000000	0.897517000000000
0.868703003000000	1.76339900000000	0.901019000000000
0.870282837000000	1.76042300000000	0.904545000000000
0.871862427000000	1.75746000000000	0.908097000000000
0.873441895000000	1.75451100000000	0.911673000000000
0.875021301000000	1.75157600000000	0.915274000000000
0.876600586000000	1.74865400000000	0.918900000000000
0.878179810000000	1.74574700000000	0.922549000000000
0.879758789000000	1.74285400000000	0.926223000000000
0.881337769000000	1.73997600000000	0.929921000000000
0.882916687000000	1.73711200000000	0.933643000000000
0.884495422000000	1.73426400000000	0.937389000000000
0.886074036000000	1.73143100000000	0.941158000000000
0.887652649000000	1.72861400000000	0.944951000000000
0.889231079000000	1.72581300000000	0.948766000000000
0.890809387000000	1.72302800000000	0.952605000000000
0.892387573000000	1.72025900000000	0.956467000000000
0.893965637000000	1.71750700000000	0.960351000000000
0.895543640000000	1.71477200000000	0.964258000000000
0.897121460000000	1.71205300000000	0.968188000000000
0.898699341000000	1.70935200000000	0.972139000000000
0.900276978000000	1.70666800000000	0.976112000000000
0.901854492000000	1.70400200000000	0.980107000000000
0.903431946000000	1.70135300000000	0.984124000000000
0.905009277000000	1.69872300000000	0.988162000000000
0.906586548000000	1.69611100000000	0.992221000000000
0.908163574000000	1.69351700000000	0.996301000000000
0.909740540000000	1.69094200000000	1.00040100000000
0.911317505000000	1.68838600000000	1.00452300000000
0.912894226000000	1.68584800000000	1.00866400000000
0.914470825000000	1.68333000000000	1.01282500000000
0.916047363000000	1.68083200000000	1.01700600000000
0.917623840000000	1.67835200000000	1.02120700000000
0.919200073000000	1.67589300000000	1.02542700000000
0.920776245000000	1.67345300000000	1.02966600000000
0.922352356000000	1.67103400000000	1.03392400000000
0.923928345000000	1.66863400000000	1.03820000000000
0.925504211000000	1.66625500000000	1.04249500000000
0.927079895000000	1.66389700000000	1.04680800000000
0.928655457000000	1.66155900000000	1.05113900000000
0.930231079000000	1.65924200000000	1.05548700000000
0.931806335000000	1.65694600000000	1.05985300000000
0.933381653000000	1.65467100000000	1.06423500000000
0.934956848000000	1.65241700000000	1.06863500000000
0.936531860000000	1.65018400000000	1.07305100000000
0.938106750000000	1.64797300000000	1.07748400000000
0.939681519000000	1.64578400000000	1.08193200000000
0.941256165000000	1.64361600000000	1.08639700000000
0.942830750000000	1.64147000000000	1.09087700000000
0.944405151000000	1.63934600000000	1.09537200000000
0.945979492000000	1.63724400000000	1.09988200000000
0.947553711000000	1.63516400000000	1.10440700000000
0.949127747000000	1.63310700000000	1.10894600000000
0.950701660000000	1.63107100000000	1.11349900000000
0.952275574000000	1.62905800000000	1.11806700000000
0.953849243000000	1.62706800000000	1.12264800000000
0.955422852000000	1.62510000000000	1.12724300000000
0.956996277000000	1.62315400000000	1.13185000000000
0.958569641000000	1.62123100000000	1.13647000000000
0.960142883000000	1.61933100000000	1.14110300000000
0.961716003000000	1.61745400000000	1.14574900000000
0.963288940000000	1.61560000000000	1.15040600000000
0.964861816000000	1.61376800000000	1.15507500000000
0.966434570000000	1.61195900000000	1.15975500000000
0.968007141000000	1.61017400000000	1.16444700000000
0.969579590000000	1.60841100000000	1.16914900000000
0.971151978000000	1.60667100000000	1.17386200000000
0.972724243000000	1.60495400000000	1.17858600000000
0.974296265000000	1.60326100000000	1.18331900000000
0.975868347000000	1.60159100000000	1.18806300000000
0.977440125000000	1.59994300000000	1.19281600000000
0.979011902000000	1.59831900000000	1.19757800000000
0.980583496000000	1.59671800000000	1.20235000000000
0.982154968000000	1.59514000000000	1.20713000000000
0.983726379000000	1.59358500000000	1.21191900000000
0.985297546000000	1.59205300000000	1.21671600000000
0.986868652000000	1.59054400000000	1.22152000000000
0.988439636000000	1.58905900000000	1.22633300000000
0.990010437000000	1.58759600000000	1.23115300000000
0.991581177000000	1.58615600000000	1.23598000000000
0.993151733000000	1.58474000000000	1.24081500000000
0.994722290000000	1.58334600000000	1.24565600000000
0.996292603000000	1.58197600000000	1.25050300000000
0.997862793000000	1.58062800000000	1.25535700000000
0.999432800000000	1.57930300000000	1.26021600000000
1.01252185100000	1.56913900000000	1.30094300000000
1.01596447800000	1.56672400000000	1.31170800000000
1.01940655500000	1.56441500000000	1.32248900000000
1.02284796100000	1.56221300000000	1.33328400000000
1.02628881800000	1.56011600000000	1.34408900000000
1.02972900400000	1.55812200000000	1.35490400000000
1.03316870100000	1.55623200000000	1.36572500000000
1.03660778800000	1.55444400000000	1.37655200000000
1.04004626500000	1.55275600000000	1.38738000000000
1.04348425300000	1.55116800000000	1.39821100000000
1.04692175300000	1.54967900000000	1.40904000000000
1.05035864300000	1.54828700000000	1.41986700000000
1.05379504400000	1.54699100000000	1.43068900000000
1.05723095700000	1.54579000000000	1.44150600000000
1.06066626000000	1.54468300000000	1.45231500000000
1.06410119600000	1.54366700000000	1.46311400000000
1.06753552200000	1.54274200000000	1.47390300000000
1.07096948200000	1.54190700000000	1.48468000000000
1.07440295400000	1.54116000000000	1.49544400000000
1.07783593800000	1.54050000000000	1.50619300000000
1.08126843300000	1.53992500000000	1.51692600000000
1.08470043900000	1.53943400000000	1.52764200000000
1.08813208000000	1.53902600000000	1.53834100000000
1.09156335400000	1.53869900000000	1.54901900000000
1.09499414100000	1.53845100000000	1.55967800000000
1.09842456100000	1.53828300000000	1.57031500000000
1.10185461400000	1.53819100000000	1.58093100000000
1.10528418000000	1.53817400000000	1.59152300000000
1.10871350100000	1.53823200000000	1.60209200000000
1.11214233400000	1.53836300000000	1.61263600000000
1.11557080100000	1.53856500000000	1.62315500000000
1.11899890100000	1.53883700000000	1.63364900000000
1.12242675800000	1.53917800000000	1.64411500000000
1.12585424800000	1.53958700000000	1.65455500000000
1.12928137200000	1.54006100000000	1.66496700000000
1.13270825200000	1.54060100000000	1.67535100000000
1.13613464400000	1.54120300000000	1.68570700000000
1.13956091300000	1.54186800000000	1.69603300000000
1.14298681600000	1.54259400000000	1.70633100000000
1.14641247600000	1.54338000000000	1.71659800000000
1.14983776900000	1.54422400000000	1.72683600000000
1.15326293900000	1.54512600000000	1.73704300000000
1.15668774400000	1.54608300000000	1.74722000000000
1.16011242700000	1.54709500000000	1.75736600000000
1.16353674300000	1.54816200000000	1.76748100000000
1.16696081500000	1.54928000000000	1.77756500000000
1.17038476600000	1.55045000000000	1.78761700000000
1.17380847200000	1.55167000000000	1.79763900000000
1.17723205600000	1.55294000000000	1.80762800000000
1.18065527300000	1.55425800000000	1.81758600000000
1.18407836900000	1.55562300000000	1.82751300000000
1.18750134300000	1.55703400000000	1.83740800000000
1.19092419400000	1.55849000000000	1.84727100000000
1.19434680200000	1.55999000000000	1.85710200000000
1.19776928700000	1.56153400000000	1.86690200000000
1.20119165000000	1.56311900000000	1.87667000000000
1.20461389200000	1.56474600000000	1.88640700000000
1.20803588900000	1.56641300000000	1.89611300000000
1.21145788600000	1.56812000000000	1.90578600000000
1.21487976100000	1.56986500000000	1.91542900000000
1.21830151400000	1.57164800000000	1.92504000000000
1.22172326700000	1.57346700000000	1.93462100000000
1.22514489700000	1.57532300000000	1.94417100000000
1.22856640600000	1.57721400000000	1.95368900000000
1.23198803700000	1.57913900000000	1.96317800000000
1.23540942400000	1.58109800000000	1.97263600000000
1.23883081100000	1.58309000000000	1.98206300000000
1.24225219700000	1.58511400000000	1.99146100000000
1.24567358400000	1.58717000000000	2.00082900000000
1.24909484900000	1.58925700000000	2.01016800000000
1.25251623500000	1.59137300000000	2.01947700000000
1.25593750000000	1.59351900000000	2.02875600000000
1.25935888700000	1.59569400000000	2.03800700000000
1.26278027300000	1.59789700000000	2.04723000000000
1.26620166000000	1.60012700000000	2.05642400000000
1.26962304700000	1.60238400000000	2.06558900000000
1.27304455600000	1.60466800000000	2.07472700000000
1.27646606400000	1.60697700000000	2.08383700000000
1.27988769500000	1.60931200000000	2.09291900000000
1.28330932600000	1.61167100000000	2.10197500000000
1.28673120100000	1.61405400000000	2.11100400000000
1.29015307600000	1.61646100000000	2.12000600000000
1.29357495100000	1.61889100000000	2.12898200000000
1.29699707000000	1.62134300000000	2.13793100000000
1.30041918900000	1.62381800000000	2.14685500000000
1.30384155300000	1.62631400000000	2.15575400000000
1.30726403800000	1.62883100000000	2.16462700000000
1.31068676800000	1.63137000000000	2.17347600000000
1.31410949700000	1.63392800000000	2.18230000000000
1.31753247100000	1.63650600000000	2.19109900000000
1.32095544400000	1.63910400000000	2.19987500000000
1.32437878400000	1.64172100000000	2.20862700000000
1.32780224600000	1.64435700000000	2.21735500000000
1.33122595200000	1.64701100000000	2.22606100000000
1.33464978000000	1.64968300000000	2.23474300000000
1.33807397500000	1.65237300000000	2.24340300000000
1.34149829100000	1.65508000000000	2.25204100000000
1.34492285200000	1.65780300000000	2.26065700000000
1.34834765600000	1.66054400000000	2.26925100000000
1.35177270500000	1.66330100000000	2.27782400000000
1.35519812000000	1.66607400000000	2.28637600000000
1.35862377900000	1.66886200000000	2.29490800000000
1.36204956100000	1.67166700000000	2.30341800000000
1.36547583000000	1.67448600000000	2.31190900000000
1.36890222200000	1.67732000000000	2.32037900000000
1.37232897900000	1.68016900000000	2.32883000000000
1.37575610400000	1.68303300000000	2.33726300000000
1.37918359400000	1.68591000000000	2.34567500000000
1.38261132800000	1.68880200000000	2.35407000000000
1.38603942900000	1.69170700000000	2.36244600000000
1.38946789600000	1.69462600000000	2.37080300000000
1.39289672900000	1.69755800000000	2.37914300000000
1.39632592800000	1.70050300000000	2.38746500000000
1.39975549300000	1.70346100000000	2.39577100000000
1.40318542500000	1.70643200000000	2.40405900000000
1.40661584500000	1.70941600000000	2.41233000000000
1.41004663100000	1.71241200000000	2.42058500000000
1.41347778300000	1.71542000000000	2.42882400000000
1.41690942400000	1.71844000000000	2.43704700000000
1.42034143100000	1.72147200000000	2.44525400000000
1.42377380400000	1.72451600000000	2.45344600000000
1.42720678700000	1.72757200000000	2.46162300000000
1.43064025900000	1.73063900000000	2.46978500000000
1.43407397500000	1.73371700000000	2.47793300000000
1.43750842300000	1.73680700000000	2.48606600000000
1.44094311500000	1.73990800000000	2.49418500000000
1.44437854000000	1.74302000000000	2.50229100000000
1.44781433100000	1.74614300000000	2.51038300000000
1.45125073200000	1.74927700000000	2.51846100000000
1.45468750000000	1.75242100000000	2.52652700000000
1.45812487800000	1.75557700000000	2.53458000000000
1.46156286600000	1.75874300000000	2.54262100000000
1.46500134300000	1.76191900000000	2.55064900000000
1.46844030800000	1.76510600000000	2.55866500000000
1.47188000500000	1.76830300000000	2.56666900000000
1.47532006800000	1.77151100000000	2.57466200000000
1.47876098600000	1.77472900000000	2.58264400000000
1.48220227100000	1.77795700000000	2.59061400000000
1.48564428700000	1.78119500000000	2.59857300000000
1.48908679200000	1.78444300000000	2.60652200000000
1.49253002900000	1.78770200000000	2.61446100000000
1.49597387700000	1.79097000000000	2.62238900000000
1.49941821300000	1.79424900000000	2.63030700000000
1.50286340300000	1.79753700000000	2.63821600000000
1.50630920400000	1.80083600000000	2.64611500000000
1.50975561500000	1.80414400000000	2.65400400000000
1.51320263700000	1.80746300000000	2.66188500000000
1.51665051300000	1.81079100000000	2.66975700000000
1.52009887700000	1.81412900000000	2.67762000000000
1.52354809600000	1.81747700000000	2.68547400000000
1.52699804700000	1.82083500000000	2.69332100000000
1.53044860800000	1.82420300000000	2.70115900000000
1.53390002400000	1.82758000000000	2.70898900000000
1.53735205100000	1.83096800000000	2.71681100000000
1.54080493200000	1.83436600000000	2.72462600000000
1.54425842300000	1.83777300000000	2.73243400000000
1.54771276900000	1.84119100000000	2.74023400000000
1.55116784700000	1.84461800000000	2.74802700000000
1.55462377900000	1.84805500000000	2.75581400000000
1.55808044400000	1.85150300000000	2.76359400000000
1.56153796400000	1.85496000000000	2.77136800000000
1.56499633800000	1.85842800000000	2.77913500000000
1.56845532200000	1.86190600000000	2.78689600000000
1.57191528300000	1.86539300000000	2.79465200000000
1.57537609900000	1.86889100000000	2.80240100000000
1.57883764600000	1.87240000000000	2.81014500000000
1.58230017100000	1.87591800000000	2.81788400000000
1.58576342800000	1.87944700000000	2.82561700000000
1.58922766100000	1.88298600000000	2.83334500000000
1.59269274900000	1.88653600000000	2.84106800000000
1.59615869100000	1.89009600000000	2.84878700000000
1.59962561000000	1.89366600000000	2.85650000000000
1.60309338400000	1.89724700000000	2.86421000000000
1.60656213400000	1.90083900000000	2.87191400000000
1.61003161600000	1.90444100000000	2.87961500000000
1.61350219700000	1.90805500000000	2.88731200000000
1.61697375500000	1.91167900000000	2.89500400000000
1.62044616700000	1.91531400000000	2.90269300000000
1.62391955600000	1.91896000000000	2.91037800000000
1.62739392100000	1.92261600000000	2.91805900000000
1.63086926300000	1.92628400000000	2.92573700000000
1.63434558100000	1.92996400000000	2.93341200000000
1.63782299800000	1.93365400000000	2.94108300000000
1.64130139200000	1.93735600000000	2.94875200000000
1.64478064000000	1.94106900000000	2.95641800000000
1.64826098600000	1.94479400000000	2.96408000000000
1.65174243200000	1.94853000000000	2.97174000000000
1.65522485400000	1.95227800000000	2.97939800000000
1.65870837400000	1.95603700000000	2.98705300000000
1.66219299300000	1.95980900000000	2.99470500000000
1.66567846700000	1.96359200000000	3.00235500000000
1.66916528300000	1.96738800000000	3.01000300000000
1.67265307600000	1.97119500000000	3.01765000000000
1.67614196800000	1.97501500000000	3.02529400000000
1.67963183600000	1.97884700000000	3.03293600000000
1.68312304700000	1.98269100000000	3.04057600000000
1.68661523400000	1.98654800000000	3.04821500000000
1.69010864300000	1.99041700000000	3.05585200000000
1.69360314900000	1.99429900000000	3.06348800000000