0.300000000000000	3.02092200000000	0
0.301000000000000	3.02232300000000	0
0.302000000000000	3.02415500000000	0
0.303000000000000	3.02638900000000	0
0.304000000000000	3.02899500000000	0
0.305000000000000	3.03194700000000	0
0.306000000000000	3.03522200000000	0
0.307000000000000	3.03879600000000	0
0.308000000000000	3.04264900000000	0
0.309000000000000	3.04676100000000	0
0.310000000000000	3.05111500000000	0
0.311000000000000	3.05569100000000	0
0.312000000000000	3.06047600000000	0
0.313000000000000	3.06545200000000	0
0.314000000000000	3.07060700000000	0
0.315000000000000	3.07592700000000	0
0.316000000000000	3.08139900000000	0
0.317000000000000	3.08701200000000	0
0.318000000000000	3.09275400000000	0
0.319000000000000	3.09861600000000	0
0.320000000000000	3.10458900000000	0
0.321000000000000	3.11066400000000	0
0.322000000000000	3.11683400000000	0
0.323000000000000	3.12309600000000	0
0.324000000000000	3.12944100000000	0
0.325000000000000	3.13586200000000	0
0.326000000000000	3.14236000000000	0
0.327000000000000	3.14893500000000	0
0.328000000000000	3.15559500000000	0
0.329000000000000	3.16235100000000	0
0.330000000000000	3.16922600000000	0
0.331000000000000	3.17624900000000	0
0.332000000000000	3.18346800000000	0
0.333000000000000	3.19094800000000	0
0.334000000000000	3.19878000000000	0
0.335000000000000	3.20708400000000	0
0.336000000000000	3.21601100000000	0
0.337000000000000	3.22573000000000	0
0.338000000000000	3.23639100000000	0
0.339000000000000	3.24804800000000	0
0.340000000000000	3.26055200000000	0
0.341000000000000	3.27345600000000	0
0.342000000000000	3.28604300000000	0
0.343000000000000	3.29754300000000	0
0.344000000000000	3.30743900000000	0
0.345000000000000	3.31563700000000	0
0.346000000000000	3.32239500000000	0
0.347000000000000	3.32812400000000	0
0.348000000000000	3.33322500000000	0
0.349000000000000	3.33800400000000	0
0.350000000000000	3.34266800000000	0
0.351000000000000	3.34733800000000	0
0.352000000000000	3.35208200000000	0
0.353000000000000	3.35693100000000	0
0.354000000000000	3.36189400000000	0
0.355000000000000	3.36697100000000	0
0.356000000000000	3.37215500000000	0
0.357000000000000	3.37743900000000	0
0.358000000000000	3.38281300000000	0
0.359000000000000	3.38827100000000	0
0.360000000000000	3.39380600000000	0
0.361000000000000	3.39941400000000	0
0.362000000000000	3.40509000000000	0
0.363000000000000	3.41083500000000	0
0.364000000000000	3.41664800000000	0
0.365000000000000	3.42253000000000	0
0.366000000000000	3.42848500000000	0
0.367000000000000	3.43451600000000	0
0.368000000000000	3.44063100000000	0
0.369000000000000	3.44683400000000	0
0.370000000000000	3.45313600000000	0
0.371000000000000	3.45954400000000	0
0.372000000000000	3.46607000000000	0
0.373000000000000	3.47272600000000	0
0.374000000000000	3.47952500000000	0
0.375000000000000	3.48648200000000	0
0.376000000000000	3.49361100000000	0
0.377000000000000	3.50093100000000	0
0.378000000000000	3.50845900000000	0
0.379000000000000	3.51621500000000	0
0.380000000000000	3.52422100000000	0
0.381000000000000	3.53249800000000	0
0.382000000000000	3.54107200000000	0
0.383000000000000	3.54996600000000	0
0.384000000000000	3.55920900000000	0
0.385000000000000	3.56882700000000	0
0.386000000000000	3.57885200000000	0
0.387000000000000	3.58931300000000	0
0.388000000000000	3.60024400000000	0
0.389000000000000	3.61167700000000	0
0.390000000000000	3.62364700000000	0
0.391000000000000	3.63619000000000	0
0.392000000000000	3.64934200000000	0
0.393000000000000	3.66314000000000	0
0.394000000000000	3.67762000000000	0
0.395000000000000	3.69282000000000	0
0.396000000000000	3.70877500000000	0
0.397000000000000	3.72552200000000	0
0.398000000000000	3.74309200000000	0
0.399000000000000	3.76151700000000	0
0.400000000000000	3.78082600000000	0
0.401000000000000	3.80104000000000	0
0.402000000000000	3.82217900000000	0
0.403000000000000	3.84425400000000	0
0.404000000000000	3.86727000000000	0
0.405000000000000	3.89122100000000	0
0.406000000000000	3.91609400000000	0
0.407000000000000	3.94186000000000	0
0.408000000000000	3.96848000000000	0
0.409000000000000	3.99589800000000	0
0.410000000000000	4.02404200000000	0
0.411000000000000	4.05282400000000	0
0.412000000000000	4.08213700000000	0
0.413000000000000	4.11185300000000	0
0.414000000000000	4.14182600000000	0
0.415000000000000	4.17189300000000	0
0.416000000000000	4.20187300000000	0
0.417000000000000	4.23157000000000	0
0.418000000000000	4.26077600000000	0
0.419000000000000	4.28927400000000	0
0.420000000000000	4.31684300000000	0
0.421000000000000	4.34326300000000	0
0.422000000000000	4.36832200000000	0
0.423000000000000	4.39181900000000	0
0.424000000000000	4.41357600000000	0
0.425000000000000	4.43343700000000	0
0.426000000000000	4.45128000000000	0
0.427000000000000	4.46701800000000	0
0.428000000000000	4.48060600000000	0
0.429000000000000	4.49204100000000	0
0.430000000000000	4.50136600000000	0
0.431000000000000	4.50867000000000	0
0.432000000000000	4.51408900000000	0
0.433000000000000	4.51780400000000	0
0.434000000000000	4.52003700000000	0
0.435000000000000	4.52104900000000	0
0.436000000000000	4.52113900000000	0
0.437000000000000	4.52063400000000	0
0.438000000000000	4.51989000000000	0
0.439000000000000	4.51928700000000	0
0.440000000000000	4.51922000000000	0
0.441000000000000	4.52009700000000	0
0.442000000000000	4.52233200000000	0
0.443000000000000	4.52633900000000	0
0.444000000000000	4.53252600000000	0
0.445000000000000	4.54128000000000	0
0.446000000000000	4.55296600000000	0
0.447000000000000	4.56791200000000	0
0.448000000000000	4.58639700000000	0
0.449000000000000	4.60864100000000	0
0.450000000000000	4.63479100000000	0
0.451000000000000	4.66490900000000	0
0.452000000000000	4.69896100000000	0
0.453000000000000	4.73680500000000	0
0.454000000000000	4.77818900000000	0
0.455000000000000	4.82274500000000	0
0.456000000000000	4.86999200000000	0
0.457000000000000	4.91934600000000	0
0.458000000000000	4.97012900000000	0
0.459000000000000	5.02159900000000	0
0.460000000000000	5.07296400000000	0
0.461000000000000	5.12342300000000	0
0.462000000000000	5.17218900000000	0
0.463000000000000	5.21852600000000	0
0.464000000000000	5.26177400000000	0
0.465000000000000	5.30137400000000	0
0.466000000000000	5.33688300000000	0
0.467000000000000	5.36798400000000	0
0.468000000000000	5.39448400000000	0
0.469000000000000	5.41631200000000	0
0.470000000000000	5.43350500000000	0
0.471000000000000	5.44619200000000	0
0.472000000000000	5.45457700000000	0
0.473000000000000	5.45892300000000	0
0.474000000000000	5.45953000000000	0
0.475000000000000	5.45672300000000	0
0.476000000000000	5.45083900000000	0
0.477000000000000	5.44221200000000	0
0.478000000000000	5.43116700000000	0
0.479000000000000	5.41801700000000	0
0.480000000000000	5.40305200000000	0
0.481000000000000	5.38654200000000	0
0.482000000000000	5.36873400000000	0
0.483000000000000	5.34985200000000	0
0.484000000000000	5.33009700000000	0
0.485000000000000	5.30965100000000	0
0.486000000000000	5.28867300000000	0
0.487000000000000	5.26730900000000	0
0.488000000000000	5.24568600000000	0
0.489000000000000	5.22391900000000	0
0.490000000000000	5.20211100000000	0
0.491000000000000	5.18035600000000	0
0.492000000000000	5.15874000000000	0
0.493000000000000	5.13734400000000	0
0.494000000000000	5.11624600000000	0
0.495000000000000	5.09552100000000	0
0.496000000000000	5.07524600000000	0
0.497000000000000	5.05549800000000	0
0.498000000000000	5.03636600000000	0
0.499000000000000	5.01795100000000	0
0.500000000000000	5.00032400000000	0
0.501000000000000	4.98355900000000	0
0.502000000000000	4.96775300000000	0
0.503000000000000	4.95302000000000	0
0.504000000000000	4.93948400000000	0
0.505000000000000	4.92728600000000	0
0.506000000000000	4.91657900000000	0
0.507000000000000	4.90752900000000	0
0.508000000000000	4.90030700000000	0
0.509000000000000	4.89509000000000	0
0.510000000000000	4.89205100000000	0
0.511000000000000	4.89134700000000	0
0.512000000000000	4.89310500000000	0
0.513000000000000	4.89741100000000	0
0.514000000000000	4.90428600000000	0
0.515000000000000	4.91366700000000	0
0.516000000000000	4.92539600000000	0
0.517000000000000	4.93919800000000	0
0.518000000000000	4.95468600000000	0
0.519000000000000	4.97136100000000	0
0.520000000000000	4.98863900000000	0
0.521000000000000	5.00587700000000	0
0.522000000000000	5.02241800000000	0
0.523000000000000	5.03763700000000	0
0.524000000000000	5.05098700000000	0
0.525000000000000	5.06202700000000	0
0.526000000000000	5.07045300000000	0
0.527000000000000	5.07609500000000	0
0.528000000000000	5.07891600000000	0
0.529000000000000	5.07899200000000	0
0.530000000000000	5.07648800000000	0
0.531000000000000	5.07163000000000	0
0.532000000000000	5.06468300000000	0
0.533000000000000	5.05592500000000	0
0.534000000000000	5.04563800000000	0
0.535000000000000	5.03408500000000	0
0.536000000000000	5.02151300000000	0
0.537000000000000	5.00814200000000	0
0.538000000000000	4.99416500000000	0
0.539000000000000	4.97974900000000	0
0.540000000000000	4.96503500000000	0
0.541000000000000	4.95014300000000	0
0.542000000000000	4.93517000000000	0
0.543000000000000	4.92019700000000	0
0.544000000000000	4.90529000000000	0
0.545000000000000	4.89050000000000	0
0.546000000000000	4.87587000000000	0
0.547000000000000	4.86143000000000	0
0.548000000000000	4.84720700000000	0
0.549000000000000	4.83321700000000	0
0.550000000000000	4.81947500000000	0
0.551000000000000	4.80599000000000	0
0.552000000000000	4.79276700000000	0
0.553000000000000	4.77981100000000	0
0.554000000000000	4.76712100000000	0
0.555000000000000	4.75469700000000	0
0.556000000000000	4.74253700000000	0
0.557000000000000	4.73063900000000	0
0.558000000000000	4.71899800000000	0
0.559000000000000	4.70761000000000	0
0.560000000000000	4.69647100000000	0
0.561000000000000	4.68557300000000	0
0.562000000000000	4.67491400000000	0
0.563000000000000	4.66448500000000	0
0.564000000000000	4.65428200000000	0
0.565000000000000	4.64429700000000	0
0.566000000000000	4.63452600000000	0
0.567000000000000	4.62496100000000	0
0.568000000000000	4.61559600000000	0
0.569000000000000	4.60642400000000	0
0.570000000000000	4.59743900000000	0
0.571000000000000	4.58863200000000	0
0.572000000000000	4.57999700000000	0
0.573000000000000	4.57152600000000	0
0.574000000000000	4.56321100000000	0
0.575000000000000	4.55504400000000	0
0.576000000000000	4.54701500000000	0
0.577000000000000	4.53911600000000	0
0.578000000000000	4.53133500000000	0
0.579000000000000	4.52366400000000	0
0.580000000000000	4.51609100000000	0
0.581000000000000	4.50860200000000	0
0.582000000000000	4.50118700000000	0
0.583000000000000	4.49383100000000	0
0.584000000000000	4.48651900000000	0
0.585000000000000	4.47923600000000	0
0.586000000000000	4.47196500000000	0
0.587000000000000	4.46468800000000	0
0.588000000000000	4.45738500000000	0
0.589000000000000	4.45003700000000	0
0.590000000000000	4.44262200000000	0
0.591000000000000	4.43511600000000	0
0.592000000000000	4.42749500000000	0
0.593000000000000	4.41973300000000	0
0.594000000000000	4.41180200000000	0
0.595000000000000	4.40367500000000	0
0.596000000000000	4.39532000000000	0
0.597000000000000	4.38670600000000	0
0.598000000000000	4.37780100000000	0
0.599000000000000	4.36857000000000	0
0.600000000000000	4.35898000000000	0
0.601000000000000	4.34899600000000	0
0.602000000000000	4.33858200000000	0
0.603000000000000	4.32770600000000	0
0.604000000000000	4.31633400000000	0
0.605000000000000	4.30443700000000	0
0.606000000000000	4.29199000000000	0
0.607000000000000	4.27897700000000	0
0.608000000000000	4.26538900000000	0
0.609000000000000	4.25123600000000	0
0.610000000000000	4.23654600000000	0
0.611000000000000	4.22137900000000	0
0.612000000000000	4.20583500000000	0
0.613000000000000	4.19007300000000	0
0.614000000000000	4.17433300000000	0
0.615000000000000	4.15896300000000	0
0.616000000000000	4.14446000000000	0
0.617000000000000	4.13152300000000	0
0.618000000000000	4.12111200000000	0
0.619000000000000	4.11452900000000	0
0.620000000000000	4.11349600000000	0
0.621000000000000	4.12021700000000	0
0.622000000000000	4.13740200000000	0
0.623000000000000	4.16817700000000	0
0.624000000000000	4.21581800000000	0
0.625000000000000	4.28321900000000	0
0.626000000000000	4.37208600000000	0
0.627000000000000	4.48192300000000	0
0.628000000000000	4.60912700000000	0
0.629000000000000	4.74666600000000	0
0.630000000000000	4.88480600000000	0
0.631000000000000	5.01299800000000	0
0.632000000000000	5.12230200000000	0
0.633000000000000	5.20728300000000	0
0.634000000000000	5.26655800000000	0
0.635000000000000	5.30205700000000	0
0.636000000000000	5.31762800000000	0
0.637000000000000	5.31773600000000	0
0.638000000000000	5.30658100000000	0
0.639000000000000	5.28768100000000	0
0.640000000000000	5.26377500000000	0
0.641000000000000	5.23688100000000	0
0.642000000000000	5.20843800000000	0
0.643000000000000	5.17943600000000	0
0.644000000000000	5.15053700000000	0
0.645000000000000	5.12217000000000	0
0.646000000000000	5.09459900000000	0
0.647000000000000	5.06797800000000	0
0.648000000000000	5.04238200000000	0
0.649000000000000	5.01783800000000	0
0.650000000000000	4.99433800000000	0
0.651000000000000	4.97185600000000	0
0.652000000000000	4.95035000000000	0
0.653000000000000	4.92977200000000	0
0.654000000000000	4.91007300000000	0
0.655000000000000	4.89120100000000	0
0.656000000000000	4.87310600000000	0
0.657000000000000	4.85573800000000	0
0.658000000000000	4.83905200000000	0
0.659000000000000	4.82300500000000	0
0.660000000000000	4.80755500000000	0
0.661000000000000	4.79266500000000	0
0.662000000000000	4.77830000000000	0
0.663000000000000	4.76442700000000	0
0.664000000000000	4.75101600000000	0
0.665000000000000	4.73804000000000	0
0.666000000000000	4.72547400000000	0
0.667000000000000	4.71329300000000	0
0.668000000000000	4.70147600000000	0
0.669000000000000	4.69000300000000	0
0.670000000000000	4.67885500000000	0
0.671000000000000	4.66801500000000	0
0.672000000000000	4.65746800000000	0
0.673000000000000	4.64719900000000	0
0.674000000000000	4.63719300000000	0
0.675000000000000	4.62743900000000	0
0.676000000000000	4.61792400000000	0
0.677000000000000	4.60863800000000	0
0.678000000000000	4.59957000000000	0
0.679000000000000	4.59071200000000	0
0.680000000000000	4.58205300000000	0
0.681000000000000	4.57358600000000	0
0.682000000000000	4.56530400000000	0
0.683000000000000	4.55719800000000	0
0.684000000000000	4.54926100000000	0
0.685000000000000	4.54148900000000	0
0.686000000000000	4.53387400000000	0
0.687000000000000	4.52641100000000	0
0.688000000000000	4.51909500000000	0
0.689000000000000	4.51192000000000	0
0.690000000000000	4.50488200000000	0
0.691000000000000	4.49797700000000	0
0.692000000000000	4.49120000000000	0
0.693000000000000	4.48454800000000	0
0.694000000000000	4.47801600000000	0
0.695000000000000	4.47160200000000	0
0.696000000000000	4.46530100000000	0
0.697000000000000	4.45911200000000	0
0.698000000000000	4.45303000000000	0
0.699000000000000	4.44705300000000	0
0.700000000000000	4.44117900000000	0
0.701000000000000	4.43540500000000	0
0.702000000000000	4.42972800000000	0
0.703000000000000	4.42414800000000	0
0.704000000000000	4.41866100000000	0
0.705000000000000	4.41326600000000	0
0.706000000000000	4.40796200000000	0
0.707000000000000	4.40274800000000	0
0.708000000000000	4.39762200000000	0
0.709000000000000	4.39258400000000	0
0.710000000000000	4.38763600000000	0
0.711000000000000	4.38278000000000	0
0.712000000000000	4.37800600000000	0
0.713000000000000	4.37331300000000	0
0.714000000000000	4.36869600000000	0
0.715000000000000	4.36415400000000	0
0.716000000000000	4.35968500000000	0
0.717000000000000	4.35528700000000	0
0.718000000000000	4.35096200000000	0
0.719000000000000	4.34671100000000	0
0.720000000000000	4.34252700000000	0
0.721000000000000	4.33840900000000	0
0.722000000000000	4.33435200000000	0
0.723000000000000	4.33035500000000	0
0.724000000000000	4.32641600000000	0
0.725000000000000	4.32253300000000	0
0.726000000000000	4.31870400000000	0
0.727000000000000	4.31492800000000	0
0.728000000000000	4.31120300000000	0
0.729000000000000	4.30752900000000	0
0.730000000000000	4.30390200000000	0
0.731000000000000	4.30032400000000	0
0.732000000000000	4.29679100000000	0
0.733000000000000	4.29330400000000	0
0.734000000000000	4.28986000000000	0
0.735000000000000	4.28646000000000	0
0.736000000000000	4.28310200000000	0
0.737000000000000	4.27978500000000	0
0.738000000000000	4.27650900000000	0
0.739000000000000	4.27327200000000	0
0.740000000000000	4.27007300000000	0
0.741000000000000	4.26691300000000	0
0.742000000000000	4.26379000000000	0
0.743000000000000	4.26070300000000	0
0.744000000000000	4.25765200000000	0
0.745000000000000	4.25463700000000	0
0.746000000000000	4.25165700000000	0
0.747000000000000	4.24871200000000	0
0.748000000000000	4.24580200000000	0
0.749000000000000	4.24292400000000	0
0.750000000000000	4.24007900000000	0
0.751000000000000	4.23726400000000	0
0.752000000000000	4.23447900000000	0
0.753000000000000	4.23172400000000	0
0.754000000000000	4.22899800000000	0
0.755000000000000	4.22630100000000	0
0.756000000000000	4.22363100000000	0
0.757000000000000	4.22098800000000	0
0.758000000000000	4.21837100000000	0
0.759000000000000	4.21578100000000	0
0.760000000000000	4.21321600000000	0
0.761000000000000	4.21067600000000	0
0.762000000000000	4.20816100000000	0
0.763000000000000	4.20567000000000	0
0.764000000000000	4.20320300000000	0
0.765000000000000	4.20075900000000	0
0.766000000000000	4.19833800000000	0
0.767000000000000	4.19593900000000	0
0.768000000000000	4.19356300000000	0
0.769000000000000	4.19120800000000	0
0.770000000000000	4.18887400000000	0
0.771000000000000	4.18656200000000	0
0.772000000000000	4.18427000000000	0
0.773000000000000	4.18199800000000	0
0.774000000000000	4.17974700000000	0
0.775000000000000	4.17751500000000	0
0.776000000000000	4.17530200000000	0
0.777000000000000	4.17310900000000	0
0.778000000000000	4.17093400000000	0
0.779000000000000	4.16877800000000	0
0.780000000000000	4.16664000000000	0
0.781000000000000	4.16452000000000	0
0.782000000000000	4.16241700000000	0
0.783000000000000	4.16033200000000	0
0.784000000000000	4.15826400000000	0
0.785000000000000	4.15621300000000	0
0.786000000000000	4.15417800000000	0
0.787000000000000	4.15216100000000	0
0.788000000000000	4.15015900000000	0
0.789000000000000	4.14817300000000	0
0.790000000000000	4.14620300000000	0
0.791000000000000	4.14424800000000	0
0.792000000000000	4.14230900000000	0
0.793000000000000	4.14038400000000	0
0.794000000000000	4.13847500000000	0
0.795000000000000	4.13658000000000	0
0.796000000000000	4.13470000000000	0
0.797000000000000	4.13283400000000	0
0.798000000000000	4.13098200000000	0
0.799000000000000	4.12914500000000	0
0.800000000000000	4.12732100000000	0
0.801000000000000	4.12551000000000	0
0.802000000000000	4.12371300000000	0
0.803000000000000	4.12192900000000	0
0.804000000000000	4.12015800000000	0
0.805000000000000	4.11840100000000	0
0.806000000000000	4.11665500000000	0
0.807000000000000	4.11492300000000	0
0.808000000000000	4.11320300000000	0
0.809000000000000	4.11149500000000	0
0.810000000000000	4.10980000000000	0
0.811000000000000	4.10811600000000	0
0.812000000000000	4.10644400000000	0
0.813000000000000	4.10478400000000	0
0.814000000000000	4.10313600000000	0
0.815000000000000	4.10149800000000	0
0.816000000000000	4.09987300000000	0
0.817000000000000	4.09825800000000	0
0.818000000000000	4.09665500000000	0
0.819000000000000	4.09506200000000	0
0.820000000000000	4.09348000000000	0
0.821000000000000	4.09190900000000	0
0.822000000000000	4.09034900000000	0
0.823000000000000	4.08879800000000	0
0.824000000000000	4.08725900000000	0
0.825000000000000	4.08572900000000	0
0.826000000000000	4.08421000000000	0
0.827000000000000	4.08270000000000	0
0.828000000000000	4.08120100000000	0
0.829000000000000	4.07971100000000	0
0.830000000000000	4.07823100000000	0
0.831000000000000	4.07676000000000	0
0.832000000000000	4.07529900000000	0
0.833000000000000	4.07384700000000	0
0.834000000000000	4.07240500000000	0
0.835000000000000	4.07097200000000	0
0.836000000000000	4.06954700000000	0
0.837000000000000	4.06813200000000	0
0.838000000000000	4.06672600000000	0
0.839000000000000	4.06532900000000	0
0.840000000000000	4.06394000000000	0
0.841000000000000	4.06256000000000	0
0.842000000000000	4.06118800000000	0
0.843000000000000	4.05982500000000	0
0.844000000000000	4.05847000000000	0
0.845000000000000	4.05712400000000	0
0.846000000000000	4.05578500000000	0
0.847000000000000	4.05445500000000	0
0.848000000000000	4.05313300000000	0
0.849000000000000	4.05181900000000	0
0.850000000000000	4.05051300000000	0
0.851000000000000	4.04921400000000	0
0.852000000000000	4.04792400000000	0
0.853000000000000	4.04664100000000	0
0.854000000000000	4.04536500000000	0
0.855000000000000	4.04409700000000	0
0.856000000000000	4.04283700000000	0
0.857000000000000	4.04158400000000	0
0.858000000000000	4.04033800000000	0
0.859000000000000	4.03910000000000	0
0.860000000000000	4.03786800000000	0
0.861000000000000	4.03664400000000	0
0.862000000000000	4.03542700000000	0
0.863000000000000	4.03421700000000	0
0.864000000000000	4.03301400000000	0
0.865000000000000	4.03181700000000	0
0.866000000000000	4.03062800000000	0
0.867000000000000	4.02944500000000	0
0.868000000000000	4.02826900000000	0
0.869000000000000	4.02709900000000	0
0.870000000000000	4.02593600000000	0
0.871000000000000	4.02478000000000	0
0.872000000000000	4.02363000000000	0
0.873000000000000	4.02248600000000	0
0.874000000000000	4.02134900000000	0
0.875000000000000	4.02021800000000	0
0.876000000000000	4.01909300000000	0
0.877000000000000	4.01797400000000	0
0.878000000000000	4.01686200000000	0
0.879000000000000	4.01575500000000	0
0.880000000000000	4.01465500000000	0
0.881000000000000	4.01356000000000	0
0.882000000000000	4.01247200000000	0
0.883000000000000	4.01138900000000	0
0.884000000000000	4.01031200000000	0
0.885000000000000	4.00924100000000	0
0.886000000000000	4.00817600000000	0
0.887000000000000	4.00711600000000	0
0.888000000000000	4.00606200000000	0
0.889000000000000	4.00501300000000	0
0.890000000000000	4.00397000000000	0
0.891000000000000	4.00293200000000	0
0.892000000000000	4.00190000000000	0
0.893000000000000	4.00087400000000	0
0.894000000000000	3.99985200000000	0
0.895000000000000	3.99883600000000	0
0.896000000000000	3.99782500000000	0
0.897000000000000	3.99682000000000	0
0.898000000000000	3.99582000000000	0
0.899000000000000	3.99482400000000	0
0.900000000000000	3.99383400000000	0
0.901000000000000	3.99284900000000	0
0.902000000000000	3.99186900000000	0
0.903000000000000	3.99089400000000	0
0.904000000000000	3.98992400000000	0
0.905000000000000	3.98895900000000	0
0.906000000000000	3.98799800000000	0
0.907000000000000	3.98704300000000	0
0.908000000000000	3.98609200000000	0
0.909000000000000	3.98514600000000	0
0.910000000000000	3.98420500000000	0
0.911000000000000	3.98326800000000	0
0.912000000000000	3.98233600000000	0
0.913000000000000	3.98140900000000	0
0.914000000000000	3.98048600000000	0
0.915000000000000	3.97956800000000	0
0.916000000000000	3.97865500000000	0
0.917000000000000	3.97774500000000	0
0.918000000000000	3.97684100000000	0
0.919000000000000	3.97594000000000	0
0.920000000000000	3.97504400000000	0
0.921000000000000	3.97415300000000	0
0.922000000000000	3.97326500000000	0
0.923000000000000	3.97238200000000	0
0.924000000000000	3.97150300000000	0
0.925000000000000	3.97062900000000	0
0.926000000000000	3.96975900000000	0
0.927000000000000	3.96889200000000	0
0.928000000000000	3.96803000000000	0
0.929000000000000	3.96717200000000	0
0.930000000000000	3.96631800000000	0
0.931000000000000	3.96546800000000	0
0.932000000000000	3.96462300000000	0
0.933000000000000	3.96378100000000	0
0.934000000000000	3.96294300000000	0
0.935000000000000	3.96210900000000	0
0.936000000000000	3.96127900000000	0
0.937000000000000	3.96045200000000	0
0.938000000000000	3.95963000000000	0
0.939000000000000	3.95881100000000	0
0.940000000000000	3.95799700000000	0
0.941000000000000	3.95718600000000	0
0.942000000000000	3.95637800000000	0
0.943000000000000	3.95557500000000	0
0.944000000000000	3.95477500000000	0
0.945000000000000	3.95397900000000	0
0.946000000000000	3.95318600000000	0
0.947000000000000	3.95239700000000	0
0.948000000000000	3.95161200000000	0
0.949000000000000	3.95083000000000	0
0.950000000000000	3.95005100000000	0
0.951000000000000	3.94927700000000	0
0.952000000000000	3.94850500000000	0
0.953000000000000	3.94773700000000	0
0.954000000000000	3.94697300000000	0
0.955000000000000	3.94621200000000	0
0.956000000000000	3.94545500000000	0
0.957000000000000	3.94470000000000	0
0.958000000000000	3.94395000000000	0
0.959000000000000	3.94320200000000	0
0.960000000000000	3.94245800000000	0
0.961000000000000	3.94171700000000	0
0.962000000000000	3.94097900000000	0
0.963000000000000	3.94024500000000	0
0.964000000000000	3.93951400000000	0
0.965000000000000	3.93878600000000	0
0.966000000000000	3.93806100000000	0
0.967000000000000	3.93733900000000	0
0.968000000000000	3.93662100000000	0
0.969000000000000	3.93590500000000	0
0.970000000000000	3.93519300000000	0
0.971000000000000	3.93448400000000	0
0.972000000000000	3.93377800000000	0
0.973000000000000	3.93307400000000	0
0.974000000000000	3.93237400000000	0
0.975000000000000	3.93167700000000	0
0.976000000000000	3.93098300000000	0
0.977000000000000	3.93029200000000	0
0.978000000000000	3.92960400000000	0
0.979000000000000	3.92891900000000	0
0.980000000000000	3.92823600000000	0
0.981000000000000	3.92755700000000	0
0.982000000000000	3.92688000000000	0
0.983000000000000	3.92620600000000	0
0.984000000000000	3.92553500000000	0
0.985000000000000	3.92486700000000	0
0.986000000000000	3.92420200000000	0
0.987000000000000	3.92353900000000	0
0.988000000000000	3.92288000000000	0
0.989000000000000	3.92222300000000	0
0.990000000000000	3.92156800000000	0
0.991000000000000	3.92091700000000	0
0.992000000000000	3.92026800000000	0
0.993000000000000	3.91962200000000	0
0.994000000000000	3.91897800000000	0
0.995000000000000	3.91833800000000	0
0.996000000000000	3.91769900000000	0
0.997000000000000	3.91706400000000	0
0.998000000000000	3.91643100000000	0
0.999000000000000	3.91580000000000	0
1	3.91517200000000	0
1.00250000000000	3.91361400000000	0
1.00500000000000	3.91207100000000	0
1.00750000000000	3.91054400000000	0
1.01000000000000	3.90903200000000	0
1.01250000000000	3.90753500000000	0
1.01500000000000	3.90605300000000	0
1.01750000000000	3.90458600000000	0
1.02000000000000	3.90313300000000	0
1.02250000000000	3.90169400000000	0
1.02500000000000	3.90026900000000	0
1.02750000000000	3.89885800000000	0
1.03000000000000	3.89746100000000	0
1.03250000000000	3.89607700000000	0
1.03500000000000	3.89470600000000	0
1.03750000000000	3.89334900000000	0
1.04000000000000	3.89200400000000	0
1.04250000000000	3.89067200000000	0
1.04500000000000	3.88935200000000	0
1.04750000000000	3.88804500000000	0
1.05000000000000	3.88675000000000	0
1.05250000000000	3.88546700000000	0
1.05500000000000	3.88419600000000	0
1.05750000000000	3.88293700000000	0
1.06000000000000	3.88168900000000	0
1.06250000000000	3.88045200000000	0
1.06500000000000	3.87922700000000	0
1.06750000000000	3.87801300000000	0
1.07000000000000	3.87681000000000	0
1.07250000000000	3.87561700000000	0
1.07500000000000	3.87443600000000	0
1.07750000000000	3.87326500000000	0
1.08000000000000	3.87210400000000	0
1.08250000000000	3.87095400000000	0
1.08500000000000	3.86981300000000	0
1.08750000000000	3.86868300000000	0
1.09000000000000	3.86756200000000	0
1.09250000000000	3.86645200000000	0
1.09500000000000	3.86535100000000	0
1.09750000000000	3.86425900000000	0
1.10000000000000	3.86317700000000	0
1.10250000000000	3.86210500000000	0
1.10500000000000	3.86104100000000	0
1.10750000000000	3.85998600000000	0
1.11000000000000	3.85894100000000	0
1.11250000000000	3.85790400000000	0
1.11500000000000	3.85687600000000	0
1.11750000000000	3.85585700000000	0
1.12000000000000	3.85484600000000	0
1.12250000000000	3.85384400000000	0
1.12500000000000	3.85285000000000	0
1.12750000000000	3.85186400000000	0
1.13000000000000	3.85088600000000	0
1.13250000000000	3.84991600000000	0
1.13500000000000	3.84895500000000	0
1.13750000000000	3.84800100000000	0
1.14000000000000	3.84705500000000	0
1.14250000000000	3.84611600000000	0
1.14500000000000	3.84518600000000	0
1.14750000000000	3.84426200000000	0
1.15000000000000	3.84334600000000	0
1.15250000000000	3.84243800000000	0
1.15500000000000	3.84153700000000	0
1.15750000000000	3.84064300000000	0
1.16000000000000	3.83975500000000	0
1.16250000000000	3.83887500000000	0
1.16500000000000	3.83800200000000	0
1.16750000000000	3.83713600000000	0
1.17000000000000	3.83627600000000	0
1.17250000000000	3.83542400000000	0
1.17500000000000	3.83457800000000	0
1.17750000000000	3.83373800000000	0
1.18000000000000	3.83290500000000	0
1.18250000000000	3.83207800000000	0
1.18500000000000	3.83125800000000	0
1.18750000000000	3.83044400000000	0
1.19000000000000	3.82963600000000	0
1.19250000000000	3.82883400000000	0
1.19500000000000	3.82803800000000	0
1.19750000000000	3.82724900000000	0
1.20000000000000	3.82646500000000	0
1.20250000000000	3.82568700000000	0
1.20500000000000	3.82491500000000	0
1.20750000000000	3.82414900000000	0
1.21000000000000	3.82338800000000	0
1.21250000000000	3.82263300000000	0
1.21500000000000	3.82188400000000	0
1.21750000000000	3.82114000000000	0
1.22000000000000	3.82040200000000	0
1.22250000000000	3.81966900000000	0
1.22500000000000	3.81894100000000	0
1.22750000000000	3.81821900000000	0
1.23000000000000	3.81750200000000	0
1.23250000000000	3.81679000000000	0
1.23500000000000	3.81608400000000	0
1.23750000000000	3.81538200000000	0
1.24000000000000	3.81468500000000	0
1.24250000000000	3.81399400000000	0
1.24500000000000	3.81330700000000	0
1.24750000000000	3.81262600000000	0
1.25000000000000	3.81194900000000	0
1.25250000000000	3.81127700000000	0
1.25500000000000	3.81060900000000	0
1.25750000000000	3.80994600000000	0
1.26000000000000	3.80928900000000	0
1.26250000000000	3.80863500000000	0
1.26500000000000	3.80798600000000	0
1.26750000000000	3.80734200000000	0
1.27000000000000	3.80670200000000	0
1.27250000000000	3.80606700000000	0
1.27500000000000	3.80543600000000	0
1.27750000000000	3.80480900000000	0
1.28000000000000	3.80418700000000	0
1.28250000000000	3.80356800000000	0
1.28500000000000	3.80295500000000	0
1.28750000000000	3.80234500000000	0
1.29000000000000	3.80173900000000	0
1.29250000000000	3.80113800000000	0
1.29500000000000	3.80054000000000	0
1.29750000000000	3.79994700000000	0
1.30000000000000	3.79935800000000	0
1.30250000000000	3.79877200000000	0
1.30500000000000	3.79819100000000	0
1.30750000000000	3.79761300000000	0
1.31000000000000	3.79703900000000	0
1.31250000000000	3.79646900000000	0
1.31500000000000	3.79590300000000	0
1.31750000000000	3.79534000000000	0
1.32000000000000	3.79478200000000	0
1.32250000000000	3.79422700000000	0
1.32500000000000	3.79367500000000	0
1.32750000000000	3.79312700000000	0
1.33000000000000	3.79258300000000	0
1.33250000000000	3.79204200000000	0
1.33500000000000	3.79150500000000	0
1.33750000000000	3.79097100000000	0
1.34000000000000	3.79044100000000	0
1.34250000000000	3.78991400000000	0
1.34500000000000	3.78939000000000	0
1.34750000000000	3.78887000000000	0
1.35000000000000	3.78835300000000	0
1.35250000000000	3.78783900000000	0
1.35500000000000	3.78732900000000	0
1.35750000000000	3.78682200000000	0
1.36000000000000	3.78631800000000	0
1.36250000000000	3.78581700000000	0
1.36500000000000	3.78532000000000	0
1.36750000000000	3.78482500000000	0
1.37000000000000	3.78433400000000	0
1.37250000000000	3.78384600000000	0
1.37500000000000	3.78336100000000	0
1.37750000000000	3.78287800000000	0
1.38000000000000	3.78239900000000	0
1.38250000000000	3.78192300000000	0
1.38500000000000	3.78145000000000	0
1.38750000000000	3.78097900000000	0
1.39000000000000	3.78051200000000	0
1.39250000000000	3.78004700000000	0
1.39500000000000	3.77958500000000	0
1.39750000000000	3.77912600000000	0
1.40000000000000	3.77867000000000	0
1.40250000000000	3.77821700000000	0
1.40500000000000	3.77776600000000	0
1.40750000000000	3.77731800000000	0
1.41000000000000	3.77687300000000	0
1.41250000000000	3.77643000000000	0
1.41500000000000	3.77599100000000	0
1.41750000000000	3.77555300000000	0
1.42000000000000	3.77511900000000	0
1.42250000000000	3.77468700000000	0
1.42500000000000	3.77425700000000	0
1.42750000000000	3.77383000000000	0
1.43000000000000	3.77340600000000	0
1.43250000000000	3.77298400000000	0
1.43500000000000	3.77256500000000	0
1.43750000000000	3.77214800000000	0
1.44000000000000	3.77173300000000	0
1.44250000000000	3.77132100000000	0
1.44500000000000	3.77091100000000	0
1.44750000000000	3.77050400000000	0
1.45000000000000	3.77009900000000	0
1.45250000000000	3.76969700000000	0
1.45500000000000	3.76929600000000	0
1.45750000000000	3.76889900000000	0
1.46000000000000	3.76850300000000	0
1.46250000000000	3.76811000000000	0
1.46500000000000	3.76771900000000	0
1.46750000000000	3.76733000000000	0
1.47000000000000	3.76694300000000	0
1.47250000000000	3.76655900000000	0
1.47500000000000	3.76617700000000	0
1.47750000000000	3.76579600000000	0
1.48000000000000	3.76541900000000	0
1.48250000000000	3.76504300000000	0
1.48500000000000	3.76466900000000	0
1.48750000000000	3.76429800000000	0
1.49000000000000	3.76392800000000	0
1.49250000000000	3.76356100000000	0
1.49500000000000	3.76319600000000	0
1.49750000000000	3.76283200000000	0
1.50000000000000	3.76247100000000	0
1.50250000000000	3.76211200000000	0
1.50500000000000	3.76175500000000	0
1.50750000000000	3.76139900000000	0
1.51000000000000	3.76104600000000	0
1.51250000000000	3.76069500000000	0
1.51500000000000	3.76034500000000	0
1.51750000000000	3.75999800000000	0
1.52000000000000	3.75965200000000	0
1.52250000000000	3.75930900000000	0
1.52500000000000	3.75896700000000	0
1.52750000000000	3.75862700000000	0
1.53000000000000	3.75828900000000	0
1.53250000000000	3.75795300000000	0
1.53500000000000	3.75761800000000	0
1.53750000000000	3.75728600000000	0
1.54000000000000	3.75695500000000	0
1.54250000000000	3.75662600000000	0
1.54500000000000	3.75629800000000	0
1.54750000000000	3.75597300000000	0
1.55000000000000	3.75564900000000	0
1.55250000000000	3.75532700000000	0
1.55500000000000	3.75500700000000	0
1.55750000000000	3.75468800000000	0
1.56000000000000	3.75437100000000	0
1.56250000000000	3.75405600000000	0
1.56500000000000	3.75374200000000	0
1.56750000000000	3.75343000000000	0
1.57000000000000	3.75312000000000	0
1.57250000000000	3.75281100000000	0
1.57500000000000	3.75250400000000	0
1.57750000000000	3.75219900000000	0
1.58000000000000	3.75189500000000	0
1.58250000000000	3.75159300000000	0
1.58500000000000	3.75129200000000	0
1.58750000000000	3.75099300000000	0
1.59000000000000	3.75069500000000	0
1.59250000000000	3.75039900000000	0
1.59500000000000	3.75010500000000	0
1.59750000000000	3.74981200000000	0
1.60000000000000	3.74952100000000	0
1.60250000000000	3.74923000000000	0
1.60500000000000	3.74894200000000	0
1.60750000000000	3.74865500000000	0
1.61000000000000	3.74837000000000	0
1.61250000000000	3.74808500000000	0
1.61500000000000	3.74780300000000	0
1.61750000000000	3.74752200000000	0
1.62000000000000	3.74724200000000	0
1.62250000000000	3.74696300000000	0
1.62500000000000	3.74668700000000	0
1.62750000000000	3.74641100000000	0
1.63000000000000	3.74613700000000	0
1.63250000000000	3.74586400000000	0
1.63500000000000	3.74559300000000	0
1.63750000000000	3.74532300000000	0
1.64000000000000	3.74505400000000	0
1.64250000000000	3.74478700000000	0
1.64500000000000	3.74452000000000	0
1.64750000000000	3.74425600000000	0
1.65000000000000	3.74399200000000	0
1.65250000000000	3.74373000000000	0
1.65500000000000	3.74346900000000	0
1.65750000000000	3.74321000000000	0
1.66000000000000	3.74295200000000	0
1.66250000000000	3.74269500000000	0
1.66500000000000	3.74243900000000	0
1.66750000000000	3.74218500000000	0
1.67000000000000	3.74193100000000	0
1.67250000000000	3.74167900000000	0
1.67500000000000	3.74142900000000	0
1.67750000000000	3.74117900000000	0
1.68000000000000	3.74093100000000	0
1.68250000000000	3.74068400000000	0
1.68500000000000	3.74043800000000	0
1.68750000000000	3.74019300000000	0
1.69000000000000	3.73995000000000	0