0.300000000000000	7.08957446808511	0
0.301000000000000	7.07379727150633	0
0.302000000000000	7.05812455967310	0
0.303000000000000	7.04255529808300	0
0.304000000000000	7.02708846584546	0
0.305000000000000	7.01172305545867	0
0.306000000000000	6.99645807259074	0
0.307000000000000	6.98129253586527	0
0.308000000000000	6.96622547665101	0
0.309000000000000	6.95125593885561	0
0.310000000000000	6.93638297872341	0
0.311000000000000	6.92160566463707	0
0.312000000000000	6.90692307692308	0
0.313000000000000	6.89233430766093	0
0.314000000000000	6.87783846049600	0
0.315000000000000	6.86343465045593	0
0.316000000000000	6.84912200377054	0
0.317000000000000	6.83489965769515	0
0.318000000000000	6.82076676033721	0
0.319000000000000	6.80672247048623	0
0.320000000000000	6.79276595744681	0
0.321000000000000	6.77889640087493	0
0.322000000000000	6.76511299061715	0
0.323000000000000	6.75141492655293	0
0.324000000000000	6.73780141843972	0
0.325000000000000	6.72427168576105	0
0.326000000000000	6.71082495757734	0
0.327000000000000	6.69746047237947	0
0.328000000000000	6.68417747794499	0
0.329000000000000	6.67097523119705	0
0.330000000000000	6.65785299806576	0
0.331000000000000	6.64481005335219	0
0.332000000000000	6.63184568059472	0
0.333000000000000	6.61895917193790	0
0.334000000000000	6.60614982800357	0
0.335000000000000	6.59341695776437	0
0.336000000000000	6.58075987841945	0
0.337000000000000	6.56817791527243	0
0.338000000000000	6.55567040161148	0
0.339000000000000	6.54323667859160	0
0.340000000000000	6.53087609511890	0
0.341000000000000	6.51858800773694	0
0.342000000000000	6.50637178051512	0
0.343000000000000	6.49422678493890	0
0.344000000000000	6.48215239980208	0
0.345000000000000	6.47014801110083	0
0.346000000000000	6.45821301192965	0
0.347000000000000	6.44634680237906	0
0.348000000000000	6.43454878943507	0
0.349000000000000	6.42281838688045	0
0.350000000000000	6.41115501519757	0
0.351000000000000	6.39955810147300	0
0.352000000000000	6.38802707930368	0
0.353000000000000	6.37656138870472	0
0.354000000000000	6.36516047601875	0
0.355000000000000	6.35382379382679	0
0.356000000000000	6.34255080086063	0
0.357000000000000	6.33134096191668	0
0.358000000000000	6.32019374777131	0
0.359000000000000	6.30910863509749	0
0.360000000000000	6.29808510638298	0
0.361000000000000	6.28712264984971	0
0.362000000000000	6.27622075937463	0
0.363000000000000	6.26537893441182	0
0.364000000000000	6.25459667991583	0
0.365000000000000	6.24387350626640	0
0.366000000000000	6.23320892919428	0
0.367000000000000	6.22260246970839	0
0.368000000000000	6.21205365402405	0
0.369000000000000	6.20156201349248	0
0.370000000000000	6.19112708453134	0
0.371000000000000	6.18074840855652	0
0.372000000000000	6.17042553191489	0
0.373000000000000	6.16015800581826	0
0.374000000000000	6.14994538627830	0
0.375000000000000	6.13978723404255	0
0.376000000000000	6.12968311453146	0
0.377000000000000	6.11963259777640	0
0.378000000000000	6.10963525835866	0
0.379000000000000	6.09969067534946	0
0.380000000000000	6.08979843225084	0
0.381000000000000	6.07995811693751	0
0.382000000000000	6.07016932159964	0
0.383000000000000	6.06043164268652	0
0.384000000000000	6.05074468085106	0
0.385000000000000	6.04110804089527	0
0.386000000000000	6.03152133171646	0
0.387000000000000	6.02198416625433	0
0.388000000000000	6.01249616143891	0
0.389000000000000	6.00305693813925	0
0.390000000000000	5.99366612111293	0
0.391000000000000	5.98432333895630	0
0.392000000000000	5.97502822405558	0
0.393000000000000	5.96578041253857	0
0.394000000000000	5.95657954422724	0
0.395000000000000	5.94742526259090	0
0.396000000000000	5.93831721470019	0
0.397000000000000	5.92925505118174	0
0.398000000000000	5.92023842617342	0
0.399000000000000	5.91126699728044	0
0.400000000000000	5.90234042553191	0
0.401000000000000	5.89345837533825	0
0.402000000000000	5.88462051444903	0
0.403000000000000	5.87582651391162	0
0.404000000000000	5.86707604803033	0
0.405000000000000	5.85836879432624	0
0.406000000000000	5.84970443349754	0
0.407000000000000	5.84108264938052	0
0.408000000000000	5.83250312891114	0
0.409000000000000	5.82396556208708	0
0.410000000000000	5.81546964193046	0
0.411000000000000	5.80701506445100	0
0.412000000000000	5.79860152860979	0
0.413000000000000	5.79022873628355	0
0.414000000000000	5.78189639222942	0
0.415000000000000	5.77360420405024	0
0.416000000000000	5.76535188216039	0
0.417000000000000	5.75713913975203	0
0.418000000000000	5.74896569276189	0
0.419000000000000	5.74083125983852	0
0.420000000000000	5.73273556231003	0
0.421000000000000	5.72467832415222	0
0.422000000000000	5.71665927195725	0
0.423000000000000	5.70867813490267	0
0.424000000000000	5.70073464472100	0
0.425000000000000	5.69282853566959	0
0.426000000000000	5.68495954450105	0
0.427000000000000	5.67712741043400	0
0.428000000000000	5.66933187512428	0
0.429000000000000	5.66157268263651	0
0.430000000000000	5.65384957941613	0
0.431000000000000	5.64616231426174	0
0.432000000000000	5.63851063829787	0
0.433000000000000	5.63089430494816	0
0.434000000000000	5.62331306990881	0
0.435000000000000	5.61576669112252	0
0.436000000000000	5.60825492875268	0
0.437000000000000	5.60077754515799	0
0.438000000000000	5.59333430486739	0
0.439000000000000	5.58592497455532	0
0.440000000000000	5.57854932301741	0
0.441000000000000	5.57120712114633	0
0.442000000000000	5.56389814190816	0
0.443000000000000	5.55662216031891	0
0.444000000000000	5.54937895342151	0
0.445000000000000	5.54216830026297	0
0.446000000000000	5.53498998187196	0
0.447000000000000	5.52784378123661	0
0.448000000000000	5.52072948328267	0
0.449000000000000	5.51364687485192	0
0.450000000000000	5.50659574468085	0
0.451000000000000	5.49957588337972	0
0.452000000000000	5.49258708341179	0
0.453000000000000	5.48562913907285	0
0.454000000000000	5.47870184647108	0
0.455000000000000	5.47180500350713	0
0.456000000000000	5.46493840985442	0
0.457000000000000	5.45810186693980	0
0.458000000000000	5.45129517792437	0
0.459000000000000	5.44451814768461	0
0.460000000000000	5.43777058279371	0
0.461000000000000	5.43105229150321	0
0.462000000000000	5.42436308372479	0
0.463000000000000	5.41770277101236	0
0.464000000000000	5.41107116654439	0
0.465000000000000	5.40446808510638	0
0.466000000000000	5.39789334307369	0
0.467000000000000	5.39134675839446	0
0.468000000000000	5.38482815057283	0
0.469000000000000	5.37833734065236	0
0.470000000000000	5.37187415119964	0
0.471000000000000	5.36543840628812	0
0.472000000000000	5.35902993148215	0
0.473000000000000	5.35264855382124	0
0.474000000000000	5.34629410180447	0
0.475000000000000	5.33996640537514	0
0.476000000000000	5.33366529590560	0
0.477000000000000	5.32739060618226	0
0.478000000000000	5.32114217039081	0
0.479000000000000	5.31491982410163	0
0.480000000000000	5.30872340425532	0
0.481000000000000	5.30255274914849	0
0.482000000000000	5.29640769841971	0
0.483000000000000	5.29028809303555	0
0.484000000000000	5.28419377527695	0
0.485000000000000	5.27812458872560	0
0.486000000000000	5.27208037825059	0
0.487000000000000	5.26606098999520	0
0.488000000000000	5.26006627136380	0
0.489000000000000	5.25409607100901	0
0.490000000000000	5.24815023881893	0
0.491000000000000	5.24222862590458	0
0.492000000000000	5.23633108458744	0
0.493000000000000	5.23045746838721	0
0.494000000000000	5.22460763200965	0
0.495000000000000	5.21878143133462	0
0.496000000000000	5.21297872340426	0
0.497000000000000	5.20719936641123	0
0.498000000000000	5.20144321968726	0
0.499000000000000	5.19571014369164	0
0.500000000000000	5.19000000000000	0
0.501000000000000	5.18431265129316	0
0.502000000000000	5.17864796134611	0
0.503000000000000	5.17300579501713	0
0.504000000000000	5.16738601823708	0
0.505000000000000	5.16178849799874	0
0.506000000000000	5.15621310234631	0
0.507000000000000	5.15065970036510	0
0.508000000000000	5.14512816217122	0
0.509000000000000	5.13961835890148	0
0.510000000000000	5.13413016270338	0
0.511000000000000	5.12866344672524	0
0.512000000000000	5.12321808510638	0
0.513000000000000	5.11779395296753	0
0.514000000000000	5.11239092640119	0
0.515000000000000	5.10700888246230	0
0.516000000000000	5.10164769915883	0
0.517000000000000	5.09630725544261	0
0.518000000000000	5.09098743120020	0
0.519000000000000	5.08568810724388	0
0.520000000000000	5.08040916530278	0
0.521000000000000	5.07515048801405	0
0.522000000000000	5.06991195891416	0
0.523000000000000	5.06469346243033	0
0.524000000000000	5.05949488387202	0
0.525000000000000	5.05431610942249	0
0.526000000000000	5.04915702613057	0
0.527000000000000	5.04401752190238	0
0.528000000000000	5.03889748549323	0
0.529000000000000	5.03379680649962	0
0.530000000000000	5.02871537535127	0
0.531000000000000	5.02365308330328	0
0.532000000000000	5.01860982242841	0
0.533000000000000	5.01358548560936	0
0.534000000000000	5.00857996653120	0
0.535000000000000	5.00359315967389	0
0.536000000000000	4.99862496030486	0
0.537000000000000	4.99367526447165	0
0.538000000000000	4.98874396899470	0
0.539000000000000	4.98383097146015	0
0.540000000000000	4.97893617021277	0
0.541000000000000	4.97405946434892	0
0.542000000000000	4.96920075370966	0
0.543000000000000	4.96435993887387	0
0.544000000000000	4.95953692115144	0
0.545000000000000	4.95473160257662	0
0.546000000000000	4.94994388590133	0
0.547000000000000	4.94517367458867	0
0.548000000000000	4.94042087280634	0
0.549000000000000	4.93568538542030	0
0.550000000000000	4.93096711798840	0
0.551000000000000	4.92626597675406	0
0.552000000000000	4.92158186864015	0
0.553000000000000	4.91691470124274	0
0.554000000000000	4.91226438282510	0
0.555000000000000	4.90763082231167	0
0.556000000000000	4.90301392928211	0
0.557000000000000	4.89841361396539	0
0.558000000000000	4.89382978723404	0
0.559000000000000	4.88926236059833	0
0.560000000000000	4.88471124620061	0
0.561000000000000	4.88017635680965	0
0.562000000000000	4.87565760581510	0
0.563000000000000	4.87115490722195	0
0.564000000000000	4.86666817564509	0
0.565000000000000	4.86219732630390	0
0.566000000000000	4.85774227501692	0
0.567000000000000	4.85330293819656	0
0.568000000000000	4.84887923284387	0
0.569000000000000	4.84447107654339	0
0.570000000000000	4.84007838745801	0
0.571000000000000	4.83570108432388	0
0.572000000000000	4.83133908644547	0
0.573000000000000	4.82699231369054	0
0.574000000000000	4.82266068648529	0
0.575000000000000	4.81834412580944	0
0.576000000000000	4.81404255319149	0
0.577000000000000	4.80975589070394	0
0.578000000000000	4.80548406095855	0
0.579000000000000	4.80122698710175	0
0.580000000000000	4.79698459280998	0
0.581000000000000	4.79275680228513	0
0.582000000000000	4.78854354025006	0
0.583000000000000	4.78434473194409	0
0.584000000000000	4.78016030311862	0
0.585000000000000	4.77599018003273	0
0.586000000000000	4.77183428944884	0
0.587000000000000	4.76769255862844	0
0.588000000000000	4.76356491532783	0
0.589000000000000	4.75945128779395	0
0.590000000000000	4.75535160476019	0
0.591000000000000	4.75126579544227	0
0.592000000000000	4.74719378953422	0
0.593000000000000	4.74313551720426	0
0.594000000000000	4.73909090909091	0
0.595000000000000	4.73505989629895	0
0.596000000000000	4.73104241039555	0
0.597000000000000	4.72703838340639	0
0.598000000000000	4.72304774781186	0
0.599000000000000	4.71907043654318	0
0.600000000000000	4.71510638297872	0
0.601000000000000	4.71115552094028	0
0.602000000000000	4.70721778468933	0
0.603000000000000	4.70329310892347	0
0.604000000000000	4.69938142877272	0
0.605000000000000	4.69548267979603	0
0.606000000000000	4.69159679797767	0
0.607000000000000	4.68772371972379	0
0.608000000000000	4.68386338185890	0
0.609000000000000	4.68001572162247	0
0.610000000000000	4.67618067666550	0
0.611000000000000	4.67235818504719	0
0.612000000000000	4.66854818523154	0
0.613000000000000	4.66475061608413	0
0.614000000000000	4.66096541686881	0
0.615000000000000	4.65719252724442	0
0.616000000000000	4.65343188726168	0
0.617000000000000	4.64968343735991	0
0.618000000000000	4.64594711836397	0
0.619000000000000	4.64222287148111	0
0.620000000000000	4.63851063829787	0
0.621000000000000	4.63481036077706	0
0.622000000000000	4.63112198125470	0
0.623000000000000	4.62744544243708	0
0.624000000000000	4.62378068739771	0
0.625000000000000	4.62012765957447	0
0.626000000000000	4.61648630276664	0
0.627000000000000	4.61285656113204	0
0.628000000000000	4.60923837918417	0
0.629000000000000	4.60563170178940	0
0.630000000000000	4.60203647416413	0
0.631000000000000	4.59845264187207	0
0.632000000000000	4.59488015082144	0
0.633000000000000	4.59131894726228	0
0.634000000000000	4.58776897778374	0
0.635000000000000	4.58423018931144	0
0.636000000000000	4.58070252910478	0
0.637000000000000	4.57718594475433	0
0.638000000000000	4.57368038417928	0
0.639000000000000	4.57018579562481	0
0.640000000000000	4.56670212765958	0
0.641000000000000	4.56322932917317	0
0.642000000000000	4.55976734937363	0
0.643000000000000	4.55631613778498	0
0.644000000000000	4.55287564424475	0
0.645000000000000	4.54944581890153	0
0.646000000000000	4.54602661221263	0
0.647000000000000	4.54261797494163	0
0.648000000000000	4.53921985815603	0
0.649000000000000	4.53583221322493	0
0.650000000000000	4.53245499181669	0
0.651000000000000	4.52908814589666	0
0.652000000000000	4.52573162772484	0
0.653000000000000	4.52238538985370	0
0.654000000000000	4.51904938512590	0
0.655000000000000	4.51572356667208	0
0.656000000000000	4.51240788790867	0
0.657000000000000	4.50910230253570	0
0.658000000000000	4.50580676453470	0
0.659000000000000	4.50252122816647	0
0.660000000000000	4.49924564796905	0
0.661000000000000	4.49597997875559	0
0.662000000000000	4.49272417561226	0
0.663000000000000	4.48947819389622	0
0.664000000000000	4.48624198923353	0
0.665000000000000	4.48301551751720	0
0.666000000000000	4.47979873490512	0
0.667000000000000	4.47659159781811	0
0.668000000000000	4.47339406293795	0
0.669000000000000	4.47020608720542	0
0.670000000000000	4.46702762781836	0
0.671000000000000	4.46385864222976	0
0.672000000000000	4.46069908814590	0
0.673000000000000	4.45754892352439	0
0.674000000000000	4.45440810657239	0
0.675000000000000	4.45127659574468	0
0.676000000000000	4.44815434974191	0
0.677000000000000	4.44504132750872	0
0.678000000000000	4.44193748823197	0
0.679000000000000	4.43884279133895	0
0.680000000000000	4.43575719649562	0
0.681000000000000	4.43268066360484	0
0.682000000000000	4.42961315280464	0
0.683000000000000	4.42655462446653	0
0.684000000000000	4.42350503919373	0
0.685000000000000	4.42046435781954	0
0.686000000000000	4.41743254140562	0
0.687000000000000	4.41440955124036	0
0.688000000000000	4.41139534883721	0
0.689000000000000	4.40838989593305	0
0.690000000000000	4.40539315448659	0
0.691000000000000	4.40240508667673	0
0.692000000000000	4.39942565490100	0
0.693000000000000	4.39645482177397	0
0.694000000000000	4.39349255012570	0
0.695000000000000	4.39053880300015	0
0.696000000000000	4.38759354365371	0
0.697000000000000	4.38465673555359	0
0.698000000000000	4.38172834237640	0
0.699000000000000	4.37880832800657	0
0.700000000000000	4.37589665653495	0
0.701000000000000	4.37299329225726	0
0.702000000000000	4.37009819967267	0
0.703000000000000	4.36721134348234	0
0.704000000000000	4.36433268858801	0
0.705000000000000	4.36146220009054	0
0.706000000000000	4.35859984328853	0
0.707000000000000	4.35574558367691	0
0.708000000000000	4.35289938694555	0
0.709000000000000	4.35006121897788	0
0.710000000000000	4.34723104584957	0
0.711000000000000	4.34440883382709	0
0.712000000000000	4.34159454936648	0
0.713000000000000	4.33878815911193	0
0.714000000000000	4.33598962989451	0
0.715000000000000	4.33319892873084	0
0.716000000000000	4.33041602282182	0
0.717000000000000	4.32764087955132	0
0.718000000000000	4.32487346648492	0
0.719000000000000	4.32211375136863	0
0.720000000000000	4.31936170212766	0
0.721000000000000	4.31661728686517	0
0.722000000000000	4.31388047386102	0
0.723000000000000	4.31115123157058	0
0.724000000000000	4.30842952862349	0
0.725000000000000	4.30571533382245	0
0.726000000000000	4.30300861614208	0
0.727000000000000	4.30030934472768	0
0.728000000000000	4.29761748889409	0
0.729000000000000	4.29493301812451	0
0.730000000000000	4.29225590206937	0
0.731000000000000	4.28958611054516	0
0.732000000000000	4.28692361353331	0
0.733000000000000	4.28426838117907	0
0.734000000000000	4.28162038379037	0
0.735000000000000	4.27897959183674	0
0.736000000000000	4.27634597594820	0
0.737000000000000	4.27371950691417	0
0.738000000000000	4.27110015568241	0
0.739000000000000	4.26848789335790	0
0.740000000000000	4.26588269120184	0
0.741000000000000	4.26328452063055	0
0.742000000000000	4.26069335321443	0
0.743000000000000	4.25810916067696	0
0.744000000000000	4.25553191489362	0
0.745000000000000	4.25296158789090	0
0.746000000000000	4.25039815184530	0
0.747000000000000	4.24784157908229	0
0.748000000000000	4.24529184207532	0
0.749000000000000	4.24274891344488	0
0.750000000000000	4.24021276595745	0
0.751000000000000	4.23768337252458	0
0.752000000000000	4.23516070620190	0
0.753000000000000	4.23264474018818	0
0.754000000000000	4.23013544782437	0
0.755000000000000	4.22763280259265	0
0.756000000000000	4.22513677811550	0
0.757000000000000	4.22264734815481	0
0.758000000000000	4.22016448661090	0
0.759000000000000	4.21768816752166	0
0.760000000000000	4.21521836506159	0
0.761000000000000	4.21275505354097	0
0.762000000000000	4.21029820740493	0
0.763000000000000	4.20784780123254	0
0.764000000000000	4.20540380973599	0
0.765000000000000	4.20296620775970	0
0.766000000000000	4.20053497027943	0
0.767000000000000	4.19811007240145	0
0.768000000000000	4.19569148936170	0
0.769000000000000	4.19327919652492	0
0.770000000000000	4.19087316938381	0
0.771000000000000	4.18847338355824	0
0.772000000000000	4.18607981479440	0
0.773000000000000	4.18369243896397	0
0.774000000000000	4.18131123206334	0
0.775000000000000	4.17893617021277	0
0.776000000000000	4.17656722965563	0
0.777000000000000	4.17420438675758	0
0.778000000000000	4.17184761800580	0
0.779000000000000	4.16949690000819	0
0.780000000000000	4.16715220949263	0
0.781000000000000	4.16481352330618	0
0.782000000000000	4.16248081841432	0
0.783000000000000	4.16015407190022	0
0.784000000000000	4.15783326096396	0
0.785000000000000	4.15551836292181	0
0.786000000000000	4.15320935520546	0
0.787000000000000	4.15090621536132	0
0.788000000000000	4.14860892104979	0
0.789000000000000	4.14631745004450	0
0.790000000000000	4.14403178023162	0
0.791000000000000	4.14175188960917	0
0.792000000000000	4.13947775628627	0
0.793000000000000	4.13720935848247	0
0.794000000000000	4.13494667452704	0
0.795000000000000	4.13268968285829	0
0.796000000000000	4.13043836202288	0
0.797000000000000	4.12819269067514	0
0.798000000000000	4.12595264757639	0
0.799000000000000	4.12371821159428	0
0.800000000000000	4.12148936170213	0
0.801000000000000	4.11926607697825	0
0.802000000000000	4.11704833660530	0
0.803000000000000	4.11483611986964	0
0.804000000000000	4.11262940616069	0
0.805000000000000	4.11042817497027	0
0.806000000000000	4.10823240589198	0
0.807000000000000	4.10604207862058	0
0.808000000000000	4.10385717295134	0
0.809000000000000	4.10167766877942	0
0.810000000000000	4.09950354609929	0
0.811000000000000	4.09733478500407	0
0.812000000000000	4.09517136568494	0
0.813000000000000	4.09301326843056	0
0.814000000000000	4.09086047362643	0
0.815000000000000	4.08871296175434	0
0.816000000000000	4.08657071339174	0
0.817000000000000	4.08443370921118	0
0.818000000000000	4.08230192997971	0
0.819000000000000	4.08017535655834	0
0.820000000000000	4.07805396990140	0
0.821000000000000	4.07593775105606	0
0.822000000000000	4.07382668116167	0
0.823000000000000	4.07172074144929	0
0.824000000000000	4.06961991324107	0
0.825000000000000	4.06752417794971	0
0.826000000000000	4.06543351707795	0
0.827000000000000	4.06334791221796	0
0.828000000000000	4.06126734505088	0
0.829000000000000	4.05919179734620	0
0.830000000000000	4.05712125096129	0
0.831000000000000	4.05505568784085	0
0.832000000000000	4.05299509001637	0
0.833000000000000	4.05093943960563	0
0.834000000000000	4.04888871881219	0
0.835000000000000	4.04684290992483	0
0.836000000000000	4.04480199531711	0
0.837000000000000	4.04276595744681	0
0.838000000000000	4.04073477885543	0
0.839000000000000	4.03870844216773	0
0.840000000000000	4.03668693009119	0
0.841000000000000	4.03467022541554	0
0.842000000000000	4.03265831101228	0
0.843000000000000	4.03065116983418	0
0.844000000000000	4.02864878491479	0
0.845000000000000	4.02665113936800	0
0.846000000000000	4.02465821638751	0
0.847000000000000	4.02266999924640	0
0.848000000000000	4.02068647129667	0
0.849000000000000	4.01870761596872	0
0.850000000000000	4.01673341677096	0
0.851000000000000	4.01476385728930	0
0.852000000000000	4.01279892118670	0
0.853000000000000	4.01083859220274	0
0.854000000000000	4.00888285415317	0
0.855000000000000	4.00693169092945	0
0.856000000000000	4.00498508649831	0
0.857000000000000	4.00304302490131	0
0.858000000000000	4.00110549025443	0
0.859000000000000	3.99917246674758	0
0.860000000000000	3.99724393864424	0
0.861000000000000	3.99531989028097	0
0.862000000000000	3.99340030606704	0
0.863000000000000	3.99148517048396	0
0.864000000000000	3.98957446808511	0
0.865000000000000	3.98766818349527	0
0.866000000000000	3.98576630141025	0
0.867000000000000	3.98386880659648	0
0.868000000000000	3.98197568389058	0
0.869000000000000	3.98008691819896	0
0.870000000000000	3.97820249449743	0
0.871000000000000	3.97632239783081	0
0.872000000000000	3.97444661331251	0
0.873000000000000	3.97257512612415	0
0.874000000000000	3.97070792151517	0
0.875000000000000	3.96884498480243	0
0.876000000000000	3.96698630136986	0
0.877000000000000	3.96513185666804	0
0.878000000000000	3.96328163621383	0
0.879000000000000	3.96143562559001	0
0.880000000000000	3.95959381044487	0
0.881000000000000	3.95775617649190	0
0.882000000000000	3.95592270950934	0
0.883000000000000	3.95409339533987	0
0.884000000000000	3.95226821989025	0
0.885000000000000	3.95044716913091	0
0.886000000000000	3.94863022909562	0
0.887000000000000	3.94681738588117	0
0.888000000000000	3.94500862564692	0
0.889000000000000	3.94320393461456	0
0.890000000000000	3.94140329906765	0
0.891000000000000	3.93960670535139	0
0.892000000000000	3.93781413987215	0
0.893000000000000	3.93602558909723	0
0.894000000000000	3.93424103955448	0
0.895000000000000	3.93246047783193	0
0.896000000000000	3.93068389057751	0
0.897000000000000	3.92891126449868	0
0.898000000000000	3.92714258636213	0
0.899000000000000	3.92537784299340	0
0.900000000000000	3.92361702127660	0
0.901000000000000	3.92186010815406	0
0.902000000000000	3.92010709062603	0
0.903000000000000	3.91835795575034	0
0.904000000000000	3.91661269064206	0
0.905000000000000	3.91487128247326	0
0.906000000000000	3.91313371847259	0
0.907000000000000	3.91139998592507	0
0.908000000000000	3.90967007217171	0
0.909000000000000	3.90794396460923	0
0.910000000000000	3.90622165068974	0
0.911000000000000	3.90450311792045	0
0.912000000000000	3.90278835386338	0
0.913000000000000	3.90107734613502	0
0.914000000000000	3.89937008240607	0
0.915000000000000	3.89766655040112	0
0.916000000000000	3.89596673789836	0
0.917000000000000	3.89427063272930	0
0.918000000000000	3.89257822277847	0
0.919000000000000	3.89088949598315	0
0.920000000000000	3.88920444033302	0
0.921000000000000	3.88752304386998	0
0.922000000000000	3.88584529468777	0
0.923000000000000	3.88417118093174	0
0.924000000000000	3.88250069079856	0
0.925000000000000	3.88083381253594	0
0.926000000000000	3.87917053444235	0
0.927000000000000	3.87751084486676	0
0.928000000000000	3.87585473220836	0
0.929000000000000	3.87420218491629	0
0.930000000000000	3.87255319148936	0
0.931000000000000	3.87090774047581	0
0.932000000000000	3.86926582047302	0
0.933000000000000	3.86762742012725	0
0.934000000000000	3.86599252813340	0
0.935000000000000	3.86436113323473	0
0.936000000000000	3.86273322422259	0
0.937000000000000	3.86110878993619	0
0.938000000000000	3.85948781926235	0
0.939000000000000	3.85787030113521	0
0.940000000000000	3.85625622453599	0
0.941000000000000	3.85464557849278	0
0.942000000000000	3.85303835208023	0
0.943000000000000	3.85143453441935	0
0.944000000000000	3.84983411467725	0
0.945000000000000	3.84823708206687	0
0.946000000000000	3.84664342584679	0
0.947000000000000	3.84505313532095	0
0.948000000000000	3.84346619983841	0
0.949000000000000	3.84188260879313	0
0.950000000000000	3.84030235162374	0
0.951000000000000	3.83872541781328	0
0.952000000000000	3.83715179688897	0
0.953000000000000	3.83558147842200	0
0.954000000000000	3.83401445202730	0
0.955000000000000	3.83245070736326	0
0.956000000000000	3.83089023413158	0
0.957000000000000	3.82933302207697	0
0.958000000000000	3.82777906098699	0
0.959000000000000	3.82622834069177	0
0.960000000000000	3.82468085106383	0
0.961000000000000	3.82313658201785	0
0.962000000000000	3.82159552351042	0
0.963000000000000	3.82005766553987	0
0.964000000000000	3.81852299814602	0
0.965000000000000	3.81699151140999	0
0.966000000000000	3.81546319545395	0
0.967000000000000	3.81393804044093	0
0.968000000000000	3.81241603657464	0
0.969000000000000	3.81089717409920	0
0.970000000000000	3.80938144329897	0
0.971000000000000	3.80786883449832	0
0.972000000000000	3.80635933806147	0
0.973000000000000	3.80485294439221	0
0.974000000000000	3.80334964393377	0
0.975000000000000	3.80184942716858	0
0.976000000000000	3.80035228461807	0
0.977000000000000	3.79885820684248	0
0.978000000000000	3.79736718444067	0
0.979000000000000	3.79587920804990	0
0.980000000000000	3.79439426834564	0
0.981000000000000	3.79291235604138	0
0.982000000000000	3.79143346188846	0
0.983000000000000	3.78995757667583	0
0.984000000000000	3.78848469122989	0
0.985000000000000	3.78701479641430	0
0.986000000000000	3.78554788312977	0
0.987000000000000	3.78408394231391	0
0.988000000000000	3.78262296494099	0
0.989000000000000	3.78116494202181	0
0.990000000000000	3.77970986460348	0
0.991000000000000	3.77825772376924	0
0.992000000000000	3.77680851063830	0
0.993000000000000	3.77536221636562	0
0.994000000000000	3.77391883214179	0
0.995000000000000	3.77247834919277	0
0.996000000000000	3.77104075877980	0
0.997000000000000	3.76960605219915	0
0.998000000000000	3.76817422078199	0
0.999000000000000	3.76674525589419	0
1	3.76531914893617	0
1.00250000000000	3.76176632885870	0
1.00500000000000	3.75823118450302	0
1.00750000000000	3.75471358428805	0
1.01000000000000	3.75121339793554	0
1.01250000000000	3.74773049645390	0
1.01500000000000	3.74426475212242	0
1.01750000000000	3.74081603847561	0
1.02000000000000	3.73738423028786	0
1.02250000000000	3.73396920355824	0
1.02500000000000	3.73057083549559	0
1.02750000000000	3.72718900450380	0
1.03000000000000	3.72382359016732	0
1.03250000000000	3.72047447323682	0
1.03500000000000	3.71714153561517	0
1.03750000000000	3.71382466034350	0
1.04000000000000	3.71052373158756	0
1.04250000000000	3.70723863462422	0
1.04500000000000	3.70396925582816	0
1.04750000000000	3.70071548265881	0
1.05000000000000	3.69747720364742	0
1.05250000000000	3.69425430838429	0
1.05500000000000	3.69104668750630	0
1.05750000000000	3.68785423268447	0
1.06000000000000	3.68467683661180	0
1.06250000000000	3.68151439299124	0
1.06500000000000	3.67836679652382	0
1.06750000000000	3.67523394289701	0
1.07000000000000	3.67211572877312	0
1.07250000000000	3.66901205177801	0
1.07500000000000	3.66592281048986	0
1.07750000000000	3.66284790442810	0
1.08000000000000	3.65978723404255	0
1.08250000000000	3.65674070070267	0
1.08500000000000	3.65370820668693	0
1.08750000000000	3.65068965517241	0
1.09000000000000	3.64768495022448	0
1.09250000000000	3.64469399678660	0
1.09500000000000	3.64171670067036	0
1.09750000000000	3.63875296854553	0
1.10000000000000	3.63580270793037	0
1.10250000000000	3.63286582718194	0
1.10500000000000	3.62994223548667	0
1.10750000000000	3.62703184285097	0
1.11000000000000	3.62413456009201	0
1.11250000000000	3.62125029882859	0
1.11500000000000	3.61837897147219	0
1.11750000000000	3.61552049121805	0
1.12000000000000	3.61267477203647	0
1.12250000000000	3.60984172866417	0
1.12500000000000	3.60702127659574	0
1.12750000000000	3.60421333207529	0
1.13000000000000	3.60141781208812	0
1.13250000000000	3.59863463435254	0
1.13500000000000	3.59586371731184	0
1.13750000000000	3.59310498012626	0
1.14000000000000	3.59035834266517	0
1.14250000000000	3.58762372549933	0
1.14500000000000	3.58490104989315	0
1.14750000000000	3.58219023779725	0
1.15000000000000	3.57949121184089	0
1.15250000000000	3.57680389532469	0
1.15500000000000	3.57412821221332	0
1.15750000000000	3.57146408712835	0
1.16000000000000	3.56881144534116	0
1.16250000000000	3.56617021276596	0
1.16500000000000	3.56354031595288	0
1.16750000000000	3.56092168208119	0
1.17000000000000	3.55831423895254	0
1.17250000000000	3.55571791498435	0
1.17500000000000	3.55313263920326	0
1.17750000000000	3.55055834123865	0
1.18000000000000	3.54799495131626	0
1.18250000000000	3.54544240025190	0
1.18500000000000	3.54290061944519	0
1.18750000000000	3.54036954087346	0
1.19000000000000	3.53784909708564	0
1.19250000000000	3.53533922119631	0
1.19500000000000	3.53283984687973	0
1.19750000000000	3.53035090836406	0
1.20000000000000	3.52787234042553	0
1.20250000000000	3.52540407838280	0
1.20500000000000	3.52294605809129	0
1.20750000000000	3.52049821593762	0
1.21000000000000	3.51806048883418	0
1.21250000000000	3.51563281421364	0
1.21500000000000	3.51321513002364	0
1.21750000000000	3.51080737472148	0
1.22000000000000	3.50840948726892	0
1.22250000000000	3.50602140712701	0
1.22500000000000	3.50364307425098	0
1.22750000000000	3.50127442908524	0
1.23000000000000	3.49891541255838	0
1.23250000000000	3.49656596607829	0
1.23500000000000	3.49422603152726	0
1.23750000000000	3.49189555125725	0
1.24000000000000	3.48957446808511	0
1.24250000000000	3.48726272528790	0
1.24500000000000	3.48496026659831	0
1.24750000000000	3.48266703620006	0
1.25000000000000	3.48038297872340	0
1.25250000000000	3.47810803924067	0
1.25500000000000	3.47584216326185	0
1.25750000000000	3.47358529673026	0
1.26000000000000	3.47133738601824	0
1.26250000000000	3.46909837792290	0
1.26500000000000	3.46686821966193	0
1.26750000000000	3.46464685886944	0
1.27000000000000	3.46243424359189	0
1.27250000000000	3.46023032228399	0
1.27500000000000	3.45803504380476	0
1.27750000000000	3.45584835741350	0
1.28000000000000	3.45367021276596	0
1.28250000000000	3.45150055991041	0
1.28500000000000	3.44933934928388	0
1.28750000000000	3.44718653170833	0
1.29000000000000	3.44504205838694	0
1.29250000000000	3.44290588090045	0
1.29500000000000	3.44077795120348	0
1.29750000000000	3.43865822162096	0
1.30000000000000	3.43654664484452	0
1.30250000000000	3.43444317392902	0
1.30500000000000	3.43234776228907	0
1.30750000000000	3.43026036369554	0
1.31000000000000	3.42818093227221	0
1.31250000000000	3.42610942249240	0
1.31500000000000	3.42404578917563	0
1.31750000000000	3.42198998748436	0
1.32000000000000	3.41994197292070	0
1.32250000000000	3.41790170132325	0
1.32500000000000	3.41586912886391	0
1.32750000000000	3.41384421204472	0
1.33000000000000	3.41182690769477	0
1.33250000000000	3.40981717296715	0
1.33500000000000	3.40781496533588	0
1.33750000000000	3.40582024259296	0
1.34000000000000	3.40383296284535	0
1.34250000000000	3.40185308451206	0
1.34500000000000	3.39988056632128	0
1.34750000000000	3.39791536730746	0
1.35000000000000	3.39595744680851	0
1.35250000000000	3.39400676446297	0
1.35500000000000	3.39206328020727	0
1.35750000000000	3.39012695427295	0
1.36000000000000	3.38819774718398	0
1.36250000000000	3.38627561975405	0
1.36500000000000	3.38436053308394	0
1.36750000000000	3.38245244855887	0
1.37000000000000	3.38055132784594	0
1.37250000000000	3.37865713289152	0
1.37500000000000	3.37676982591876	0
1.37750000000000	3.37488936942503	0
1.38000000000000	3.37301572617946	0
1.38250000000000	3.37114885922050	0
1.38500000000000	3.36928873185344	0
1.38750000000000	3.36743530764807	0
1.39000000000000	3.36558855043625	0
1.39250000000000	3.36374842430956	0
1.39500000000000	3.36191489361702	0
1.39750000000000	3.36008792296274	0
1.40000000000000	3.35826747720365	0
1.40250000000000	3.35645352144726	0
1.40500000000000	3.35464602104944	0
1.40750000000000	3.35284494161218	0
1.41000000000000	3.35105024898144	0
1.41250000000000	3.34926190924496	0
1.41500000000000	3.34747988873017	0
1.41750000000000	3.34570415400203	0
1.42000000000000	3.34393467186095	0
1.42250000000000	3.34217140934076	0
1.42500000000000	3.34041433370661	0
1.42750000000000	3.33866341245296	0
1.43000000000000	3.33691861330159	0
1.43250000000000	3.33517990419962	0
1.43500000000000	3.33344725331752	0
1.43750000000000	3.33172062904718	0
1.44000000000000	3.33000000000000	0
1.44250000000000	3.32828533500498	0
1.44500000000000	3.32657660310682	0
1.44750000000000	3.32487377356411	0
1.45000000000000	3.32317681584740	0
1.45250000000000	3.32148569963746	0
1.45500000000000	3.31980039482343	0
1.45750000000000	3.31812087150104	0
1.46000000000000	3.31644709997085	0
1.46250000000000	3.31477905073650	0
1.46500000000000	3.31311669450294	0
1.46750000000000	3.31146000217478	0
1.47000000000000	3.30980894485454	0
1.47250000000000	3.30816349384099	0
1.47500000000000	3.30652362062748	0
1.47750000000000	3.30488929690031	0
1.48000000000000	3.30326049453709	0
1.48250000000000	3.30163718560511	0
1.48500000000000	3.30001934235977	0
1.48750000000000	3.29840693724298	0
1.49000000000000	3.29679994288162	0
1.49250000000000	3.29519833208596	0
1.49500000000000	3.29360207784815	0
1.49750000000000	3.29201115334067	0
1.50000000000000	3.29042553191489	0
1.50250000000000	3.28884518709952	0
1.50500000000000	3.28727009259914	0
1.50750000000000	3.28570022229279	0
1.51000000000000	3.28413555023249	0
1.51250000000000	3.28257605064181	0
1.51500000000000	3.28102169791447	0
1.51750000000000	3.27947246661292	0
1.52000000000000	3.27792833146697	0
1.52250000000000	3.27638926737239	0
1.52500000000000	3.27485524938961	0
1.52750000000000	3.27332625274228	0
1.53000000000000	3.27180225281602	0
1.53250000000000	3.27028322515706	0
1.53500000000000	3.26876914547093	0
1.53750000000000	3.26725998962117	0
1.54000000000000	3.26575573362807	0
1.54250000000000	3.26425635366737	0
1.54500000000000	3.26276182606899	0
1.54750000000000	3.26127212731585	0
1.55000000000000	3.25978723404255	0
1.55250000000000	3.25830712303423	0
1.55500000000000	3.25683177122529	0
1.55750000000000	3.25536115569823	0
1.56000000000000	3.25389525368249	0
1.56250000000000	3.25243404255319	0
1.56500000000000	3.25097749983006	0
1.56750000000000	3.24952560317622	0
1.57000000000000	3.24807833039707	0
1.57250000000000	3.24663565943916	0
1.57500000000000	3.24519756838906	0
1.57750000000000	3.24376403547223	0
1.58000000000000	3.24233503905198	0
1.58250000000000	3.24091055762832	0
1.58500000000000	3.23949056983690	0
1.58750000000000	3.23807505444798	0
1.59000000000000	3.23666399036532	0
1.59250000000000	3.23525735662514	0
1.59500000000000	3.23385513239512	0
1.59750000000000	3.23245729697333	0
1.60000000000000	3.23106382978723	0
1.60250000000000	3.22967471039267	0
1.60500000000000	3.22828991847286	0
1.60750000000000	3.22690943383740	0
1.61000000000000	3.22553323642130	0
1.61250000000000	3.22416130628402	0
1.61500000000000	3.22279362360846	0
1.61750000000000	3.22143016870006	0
1.62000000000000	3.22007092198582	0
1.62250000000000	3.21871586401338	0
1.62500000000000	3.21736497545008	0
1.62750000000000	3.21601823708207	0
1.63000000000000	3.21467562981334	0
1.63250000000000	3.21333713466489	0
1.63500000000000	3.21200273277377	0
1.63750000000000	3.21067240539224	0
1.64000000000000	3.20934613388687	0
1.64250000000000	3.20802389973769	0
1.64500000000000	3.20670568453728	0
1.64750000000000	3.20539146998999	0
1.65000000000000	3.20408123791103	0
1.65250000000000	3.20277497022564	0
1.65500000000000	3.20147264896831	0
1.65750000000000	3.20017425628189	0
1.66000000000000	3.19887977441682	0
1.66250000000000	3.19758918573028	0
1.66500000000000	3.19630247268545	0
1.66750000000000	3.19501961785065	0
1.67000000000000	3.19374060389859	0
1.67250000000000	3.19246541360557	0
1.67500000000000	3.19119402985075	0
1.67750000000000	3.18992643561531	0
1.68000000000000	3.18866261398176	0
1.68250000000000	3.18740254813316	0
1.68500000000000	3.18614622135236	0
1.68750000000000	3.18489361702128	0
1.69000000000000	3.18364471862017	0