0.300000000000000	3.02092200000000	0.00112612418568004
0.301000000000000	3.02232300000000	0.00113301306593951
0.302000000000000	3.02415500000000	0.00113996533596350
0.303000000000000	3.02638900000000	0.00114698177566874
0.304000000000000	3.02899500000000	0.00115406317700037
0.305000000000000	3.03194700000000	0.00116121034415528
0.306000000000000	3.03522200000000	0.00116842409381013
0.307000000000000	3.03879600000000	0.00117570525535444
0.308000000000000	3.04264900000000	0.00118305467112875
0.309000000000000	3.04676100000000	0.00119047319666796
0.310000000000000	3.05111500000000	0.00119796170095008
0.311000000000000	3.05569100000000	0.00120552106665043
0.312000000000000	3.06047600000000	0.00121315219040147
0.313000000000000	3.06545200000000	0.00122085598305839
0.314000000000000	3.07060700000000	0.00122863336997065
0.315000000000000	3.07592700000000	0.00123648529125952
0.316000000000000	3.08139900000000	0.00124441270210191
0.317000000000000	3.08701200000000	0.00125241657302055
0.318000000000000	3.09275400000000	0.00126049789018066
0.319000000000000	3.09861600000000	0.00126865765569344
0.320000000000000	3.10458900000000	0.00127689688792638
0.321000000000000	3.11066400000000	0.00128521662182063
0.322000000000000	3.11683400000000	0.00129361790921565
0.323000000000000	3.12309600000000	0.00130210181918128
0.324000000000000	3.12944100000000	0.00131066943835749
0.325000000000000	3.13586200000000	0.00131932187130188
0.326000000000000	3.14236000000000	0.00132806024084533
0.327000000000000	3.14893500000000	0.00133688568845582
0.328000000000000	3.15559500000000	0.00134579937461078
0.329000000000000	3.16235100000000	0.00135480247917813
0.330000000000000	3.16922600000000	0.00136389620180626
0.331000000000000	3.17624900000000	0.00137308176232318
0.332000000000000	3.18346800000000	0.00138236040114510
0.333000000000000	3.19094800000000	0.00139173337969468
0.334000000000000	3.19878000000000	0.00140120198082929
0.335000000000000	3.20708400000000	0.00141076750927936
0.336000000000000	3.21601100000000	0.00142043129209733
0.337000000000000	3.22573000000000	0.00143019467911737
0.338000000000000	3.23639100000000	0.00144005904342610
0.339000000000000	3.24804800000000	0.00145002578184482
0.340000000000000	3.26055200000000	0.00146009631542330
0.341000000000000	3.27345600000000	0.00147027208994575
0.342000000000000	3.28604300000000	0.00148055457644900
0.343000000000000	3.29754300000000	0.00149094527175350
0.344000000000000	3.30743900000000	0.00150144569900735
0.345000000000000	3.31563700000000	0.00151205740824373
0.346000000000000	3.32239500000000	0.00152278197695221
0.347000000000000	3.32812400000000	0.00153362101066420
0.348000000000000	3.33322500000000	0.00154457614355309
0.349000000000000	3.33800400000000	0.00155564903904932
0.350000000000000	3.34266800000000	0.00156684139047101
0.351000000000000	3.34733800000000	0.00157815492167046
0.352000000000000	3.35208200000000	0.00158959138769698
0.353000000000000	3.35693100000000	0.00160115257547663
0.354000000000000	3.36189400000000	0.00161284030450923
0.355000000000000	3.36697100000000	0.00162465642758328
0.356000000000000	3.37215500000000	0.00163660283150918
0.357000000000000	3.37743900000000	0.00164868143787139
0.358000000000000	3.38281300000000	0.00166089420380004
0.359000000000000	3.38827100000000	0.00167324312276260
0.360000000000000	3.39380600000000	0.00168573022537618
0.361000000000000	3.39941400000000	0.00169835758024104
0.362000000000000	3.40509000000000	0.00171112729479609
0.363000000000000	3.41083500000000	0.00172404151619686
0.364000000000000	3.41664800000000	0.00173710243221674
0.365000000000000	3.42253000000000	0.00175031227217214
0.366000000000000	3.42848500000000	0.00176367330787235
0.367000000000000	3.43451600000000	0.00177718785459480
0.368000000000000	3.44063100000000	0.00179085827208651
0.369000000000000	3.44683400000000	0.00180468696559259
0.370000000000000	3.45313600000000	0.00181867638691256
0.371000000000000	3.45954400000000	0.00183282903548537
0.372000000000000	3.46607000000000	0.00184714745950409
0.373000000000000	3.47272600000000	0.00186163425706101
0.374000000000000	3.47952500000000	0.00187629207732437
0.375000000000000	3.48648200000000	0.00189112362174749
0.376000000000000	3.49361100000000	0.00190613164531143
0.377000000000000	3.50093100000000	0.00192131895780223
0.378000000000000	3.50845900000000	0.00193668842512384
0.379000000000000	3.51621500000000	0.00195224297064789
0.380000000000000	3.52422100000000	0.00196798557660141
0.381000000000000	3.53249800000000	0.00198391928549386
0.382000000000000	3.54107200000000	0.00200004720158463
0.383000000000000	3.54996600000000	0.00201637249239237
0.384000000000000	3.55920900000000	0.00203289839024755
0.385000000000000	3.56882700000000	0.00204962819388955
0.386000000000000	3.57885200000000	0.00206656527010998
0.387000000000000	3.58931300000000	0.00208371305544346
0.388000000000000	3.60024400000000	0.00210107505790768
0.389000000000000	3.61167700000000	0.00211865485879428
0.390000000000000	3.62364700000000	0.00213645611451224
0.391000000000000	3.63619000000000	0.00215448255848563
0.392000000000000	3.64934200000000	0.00217273800310743
0.393000000000000	3.66314000000000	0.00219122634175147
0.394000000000000	3.67762000000000	0.00220995155084435
0.395000000000000	3.69282000000000	0.00222891769199944
0.396000000000000	3.70877500000000	0.00224812891421511
0.397000000000000	3.72552200000000	0.00226758945613937
0.398000000000000	3.74309200000000	0.00228730364840329
0.399000000000000	3.76151700000000	0.00230727591602548
0.400000000000000	3.78082600000000	0.00232751078089021
0.401000000000000	3.80104000000000	0.00234801286430175
0.402000000000000	3.82217900000000	0.00236878688961758
0.403000000000000	3.84425400000000	0.00238983768496325
0.404000000000000	3.86727000000000	0.00241117018603190
0.405000000000000	3.89122100000000	0.00243278943897132
0.406000000000000	3.91609400000000	0.00245470060336181
0.407000000000000	3.94186000000000	0.00247690895528806
0.408000000000000	3.96848000000000	0.00249941989050848
0.409000000000000	3.99589800000000	0.00252223892772548
0.410000000000000	4.02404200000000	0.00254537171196045
0.411000000000000	4.05282400000000	0.00256882401803731
0.412000000000000	4.08213700000000	0.00259260175417848
0.413000000000000	4.11185300000000	0.00261671096571761
0.414000000000000	4.14182600000000	0.00264115783893339
0.415000000000000	4.17189300000000	0.00266594870500881
0.416000000000000	4.20187300000000	0.00269109004412087
0.417000000000000	4.23157000000000	0.00271658848966531
0.418000000000000	4.26077600000000	0.00274245083262188
0.419000000000000	4.28927400000000	0.00276868402606512
0.420000000000000	4.31684300000000	0.00279529518982652
0.421000000000000	4.34326300000000	0.00282229161531373
0.422000000000000	4.36832200000000	0.00284968077049294
0.423000000000000	4.39181900000000	0.00287747030504077
0.424000000000000	4.41357600000000	0.00290566805567226
0.425000000000000	4.43343700000000	0.00293428205165190
0.426000000000000	4.45128000000000	0.00296332052049496
0.427000000000000	4.46701800000000	0.00299279189386650
0.428000000000000	4.48060600000000	0.00302270481368615
0.429000000000000	4.49204100000000	0.00305306813844671
0.430000000000000	4.50136600000000	0.00308389094975527
0.431000000000000	4.50867000000000	0.00311518255910580
0.432000000000000	4.51408900000000	0.00314695251489268
0.433000000000000	4.51780400000000	0.00317921060967485
0.434000000000000	4.52003700000000	0.00321196688770107
0.435000000000000	4.52104900000000	0.00324523165270691
0.436000000000000	4.52113900000000	0.00327901547599476
0.437000000000000	4.52063400000000	0.00331332920480875
0.438000000000000	4.51989000000000	0.00334818397101679
0.439000000000000	4.51928700000000	0.00338359120011274
0.440000000000000	4.51922000000000	0.00341956262055228
0.441000000000000	4.52009700000000	0.00345611027343666
0.442000000000000	4.52233200000000	0.00349324652255914
0.443000000000000	4.52633900000000	0.00353098406482985
0.444000000000000	4.53252600000000	0.00356933594109530
0.445000000000000	4.54128000000000	0.00360831554736984
0.446000000000000	4.55296600000000	0.00364793664649690
0.447000000000000	4.56791200000000	0.00368821338025903
0.448000000000000	4.58639700000000	0.00372916028195657
0.449000000000000	4.60864100000000	0.00377079228947563
0.450000000000000	4.63479100000000	0.00381312475886744
0.451000000000000	4.66490900000000	0.00385617347846188
0.452000000000000	4.69896100000000	0.00389995468353940
0.453000000000000	4.73680500000000	0.00394448507158669
0.454000000000000	4.77818900000000	0.00398978181816272
0.455000000000000	4.82274500000000	0.00403586259340330
0.456000000000000	4.86999200000000	0.00408274557919352
0.457000000000000	4.91934600000000	0.00413044948703930
0.458000000000000	4.97012900000000	0.00417899357667049
0.459000000000000	5.02159900000000	0.00422839767541015
0.460000000000000	5.07296400000000	0.00427868219834609
0.461000000000000	5.12342300000000	0.00432986816934294
0.462000000000000	5.17218900000000	0.00438197724293484
0.463000000000000	5.21852600000000	0.00443503172714131
0.464000000000000	5.26177400000000	0.00448905460725088
0.465000000000000	5.30137400000000	0.00454406957061966
0.466000000000000	5.33688300000000	0.00460010103253465
0.467000000000000	5.36798400000000	0.00465717416319425
0.468000000000000	5.39448400000000	0.00471531491586137
0.469000000000000	5.41631200000000	0.00477455005624780
0.470000000000000	5.43350500000000	0.00483490719319156
0.471000000000000	5.44619200000000	0.00489641481069269
0.472000000000000	5.45457700000000	0.00495910230137651
0.473000000000000	5.45892300000000	0.00502300000145746
0.474000000000000	5.45953000000000	0.00508813922728088
0.475000000000000	5.45672300000000	0.00515455231352437
0.476000000000000	5.45083900000000	0.00522227265314553
0.477000000000000	5.44221200000000	0.00529133473916767
0.478000000000000	5.43116700000000	0.00536177420840070
0.479000000000000	5.41801700000000	0.00543362788720020
0.480000000000000	5.40305200000000	0.00550693383937373
0.481000000000000	5.38654200000000	0.00558173141635031
0.482000000000000	5.36873400000000	0.00565806130973583
0.483000000000000	5.34985200000000	0.00573596560638477
0.484000000000000	5.33009700000000	0.00581548784612675
0.485000000000000	5.30965100000000	0.00589667308229487
0.486000000000000	5.28867300000000	0.00597956794521225
0.487000000000000	5.26730900000000	0.00606422070880278
0.488000000000000	5.24568600000000	0.00615068136050290
0.489000000000000	5.22391900000000	0.00623900167466231
0.490000000000000	5.20211100000000	0.00632923528963377
0.491000000000000	5.18035600000000	0.00642143778876517
0.492000000000000	5.15874000000000	0.00651566678552073
0.493000000000000	5.13734400000000	0.00661198201297348
0.494000000000000	5.11624600000000	0.00671044541792693
0.495000000000000	5.09552100000000	0.00681112125994125
0.496000000000000	5.07524600000000	0.00691407621555763
0.497000000000000	5.05549800000000	0.00701937948803466
0.498000000000000	5.03636600000000	0.00712710292293169
0.499000000000000	5.01795100000000	0.00723732112989741
0.500000000000000	5.00032400000000	0.00735011161104657
0.501000000000000	4.98355900000000	0.00746555489633465
0.502000000000000	4.96775300000000	0.00758373468636896
0.503000000000000	4.95302000000000	0.00770473800312597
0.504000000000000	4.93948400000000	0.00782865534907797
0.505000000000000	4.92728600000000	0.00795558087526869
0.506000000000000	4.91657900000000	0.00808561255891653
0.507000000000000	4.90752900000000	0.00821885239116641
0.508000000000000	4.90030700000000	0.00835540657565710
0.509000000000000	4.89509000000000	0.00849538573862054
0.510000000000000	4.89205100000000	0.00863890515128328
0.511000000000000	4.89134700000000	0.00878608496539848
0.512000000000000	4.89310500000000	0.00893705046280001
0.513000000000000	4.89741100000000	0.00909193231993876
0.514000000000000	4.90428600000000	0.00925086688843565
0.515000000000000	4.91366700000000	0.00941399649276677
0.516000000000000	4.92539600000000	0.00958146974628392
0.517000000000000	4.93919800000000	0.00975344188686961
0.518000000000000	4.95468600000000	0.00993007513362969
0.519000000000000	4.97136100000000	0.0101115390661405
0.520000000000000	4.98863900000000	0.0102980110278907
0.521000000000000	5.00587700000000	0.0104896765556947
0.522000000000000	5.02241800000000	0.0106867298369988
0.523000000000000	5.03763700000000	0.0108893741971669
0.524000000000000	5.05098700000000	0.0110978226190058
0.525000000000000	5.06202700000000	0.0113122982969836
0.526000000000000	5.07045300000000	0.0115330352288078
0.527000000000000	5.07609500000000	0.0117602788472603
0.528000000000000	5.07891600000000	0.0119942866954415
0.529000000000000	5.07899200000000	0.0122353291488554
0.530000000000000	5.07648800000000	0.0124836901880736
0.531000000000000	5.07163000000000	0.0127396682260571
0.532000000000000	5.06468300000000	0.0130035769945828
0.533000000000000	5.05592500000000	0.0132757464946363
0.534000000000000	5.04563800000000	0.0135565240160810
0.535000000000000	5.03408500000000	0.0138462752324165
0.536000000000000	5.02151300000000	0.0141453853769897
0.537000000000000	5.00814200000000	0.0144542605076330
0.538000000000000	4.99416500000000	0.0147733288673822
0.539000000000000	4.97974900000000	0.0151030423496732
0.540000000000000	4.96503500000000	0.0154438780772545
0.541000000000000	4.95014300000000	0.0157963401049698
0.542000000000000	4.93517000000000	0.0161609612575995
0.543000000000000	4.92019700000000	0.0165383051150901
0.544000000000000	4.90529000000000	0.0169289681587767
0.545000000000000	4.89050000000000	0.0173335820936288
0.546000000000000	4.87587000000000	0.0177528163631350
0.547000000000000	4.86143000000000	0.0181873808752226
0.548000000000000	4.84720700000000	0.0186380289595977
0.549000000000000	4.83321700000000	0.0191055605791190
0.550000000000000	4.81947500000000	0.0195908258203279
0.551000000000000	4.80599000000000	0.0200947286910646
0.552000000000000	4.79276700000000	0.0206182312562720
0.553000000000000	4.77981100000000	0.0211623581466529
0.554000000000000	4.76712100000000	0.0217282014788735
0.555000000000000	4.75469700000000	0.0223169262305535
0.556000000000000	4.74253700000000	0.0229297761184291
0.557000000000000	4.73063900000000	0.0235680800339057
0.558000000000000	4.71899800000000	0.0242332590968345
0.559000000000000	4.70761000000000	0.0249268343958632
0.560000000000000	4.69647100000000	0.0256504354922727
0.561000000000000	4.68557300000000	0.0264058097739629
0.562000000000000	4.67491400000000	0.0271948327573908
0.563000000000000	4.66448500000000	0.0280195194480017
0.564000000000000	4.65428200000000	0.0288820368842837
0.565000000000000	4.64429700000000	0.0297847180073183
0.566000000000000	4.63452600000000	0.0307300770169439
0.567000000000000	4.62496100000000	0.0317208263978061
0.568000000000000	4.61559600000000	0.0327598958241288
0.569000000000000	4.60642400000000	0.0338504531815764
0.570000000000000	4.59743900000000	0.0349959279787775
0.571000000000000	4.58863200000000	0.0362000374607468
0.572000000000000	4.57999700000000	0.0374668157825515
0.573000000000000	4.57152600000000	0.0388006466552553
0.574000000000000	4.56321100000000	0.0402062999388306
0.575000000000000	4.55504400000000	0.0416889727299816
0.576000000000000	4.54701500000000	0.0432543355786559
0.577000000000000	4.53911600000000	0.0449085845678052
0.578000000000000	4.53133500000000	0.0466585001095385
0.579000000000000	4.52366400000000	0.0485115134506454
0.580000000000000	4.51609100000000	0.0504757820457162
0.581000000000000	4.50860200000000	0.0525602751517911
0.582000000000000	4.50118700000000	0.0547748712307646
0.583000000000000	4.49383100000000	0.0571304690220871
0.584000000000000	4.48651900000000	0.0596391144777104
0.585000000000000	4.47923600000000	0.0623141461447575
0.586000000000000	4.47196500000000	0.0651703620525395
0.587000000000000	4.46468800000000	0.0682242117257572
0.588000000000000	4.45738500000000	0.0714940176251106
0.589000000000000	4.45003700000000	0.0750002311346763
0.590000000000000	4.44262200000000	0.0787657292022687
0.591000000000000	4.43511600000000	0.0828161589311096
0.592000000000000	4.42749500000000	0.0871803388628616
0.593000000000000	4.41973300000000	0.0918907274370884
0.594000000000000	4.41180200000000	0.0969839712249051
0.595000000000000	4.40367500000000	0.102501548091552
0.596000000000000	4.39532000000000	0.108490523533486
0.597000000000000	4.38670600000000	0.115004442162874
0.598000000000000	4.37780100000000	0.122104380789138
0.599000000000000	4.36857000000000	0.129860194890665
0.600000000000000	4.35898000000000	0.138351996587411
0.601000000000000	4.34899600000000	0.147671909588111
0.602000000000000	4.33858200000000	0.157926154980277
0.603000000000000	4.32770600000000	0.169237530971968
0.604000000000000	4.31633400000000	0.181748359275992
0.605000000000000	4.30443700000000	0.195623979669466
0.606000000000000	4.29199000000000	0.211056880282007
0.607000000000000	4.27897700000000	0.228271550565771
0.608000000000000	4.26538900000000	0.247530129989946
0.609000000000000	4.25123600000000	0.269138886780961
0.610000000000000	4.23654600000000	0.293455478107988
0.611000000000000	4.22137900000000	0.320896783871969
0.612000000000000	4.20583500000000	0.351946818487044
0.613000000000000	4.19007300000000	0.387163725848624
0.614000000000000	4.17433300000000	0.427184024663923
0.615000000000000	4.15896300000000	0.472720908266554
0.616000000000000	4.14446000000000	0.524551265213821
0.617000000000000	4.13152300000000	0.583482893635290
0.618000000000000	4.12111200000000	0.650288955724574
0.619000000000000	4.11452900000000	0.725591348843444
0.620000000000000	4.11349600000000	0.809669920734966
0.621000000000000	4.12021700000000	0.902174629792555
0.622000000000000	4.13740200000000	1.00173180644458
0.623000000000000	4.16817700000000	1.10547784309652
0.624000000000000	4.21581800000000	1.20863756952757
0.625000000000000	4.28321900000000	1.30438255235166
0.626000000000000	4.37208600000000	1.38429130832414
0.627000000000000	4.48192300000000	1.43965051532181
0.628000000000000	4.60912700000000	1.46346154904676
0.629000000000000	4.74666600000000	1.45246128885545
0.630000000000000	4.88480600000000	1.40817647537529
0.631000000000000	5.01299800000000	1.33642188980827
0.632000000000000	5.12230200000000	1.24552883718095
0.633000000000000	5.20728300000000	1.14422549389842
0.634000000000000	5.26655800000000	1.04002853526478
0.635000000000000	5.30205700000000	0.938484914707923
0.636000000000000	5.31762800000000	0.843128337712466
0.637000000000000	5.31773600000000	0.755830727241210
0.638000000000000	5.30658100000000	0.677271499412025
0.639000000000000	5.28768100000000	0.607365667279688
0.640000000000000	5.26377500000000	0.545591495429879
0.641000000000000	5.23688100000000	0.491215021546686
0.642000000000000	5.20843800000000	0.443431399174934
0.643000000000000	5.17943600000000	0.401447002554025
0.644000000000000	5.15053700000000	0.364522606375437
0.645000000000000	5.12217000000000	0.331992524630383
0.646000000000000	5.09459900000000	0.303269737029683
0.647000000000000	5.06797800000000	0.277843386734350
0.648000000000000	5.04238200000000	0.255272534659077
0.649000000000000	5.01783800000000	0.235178436648612
0.650000000000000	4.99433800000000	0.217236601824946
0.651000000000000	4.97185600000000	0.201169282960837
0.652000000000000	4.95035000000000	0.186738695082151
0.653000000000000	4.92977200000000	0.173741058939050
0.654000000000000	4.91007300000000	0.162001459319657
0.655000000000000	4.89120100000000	0.151369455840256
0.656000000000000	4.87310600000000	0.141715362392479
0.657000000000000	4.85573800000000	0.132927106865437
0.658000000000000	4.83905200000000	0.124907586885728
0.659000000000000	4.82300500000000	0.117572445426849
0.660000000000000	4.80755500000000	0.110848199614312
0.661000000000000	4.79266500000000	0.104670665503127
0.662000000000000	4.77830000000000	0.0989836303480958
0.663000000000000	4.76442700000000	0.0937377316422941
0.664000000000000	4.75101600000000	0.0888895089002754
0.665000000000000	4.73804000000000	0.0844005998568685
0.666000000000000	4.72547400000000	0.0802370575378813
0.667000000000000	4.71329300000000	0.0763687686513784
0.668000000000000	4.70147600000000	0.0727689570630843
0.669000000000000	4.69000300000000	0.0694137588637725
0.670000000000000	4.67885500000000	0.0662818578047662
0.671000000000000	4.66801500000000	0.0633541717512607
0.672000000000000	4.65746800000000	0.0606135823508637
0.673000000000000	4.64719900000000	0.0580447013940320
0.674000000000000	4.63719300000000	0.0556336684016030
0.675000000000000	4.62743900000000	0.0533679748516660
0.676000000000000	4.61792400000000	0.0512363111858589
0.677000000000000	4.60863800000000	0.0492284333402788
0.678000000000000	4.59957000000000	0.0473350460502115
0.679000000000000	4.59071200000000	0.0455477005985577
0.680000000000000	4.58205300000000	0.0438587050296725
0.681000000000000	4.57358600000000	0.0422610451452386
0.682000000000000	4.56530400000000	0.0407483148465031
0.683000000000000	4.55719800000000	0.0393146545957428
0.684000000000000	4.54926100000000	0.0379546969457512
0.685000000000000	4.54148900000000	0.0366635182348963
0.686000000000000	4.53387400000000	0.0354365956713458
0.687000000000000	4.52641100000000	0.0342697691370936
0.688000000000000	4.51909500000000	0.0331592071335161
0.689000000000000	4.51192000000000	0.0321013763678648
0.690000000000000	4.50488200000000	0.0310930145464947
0.691000000000000	4.49797700000000	0.0301311059974706
0.692000000000000	4.49120000000000	0.0292128597939801
0.693000000000000	4.48454800000000	0.0283356900919216
0.694000000000000	4.47801600000000	0.0274971984311627
0.695000000000000	4.47160200000000	0.0266951577811530
0.696000000000000	4.46530100000000	0.0259274981385377
0.697000000000000	4.45911200000000	0.0251922935077829
0.698000000000000	4.45303000000000	0.0244877501160952
0.699000000000000	4.44705300000000	0.0238121957315508
0.700000000000000	4.44117900000000	0.0231640699686967
0.701000000000000	4.43540500000000	0.0225419154792886
0.702000000000000	4.42972800000000	0.0219443699375278
0.703000000000000	4.42414800000000	0.0213701587394114
0.704000000000000	4.41866100000000	0.0208180883447913
0.705000000000000	4.41326600000000	0.0202870401986233
0.706000000000000	4.40796200000000	0.0197759651748295
0.707000000000000	4.40274800000000	0.0192838784923019
0.708000000000000	4.39762200000000	0.0188098550579700
0.709000000000000	4.39258400000000	0.0183530251966117
0.710000000000000	4.38763600000000	0.0179125707313025
0.711000000000000	4.38278000000000	0.0174877213821246
0.712000000000000	4.37800600000000	0.0170777514540712
0.713000000000000	4.37331300000000	0.0166819767880179
0.714000000000000	4.36869600000000	0.0162997519512482
0.715000000000000	4.36415400000000	0.0159304676463495
0.716000000000000	4.35968500000000	0.0155735483193695
0.717000000000000	4.35528700000000	0.0152284499499797
0.718000000000000	4.35096200000000	0.0148946580080449
0.719000000000000	4.34671100000000	0.0145716855624840
0.720000000000000	4.34252700000000	0.0142590715296333
0.721000000000000	4.33840900000000	0.0139563790495139
0.722000000000000	4.33435200000000	0.0136631939794782
0.723000000000000	4.33035500000000	0.0133791234956672
0.724000000000000	4.32641600000000	0.0131037947935786
0.725000000000000	4.32253300000000	0.0128368538798256
0.726000000000000	4.31870400000000	0.0125779644478665
0.727000000000000	4.31492800000000	0.0123268068311213
0.728000000000000	4.31120300000000	0.0120830770274672
0.729000000000000	4.30752900000000	0.0118464857896172
0.730000000000000	4.30390200000000	0.0116167577763623
0.731000000000000	4.30032400000000	0.0113936307600799
0.732000000000000	4.29679100000000	0.0111768548862951
0.733000000000000	4.29330400000000	0.0109661919814368
0.734000000000000	4.28986000000000	0.0107614149052445
0.735000000000000	4.28646000000000	0.0105623069445726
0.736000000000000	4.28310200000000	0.0103686612456039
0.737000000000000	4.27978500000000	0.0101802802817220
0.738000000000000	4.27650900000000	0.00999697535451184
0.739000000000000	4.27327200000000	0.00981856612555883
0.740000000000000	4.27007300000000	0.00964488017689687
0.741000000000000	4.26691300000000	0.00947575259812467
0.742000000000000	4.26379000000000	0.00931102559836074
0.743000000000000	4.26070300000000	0.00915054814134787
0.744000000000000	4.25765200000000	0.00899417560214543
0.745000000000000	4.25463700000000	0.00884176944396527
0.746000000000000	4.25165700000000	0.00869319691381434
0.747000000000000	4.24871200000000	0.00854833075570630
0.748000000000000	4.24580200000000	0.00840704894029470
0.749000000000000	4.24292400000000	0.00826923440986399
0.750000000000000	4.24007900000000	0.00813477483769136
0.751000000000000	4.23726400000000	0.00800356240086300
0.752000000000000	4.23447900000000	0.00787549356569341
0.753000000000000	4.23172400000000	0.00775046888495660
0.754000000000000	4.22899800000000	0.00762839280619316
0.755000000000000	4.22630100000000	0.00750917349040835
0.756000000000000	4.22363100000000	0.00739272264052365
0.757000000000000	4.22098800000000	0.00727895533898762
0.758000000000000	4.21837100000000	0.00716778989399234
0.759000000000000	4.21578100000000	0.00705914769377920
0.760000000000000	4.21321600000000	0.00695295306855193
0.761000000000000	4.21067600000000	0.00684913315954720
0.762000000000000	4.20816100000000	0.00674761779484246
0.763000000000000	4.20567000000000	0.00664833937150840
0.764000000000000	4.20320300000000	0.00655123274373889
0.765000000000000	4.20075900000000	0.00645623511661475
0.766000000000000	4.19833800000000	0.00636328594518013
0.767000000000000	4.19593900000000	0.00627232683853024
0.768000000000000	4.19356300000000	0.00618330146862870
0.769000000000000	4.19120800000000	0.00609615548359002
0.770000000000000	4.18887400000000	0.00601083642517947
0.771000000000000	4.18656200000000	0.00592729365029795
0.772000000000000	4.18427000000000	0.00584547825623361
0.773000000000000	4.18199800000000	0.00576534300947530
0.774000000000000	4.17974700000000	0.00568684227789573
0.775000000000000	4.17751500000000	0.00560993196612310
0.776000000000000	4.17530200000000	0.00553456945393166
0.777000000000000	4.17310900000000	0.00546071353749098
0.778000000000000	4.17093400000000	0.00538832437332371
0.779000000000000	4.16877800000000	0.00531736342483019
0.780000000000000	4.16664000000000	0.00524779341124655
0.781000000000000	4.16452000000000	0.00517957825891073
0.782000000000000	4.16241700000000	0.00511268305471817
0.783000000000000	4.16033200000000	0.00504707400165535
0.784000000000000	4.15826400000000	0.00498271837630621
0.785000000000000	4.15621300000000	0.00491958448823198
0.786000000000000	4.15417800000000	0.00485764164113083
0.787000000000000	4.15216100000000	0.00479686009568883
0.788000000000000	4.15015900000000	0.00473721103403864
0.789000000000000	4.14817300000000	0.00467866652574708
0.790000000000000	4.14620300000000	0.00462119949525676
0.791000000000000	4.14424800000000	0.00456478369071153
0.792000000000000	4.14230900000000	0.00450939365409870
0.793000000000000	4.14038400000000	0.00445500469264515
0.794000000000000	4.13847500000000	0.00440159285140742
0.795000000000000	4.13658000000000	0.00434913488699930
0.796000000000000	4.13470000000000	0.00429760824240331
0.797000000000000	4.13283400000000	0.00424699102281531
0.798000000000000	4.13098200000000	0.00419726197247414
0.799000000000000	4.12914500000000	0.00414840045243076
0.800000000000000	4.12732100000000	0.00410038641921353
0.801000000000000	4.12551000000000	0.00405320040434868
0.802000000000000	4.12371300000000	0.00400682349469711
0.803000000000000	4.12192900000000	0.00396123731357048
0.804000000000000	4.12015800000000	0.00391642400259155
0.805000000000000	4.11840100000000	0.00387236620426552
0.806000000000000	4.11665500000000	0.00382904704523064
0.807000000000000	4.11492300000000	0.00378645012015813
0.808000000000000	4.11320300000000	0.00374455947627270
0.809000000000000	4.11149500000000	0.00370335959846664
0.810000000000000	4.10980000000000	0.00366283539498152
0.811000000000000	4.10811600000000	0.00362297218363301
0.812000000000000	4.10644400000000	0.00358375567855528
0.813000000000000	4.10478400000000	0.00354517197744298
0.814000000000000	4.10313600000000	0.00350720754926924
0.815000000000000	4.10149800000000	0.00346984922245982
0.816000000000000	4.09987300000000	0.00343308417350404
0.817000000000000	4.09825800000000	0.00339689991598407
0.818000000000000	4.09665500000000	0.00336128429000537
0.819000000000000	4.09506200000000	0.00332622545201132
0.820000000000000	4.09348000000000	0.00329171186496640
0.821000000000000	4.09190900000000	0.00325773228889273
0.822000000000000	4.09034900000000	0.00322427577174536
0.823000000000000	4.08879800000000	0.00319133164061276
0.824000000000000	4.08725900000000	0.00315888949322921
0.825000000000000	4.08572900000000	0.00312693918978649
0.826000000000000	4.08421000000000	0.00309547084503303
0.827000000000000	4.08270000000000	0.00306447482064890
0.828000000000000	4.08120100000000	0.00303394171788577
0.829000000000000	4.07971100000000	0.00300386237046138
0.830000000000000	4.07823100000000	0.00297422783769850
0.831000000000000	4.07676000000000	0.00294502939789878
0.832000000000000	4.07529900000000	0.00291625854194245
0.833000000000000	4.07384700000000	0.00288790696710505
0.834000000000000	4.07240500000000	0.00285996657108278
0.835000000000000	4.07097200000000	0.00283242944621861
0.836000000000000	4.06954700000000	0.00280528787392134
0.837000000000000	4.06813200000000	0.00277853431927039
0.838000000000000	4.06672600000000	0.00275216142579919
0.839000000000000	4.06532900000000	0.00272616201045052
0.840000000000000	4.06394000000000	0.00270052905869739
0.841000000000000	4.06256000000000	0.00267525571982317
0.842000000000000	4.06118800000000	0.00265033530235516
0.843000000000000	4.05982500000000	0.00262576126964586
0.844000000000000	4.05847000000000	0.00260152723559661
0.845000000000000	4.05712400000000	0.00257762696051825
0.846000000000000	4.05578500000000	0.00255405434712392
0.847000000000000	4.05445500000000	0.00253080343664912
0.848000000000000	4.05313300000000	0.00250786840509455
0.849000000000000	4.05181900000000	0.00248524355958710
0.850000000000000	4.05051300000000	0.00246292333485509
0.851000000000000	4.04921400000000	0.00244090228981330
0.852000000000000	4.04792400000000	0.00241917510425427
0.853000000000000	4.04664100000000	0.00239773657564179
0.854000000000000	4.04536500000000	0.00237658161600319
0.855000000000000	4.04409700000000	0.00235570524891699
0.856000000000000	4.04283700000000	0.00233510260659236
0.857000000000000	4.04158400000000	0.00231476892703745
0.858000000000000	4.04033800000000	0.00229469955131341
0.859000000000000	4.03910000000000	0.00227488992087111
0.860000000000000	4.03786800000000	0.00225533557496786
0.861000000000000	4.03664400000000	0.00223603214816118
0.862000000000000	4.03542700000000	0.00221697536787727
0.863000000000000	4.03421700000000	0.00219816105205148
0.864000000000000	4.03301400000000	0.00217958510683831
0.865000000000000	4.03181700000000	0.00216124352438880
0.866000000000000	4.03062800000000	0.00214313238069289
0.867000000000000	4.02944500000000	0.00212524783348462
0.868000000000000	4.02826900000000	0.00210758612020819
0.869000000000000	4.02709900000000	0.00209014355604270
0.870000000000000	4.02593600000000	0.00207291653198381
0.871000000000000	4.02478000000000	0.00205590151298031
0.872000000000000	4.02363000000000	0.00203909503612395
0.873000000000000	4.02248600000000	0.00202249370889066
0.874000000000000	4.02134900000000	0.00200609420743162
0.875000000000000	4.02021800000000	0.00198989327491253
0.876000000000000	4.01909300000000	0.00197388771989944
0.877000000000000	4.01797400000000	0.00195807441478984
0.878000000000000	4.01686200000000	0.00194245029428739
0.879000000000000	4.01575500000000	0.00192701235391906
0.880000000000000	4.01465500000000	0.00191175764859318
0.881000000000000	4.01356000000000	0.00189668329119724
0.882000000000000	4.01247200000000	0.00188178645123417
0.883000000000000	4.01138900000000	0.00186706435349584
0.884000000000000	4.01031200000000	0.00185251427677268
0.885000000000000	4.00924100000000	0.00183813355259828
0.886000000000000	4.00817600000000	0.00182391956402791
0.887000000000000	4.00711600000000	0.00180986974444992
0.888000000000000	4.00606200000000	0.00179598157642890
0.889000000000000	4.00501300000000	0.00178225259057986
0.890000000000000	4.00397000000000	0.00176868036447226
0.891000000000000	4.00293200000000	0.00175526252156310
0.892000000000000	4.00190000000000	0.00174199673015824
0.893000000000000	4.00087400000000	0.00172888070240092
0.894000000000000	3.99985200000000	0.00171591219328688
0.895000000000000	3.99883600000000	0.00170308899970516
0.896000000000000	3.99782500000000	0.00169040895950381
0.897000000000000	3.99682000000000	0.00167786995057988
0.898000000000000	3.99582000000000	0.00166546988999282
0.899000000000000	3.99482400000000	0.00165320673310077
0.900000000000000	3.99383400000000	0.00164107847271891
0.901000000000000	3.99284900000000	0.00162908313829935
0.902000000000000	3.99186900000000	0.00161721879513187
0.903000000000000	3.99089400000000	0.00160548354356490
0.904000000000000	3.98992400000000	0.00159387551824623
0.905000000000000	3.98895900000000	0.00158239288738278
0.906000000000000	3.98799800000000	0.00157103385201893
0.907000000000000	3.98704300000000	0.00155979664533296
0.908000000000000	3.98609200000000	0.00154867953195088
0.909000000000000	3.98514600000000	0.00153768080727745
0.910000000000000	3.98420500000000	0.00152679879684356
0.911000000000000	3.98326800000000	0.00151603185566985
0.912000000000000	3.98233600000000	0.00150537836764584
0.913000000000000	3.98140900000000	0.00149483674492433
0.914000000000000	3.98048600000000	0.00148440542733048
0.915000000000000	3.97956800000000	0.00147408288178539
0.916000000000000	3.97865500000000	0.00146386760174343
0.917000000000000	3.97774500000000	0.00145375810664335
0.918000000000000	3.97684100000000	0.00144375294137247
0.919000000000000	3.97594000000000	0.00143385067574376
0.920000000000000	3.97504400000000	0.00142404990398537
0.921000000000000	3.97415300000000	0.00141434924424233
0.922000000000000	3.97326500000000	0.00140474733809011
0.923000000000000	3.97238200000000	0.00139524285005963
0.924000000000000	3.97150300000000	0.00138583446717345
0.925000000000000	3.97062900000000	0.00137652089849291
0.926000000000000	3.96975900000000	0.00136730087467585
0.927000000000000	3.96889200000000	0.00135817314754460
0.928000000000000	3.96803000000000	0.00134913648966407
0.929000000000000	3.96717200000000	0.00134018969392961
0.930000000000000	3.96631800000000	0.00133133157316437
0.931000000000000	3.96546800000000	0.00132256095972591
0.932000000000000	3.96462300000000	0.00131387670512193
0.933000000000000	3.96378100000000	0.00130527767963467
0.934000000000000	3.96294300000000	0.00129676277195393
0.935000000000000	3.96210900000000	0.00128833088881847
0.936000000000000	3.96127900000000	0.00127998095466542
0.937000000000000	3.96045200000000	0.00127171191128776
0.938000000000000	3.95963000000000	0.00126352271749934
0.939000000000000	3.95881100000000	0.00125541234880754
0.940000000000000	3.95799700000000	0.00124737979709322
0.941000000000000	3.95718600000000	0.00123942407029775
0.942000000000000	3.95637800000000	0.00123154419211708
0.943000000000000	3.95557500000000	0.00122373920170249
0.944000000000000	3.95477500000000	0.00121600815336808
0.945000000000000	3.95397900000000	0.00120835011630452
0.946000000000000	3.95318600000000	0.00120076417429925
0.947000000000000	3.95239700000000	0.00119324942546272
0.948000000000000	3.95161200000000	0.00118580498196056
0.949000000000000	3.95083000000000	0.00117842996975171
0.950000000000000	3.95005100000000	0.00117112352833203
0.951000000000000	3.94927700000000	0.00116388481048364
0.952000000000000	3.94850500000000	0.00115671298202955
0.953000000000000	3.94773700000000	0.00114960722159354
0.954000000000000	3.94697300000000	0.00114256672036530
0.955000000000000	3.94621200000000	0.00113559068187044
0.956000000000000	3.94545500000000	0.00112867832174548
0.957000000000000	3.94470000000000	0.00112182886751760
0.958000000000000	3.94395000000000	0.00111504155838904
0.959000000000000	3.94320200000000	0.00110831564502602
0.960000000000000	3.94245800000000	0.00110165038935216
0.961000000000000	3.94171700000000	0.00109504506434615
0.962000000000000	3.94097900000000	0.00108849895384373
0.963000000000000	3.94024500000000	0.00108201135234374
0.964000000000000	3.93951400000000	0.00107558156481819
0.965000000000000	3.93878600000000	0.00106920890652633
0.966000000000000	3.93806100000000	0.00106289270283250
0.967000000000000	3.93733900000000	0.00105663228902773
0.968000000000000	3.93662100000000	0.00105042701015507
0.969000000000000	3.93590500000000	0.00104427622083837
0.970000000000000	3.93519300000000	0.00103817928511471
0.971000000000000	3.93448400000000	0.00103213557627011
0.972000000000000	3.93377800000000	0.00102614447667864
0.973000000000000	3.93307400000000	0.00102020537764476
0.974000000000000	3.93237400000000	0.00101431767924889
0.975000000000000	3.93167700000000	0.00100848079019599
0.976000000000000	3.93098300000000	0.00100269412766726
0.977000000000000	3.93029200000000	0.000996957117174815
0.978000000000000	3.92960400000000	0.000991269192419158
0.979000000000000	3.92891900000000	0.000985629795149611
0.980000000000000	3.92823600000000	0.000980038375027427
0.981000000000000	3.92755700000000	0.000974494389491656
0.982000000000000	3.92688000000000	0.000968997303627627
0.983000000000000	3.92620600000000	0.000963546590038041
0.984000000000000	3.92553500000000	0.000958141728716574
0.985000000000000	3.92486700000000	0.000952782206923956
0.986000000000000	3.92420200000000	0.000947467519066478
0.987000000000000	3.92353900000000	0.000942197166576844
0.988000000000000	3.92288000000000	0.000936970657797347
0.989000000000000	3.92222300000000	0.000931787507865300
0.990000000000000	3.92156800000000	0.000926647238600673
0.991000000000000	3.92091700000000	0.000921549378395899
0.992000000000000	3.92026800000000	0.000916493462107789
0.993000000000000	3.91962200000000	0.000911479030951514
0.994000000000000	3.91897800000000	0.000906505632396610
0.995000000000000	3.91833800000000	0.000901572820064964
0.996000000000000	3.91769900000000	0.000896680153630735
0.997000000000000	3.91706400000000	0.000891827198722165
0.998000000000000	3.91643100000000	0.000887013526825248
0.999000000000000	3.91580000000000	0.000882238715189208
1	3.91517200000000	0.000877502346733754
1.00250000000000	3.91361400000000	0.000865826927525440
1.00500000000000	3.91207100000000	0.000854382939963320
1.00750000000000	3.91054400000000	0.000843164308755464
1.01000000000000	3.90903200000000	0.000832165156624578
1.01250000000000	3.90753500000000	0.000821379796614840
1.01500000000000	3.90605300000000	0.000810802724745147
1.01750000000000	3.90458600000000	0.000800428612991052
1.02000000000000	3.90313300000000	0.000790252302578683
1.02250000000000	3.90169400000000	0.000780268797574917
1.02500000000000	3.90026900000000	0.000770473258758928
1.02750000000000	3.89885800000000	0.000760860997761101
1.03000000000000	3.89746100000000	0.000751427471456056
1.03250000000000	3.89607700000000	0.000742168276597269
1.03500000000000	3.89470600000000	0.000733079144681478
1.03750000000000	3.89334900000000	0.000724155937031684
1.04000000000000	3.89200400000000	0.000715394640088193
1.04250000000000	3.89067200000000	0.000706791360897691
1.04500000000000	3.88935200000000	0.000698342322790894
1.04750000000000	3.88804500000000	0.000690043861239823
1.05000000000000	3.88675000000000	0.000681892419886226
1.05250000000000	3.88546700000000	0.000673884546733102
1.05500000000000	3.88419600000000	0.000666016890491733
1.05750000000000	3.88293700000000	0.000658286197077004
1.06000000000000	3.88168900000000	0.000650689306244173
1.06250000000000	3.88045200000000	0.000643223148360601
1.06500000000000	3.87922700000000	0.000635884741306291
1.06750000000000	3.87801300000000	0.000628671187497408
1.07000000000000	3.87681000000000	0.000621579671027209
1.07250000000000	3.87561700000000	0.000614607454919154
1.07500000000000	3.87443600000000	0.000607751878487159
1.07750000000000	3.87326500000000	0.000601010354798283
1.08000000000000	3.87210400000000	0.000594380368233292
1.08250000000000	3.87095400000000	0.000587859472140842
1.08500000000000	3.86981300000000	0.000581445286581174
1.08750000000000	3.86868300000000	0.000575135496155454
1.09000000000000	3.86756200000000	0.000568927847917057
1.09250000000000	3.86645200000000	0.000562820149361284
1.09500000000000	3.86535100000000	0.000556810266490150
1.09750000000000	3.86425900000000	0.000550896121949076
1.10000000000000	3.86317700000000	0.000545075693232442
1.10250000000000	3.86210500000000	0.000539347010955095
1.10500000000000	3.86104100000000	0.000533708157187075
1.10750000000000	3.85998600000000	0.000528157263848920
1.11000000000000	3.85894100000000	0.000522692511165046
1.11250000000000	3.85790400000000	0.000517312126172818
1.11500000000000	3.85687600000000	0.000512014381285022
1.11750000000000	3.85585700000000	0.000506797592903576
1.12000000000000	3.85484600000000	0.000501660120082390
1.12250000000000	3.85384400000000	0.000496600363237408
1.12500000000000	3.85285000000000	0.000491616762901928
1.12750000000000	3.85186400000000	0.000486707798525396
1.13000000000000	3.85088600000000	0.000481871987313952
1.13250000000000	3.84991600000000	0.000477107883111070
1.13500000000000	3.84895500000000	0.000472414075316725
1.13750000000000	3.84800100000000	0.000467789187843567
1.14000000000000	3.84705500000000	0.000463231878108673
1.14250000000000	3.84611600000000	0.000458740836059491
1.14500000000000	3.84518600000000	0.000454314783232660
1.14750000000000	3.84426200000000	0.000449952471844440
1.15000000000000	3.84334600000000	0.000445652683911553
1.15250000000000	3.84243800000000	0.000441414230401267
1.15500000000000	3.84153700000000	0.000437235950409633
1.15750000000000	3.84064300000000	0.000433116710366791
1.16000000000000	3.83975500000000	0.000429055403268359
1.16250000000000	3.83887500000000	0.000425050947931902
1.16500000000000	3.83800200000000	0.000421102288277579
1.16750000000000	3.83713600000000	0.000417208392632047
1.17000000000000	3.83627600000000	0.000413368253054790
1.17250000000000	3.83542400000000	0.000409580884686031
1.17500000000000	3.83457800000000	0.000405845325115457
1.17750000000000	3.83373800000000	0.000402160633770989
1.18000000000000	3.83290500000000	0.000398525891326883
1.18250000000000	3.83207800000000	0.000394940199130455
1.18500000000000	3.83125800000000	0.000391402678646781
1.18750000000000	3.83044400000000	0.000387912470920704
1.19000000000000	3.82963600000000	0.000384468736055566
1.19250000000000	3.82883400000000	0.000381070652708046
1.19500000000000	3.82803800000000	0.000377717417598556
1.19750000000000	3.82724900000000	0.000374408245036640
1.20000000000000	3.82646500000000	0.000371142366460856
1.20250000000000	3.82568700000000	0.000367919029992642
1.20500000000000	3.82491500000000	0.000364737500003671
1.20750000000000	3.82414900000000	0.000361597056696251
1.21000000000000	3.82338800000000	0.000358496995696296
1.21250000000000	3.82263300000000	0.000355436627658461
1.21500000000000	3.82188400000000	0.000352415277883021
1.21750000000000	3.82114000000000	0.000349432285944094
1.22000000000000	3.82040200000000	0.000346487005328824
1.22250000000000	3.81966900000000	0.000343578803087162
1.22500000000000	3.81894100000000	0.000340707059491888
1.22750000000000	3.81821900000000	0.000337871167708537
1.23000000000000	3.81750200000000	0.000335070533474889
1.23250000000000	3.81679000000000	0.000332304574789723
1.23500000000000	3.81608400000000	0.000329572721610521
1.23750000000000	3.81538200000000	0.000326874415559827
1.24000000000000	3.81468500000000	0.000324209109639990
1.24250000000000	3.81399400000000	0.000321576267956007
1.24500000000000	3.81330700000000	0.000318975365446208
1.24750000000000	3.81262600000000	0.000316405887620538
1.25000000000000	3.81194900000000	0.000313867330306174
1.25250000000000	3.81127700000000	0.000311359199400266
1.25500000000000	3.81060900000000	0.000308881010629558
1.25750000000000	3.80994600000000	0.000306432289316673
1.26000000000000	3.80928900000000	0.000304012570152863
1.26250000000000	3.80863500000000	0.000301621396977006
1.26500000000000	3.80798600000000	0.000299258322560662
1.26750000000000	3.80734200000000	0.000296922908399003
1.27000000000000	3.80670200000000	0.000294614724507425
1.27250000000000	3.80606700000000	0.000292333349223667
1.27500000000000	3.80543600000000	0.000290078369015280
1.27750000000000	3.80480900000000	0.000287849378292264
1.28000000000000	3.80418700000000	0.000285645979224725
1.28250000000000	3.80356800000000	0.000283467781565402
1.28500000000000	3.80295500000000	0.000281314402476903
1.28750000000000	3.80234500000000	0.000279185466363521
1.29000000000000	3.80173900000000	0.000277080604707486
1.29250000000000	3.80113800000000	0.000274999455909517
1.29500000000000	3.80054000000000	0.000272941665133554
1.29750000000000	3.79994700000000	0.000270906884155536
1.30000000000000	3.79935800000000	0.000268894771216108
1.30250000000000	3.79877200000000	0.000266904990877145
1.30500000000000	3.79819100000000	0.000264937213881978
1.30750000000000	3.79761300000000	0.000262991117019204
1.31000000000000	3.79703900000000	0.000261066382989995
1.31250000000000	3.79646900000000	0.000259162700278786
1.31500000000000	3.79590300000000	0.000257279763027248
1.31750000000000	3.79534000000000	0.000255417270911460
1.32000000000000	3.79478200000000	0.000253574929022176
1.32250000000000	3.79422700000000	0.000251752447748102
1.32500000000000	3.79367500000000	0.000249949542662107
1.32750000000000	3.79312700000000	0.000248165934410260
1.33000000000000	3.79258300000000	0.000246401348603641
1.33250000000000	3.79204200000000	0.000244655515712828
1.33500000000000	3.79150500000000	0.000242928170964992
1.33750000000000	3.79097100000000	0.000241219054243524
1.34000000000000	3.79044100000000	0.000239527909990127
1.34250000000000	3.78991400000000	0.000237854487109298
1.34500000000000	3.78939000000000	0.000236198538875138
1.34750000000000	3.78887000000000	0.000234559822840428
1.35000000000000	3.78835300000000	0.000232938100747898
1.35250000000000	3.78783900000000	0.000231333138443638
1.35500000000000	3.78732900000000	0.000229744705792596
1.35750000000000	3.78682200000000	0.000228172576596084
1.36000000000000	3.78631800000000	0.000226616528511270
1.36250000000000	3.78581700000000	0.000225076342972573
1.36500000000000	3.78532000000000	0.000223551805114923
1.36750000000000	3.78482500000000	0.000222042703698836
1.37000000000000	3.78433400000000	0.000220548831037253
1.37250000000000	3.78384600000000	0.000219069982924095
1.37500000000000	3.78336100000000	0.000217605958564485
1.37750000000000	3.78287800000000	0.000216156560506601
1.38000000000000	3.78239900000000	0.000214721594575111
1.38250000000000	3.78192300000000	0.000213300869806146
1.38500000000000	3.78145000000000	0.000211894198383780
1.38750000000000	3.78097900000000	0.000210501395577964
1.39000000000000	3.78051200000000	0.000209122279683887
1.39250000000000	3.78004700000000	0.000207756671962719
1.39500000000000	3.77958500000000	0.000206404396583710
1.39750000000000	3.77912600000000	0.000205065280567598
1.40000000000000	3.77867000000000	0.000203739153731297
1.40250000000000	3.77821700000000	0.000202425848633838
1.40500000000000	3.77776600000000	0.000201125200523520
1.40750000000000	3.77731800000000	0.000199837047286248
1.41000000000000	3.77687300000000	0.000198561229395025
1.41250000000000	3.77643000000000	0.000197297589860569
1.41500000000000	3.77599100000000	0.000196045974183023
1.41750000000000	3.77555300000000	0.000194806230304741
1.42000000000000	3.77511900000000	0.000193578208564106
1.42250000000000	3.77468700000000	0.000192361761650370
1.42500000000000	3.77425700000000	0.000191156744559483
1.42750000000000	3.77383000000000	0.000189963014550884
1.43000000000000	3.77340600000000	0.000188780431105238
1.43250000000000	3.77298400000000	0.000187608855883087
1.43500000000000	3.77256500000000	0.000186448152684398
1.43750000000000	3.77214800000000	0.000185298187408984
1.44000000000000	3.77173300000000	0.000184158828017774
1.44250000000000	3.77132100000000	0.000183029944494918
1.44500000000000	3.77091100000000	0.000181911408810701
1.44750000000000	3.77050400000000	0.000180803094885245
1.45000000000000	3.77009900000000	0.000179704878552984
1.45250000000000	3.76969700000000	0.000178616637527895
1.45500000000000	3.76929600000000	0.000177538251369460
1.45750000000000	3.76889900000000	0.000176469601449343
1.46000000000000	3.76850300000000	0.000175410570918772
1.46250000000000	3.76811000000000	0.000174361044676603
1.46500000000000	3.76771900000000	0.000173320909338045
1.46750000000000	3.76733000000000	0.000172290053204043
1.47000000000000	3.76694300000000	0.000171268366231292
1.47250000000000	3.76655900000000	0.000170255740002876
1.47500000000000	3.76617700000000	0.000169252067699503
1.47750000000000	3.76579600000000	0.000168257244071344
1.48000000000000	3.76541900000000	0.000167271165410442
1.48250000000000	3.76504300000000	0.000166293729523684
1.48500000000000	3.76466900000000	0.000165324835706332
1.48750000000000	3.76429800000000	0.000164364384716082
1.49000000000000	3.76392800000000	0.000163412278747657
1.49250000000000	3.76356100000000	0.000162468421407908
1.49500000000000	3.76319600000000	0.000161532717691421
1.49750000000000	3.76283200000000	0.000160605073956612
1.50000000000000	3.76247100000000	0.000159685397902301
1.50250000000000	3.76211200000000	0.000158773598544753
1.50500000000000	3.76175500000000	0.000157869586195179
1.50750000000000	3.76139900000000	0.000156973272437686
1.51000000000000	3.76104600000000	0.000156084570107654
1.51250000000000	3.76069500000000	0.000155203393270554
1.51500000000000	3.76034500000000	0.000154329657201169
1.51750000000000	3.75999800000000	0.000153463278363237
1.52000000000000	3.75965200000000	0.000152604174389482
1.52250000000000	3.75930900000000	0.000151752264062042
1.52500000000000	3.75896700000000	0.000150907467293272
1.52750000000000	3.75862700000000	0.000150069705106926
1.53000000000000	3.75828900000000	0.000149238899619701
1.53250000000000	3.75795300000000	0.000148414974023139
1.53500000000000	3.75761800000000	0.000147597852565870
1.53750000000000	3.75728600000000	0.000146787460536210
1.54000000000000	3.75695500000000	0.000145983724245083
1.54250000000000	3.75662600000000	0.000145186571009265
1.54500000000000	3.75629800000000	0.000144395929134965
1.54750000000000	3.75597300000000	0.000143611727901694
1.55000000000000	3.75564900000000	0.000142833897546462
1.55250000000000	3.75532700000000	0.000142062369248261
1.55500000000000	3.75500700000000	0.000141297075112840
1.55750000000000	3.75468800000000	0.000140537948157776
1.56000000000000	3.75437100000000	0.000139784922297813
1.56250000000000	3.75405600000000	0.000139037932330486
1.56500000000000	3.75374200000000	0.000138296913922004
1.56750000000000	3.75343000000000	0.000137561803593400
1.57000000000000	3.75312000000000	0.000136832538706941
1.57250000000000	3.75281100000000	0.000136109057452782
1.57500000000000	3.75250400000000	0.000135391298835874
1.57750000000000	3.75219900000000	0.000134679202663104
1.58000000000000	3.75189500000000	0.000133972709530682
1.58250000000000	3.75159300000000	0.000133271760811751
1.58500000000000	3.75129200000000	0.000132576298644224
1.58750000000000	3.75099300000000	0.000131886265918846
1.59000000000000	3.75069500000000	0.000131201606267469
1.59250000000000	3.75039900000000	0.000130522264051545
1.59500000000000	3.75010500000000	0.000129848184350820
1.59750000000000	3.74981200000000	0.000129179312952237
1.60000000000000	3.74952100000000	0.000128515596339033
1.60250000000000	3.74923000000000	0.000127856981680042
1.60500000000000	3.74894200000000	0.000127203416819177
1.60750000000000	3.74865500000000	0.000126554850265106
1.61000000000000	3.74837000000000	0.000125911231181114
1.61250000000000	3.74808500000000	0.000125272509375137
1.61500000000000	3.74780300000000	0.000124638635289984
1.61750000000000	3.74752200000000	0.000124009559993718
1.62000000000000	3.74724200000000	0.000123385235170219
1.62250000000000	3.74696300000000	0.000122765613109905
1.62500000000000	3.74668700000000	0.000122150646700619
1.62750000000000	3.74641100000000	0.000121540289418673
1.63000000000000	3.74613700000000	0.000120934495320051
1.63250000000000	3.74586400000000	0.000120333219031763
1.63500000000000	3.74559300000000	0.000119736415743353
1.63750000000000	3.74532300000000	0.000119144041198543
1.64000000000000	3.74505400000000	0.000118556051687040
1.64250000000000	3.74478700000000	0.000117972404036462
1.64500000000000	3.74452000000000	0.000117393055604423
1.64750000000000	3.74425600000000	0.000116817964270739
1.65000000000000	3.74399200000000	0.000116247088429778
1.65250000000000	3.74373000000000	0.000115680386982929
1.65500000000000	3.74346900000000	0.000115117819331213
1.65750000000000	3.74321000000000	0.000114559345368006
1.66000000000000	3.74295200000000	0.000114004925471895
1.66250000000000	3.74269500000000	0.000113454520499650
1.66500000000000	3.74243900000000	0.000112908091779316
1.66750000000000	3.74218500000000	0.000112365601103419
1.67000000000000	3.74193100000000	0.000111827010722290
1.67250000000000	3.74167900000000	0.000111292283337496
1.67500000000000	3.74142900000000	0.000110761382095387
1.67750000000000	3.74117900000000	0.000110234270580740
1.68000000000000	3.74093100000000	0.000109710912810523
1.68250000000000	3.74068400000000	0.000109191273227747
1.68500000000000	3.74043800000000	0.000108675316695433
1.68750000000000	3.74019300000000	0.000108163008490669
1.69000000000000	3.73995000000000	0.000107654314298770