0.39697	2.8413	1.7222
0.39719	2.828	1.5926
0.39741	2.7831	1.5264
0.39762	2.7275	1.5344
0.39784	2.7725	1.5317
0.39806	2.8492	1.5344
0.39827	2.9259	1.537
0.39849	2.9392	1.5396
0.39871	2.9471	1.5476
0.39893	2.9497	1.5555
0.39914	2.9577	1.5582
0.39936	2.9497	1.5661
0.39958	2.9471	1.5793
0.3998	2.9392	1.5978
0.40001	2.9471	1.6058
0.40023	2.9497	1.6084
0.40045	2.9577	1.6111
0.40066	2.955	1.6243
0.40088	2.9577	1.6322
0.4011	2.9656	1.6402
0.40132	2.9683	1.6481
0.40153	2.9762	1.6613
0.40175	2.9788	1.6746
0.40197	2.9921	1.6825
0.40219	2.9841	1.6957
0.4024	2.9656	1.709
0.40262	2.9524	1.7222
0.40284	2.955	1.7301
0.40306	2.9577	1.7381
0.40327	2.955	1.746
0.40349	2.9471	1.7592
0.40371	2.9497	1.7725
0.40393	2.9524	1.7804
0.40414	2.9497	1.7883
0.40436	2.9418	1.7963
0.40458	2.9286	1.8095
0.4048	2.9206	1.8174
0.40501	2.918	1.8254
0.40523	2.9153	1.8333
0.40545	2.918	1.8412
0.40567	2.9153	1.8439
0.40589	2.918	1.8412
0.4061	2.9206	1.8386
0.40632	2.9233	1.8412
0.40654	2.9206	1.8492
0.40676	2.9074	1.8624
0.40697	2.8942	1.8756
0.40719	2.881	1.8889
0.40741	2.8783	1.8915
0.40763	2.881	1.8941
0.40785	2.8836	1.8915
0.40806	2.8915	1.8941
0.40828	2.8942	1.8915
0.4085	2.8968	1.8941
0.40872	2.8889	1.8968
0.40894	2.8862	1.8994
0.40915	2.8889	1.9021
0.40937	2.8862	1.9047
0.40959	2.8783	1.9074
0.40981	2.8704	1.91
0.41002	2.8677	1.9074
0.41024	2.8704	1.9047
0.41046	2.873	1.9021
0.41068	2.8757	1.9047
0.4109	2.873	1.9074
0.41111	2.8704	1.91
0.41133	2.873	1.9074
0.41155	2.8757	1.91
0.41177	2.8783	1.9127
0.41199	2.881	1.9153
0.41221	2.8889	1.9127
0.41242	2.8915	1.91
0.41264	2.8942	1.9127
0.41286	2.8915	1.9206
0.41308	2.8942	1.9232
0.4133	2.8968	1.9206
0.41351	2.9048	1.9127
0.41373	2.9127	1.9047
0.41395	2.9206	1.9021
0.41417	2.9286	1.8994
0.41439	2.9312	1.9021
0.41461	2.9392	1.8994
0.41482	2.9418	1.9021
0.41504	2.9497	1.9047
0.41526	2.9577	1.9074
0.41548	2.9709	1.9047
0.4157	2.9788	1.9021
0.41592	2.9762	1.8994
0.41613	2.9735	1.9021
0.41635	2.9762	1.8994
0.41657	2.9841	1.9021
0.41679	2.9868	1.9047
0.41701	2.9947	1.9074
0.41723	2.9974	1.91
0.41745	3.0053	1.9074
0.41766	3.0079	1.91
0.41788	3.0159	1.9074
0.4181	3.0238	1.9153
0.41832	3.0317	1.918
0.41854	3.0397	1.9259
0.41876	3.0476	1.9285
0.41897	3.0608	1.9312
0.41919	3.0741	1.9338
0.41941	3.0873	1.9312
0.41963	3.0952	1.9338
0.41985	3.1032	1.9312
0.42007	3.1111	1.9338
0.42029	3.1243	1.9312
0.42051	3.1376	1.9285
0.42072	3.1508	1.9259
0.42094	3.1587	1.9232
0.42116	3.1667	1.9259
0.42138	3.1799	1.9232
0.4216	3.1931	1.9206
0.42182	3.2011	1.918
0.42204	3.2037	1.9153
0.42226	3.2063	1.9127
0.42247	3.2196	1.91
0.42269	3.2328	1.9074
0.42291	3.2513	1.9047
0.42313	3.2646	1.9021
0.42335	3.2778	1.8994
0.42357	3.291	1.8968
0.42379	3.3042	1.8889
0.42401	3.3228	1.8809
0.42423	3.336	1.873
0.42444	3.3492	1.865
0.42466	3.3571	1.8624
0.42488	3.3704	1.8545
0.4251	3.3836	1.8518
0.42532	3.3968	1.8439
0.42554	3.4048	1.8412
0.42576	3.4127	1.8333
0.42598	3.4206	1.8254
0.4262	3.4286	1.8174
0.42642	3.4365	1.8148
0.42663	3.4444	1.8121
0.42685	3.4577	1.8095
0.42707	3.4709	1.8016
0.42729	3.4841	1.7936
0.42751	3.4921	1.791
0.42773	3.5	1.7883
0.42795	3.5132	1.7857
0.42817	3.5265	1.7777
0.42839	3.5344	1.7698
0.42861	3.5423	1.7619
0.42883	3.5556	1.7539
0.42905	3.5741	1.746
0.42927	3.582	1.7381
0.42948	3.5899	1.7301
0.4297	3.5979	1.7222
0.42992	3.6058	1.7195
0.43014	3.6085	1.7169
0.43036	3.6111	1.7143
0.43058	3.619	1.7063
0.4308	3.627	1.6984
0.43102	3.6349	1.6904
0.43124	3.6429	1.6878
0.43146	3.6508	1.6852
0.43168	3.6587	1.6825
0.4319	3.6667	1.6746
0.43212	3.6799	1.6666
0.43234	3.6931	1.664
0.43256	3.7063	1.6613
0.43278	3.7143	1.6587
0.433	3.7222	1.6508
0.43321	3.7302	1.6428
0.43343	3.7328	1.6402
0.43365	3.7354	1.6375
0.43387	3.7381	1.6349
0.43409	3.746	1.6322
0.43431	3.754	1.6296
0.43453	3.7672	1.6269
0.43475	3.7751	1.619
0.43497	3.7831	1.6164
0.43519	3.791	1.6137
0.43541	3.7989	1.6111
0.43563	3.8069	1.6084
0.43585	3.8095	1.6058
0.43607	3.8175	1.6084
0.43629	3.8307	1.6058
0.43651	3.8386	1.6031
0.43673	3.8466	1.5952
0.43695	3.8492	1.5926
0.43717	3.8571	1.5899
0.43739	3.8704	1.5926
0.43761	3.8836	1.5899
0.43783	3.8968	1.5873
0.43805	3.9048	1.5793
0.43827	3.9127	1.5767
0.43849	3.9206	1.574
0.43871	3.9286	1.5714
0.43893	3.9312	1.5687
0.43915	3.9339	1.5661
0.43937	3.9365	1.5635
0.43959	3.9444	1.5608
0.43981	3.9524	1.5582
0.44003	3.9603	1.5555
0.44025	3.9683	1.5529
0.44047	3.9762	1.5502
0.44069	3.9841	1.5476
0.44091	3.9921	1.5396
0.44113	3.9947	1.537
0.44135	3.9974	1.5344
0.44157	4	1.537
0.44179	4.0079	1.5344
0.44201	4.0106	1.5317
0.44223	4.0132	1.5291
0.44245	4.0159	1.5264
0.44267	4.0238	1.5238
0.44289	4.0317	1.5211
0.44311	4.0397	1.5185
0.44333	4.0476	1.5158
0.44355	4.0556	1.5132
0.44377	4.0635	1.5105
0.44399	4.0714	1.5132
0.44421	4.0794	1.5105
0.44443	4.0873	1.5079
0.44465	4.0952	1.5053
0.44487	4.0979	1.5026
0.44509	4.1058	1.5053
0.44531	4.1138	1.5026
0.44553	4.1217	1.5
0.44575	4.1243	1.4973
0.44597	4.127	1.4947
0.44619	4.1349	1.4973
0.44641	4.1429	1.4947
0.44663	4.1508	1.492
0.44685	4.1587	1.4894
0.44707	4.1667	1.4867
0.44729	4.1746	1.4894
0.44751	4.1825	1.4867
0.44774	4.1905	1.4894
0.44796	4.1984	1.4867
0.44818	4.2063	1.4894
0.4484	4.2143	1.4867
0.44862	4.2222	1.4894
0.44884	4.2302	1.4867
0.44906	4.2381	1.4894
0.44928	4.246	1.4867
0.4495	4.254	1.4894
0.44972	4.2619	1.4867
0.44994	4.2698	1.4841
0.45016	4.2778	1.4814
0.45038	4.2804	1.4788
0.4506	4.2831	1.4814
0.45082	4.2857	1.4788
0.45104	4.2937	1.4814
0.45127	4.3016	1.4788
0.45149	4.3095	1.4814
0.45171	4.3175	1.4788
0.45193	4.3254	1.4814
0.45215	4.3333	1.4788
0.45237	4.3413	1.4814
0.45259	4.3492	1.4788
0.45281	4.3571	1.4814
0.45303	4.3651	1.4788
0.45325	4.373	1.4814
0.45347	4.381	1.4788
0.45369	4.3889	1.4814
0.45391	4.3915	1.4788
0.45414	4.3942	1.4814
0.45436	4.3968	1.4788
0.45458	4.4048	1.4762
0.4548	4.4127	1.4735
0.45502	4.4206	1.4709
0.45524	4.4286	1.4735
0.45546	4.4365	1.4709
0.45568	4.4444	1.4735
0.4559	4.4524	1.4709
0.45612	4.4603	1.4735
0.45635	4.463	1.4709
0.45657	4.4709	1.4735
0.45679	4.4735	1.4709
0.45701	4.4815	1.4735
0.45723	4.4841	1.4709
0.45745	4.4921	1.4735
0.45767	4.5	1.4709
0.45789	4.5026	1.4682
0.45811	4.5053	1.4656
0.45834	4.5079	1.4629
0.45856	4.5159	1.4656
0.45878	4.5185	1.4629
0.459	4.5212	1.4656
0.45922	4.5238	1.4629
0.45944	4.5317	1.4656
0.45966	4.5397	1.4629
0.45988	4.5423	1.4603
0.46011	4.545	1.4576
0.46033	4.5476	1.455
0.46055	4.5556	1.4523
0.46077	4.5635	1.4497
0.46099	4.5661	1.4471
0.46121	4.5741	1.4497
0.46143	4.5767	1.4471
0.46165	4.5847	1.4497
0.46188	4.5873	1.4471
0.4621	4.5899	1.4497
0.46232	4.5926	1.4471
0.46254	4.5952	1.4497
0.46276	4.5979	1.4471
0.46298	4.6005	1.4497
0.4632	4.6032	1.4471
0.46343	4.6058	1.4444
0.46365	4.6085	1.4418
0.46387	4.6111	1.4391
0.46409	4.619	1.4418
0.46431	4.6217	1.4391
0.46453	4.6243	1.4418
0.46475	4.6217	1.4391
0.46498	4.6243	1.4418
0.4652	4.627	1.4391
0.46542	4.6296	1.4418
0.46564	4.6323	1.4391
0.46586	4.6349	1.4418
0.46608	4.6376	1.4391
0.46631	4.6402	1.4418
0.46653	4.6429	1.4391
0.46675	4.6508	1.4418
0.46697	4.6534	1.4391
0.46719	4.6561	1.4418
0.46741	4.6534	1.4391
0.46764	4.6561	1.4418
0.46786	4.6587	1.4444
0.46808	4.6614	1.4471
0.4683	4.664	1.4497
0.46852	4.6614	1.4471
0.46875	4.664	1.4444
0.46897	4.6614	1.4418
0.46919	4.664	1.4444
0.46941	4.6614	1.4471
0.46963	4.664	1.4497
0.46985	4.6614	1.4471
0.47008	4.664	1.4497
0.4703	4.6667	1.4471
0.47052	4.6693	1.4497
0.47074	4.672	1.4471
0.47096	4.6693	1.4497
0.47119	4.672	1.4471
0.47141	4.6693	1.4497
0.47163	4.672	1.4523
0.47185	4.6693	1.455
0.47207	4.672	1.4576
0.4723	4.6693	1.455
0.47252	4.672	1.4576
0.47274	4.6693	1.455
0.47296	4.672	1.4576
0.47318	4.6693	1.455
0.47341	4.672	1.4576
0.47363	4.6693	1.4603
0.47385	4.6667	1.4629
0.47407	4.664	1.4656
0.4743	4.6614	1.4629
0.47452	4.664	1.4656
0.47474	4.6614	1.4629
0.47496	4.664	1.4656
0.47518	4.6614	1.4629
0.47541	4.6587	1.4656
0.47563	4.6561	1.4682
0.47585	4.6534	1.4709
0.47607	4.6561	1.4735
0.4763	4.6534	1.4709
0.47652	4.6508	1.4735
0.47674	4.6481	1.4762
0.47696	4.6455	1.4788
0.47718	4.6481	1.4814
0.47741	4.6455	1.4841
0.47763	4.6429	1.4867
0.47785	4.6402	1.4894
0.47807	4.6429	1.492
0.4783	4.6455	1.4947
0.47852	4.6429	1.4973
0.47874	4.6402	1.5
0.47896	4.6376	1.5026
0.47919	4.6402	1.5053
0.47941	4.6429	1.5079
0.47963	4.6402	1.5105
0.47985	4.6376	1.5132
0.48008	4.6349	1.5158
0.4803	4.6376	1.5185
0.48052	4.6349	1.5211
0.48074	4.6323	1.5238
0.48097	4.6296	1.5264
0.48119	4.6323	1.5291
0.48141	4.6296	1.5317
0.48163	4.6323	1.5396
0.48186	4.6296	1.5423
0.48208	4.6323	1.5449
0.4823	4.6296	1.5476
0.48253	4.627	1.5502
0.48275	4.6243	1.5529
0.48297	4.6217	1.5555
0.48319	4.6243	1.5635
0.48342	4.6217	1.5661
0.48364	4.6243	1.5687
0.48386	4.6217	1.5714
0.48408	4.6243	1.5793
0.48431	4.6217	1.5873
0.48453	4.619	1.5899
0.48475	4.6111	1.5926
0.48498	4.6085	1.5952
0.4852	4.6058	1.6031
0.48542	4.6032	1.6058
0.48564	4.6005	1.6084
0.48587	4.5979	1.6111
0.48609	4.6005	1.619
0.48631	4.6032	1.6269
0.48654	4.6058	1.6296
0.48676	4.6032	1.6322
0.48698	4.6005	1.6349
0.4872	4.5979	1.6428
0.48743	4.6005	1.6508
0.48765	4.5979	1.6587
0.48787	4.5952	1.6613
0.4881	4.5926	1.664
0.48832	4.5952	1.6666
0.48854	4.5979	1.6746
0.48877	4.5952	1.6772
0.48899	4.5926	1.6799
0.48921	4.5899	1.6825
0.48943	4.5926	1.6904
0.48966	4.5899	1.6931
0.48988	4.5926	1.6957
0.4901	4.5899	1.6984
0.49033	4.5926	1.7063
0.49055	4.5899	1.709
0.49077	4.5926	1.7116
0.491	4.5899	1.7143
0.49122	4.5926	1.7222
0.49144	4.5899	1.7248
0.49167	4.5926	1.7275
0.49189	4.5952	1.7301
0.49211	4.5979	1.7381
0.49234	4.6005	1.746
0.49256	4.5979	1.7486
0.49278	4.6005	1.7513
0.49301	4.5979	1.7539
0.49323	4.6005	1.7619
0.49345	4.5979	1.7698
0.49368	4.6005	1.7725
0.4939	4.5979	1.7751
0.49412	4.6005	1.7777
0.49435	4.5979	1.7857
0.49457	4.5952	1.7883
0.49479	4.5926	1.791
0.49502	4.5952	1.7936
0.49524	4.5979	1.8016
0.49546	4.6005	1.8095
0.49569	4.5979	1.8121
0.49591	4.6005	1.8148
0.49613	4.5979	1.8174
0.49636	4.6005	1.8254
0.49658	4.5979	1.828
0.4968	4.6005	1.8307
0.49703	4.5979	1.8333
0.49725	4.6005	1.8412
0.49748	4.5979	1.8439
0.4977	4.5952	1.8465
0.49792	4.5926	1.8492
0.49815	4.5952	1.8571
0.49837	4.5979	1.8598
0.49859	4.5952	1.8624
0.49882	4.5926	1.865
0.49904	4.5899	1.8677
0.49926	4.5873	1.8703
0.49949	4.5847	1.873
0.49971	4.582	1.8756
0.49994	4.5847	1.8783
0.50016	4.582	1.8809
0.50038	4.5847	1.8836
0.50061	4.582	1.8862
0.50083	4.5847	1.8889
0.50105	4.582	1.8915
0.50128	4.5794	1.8941
0.5015	4.5767	1.8968
0.50173	4.5741	1.8994
0.50195	4.5714	1.9021
0.50217	4.5688	1.9047
0.5024	4.5661	1.9074
0.50262	4.5635	1.91
0.50285	4.5608	1.9074
0.50307	4.5582	1.91
0.50329	4.5556	1.9127
0.50352	4.5476	1.9153
0.50374	4.545	1.918
0.50397	4.5423	1.9153
0.50419	4.545	1.918
0.50441	4.5423	1.9206
0.50464	4.5397	1.9232
0.50486	4.537	1.9259
0.50509	4.5344	1.9285
0.50531	4.5317	1.9312
0.50553	4.5238	1.9338
0.50576	4.5159	1.9365
0.50598	4.5079	1.9391
0.50621	4.5053	1.9418
0.50643	4.5026	1.9391
0.50665	4.5	1.9418
0.50688	4.4921	1.9444
0.5071	4.4841	1.9471
0.50733	4.4762	1.9497
0.50755	4.4683	1.9471
0.50778	4.4656	1.9497
0.508	4.463	1.9523
0.50822	4.4603	1.955
0.50845	4.4524	1.9576
0.50867	4.4444	1.955
0.5089	4.4365	1.9576
0.50912	4.4233	1.955
0.50934	4.4101	1.9576
0.50957	4.3968	1.9603
0.50979	4.3889	1.9629
0.51002	4.381	1.9656
0.51024	4.373	1.9629
0.51047	4.3651	1.9656
0.51069	4.3571	1.9629
0.51092	4.3492	1.9656
0.51114	4.3413	1.9682
0.51136	4.3333	1.9709
0.51159	4.3201	1.9735
0.51181	4.3069	1.9709
0.51204	4.2937	1.9735
0.51226	4.2804	1.9762
0.51249	4.2672	1.9788
0.51271	4.254	1.9814
0.51294	4.246	1.9788
0.51316	4.2328	1.9814
0.51338	4.2196	1.9841
0.51361	4.2063	1.9867
0.51383	4.1931	1.9894
0.51406	4.1746	1.992
0.51428	4.1561	1.9947
0.51451	4.1429	1.9973
0.51473	4.1296	2
0.51496	4.1164	2.0079
0.51518	4.0979	2.0158
0.51541	4.0899	2.0185
0.51563	4.0767	2.0211
0.51586	4.0688	2.0238
0.51608	4.0503	2.0317
0.5163	4.037	2.0396
0.51653	4.0238	2.0423
0.51675	4.0106	2.0449
0.51698	3.9974	2.0476
0.5172	3.9788	2.0555
0.51743	3.9603	2.0635
0.51765	3.9418	2.0714
0.51788	3.9233	2.0793
0.5181	3.9101	2.0873
0.51833	3.8915	2.0952
0.51855	3.8836	2.0978
0.51878	3.8704	2.1005
0.519	3.8624	2.1031
0.51923	3.8492	2.1111
0.51945	3.836	2.119
0.51968	3.8228	2.1269
0.5199	3.8095	2.1349
0.52013	3.7963	2.1428
0.52035	3.7831	2.1508
0.52058	3.7698	2.1587
0.5208	3.7566	2.1666
0.52103	3.7487	2.1693
0.52125	3.7407	2.1719
0.52148	3.7381	2.1746
0.5217	3.7302	2.1825
0.52193	3.7169	2.1904
0.52215	3.7037	2.1984
0.52238	3.6905	2.2063
0.5226	3.6825	2.2143
0.52283	3.6746	2.2222
0.52305	3.672	2.2248
0.52328	3.664	2.2275
0.5235	3.6561	2.2301
0.52373	3.6429	2.2381
0.52395	3.6349	2.246
0.52418	3.627	2.2539
0.5244	3.6243	2.2566
0.52463	3.6217	2.2592
0.52485	3.619	2.2619
0.52508	3.6111	2.2698
0.5253	3.6085	2.2725
0.52553	3.6058	2.2751
0.52575	3.6032	2.2777
0.52598	3.5952	2.2857
0.52621	3.5926	2.2883
0.52643	3.5899	2.291
0.52666	3.5926	2.2936
0.52688	3.5952	2.2963
0.52711	3.5979	2.2989
0.52733	3.6005	2.2963
0.52756	3.5979	2.2989
0.52778	3.5952	2.3016
0.52801	3.5926	2.3095
0.52823	3.5952	2.3121
0.52846	3.5979	2.3148
0.52868	3.5952	2.3174
0.52891	3.5979	2.3201
0.52914	3.6005	2.3227
0.52936	3.6085	2.3201
0.52959	3.6111	2.3227
0.52981	3.619	2.3201
0.53004	3.6217	2.3227
0.53026	3.6296	2.3201
0.53049	3.6323	2.3227
0.53071	3.6402	2.3201
0.53094	3.6429	2.3227
0.53117	3.6508	2.3201
0.53139	3.6587	2.3227
0.53162	3.6667	2.3201
0.53184	3.6693	2.3227
0.53207	3.6772	2.3201
0.53229	3.6852	2.3174
0.53252	3.6984	2.3148
0.53274	3.7063	2.3121
0.53297	3.709	2.3148
0.5332	3.7169	2.3121
0.53342	3.7249	2.3095
0.53365	3.7381	2.3068
0.53387	3.746	2.3042
0.5341	3.7593	2.3016
0.53432	3.7672	2.2989
0.53455	3.7804	2.2963
0.53478	3.7884	2.2936
0.535	3.8016	2.2857
0.53523	3.8095	2.283
0.53545	3.8175	2.2804
0.53568	3.8307	2.2777
0.53591	3.8439	2.2698
0.53613	3.8624	2.2619
0.53636	3.8704	2.2592
0.53658	3.8836	2.2566
0.53681	3.8915	2.2539
0.53704	3.9101	2.246
0.53726	3.918	2.2434
0.53749	3.9259	2.2407
0.53771	3.9339	2.2381
0.53794	3.9471	2.2301
0.53817	3.9656	2.2222
0.53839	3.9788	2.2143
0.53862	3.9921	2.2116
0.53884	4	2.209
0.53907	4.0132	2.2063
0.5393	4.0265	2.1984
0.53952	4.045	2.1904
0.53975	4.0582	2.1825
0.53997	4.0767	2.1746
0.5402	4.0847	2.1719
0.54043	4.0979	2.1693
0.54065	4.1058	2.1666
0.54088	4.1243	2.1587
0.5411	4.1376	2.1508
0.54133	4.1561	2.1428
0.54156	4.1746	2.1349
0.54178	4.1931	2.1269
0.54201	4.2063	2.1243
0.54224	4.2143	2.1217
0.54246	4.2275	2.119
0.54269	4.246	2.1111
0.54291	4.2646	2.1031
0.54314	4.2831	2.0952
0.54337	4.2963	2.0873
0.54359	4.3148	2.0793
0.54382	4.328	2.0714
0.54405	4.3466	2.0635
0.54427	4.3598	2.0555
0.5445	4.3783	2.0476
0.54472	4.3915	2.0396
0.54495	4.4101	2.0317
0.54518	4.418	2.0291
0.5454	4.4312	2.0264
0.54563	4.4392	2.0238
0.54586	4.4577	2.0158
0.54608	4.4762	2.0079
0.54631	4.4947	2
0.54654	4.5132	1.992
0.54676	4.5265	1.9841
0.54699	4.545	1.9762
0.54722	4.5582	1.9682
0.54744	4.5714	1.9603
0.54767	4.5847	1.9523
0.54789	4.5979	1.9444
0.54812	4.6164	1.9365
0.54835	4.6296	1.9285
0.54857	4.6481	1.9206
0.5488	4.6614	1.9127
0.54903	4.6799	1.9047
0.54925	4.6931	1.8968
0.54948	4.7116	1.8889
0.54971	4.7249	1.8809
0.54993	4.7381	1.873
0.55016	4.7513	1.865
0.55039	4.7646	1.8571
0.55061	4.7831	1.8492
0.55084	4.7963	1.8412
0.55107	4.8148	1.8333
0.55129	4.828	1.8254
0.55152	4.8466	1.8174
0.55175	4.8598	1.8095
0.55197	4.8783	1.8016
0.5522	4.8915	1.7936
0.55243	4.9101	1.7857
0.55266	4.9233	1.7777
0.55288	4.9365	1.7698
0.55311	4.9497	1.7619
0.55334	4.963	1.7539
0.55356	4.9762	1.746
0.55379	4.9894	1.7381
0.55402	5.0026	1.7301
0.55424	5.0212	1.7222
0.55447	5.0344	1.7143
0.5547	5.0529	1.7063
0.55492	5.0661	1.6984
0.55515	5.0794	1.6904
0.55538	5.0926	1.6825
0.5556	5.1058	1.6746
0.55583	5.119	1.6666
0.55606	5.127	1.664
0.55629	5.1349	1.6613
0.55651	5.1429	1.6587
0.55674	5.1561	1.6508
0.55697	5.1693	1.6428
0.55719	5.1825	1.6349
0.55742	5.1905	1.6269
0.55765	5.2037	1.619
0.55788	5.2169	1.6111
0.5581	5.2302	1.6031
0.55833	5.2381	1.5952
0.55856	5.2513	1.5873
0.55878	5.2646	1.5793
0.55901	5.2778	1.5714
0.55924	5.2857	1.5635
0.55947	5.2989	1.5555
0.55969	5.3122	1.5476
0.55992	5.3254	1.5396
0.56015	5.3333	1.5317
0.56037	5.3413	1.5238
0.5606	5.3545	1.5158
0.56083	5.3624	1.5132
0.56106	5.3704	1.5105
0.56128	5.373	1.5079
0.56151	5.381	1.5
0.56174	5.3889	1.492
0.56197	5.3968	1.4841
0.56219	5.4048	1.4762
0.56242	5.4127	1.4682
0.56265	5.4206	1.4603
0.56287	5.4286	1.4523
0.5631	5.4365	1.4444
0.56333	5.4444	1.4365
0.56356	5.4524	1.4285
0.56378	5.455	1.4259
0.56401	5.4577	1.4232
0.56424	5.4603	1.4206
0.56447	5.4683	1.4127
0.56469	5.4762	1.4047
0.56492	5.4788	1.3968
0.56515	5.4815	1.3889
0.56538	5.4841	1.3809
0.5656	5.4921	1.373
0.56583	5.5	1.365
0.56606	5.5026	1.3624
0.56629	5.5053	1.3598
0.56651	5.5026	1.3571
0.56674	5.5053	1.3492
0.56697	5.5079	1.3412
0.5672	5.5159	1.3333
0.56743	5.5238	1.3254
0.56765	5.5212	1.3227
0.56788	5.5185	1.3201
0.56811	5.5159	1.3174
0.56834	5.5238	1.3095
0.56856	5.5317	1.3016
0.56879	5.5397	1.2936
0.56902	5.537	1.291
0.56925	5.5344	1.2883
0.56947	5.5317	1.2857
0.5697	5.5397	1.2777
0.56993	5.5476	1.2698
0.57016	5.545	1.2672
0.57039	5.5423	1.2645
0.57061	5.5397	1.2619
0.57084	5.5476	1.2539
0.57107	5.5503	1.246
0.5713	5.5476	1.2434
0.57152	5.545	1.2407
0.57175	5.5476	1.2381
0.57198	5.5503	1.2301
0.57221	5.5476	1.2275
0.57244	5.545	1.2248
0.57266	5.5476	1.2222
0.57289	5.5503	1.2143
0.57312	5.5476	1.2116
0.57335	5.545	1.209
0.57358	5.5476	1.2063
0.5738	5.5556	1.1984
0.57403	5.5529	1.1957
0.57426	5.5503	1.1931
0.57449	5.5476	1.1904
0.57472	5.5503	1.1878
0.57494	5.5476	1.1852
0.57517	5.545	1.1825
0.5754	5.5423	1.1799
0.57563	5.545	1.1772
0.57586	5.5423	1.1746
0.57609	5.5397	1.1719
0.57631	5.537	1.1693
0.57654	5.5397	1.1666
0.57677	5.537	1.164
0.577	5.5344	1.1613
0.57723	5.5317	1.1587
0.57745	5.5397	1.1508
0.57768	5.537	1.1481
0.57791	5.5344	1.1455
0.57814	5.5265	1.1481
0.57837	5.5291	1.1455
0.5786	5.5265	1.1428
0.57882	5.5238	1.1402
0.57905	5.5212	1.1375
0.57928	5.5238	1.1349
0.57951	5.5212	1.1322
0.57974	5.5185	1.1296
0.57996	5.5106	1.1322
0.58019	5.5132	1.1296
0.58042	5.5159	1.1269
0.58065	5.5132	1.1243
0.58088	5.5106	1.1217
0.58111	5.5079	1.119
0.58134	5.5106	1.1164
0.58156	5.5132	1.1137
0.58179	5.5053	1.1164
0.58202	5.5026	1.1137
0.58225	5.5	1.1111
0.58248	5.5026	1.1084
0.58271	5.5053	1.1058
0.58293	5.4974	1.1084
0.58316	5.4947	1.1058
0.58339	5.4868	1.1084
0.58362	5.4894	1.1058
0.58385	5.4921	1.1031
0.58408	5.4894	1.1005
0.58431	5.4868	1.0978
0.58453	5.4788	1.1005
0.58476	5.4815	1.0978
0.58499	5.4788	1.1005
0.58522	5.4815	1.0978
0.58545	5.4788	1.0952
0.58568	5.4762	1.0926
0.58591	5.4735	1.0899
0.58613	5.4709	1.0926
0.58636	5.4735	1.0899
0.58659	5.4709	1.0926
0.58682	5.4683	1.0899
0.58705	5.4656	1.0873
0.58728	5.463	1.0846
0.58751	5.4656	1.082
0.58774	5.463	1.0846
0.58796	5.4656	1.082
0.58819	5.463	1.0846
0.58842	5.4603	1.082
0.58865	5.4577	1.0793
0.58888	5.455	1.0767
0.58911	5.4577	1.074
0.58934	5.455	1.0767
0.58957	5.4577	1.074
0.58979	5.455	1.0767
0.59002	5.4577	1.074
0.59025	5.4603	1.0714
0.59048	5.463	1.0687
0.59071	5.4656	1.0661
0.59094	5.463	1.0687
0.59117	5.4656	1.0661
0.5914	5.4683	1.0635
0.59163	5.4709	1.0608
0.59185	5.4683	1.0582
0.59208	5.4603	1.0608
0.59231	5.4577	1.0582
0.59254	5.4603	1.0555
0.59277	5.463	1.0529
0.593	5.4656	1.0502
0.59323	5.463	1.0529
0.59346	5.4656	1.0502
0.59369	5.4683	1.0476
0.59392	5.4709	1.0449
0.59415	5.4735	1.0423
0.59437	5.4762	1.0396
0.5946	5.4841	1.0317
0.59483	5.4868	1.0291
0.59506	5.4841	1.0264
0.59529	5.4815	1.0238
0.59552	5.4788	1.0211
0.59575	5.4815	1.0185
0.59598	5.4788	1.0211
0.59621	5.4815	1.0185
0.59644	5.4841	1.0158
0.59667	5.4868	1.0132
0.5969	5.4894	1.0105
0.59712	5.4868	1.0079
0.59735	5.4894	0.99996
0.59758	5.4868	0.99732
0.59781	5.4894	0.99467
0.59804	5.4921	0.99203
0.59827	5.4947	0.98938
0.5985	5.4921	0.98674
0.59873	5.4894	0.98409
0.59896	5.4921	0.97616
0.59919	5.4947	0.97351
0.59942	5.4974	0.97086
0.59965	5.5	0.96822
0.59988	5.5026	0.96028
0.60011	5.5	0.95764
0.60034	5.4974	0.95499
0.60056	5.5	0.95235
0.60079	5.5026	0.9497
0.60102	5.5053	0.94705
0.60125	5.5026	0.94441
0.60148	5.5053	0.93647
0.60171	5.5026	0.93383
0.60194	5.5053	0.93118
0.60217	5.5026	0.92854
0.6024	5.5053	0.9206
0.60263	5.5026	0.91795
0.60286	5.5053	0.91531
0.60309	5.5026	0.91266
0.60332	5.5053	0.90473
0.60355	5.5079	0.89679
0.60378	5.5106	0.89414
0.60401	5.5132	0.8915
0.60424	5.5106	0.88885
0.60447	5.5132	0.88092
0.6047	5.5106	0.87827
0.60493	5.5132	0.87563
0.60516	5.5106	0.87298
0.60539	5.5132	0.86504
0.60562	5.5159	0.85711
0.60585	5.5132	0.85446
0.60607	5.5106	0.85182
0.6063	5.5079	0.84917
0.60653	5.5106	0.84123
0.60676	5.5132	0.8333
0.60699	5.5106	0.83065
0.60722	5.5132	0.82801
0.60745	5.5106	0.82536
0.60768	5.5132	0.81743
0.60791	5.5106	0.81478
0.60814	5.5132	0.81213
0.60837	5.5106	0.80949
0.6086	5.5132	0.80155
0.60883	5.5159	0.79362
0.60906	5.5185	0.79097
0.60929	5.5159	0.78832
0.60952	5.5132	0.78568
0.60975	5.5106	0.77774
0.60998	5.5079	0.7751
0.61021	5.5053	0.77245
0.61044	5.5079	0.76981
0.61067	5.5106	0.76187
0.6109	5.5132	0.75393
0.61113	5.5106	0.75129
0.61136	5.5079	0.74864
0.61159	5.5053	0.746
0.61182	5.5079	0.73806
0.61205	5.5106	0.73541
0.61228	5.5079	0.73277
0.61251	5.5053	0.73012
0.61274	5.5026	0.72219
0.61297	5.5	0.71954
0.6132	5.4974	0.7169
0.61343	5.4947	0.71425
0.61366	5.4974	0.70631
0.61389	5.4947	0.69838
0.61412	5.4921	0.69573
0.61435	5.4894	0.69309
0.61458	5.4868	0.69044
0.61481	5.4894	0.6825
0.61504	5.4868	0.67986
0.61527	5.4894	0.67721
0.6155	5.4868	0.67457
0.61573	5.4894	0.66663
0.61596	5.4815	0.66399
0.61619	5.4788	0.66134
0.61642	5.4709	0.65869
0.61666	5.4735	0.65076
0.61689	5.4709	0.64811
0.61712	5.4683	0.64547
0.61735	5.4656	0.64282
0.61758	5.463	0.64018
0.61781	5.4603	0.63753
0.61804	5.4577	0.63489
0.61827	5.455	0.62695
0.6185	5.4524	0.6243
0.61873	5.4497	0.62166
0.61896	5.4471	0.61901
0.61919	5.4444	0.61637
0.61942	5.4418	0.61372
0.61965	5.4392	0.61108
0.61988	5.4418	0.60314
0.62011	5.4392	0.60049
0.62034	5.4365	0.59785
0.62057	5.4339	0.5952
0.6208	5.4312	0.59256
0.62103	5.4286	0.58991
0.62126	5.4206	0.59256
0.62149	5.418	0.58991
0.62172	5.4153	0.58727
0.62195	5.4127	0.58462
0.62219	5.4048	0.58198
0.62242	5.4021	0.57933
0.62265	5.3995	0.57668
0.62288	5.3968	0.57404
0.62311	5.3889	0.57668
0.62334	5.3862	0.57404
0.62357	5.3836	0.57139
0.6238	5.381	0.56875
0.62403	5.373	0.5661
0.62426	5.3704	0.56346
0.62449	5.3677	0.56081
0.62472	5.3651	0.55817
0.62495	5.3624	0.55552
0.62518	5.3598	0.55287
0.62541	5.3571	0.55023
0.62565	5.3492	0.55287
0.62588	5.3466	0.55023
0.62611	5.3439	0.54758
0.62634	5.3413	0.54494
0.62657	5.3333	0.54229
0.6268	5.3254	0.54494
0.62703	5.3228	0.54229
0.62726	5.3201	0.53965
0.62749	5.3175	0.537
0.62772	5.3095	0.53436
0.62795	5.3016	0.537
0.62818	5.2989	0.53436
0.62842	5.2963	0.53171
0.62865	5.2937	0.52907
0.62888	5.291	0.52642
0.62911	5.2884	0.52907
0.62934	5.2857	0.52642
0.62957	5.2778	0.52377
0.6298	5.2698	0.52113
0.63003	5.2672	0.51848
0.63026	5.2646	0.51584
0.63049	5.2619	0.51319
0.63072	5.2593	0.51055
0.63096	5.2566	0.51319
0.63119	5.254	0.51055
0.63142	5.2513	0.50789
0.63165	5.2487	0.50523
0.63188	5.2513	0.50255
0.63211	5.2434	0.50518
0.63234	5.2407	0.50247
0.63257	5.2328	0.50507
0.6328	5.2302	0.50229
0.63304	5.2222	0.50485
0.63327	5.2143	0.50195
0.6335	5.2063	0.50442
0.63373	5.2037	0.50127
0.63396	5.2011	0.50358
0.63419	5.2037	0.49994
0.63442	5.2011	0.50192
0.63465	5.1984	0.49731
0.63488	5.1905	0.49866
0.63512	5.1878	0.49215
0.63535	5.1852	0.48958
0.63558	5.1825	0.48437
0.63581	5.1746	0.48437
0.63604	5.172	0.48436
0.63627	5.1693	0.48434
0.6365	5.1667	0.48431
0.63673	5.1587	0.48424
0.63697	5.1561	0.4841
0.6372	5.1534	0.48383
0.63743	5.1508	0.48326
0.63766	5.1429	0.48211
0.63789	5.1402	0.47977
0.63812	5.1376	0.47501
0.63835	5.1349	0.47591
0.63859	5.127	0.47775
0.63882	5.119	0.48147
0.63905	5.1164	0.47848
0.63928	5.1138	0.47239
0.63951	5.1111	0.47048
0.63974	5.1085	0.46662
0.63997	5.1058	0.4692
0.64021	5.1085	0.46398
0.64044	5.1058	0.46371
0.64067	5.1032	0.46315
0.6409	5.1005	0.462
0.64113	5.0979	0.4596
0.64136	5.0952	0.45455
0.64159	5.0926	0.45455
0.64183	5.0899	0.45455
0.64206	5.0873	0.45455
0.64229	5.0847	0.45455
0.64252	5.082	0.45455
0.64275	5.0794	0.45455
0.64298	5.0714	0.45455
0.64322	5.0688	0.45455
0.64345	5.0661	0.45455
0.64368	5.0635	0.45455
0.64391	5.0608	0.45455
0.64414	5.0582	0.45455
0.64437	5.0608	0.45455
0.64461	5.0582	0.45455
0.64484	5.0556	0.45455
0.64507	5.0476	0.45455
0.6453	5.045	0.45455
0.64553	5.0423	0.45455
0.64576	5.0397	0.45455
0.646	5.0317	0.45455
0.64623	5.0291	0.45455
0.64646	5.0265	0.45456
0.64669	5.0238	0.45457
0.64692	5.0212	0.45459
0.64716	5.0185	0.45465
0.64739	5.0159	0.45476
0.64762	5.0132	0.45499
0.64785	5.0106	0.45547
0.64808	5.0079	0.4565
0.64831	5	0.45864
0.64855	4.9921	0.46315
0.64878	4.9894	0.462
0.64901	4.9868	0.4596
0.64924	4.9894	0.45455
0.64947	4.9868	0.45455
0.64971	4.9841	0.45456
0.64994	4.9762	0.45457
0.65017	4.9735	0.45459
0.6504	4.9709	0.45465
0.65063	4.9683	0.45476
0.65087	4.9656	0.45499
0.6511	4.963	0.45547
0.65133	4.9603	0.4565
0.65156	4.9524	0.45864
0.65179	4.9444	0.46315
0.65203	4.9418	0.462
0.65226	4.9392	0.4596
0.65249	4.9418	0.45455
0.65272	4.9392	0.45455
0.65295	4.9365	0.45455
0.65319	4.9339	0.45455
0.65342	4.9312	0.45455
0.65365	4.9339	0.45455
0.65388	4.9312	0.45455
0.65412	4.9286	0.45455
0.65435	4.9259	0.45456
0.65458	4.9233	0.45457
0.65481	4.9206	0.45459
0.65504	4.918	0.45465
0.65528	4.9153	0.45476
0.65551	4.918	0.455
0.65574	4.9153	0.4555
0.65597	4.9127	0.45656
0.65621	4.9048	0.45877
0.65644	4.9021	0.46342
0.65667	4.8995	0.46257
0.6569	4.9021	0.46078
0.65713	4.8995	0.45702
0.65737	4.8968	0.45974
0.6576	4.8889	0.46546
0.65783	4.8862	0.46676
0.65806	4.8836	0.46949
0.6583	4.8862	0.46459
0.65853	4.8836	0.46497
0.65876	4.881	0.46579
0.65899	4.8783	0.46744
0.65923	4.8757	0.47092
0.65946	4.8783	0.4675
0.65969	4.8757	0.47104
0.65992	4.873	0.46775
0.66016	4.8651	0.47156
0.66039	4.8624	0.46883
0.66062	4.8598	0.47381
0.66085	4.8571	0.47343
0.66109	4.8545	0.47266
0.66132	4.8519	0.47104
0.66155	4.8492	0.46775
0.66178	4.8413	0.47156
0.66202	4.8386	0.46882
0.66225	4.836	0.47378
0.66248	4.8386	0.47338
0.66271	4.836	0.47256
0.66295	4.8333	0.47084
0.66318	4.8307	0.46735
0.66341	4.828	0.47073
0.66364	4.8254	0.46712
0.66388	4.8175	0.47026
0.66411	4.8148	0.46615
0.66434	4.8122	0.46822
0.66458	4.8095	0.46197
0.66481	4.8069	0.45954
0.66504	4.8042	0.45443
0.66527	4.8016	0.4543
0.66551	4.7989	0.45404
0.66574	4.7963	0.45348
0.66597	4.7989	0.45231
0.6662	4.7963	0.44985
0.66644	4.7989	0.44468
0.66667	4.7963	0.44439
0.6669	4.7937	0.44376
0.66714	4.791	0.44245
0.66737	4.7884	0.4396
0.6676	4.791	0.43362
0.66783	4.7884	0.43136
0.66807	4.791	0.42645
0.6683	4.7884	0.42642
0.66853	4.791	0.42637
0.66877	4.7884	0.42625
0.669	4.7857	0.426
0.66923	4.7831	0.42545
0.66946	4.7804	0.42425
0.6697	4.7778	0.42164
0.66993	4.7751	0.41598
0.67016	4.7725	0.41422
0.6704	4.7751	0.4104
0.67063	4.7725	0.41261
0.67086	4.7751	0.40688
0.67109	4.7725	0.40476
0.67133	4.7751	0.4
0.67156	4.7725	0.4
0.67179	4.7698	0.4
0.67203	4.7672	0.4
0.67226	4.7646	0.39999
0.67249	4.7619	0.39999
0.67273	4.7593	0.39997
0.67296	4.7566	0.39992
0.67319	4.754	0.39983
0.67343	4.746	0.39962
0.67366	4.7381	0.39914
0.67389	4.7354	0.39806
0.67412	4.7328	0.39564
0.67436	4.7354	0.3902
0.67459	4.7328	0.38855
0.67482	4.7302	0.38486
0.67506	4.7275	0.38712
0.67529	4.7249	0.38161
0.67552	4.7222	0.37963
0.67576	4.7196	0.375
0.67599	4.7169	0.37499
0.67622	4.7143	0.37498
0.67646	4.7116	0.37494
0.67669	4.709	0.37487
0.67692	4.7063	0.37469
0.67716	4.7037	0.37428
0.67739	4.7011	0.37331
0.67762	4.6984	0.37106
0.67786	4.6958	0.36582
0.67809	4.6931	0.36428
0.67832	4.6905	0.3607
0.67856	4.6878	0.36301
0.67879	4.6852	0.35771
0.67902	4.6825	0.35584
0.67926	4.6799	0.35131
0.67949	4.6772	0.35125
0.67972	4.6746	0.3511
0.67996	4.672	0.35075
0.68019	4.6693	0.34988
0.68042	4.672	0.3478
0.68066	4.6693	0.34274
0.68089	4.6667	0.3413
0.68112	4.664	0.33782
0.68136	4.6614	0.34018
0.68159	4.6587	0.33507
0.68182	4.6508	0.33333
0.68206	4.6429	0.32895
0.68229	4.6349	0.32895
0.68253	4.6323	0.32894
0.68276	4.6296	0.32893
0.68299	4.627	0.32892
0.68323	4.619	0.32887
0.68346	4.6111	0.32875
0.68369	4.6085	0.32844
0.68393	4.6058	0.32768
0.68416	4.6085	0.32576
0.68439	4.6058	0.32091
0.68463	4.6032	0.31965
0.68486	4.5952	0.31649
0.68509	4.5873	0.3195
0.68533	4.5847	0.31611
0.68556	4.582	0.31851
0.6858	4.5847	0.31359
0.68603	4.582	0.31197
0.68626	4.5794	0.30769
0.6865	4.5714	0.30769
0.68673	4.5635	0.30769
0.68696	4.5608	0.30768
0.6872	4.5582	0.30767
0.68743	4.5556	0.30763
0.68767	4.5529	0.30753
0.6879	4.5503	0.30727
0.68813	4.5476	0.30659
0.68837	4.5397	0.30481
0.6886	4.537	0.30012
0.68883	4.5344	0.29895
0.68907	4.5317	0.29587
0.6893	4.5238	0.29894
0.68954	4.5212	0.29587
0.68977	4.5185	0.29893
0.69	4.5159	0.29583
0.69024	4.5079	0.29882
0.69047	4.5	0.29555
0.69071	4.4921	0.29807
0.69094	4.4894	0.29355
0.69117	4.4868	0.29264
0.69141	4.4841	0.29015
0.69164	4.4762	0.29475
0.69188	4.4683	0.29587
0.69211	4.4603	0.29895
0.69234	4.4577	0.29588
0.69258	4.4497	0.29895
0.69281	4.4471	0.29589
0.69305	4.4339	0.299
0.69328	4.4312	0.29602
0.69351	4.4233	0.29934
0.69375	4.4206	0.29692
0.69398	4.4127	0.30179
0.69422	4.4048	0.30343
0.69445	4.3968	0.30772
0.69468	4.3889	0.30776
0.69492	4.381	0.30786
0.69515	4.373	0.30814
0.69539	4.3651	0.30888
0.69562	4.3571	0.3108
0.69586	4.3492	0.31585
0.69609	4.3413	0.31778
0.69632	4.3333	0.32283
0.69656	4.3254	0.3246
0.69679	4.3175	0.32903
0.69703	4.3095	0.32916
0.69726	4.3016	0.32949
0.69749	4.2937	0.33032
0.69773	4.2857	0.33241
0.69796	4.2778	0.33767
0.6982	4.2698	0.33975
0.69843	4.2619	0.34501
0.69867	4.254	0.34689
0.6989	4.246	0.35146
0.69914	4.2381	0.35162
0.69937	4.2302	0.35201
0.6996	4.2222	0.35294
0.69984	4.2143	0.35521
0.70007	4.2063	0.3607
0.70031	4.1984	0.36296
0.70054	4.1905	0.36845
0.70078	4.1825	0.37052
0.70101	4.1746	0.37534
0.70124	4.1667	0.37579
0.70148	4.1587	0.37685
0.70171	4.1508	0.37931
0.70195	4.1429	0.38506
0.70218	4.1349	0.38753
0.70242	4.127	0.39331
0.70265	4.119	0.39566
0.70289	4.1111	0.40095
0.70312	4.1032	0.40214
0.70335	4.0952	0.40481
0.70359	4.0873	0.41081
0.70382	4.0794	0.41347
0.70406	4.0714	0.41946
0.70429	4.0635	0.42189
0.70453	4.0556	0.42718
0.70476	4.0476	0.42801
0.705	4.0397	0.42981
0.70523	4.0317	0.43372
0.70547	4.0185	0.44221
0.7057	4.0053	0.4497
0.70593	3.9974	0.45497
0.70617	3.9947	0.45543
0.7064	3.9921	0.45641
0.70664	3.9841	0.45847
0.70687	3.9762	0.46278
0.70711	3.963	0.47184
0.70734	3.955	0.47991
0.70758	3.9471	0.4859
0.70781	3.9444	0.48747
0.70805	3.9365	0.49067
0.70828	3.9286	0.49607
0.70852	3.9206	0.5032
0.70875	3.9127	0.51114
0.70899	3.9048	0.51908
0.70922	3.8968	0.52701
0.70946	3.8836	0.53495
0.70969	3.8704	0.54288
0.70993	3.8571	0.55082
0.71016	3.8545	0.55347
0.7104	3.8519	0.55611
0.71063	3.8492	0.55876
0.71086	3.8413	0.56669
0.7111	3.8333	0.57463
0.71133	3.8254	0.58257
0.71157	3.8122	0.5905
0.7118	3.7989	0.59844
0.71204	3.7857	0.60638
0.71227	3.7778	0.61431
0.71251	3.7698	0.62225
0.71274	3.7619	0.63019
0.71298	3.7487	0.64341
0.71321	3.7302	0.65664
0.71345	3.7116	0.66987
0.71368	3.6984	0.67781
0.71392	3.6905	0.68574
0.71415	3.6825	0.69368
0.71439	3.6746	0.70161
0.71462	3.6667	0.70955
0.71486	3.6534	0.72278
0.71509	3.6402	0.73601
0.71533	3.627	0.74923
0.71556	3.6243	0.75717
0.7158	3.6164	0.7704
0.71603	3.6085	0.78363
0.71627	3.5952	0.79685
0.7165	3.5873	0.80479
0.71674	3.5741	0.81802
0.71698	3.5608	0.83124
0.71721	3.5529	0.84447
0.71745	3.545	0.8577
0.71768	3.537	0.87093
0.71792	3.5185	0.88945
0.71815	3.5106	0.90267
0.71839	3.4974	0.92119
0.71862	3.4894	0.93442
0.71886	3.4815	0.94765
0.71909	3.4788	0.96087
0.71933	3.4709	0.97939
0.71956	3.463	0.99791
0.7198	3.4497	1.0164
0.72003	3.4471	1.0297
0.72027	3.4339	1.0482
0.7205	3.4312	1.0614
0.72074	3.4233	1.0799
0.72097	3.4206	1.0984
0.72121	3.4074	1.1222
0.72144	3.3942	1.1461
0.72168	3.381	1.1699
0.72192	3.373	1.1937
0.72215	3.3704	1.2122
0.72239	3.3677	1.2307
0.72262	3.3651	1.2492
0.72286	3.3571	1.273
0.72309	3.3492	1.2969
0.72333	3.336	1.326
0.72356	3.3228	1.3551
0.7238	3.3095	1.3842
0.72403	3.3069	1.408
0.72427	3.3042	1.4318
0.72451	3.3016	1.4556
0.72474	3.2989	1.4794
0.72498	3.2963	1.5032
0.72521	3.2937	1.527
0.72545	3.2857	1.5561
0.72568	3.2778	1.5852
0.72592	3.2751	1.6143
0.72615	3.2725	1.6434
0.72639	3.2698	1.6725
0.72662	3.2672	1.7016
0.72686	3.2646	1.7307
0.7271	3.2672	1.7598
0.72733	3.2646	1.7889
0.72757	3.2619	1.818
0.7278	3.2593	1.8471
0.72804	3.2566	1.8815
0.72827	3.2593	1.9106
0.72851	3.2566	1.945
0.72875	3.2646	1.9741
0.72898	3.2725	2.0032
0.72922	3.2804	2.0323
0.72945	3.2831	2.0614
0.72969	3.2857	2.0958
0.72992	3.2937	2.1249
0.73016	3.3016	2.1593
0.7304	3.3095	2.1884
0.73063	3.3175	2.2228
0.73087	3.3201	2.2572
0.7311	3.3228	2.2916
0.73134	3.3307	2.3207
0.73157	3.3439	2.3498
0.73181	3.3571	2.3789
0.73205	3.3651	2.4133
0.73228	3.3783	2.4424
0.73252	3.3915	2.4715
0.73275	3.4048	2.5006
0.73299	3.418	2.5244
0.73322	3.4312	2.5535
0.73346	3.4444	2.5773
0.7337	3.4577	2.6064
0.73393	3.4709	2.6302
0.73417	3.4894	2.6487
0.7344	3.5079	2.6672
0.73464	3.5265	2.6857
0.73488	3.545	2.7043
0.73511	3.5635	2.7175
0.73535	3.582	2.7307
0.73558	3.6005	2.7439
0.73582	3.619	2.7519
0.73606	3.6376	2.7598
0.73629	3.6561	2.7678
0.73653	3.6746	2.7757
0.73676	3.6984	2.773
0.737	3.7169	2.7704
0.73724	3.7354	2.7678
0.73747	3.754	2.7651
0.73771	3.7778	2.7519
0.73794	3.8069	2.7334
0.73818	3.836	2.7148
0.73842	3.8651	2.6963
0.73865	3.8889	2.6778
0.73889	3.9127	2.654
0.73913	3.9365	2.6302
0.73936	3.9603	2.6064
0.7396	3.9841	2.5826
0.73983	4.0079	2.5588
0.74007	4.0317	2.5297
0.74031	4.0608	2.4953
0.74054	4.0899	2.4609
0.74078	4.119	2.4265
0.74101	4.1481	2.3921
0.74125	4.1772	2.3524
0.74149	4.2063	2.3127
0.74172	4.2302	2.273
0.74196	4.2593	2.2334
0.7422	4.2937	2.1884
0.74243	4.328	2.1434
0.74267	4.3571	2.0984
0.7429	4.3862	2.0588
0.74314	4.4153	2.0191
0.74338	4.4497	1.9741
0.74361	4.4788	1.9291
0.74385	4.5079	1.8842
0.74409	4.5317	1.8445
0.74432	4.5608	1.8048
0.74456	4.5899	1.7651
0.7448	4.619	1.7254
0.74503	4.6429	1.6857
0.74527	4.6667	1.6461
0.7455	4.6905	1.6064
0.74574	4.7143	1.5667
0.74598	4.7381	1.527
0.74621	4.7566	1.4926
0.74645	4.7751	1.4582
0.74669	4.7937	1.4238
0.74692	4.8122	1.3894
0.74716	4.8307	1.3551
0.7474	4.8439	1.326
0.74763	4.8571	1.2969
0.74787	4.8704	1.2678
0.74811	4.8836	1.2387
0.74834	4.8915	1.2096
0.74858	4.8995	1.1805
0.74882	4.9074	1.1514
0.74905	4.9206	1.1222
0.74929	4.9233	1.0984
0.74952	4.9312	1.0746
0.74976	4.9339	1.0508
0.75	4.9418	1.027
0.75023	4.9444	1.0032
0.75047	4.9471	0.97939
0.75071	4.9497	0.95558
0.75094	4.9471	0.93706
0.75118	4.9497	0.91855
0.75142	4.9524	0.90003
0.75165	4.9497	0.88151
0.75189	4.9418	0.86828
0.75213	4.9339	0.85505
0.75236	4.9259	0.84183
0.7526	4.9233	0.82331
0.75284	4.9153	0.81008
0.75307	4.9074	0.79685
0.75331	4.8942	0.78892
0.75355	4.8862	0.77569
0.75379	4.8783	0.76246
0.75402	4.8704	0.74923
0.75426	4.8519	0.7413
0.7545	4.8439	0.72807
0.75473	4.8307	0.71484
0.75497	4.8228	0.70161
0.75521	4.8148	0.68839
0.75544	4.8069	0.67516
0.75568	4.7989	0.66193
0.75592	4.7804	0.654
0.75615	4.7672	0.64606
0.75639	4.7487	0.63812
0.75663	4.7354	0.63019
0.75686	4.7222	0.62225
0.7571	4.7143	0.61431
0.75734	4.7063	0.60638
0.75757	4.6931	0.60373
0.75781	4.6799	0.59579
0.75805	4.6614	0.59315
0.75829	4.6481	0.58521
0.75852	4.6296	0.58257
0.75876	4.6164	0.57463
0.759	4.6085	0.5614
0.75923	4.6058	0.54818
0.75947	4.6032	0.53495
0.75971	4.5899	0.52701
0.75994	4.5767	0.51908
0.76018	4.5635	0.51114
0.76042	4.5556	0.50167
0.76066	4.5423	0.49702
0.76089	4.5291	0.4889
0.76113	4.5159	0.48305
0.76137	4.5132	0.47115
0.7616	4.5053	0.46792
0.76184	4.5026	0.46135
0.76208	4.4894	0.45825
0.76232	4.4815	0.45173
0.76255	4.463	0.44863
0.76279	4.455	0.44212
0.76303	4.4418	0.43889
0.76326	4.4392	0.43212
0.7635	4.4259	0.42812
0.76374	4.418	0.41942
0.76398	4.4101	0.41116
0.76421	4.4074	0.40354
0.76445	4.3995	0.39726
0.76469	4.3862	0.39383
0.76492	4.373	0.38613
0.76516	4.3651	0.37919
0.7654	4.3571	0.37399
0.76564	4.3439	0.37264
0.76587	4.3307	0.36949
0.76611	4.3228	0.36214
0.76635	4.3148	0.3555
0.76658	4.3069	0.3505
0.76682	4.2937	0.34929
0.76706	4.2857	0.34637
0.7673	4.2831	0.33928
0.76753	4.2804	0.3327
0.76777	4.2778	0.32736
0.76801	4.2698	0.32495
0.76825	4.2672	0.31889
0.76848	4.2646	0.31443
0.76872	4.2566	0.31413
0.76896	4.2487	0.31337
0.7692	4.2407	0.31139
0.76943	4.2381	0.30619
0.76967	4.2302	0.30375
0.76991	4.2328	0.29735
0.77015	4.2302	0.29149
0.77038	4.2328	0.28701
0.77062	4.2249	0.28617
0.77086	4.2222	0.28385
0.7711	4.2196	0.27751
0.77133	4.2169	0.27125
0.77157	4.2143	0.26512
0.77181	4.2116	0.25922
0.77205	4.209	0.25366
0.77228	4.2063	0.24907
0.77252	4.1984	0.2472
0.77276	4.1958	0.24159
0.773	4.1931	0.23641
0.77323	4.1905	0.23248
0.77347	4.1825	0.23231
0.77371	4.1746	0.23176
0.77395	4.172	0.23006
0.77418	4.1693	0.22467
0.77442	4.172	0.21965
0.77466	4.1693	0.21576
0.7749	4.1667	0.21541
0.77513	4.164	0.21424
0.77537	4.1614	0.21039
0.77561	4.1587	0.21014
0.77585	4.1508	0.2093
0.77609	4.1481	0.20652
0.77632	4.1508	0.19678
0.77656	4.1534	0.18854
0.7768	4.1508	0.18528
0.77704	4.1429	0.18662
0.77727	4.1296	0.19159
0.77751	4.1164	0.1963
0.77775	4.1032	0.2
0.77799	4.0952	0.2
0.77823	4.0926	0.2
0.77846	4.0899	0.19999
0.7787	4.0873	0.19997
0.77894	4.0794	0.19988
0.77918	4.0714	0.19958
0.77941	4.0635	0.19854
0.77965	4.0661	0.19489
0.77989	4.0688	0.19508
0.78013	4.0714	0.19574
0.78037	4.0635	0.19806
0.7806	4.0661	0.1932
0.78084	4.0688	0.1889
0.78108	4.0714	0.18662
0.78132	4.0635	0.19159
0.78156	4.0556	0.19629
0.78179	4.0476	0.19996
0.78203	4.0397	0.19987
0.78227	4.037	0.19955
0.78251	4.0344	0.19844
0.78274	4.037	0.19454
0.78298	4.0344	0.1938
0.78322	4.037	0.19122
0.78346	4.0291	0.19512
0.7837	4.0265	0.19588
0.78393	4.0238	0.19852
0.78417	4.0317	0.19482
0.78441	4.0344	0.19483
0.78465	4.037	0.19486
0.78489	4.0397	0.19495
0.78513	4.037	0.19529
0.78536	4.0344	0.19648
0.7856	4.0265	0.20065
0.78584	4.0291	0.20227
0.78608	4.0212	0.20794
0.78632	4.0132	0.21445
0.78655	4	0.22366
0.78679	3.9974	0.22877
0.78703	3.9947	0.23283
0.78727	3.9974	0.23341
0.78751	3.9894	0.23524
0.78774	3.9815	0.24101
0.78798	3.9683	0.24667
0.78822	3.9603	0.25193
0.78846	3.9524	0.25578
0.7887	3.9497	0.25544
0.78894	3.9471	0.25441
0.78917	3.9497	0.25131
0.78941	3.9524	0.25392
0.78965	3.9497	0.26176
0.78989	3.9365	0.2728
0.79013	3.9233	0.28108
0.79037	3.9153	0.2813
0.7906	3.9127	0.28194
0.79084	3.9048	0.28368
0.79108	3.8968	0.28846
0.79132	3.8889	0.29012
0.79156	3.881	0.29467
0.79179	3.873	0.29567
0.79203	3.8651	0.29838
0.79227	3.8624	0.29438
0.79251	3.8598	0.29488
0.79275	3.8519	0.29628
0.79299	3.8439	0.29995
0.79323	3.8413	0.29854
0.79346	3.8439	0.29469
0.7937	3.8466	0.29574
0.79394	3.8492	0.29851
0.79418	3.8466	0.3061
0.79442	3.8333	0.31486
0.79466	3.8201	0.32629
0.79489	3.8122	0.33331
0.79513	3.8201	0.32905
0.79537	3.8175	0.32941
0.79561	3.8148	0.33032
0.79585	3.8122	0.33253
0.79609	3.8148	0.32698
0.79633	3.8175	0.32409
0.79656	3.8095	0.32779
0.7968	3.8016	0.33712
0.79704	3.7937	0.3384
0.79728	3.7857	0.34162
0.79752	3.7831	0.3386
0.79776	3.7857	0.34214
0.798	3.7937	0.33987
0.79823	3.7963	0.34529
0.79847	3.7937	0.34759
0.79871	3.791	0.35317
0.79895	3.7884	0.35575
0.79919	3.7804	0.36202
0.79943	3.7778	0.36609
0.79967	3.7698	0.37595
0.7999	3.7725	0.37738
0.80014	3.7698	0.38071
0.80038	3.7725	0.37751
0.80062	3.7751	0.38085
0.80086	3.7672	0.38866
0.8011	3.7593	0.39574
0.80134	3.746	0.40114
0.80158	3.7381	0.40257
0.80181	3.746	0.39531
0.80205	3.754	0.38951
0.80229	3.7566	0.38716
0.80253	3.7487	0.39232
0.80277	3.746	0.39341
0.80301	3.7434	0.39595
0.80325	3.7354	0.40167
0.80349	3.7222	0.41454
0.80372	3.7143	0.42168
0.80396	3.7063	0.42672
0.8042	3.7037	0.42701
0.80444	3.6958	0.43869
0.80468	3.6931	0.45293
0.80492	3.6799	0.47253
0.80516	3.6772	0.48134
0.8054	3.6693	0.48882
0.80564	3.6667	0.49341
0.80587	3.6587	0.5
0.80611	3.6455	0.50794
0.80635	3.6429	0.51058
0.80659	3.6402	0.51323
0.80683	3.6429	0.51587
0.80707	3.6402	0.51852
0.80731	3.6323	0.52646
0.80755	3.6296	0.53439
0.80779	3.6217	0.54762
0.80802	3.6296	0.55026
0.80826	3.627	0.55291
0.8085	3.6243	0.55556
0.80874	3.6164	0.5582
0.80898	3.6243	0.55026
0.80922	3.6217	0.55291
0.80946	3.6243	0.55556
0.8097	3.6164	0.56878
0.80994	3.619	0.57143
0.81018	3.6058	0.57937
0.81042	3.6032	0.58201
0.81065	3.6005	0.58995
0.81089	3.6138	0.59259
0.81113	3.6111	0.61111
0.81137	3.6085	0.62434
0.81161	3.5952	0.64286
0.81185	3.5873	0.65079
0.81209	3.5899	0.64815
0.81233	3.5873	0.65079
0.81257	3.5794	0.65344
0.81281	3.5661	0.66138
0.81305	3.5529	0.6746
0.81329	3.5397	0.68783
0.81352	3.5265	0.70635
0.81376	3.5185	0.71429
0.814	3.5212	0.72222
0.81424	3.5185	0.73016
0.81448	3.5159	0.7381
0.81472	3.5132	0.74603
0.81496	3.5	0.75926
0.8152	3.4921	0.7672
0.81544	3.4735	0.77513
0.81568	3.4656	0.77778
0.81592	3.4524	0.78571
0.81616	3.4497	0.79365
0.8164	3.4471	0.80688
0.81664	3.4444	0.82011
0.81687	3.4312	0.83862
0.81711	3.4127	0.86243
0.81735	3.3942	0.88095
0.81759	3.3757	0.91005
0.81783	3.3624	0.92328
0.81807	3.3545	0.93122
0.81831	3.3413	0.92857
0.81855	3.3439	0.91534
0.81879	3.3413	0.91799
0.81903	3.3492	0.91005
0.81927	3.3466	0.9127
0.81951	3.3386	0.91534
0.81975	3.336	0.92328
0.81999	3.3228	0.95238
0.82023	3.3148	0.9709
0.82047	3.3016	0.98413
0.82071	3.3042	0.97619
0.82094	3.3016	0.97884
0.82118	3.2989	0.98677
0.82142	3.2804	1.0053
0.82166	3.2725	1.0185
0.8219	3.2698	1.0212
0.82214	3.2672	1.0238
0.82238	3.2751	1.0159
0.82262	3.2725	1.0291
0.82286	3.2698	1.0476
0.8231	3.2566	1.0767
0.82334	3.2487	1.0952
0.82358	3.2407	1.119
0.82382	3.2275	1.1429
0.82406	3.2249	1.1561
0.8243	3.2275	1.1481
0.82454	3.2354	1.1349
0.82478	3.2328	1.1323
0.82502	3.2407	1.1138
0.82526	3.2275	1.127
0.8255	3.2196	1.1402
0.82574	3.2116	1.164
0.82598	3.2143	1.1614
0.82622	3.2116	1.1534
0.82646	3.1984	1.1614
0.8267	3.2011	1.1534
0.82694	3.2143	1.1455
0.82718	3.2328	1.127
0.82741	3.246	1.1085
0.82765	3.2487	1.1058
0.82789	3.246	1.1085
0.82813	3.2381	1.1323
0.82837	3.2302	1.1402
0.82861	3.2222	1.1587
0.82885	3.2143	1.1772
0.82909	3.2063	1.2011
0.82933	3.209	1.2143
0.82957	3.2063	1.2222
0.82981	3.1984	1.2354
0.83005	3.1799	1.2487
0.83029	3.1772	1.246
0.83053	3.1746	1.2381
0.83077	3.1772	1.2354
0.83101	3.1746	1.2275
0.83125	3.1772	1.2249
0.83149	3.1799	1.2063
0.83173	3.1772	1.2143
0.83197	3.1799	1.2169
0.83221	3.1825	1.2249
0.83245	3.1905	1.2275
0.83269	3.2037	1.2196
0.83293	3.2116	1.2222
0.83317	3.2196	1.2302
0.83341	3.2328	1.2328
0.83365	3.2407	1.2407
0.83389	3.254	1.2328
0.83413	3.246	1.2513
0.83437	3.2434	1.2487
0.83461	3.2302	1.2566
0.83485	3.2275	1.2593
0.83509	3.2302	1.2672
0.83533	3.2381	1.2646
0.83557	3.2249	1.2937
0.83581	3.2116	1.3175
0.83605	3.1878	1.3677
0.83629	3.1852	1.3704
0.83653	3.172	1.3889
0.83677	3.164	1.3862
0.83701	3.1561	1.3942
0.83725	3.164	1.3862
0.83749	3.172	1.3836
0.83773	3.1852	1.3862
0.83797	3.1931	1.3995
0.83821	3.1958	1.418
0.83845	3.1878	1.4471
0.83869	3.1746	1.4815
0.83893	3.1614	1.5423
0.83917	3.1429	1.5979
0.83941	3.1296	1.6323
0.83965	3.1111	1.6614
0.83989	3.0979	1.6799
0.84013	3.0741	1.7302
0.84037	3.0608	1.7487
0.84062	3.0423	1.7831
0.84086	3.0185	1.8386
0.8411	3	1.8942
0.84134	2.9815	1.9497
0.84158	2.9788	1.9524
0.84182	2.9709	1.9815
0.84206	2.9735	1.9788
0.8423	2.9603	2.0132
0.84254	2.9471	2.0317
0.84278	2.9339	2.0661
0.84302	2.9365	2.0635
0.84326	2.9444	2.0344
0.8435	2.9524	1.9947
0.84374	2.9603	1.9656
0.84398	2.9683	1.9524
0.84422	2.9709	1.9603
0.84446	2.963	2.0212
0.8447	2.9497	2.1085
0.84494	2.9471	2.1852
0.84518	2.9444	2.2196
0.84542	2.9418	2.2381
0.84566	2.9392	2.2302
0.8459	2.9365	2.2275
0.84614	2.9392	2.2196
0.84638	2.9259	2.2275
0.84662	2.9233	2.209
0.84686	2.9206	2.1852
0.84711	2.9339	2.209
0.84735	2.9471	2.254
0.84759	2.9603	2.3095
0.84783	2.9683	2.3651
0.84807	2.9815	2.4101
0.84831	2.9947	2.4339
0.84855	3.0079	2.4048
0.84879	3.0159	2.3757
0.84903	3.0185	2.3624
0.84927	3.0159	2.3545
0.84951	3.0132	2.3836
0.84975	3.0212	2.4339
0.84999	3.0238	2.5106
0.85023	3.0265	2.5767