nan,-5.000000000000000000e+00,-4.919354838709677047e+00,-4.838709677419354982e+00,-4.758064516129032029e+00,-4.677419354838709964e+00,-4.596774193548387011e+00,-4.516129032258064058e+00,-4.435483870967741993e+00,-4.354838709677419040e+00,-4.274193548387096975e+00,-4.193548387096774022e+00,-4.112903225806451957e+00,-4.032258064516129004e+00,-3.951612903225806495e+00,-3.870967741935483986e+00,-3.790322580645161032e+00,-3.709677419354838968e+00,-3.629032258064516014e+00,-3.548387096774193505e+00,-3.467741935483870996e+00,-3.387096774193548487e+00,-3.306451612903225978e+00,-3.225806451612903025e+00,-3.145161290322580960e+00,-3.064516129032258007e+00,-2.983870967741935498e+00,-2.903225806451612989e+00,-2.822580645161290480e+00,-2.741935483870967971e+00,-2.661290322580645018e+00,-2.580645161290322509e+00,-2.500000000000000000e+00,-2.419354838709677491e+00,-2.338709677419354982e+00,-2.258064516129032473e+00,-2.177419354838709964e+00,-2.096774193548387011e+00,-2.016129032258064502e+00,-1.935483870967741993e+00,-1.854838709677419484e+00,-1.774193548387096975e+00,-1.693548387096774466e+00,-1.612903225806451513e+00,-1.532258064516129004e+00,-1.451612903225806495e+00,-1.370967741935483986e+00,-1.290322580645161477e+00,-1.209677419354838968e+00,-1.129032258064516014e+00,-1.048387096774193505e+00,-9.677419354838709964e-01,-8.870967741935489315e-01,-8.064516129032259784e-01,-7.258064516129030253e-01,-6.451612903225809603e-01,-5.645161290322580072e-01,-4.838709677419359423e-01,-4.032258064516129892e-01,-3.225806451612900361e-01,-2.419354838709679711e-01,-1.612903225806450180e-01,-8.064516129032295311e-02,0.000000000000000000e+00,8.064516129032206493e-02,1.612903225806450180e-01,2.419354838709679711e-01,3.225806451612900361e-01,4.032258064516129892e-01,4.838709677419350541e-01,5.645161290322580072e-01,6.451612903225800721e-01,7.258064516129030253e-01,8.064516129032259784e-01,8.870967741935480433e-01,9.677419354838709964e-01,1.048387096774193061e+00,1.129032258064516014e+00,1.209677419354838968e+00,1.290322580645161032e+00,1.370967741935483986e+00,1.451612903225806051e+00,1.532258064516129004e+00,1.612903225806451069e+00,1.693548387096774022e+00,1.774193548387096975e+00,1.854838709677419040e+00,1.935483870967741993e+00,2.016129032258064058e+00,2.096774193548387011e+00,2.177419354838709076e+00,2.258064516129032029e+00,2.338709677419354982e+00,2.419354838709677047e+00,2.500000000000000000e+00,2.580645161290322065e+00,2.661290322580645018e+00,2.741935483870967971e+00,2.822580645161290036e+00,2.903225806451612989e+00,2.983870967741935054e+00,3.064516129032258007e+00,3.145161290322580072e+00,3.225806451612902137e+00,3.306451612903225978e+00,3.387096774193548043e+00,3.467741935483870108e+00,3.548387096774193949e+00,3.629032258064516014e+00,3.709677419354838079e+00,3.790322580645161921e+00,3.870967741935483986e+00,3.951612903225806051e+00,4.032258064516128115e+00,4.112903225806451957e+00,4.193548387096774022e+00,4.274193548387096087e+00,4.354838709677419928e+00,4.435483870967741993e+00,4.516129032258064058e+00,4.596774193548386123e+00,4.677419354838709964e+00,4.758064516129032029e+00,4.838709677419354094e+00,4.919354838709677935e+00,5.000000000000000000e+00
5.636363636363636020e-01,4.386362825562414858e-02,4.466916244140221176e-02,4.546622864368542877e-02,4.624569120950482864e-02,4.699656031754406715e-02,4.770209964433425737e-02,4.840960382085369301e-02,4.908890678952371189e-02,4.969778892954011817e-02,5.023542027790811604e-02,5.069694646436277014e-02,5.107733398970042832e-02,5.137217587729758089e-02,5.157799473119432931e-02,5.169239962523868026e-02,5.171419408508991927e-02,5.164346869225923398e-02,5.148168319917798691e-02,5.123172249746907325e-02,5.089788911651176029e-02,5.048573628597456675e-02,5.000092632590459607e-02,4.956468000432786430e-02,4.901978970620333304e-02,4.841924534871273195e-02,4.778027656814965579e-02,4.711535814507838982e-02,4.643515494906449992e-02,4.574903689130991463e-02,4.506516815483339183e-02,4.439051728234211930e-02,4.373087644481939845e-02,4.309091165278416263e-02,4.247424364000079722e-02,4.188355154314132855e-02,4.132068972213103625e-02,4.078680885796829442e-02,4.028247429738705115e-02,3.980777668885801535e-02,3.936243186212456946e-02,3.894586846279762121e-02,3.855730301864008364e-02,3.819580291318860898e-02,3.786033823686393157e-02,3.754982374660596062e-02,3.726315225856973584e-02,3.699922078019364513e-02,3.675695060135536485e-02,3.653530244095505586e-02,3.633328760713033095e-02,3.614997599061438999e-02,3.598450158008715399e-02,3.583606607038859054e-02,3.570394103101267452e-02,3.558746901365606591e-02,3.548606390286168644e-02,3.539921075171068021e-02,3.532646529340792430e-02,3.526745327792057960e-02,3.522186974893483369e-02,3.518947834894794319e-02,3.517011071793141319e-02,3.516366603260691337e-02,3.517011071793146176e-02,3.518947834894815829e-02,3.522186974893431327e-02,3.526745327792060042e-02,3.532646529340801450e-02,3.539921075171060388e-02,3.548606390286185297e-02,3.558746901365626714e-02,3.570394103101272310e-02,3.583606607038881953e-02,3.598450158008752175e-02,3.614997599061443162e-02,3.633328760713048361e-02,3.653530244095525015e-02,3.675695060135559383e-02,3.699922078019346472e-02,3.726315225856945829e-02,3.754982374660602307e-02,3.786033823686395933e-02,3.819580291318900450e-02,3.855730301863968118e-02,3.894586846279731590e-02,3.936243186212462497e-02,3.980777668885808473e-02,4.028247429738753688e-02,4.078680885796850258e-02,4.132068972213074481e-02,4.188355154314096079e-02,4.247424364000065150e-02,4.309091165278416957e-02,4.373087644481975234e-02,4.439051728234245930e-02,4.506516815483319061e-02,4.574903689130974116e-02,4.643515494906501340e-02,4.711535814507811226e-02,4.778027656814955865e-02,4.841924534871269031e-02,4.901978970620323589e-02,4.956468000432796839e-02,5.000092632590463076e-02,5.048573628597447654e-02,5.089788911651170478e-02,5.123172249746908019e-02,5.148168319917825753e-02,5.164346869225951847e-02,5.171419408509000254e-02,5.169239962523861781e-02,5.157799473119448197e-02,5.137217587729751150e-02,5.107733398970004668e-02,5.069694646436270075e-02,5.023542027790870584e-02,4.969778892954038185e-02,4.908890678952352454e-02,4.840960382085415098e-02,4.770209964433393124e-02,4.699656031754348429e-02,4.624569120950489803e-02,4.546622864368519978e-02,4.466916244140277381e-02,4.386362825562389184e-02
5.674242424242423866e-01,4.535788751119365636e-02,4.607392296858994762e-02,4.677874628115420014e-02,4.746244740006207163e-02,4.810696635915395758e-02,4.874138901582636407e-02,4.940884937865117760e-02,5.002316527726900774e-02,5.058424071467850641e-02,5.108728897347099285e-02,5.152694968270517956e-02,5.189818548196295511e-02,5.219668950813235314e-02,5.241913975401155112e-02,5.256337567812705003e-02,5.262851774361943652e-02,5.261503517948631220e-02,5.252476264227039920e-02,5.236086654051718553e-02,5.212776675318497172e-02,5.183103790103519432e-02,5.147741518255033455e-02,5.107719633724287084e-02,5.078733284896742167e-02,5.036485009217445824e-02,4.989560510639559632e-02,4.939612464002762077e-02,4.887688492181099104e-02,4.834612749093717549e-02,4.781073416525655900e-02,4.727652165201622764e-02,4.674837786920416072e-02,4.623035215666995712e-02,4.572573408603534256e-02,4.523713115473305263e-02,4.476654707510441256e-02,4.431545943380360564e-02,4.388489477727002680e-02,4.347549934330129789e-02,4.308760413281096519e-02,4.272128354199179745e-02,4.237640724142843068e-02,4.205268535531686558e-02,4.174970725604019300e-02,4.146697445854490710e-02,4.120392819299308063e-02,4.095997227128708035e-02,4.073449185999340055e-02,4.052686874238461967e-02,4.033649360648629278e-02,4.016277584194616335e-02,4.000515127172566548e-02,3.986308818875904103e-02,3.973609201505858002e-02,3.962370885259940134e-02,3.952552815219031318e-02,3.944118468852295806e-02,3.937035999651539164e-02,3.931278339540723171e-02,3.926823270241780461e-02,3.923653471652965158e-02,3.921756553454028987e-02,3.921125074540793287e-02,3.921756553454039396e-02,3.923653471652957525e-02,3.926823270241783237e-02,3.931278339540699579e-02,3.937035999651552348e-02,3.944118468852288867e-02,3.952552815219023685e-02,3.962370885259933889e-02,3.973609201505833022e-02,3.986308818875890225e-02,4.000515127172574181e-02,4.016277584194580946e-02,4.033649360648629972e-02,4.052686874238470294e-02,4.073449185999356015e-02,4.095997227128728158e-02,4.120392819299346920e-02,4.146697445854457403e-02,4.174970725604001259e-02,4.205268535531721946e-02,4.237640724142843068e-02,4.272128354199182521e-02,4.308760413281110396e-02,4.347549934330131871e-02,4.388489477727032517e-02,4.431545943380314073e-02,4.476654707510507869e-02,4.523713115473306651e-02,4.572573408603557849e-02,4.623035215667002651e-02,4.674837786920398724e-02,4.727652165201649131e-02,4.781073416525689901e-02,4.834612749093753631e-02,4.887688492181076899e-02,4.939612464002773873e-02,4.989560510639567265e-02,5.036485009217456926e-02,5.078733284896728983e-02,5.107719633724274594e-02,5.147741518254980025e-02,5.183103790103568698e-02,5.212776675318521458e-02,5.236086654051710226e-02,5.252476264227008002e-02,5.261503517948613873e-02,5.262851774362015123e-02,5.256337567812679329e-02,5.241913975401187725e-02,5.219668950813235314e-02,5.189818548196285103e-02,5.152694968270556813e-02,5.108728897347079162e-02,5.058424071467845784e-02,5.002316527726931306e-02,4.940884937865088616e-02,4.874138901582637795e-02,4.810696635915416575e-02,4.746244740006188428e-02,4.677874628115447769e-02,4.607392296858993375e-02,4.535788751119388534e-02
5.712121212121211711e-01,4.721021895806416790e-02,4.783498515512164123e-02,4.843813649572667468e-02,4.900066658981746398e-02,4.952269944758846965e-02,5.014122218394596181e-02,5.071773579555136080e-02,5.125425062428042716e-02,5.174780462364828720e-02,5.219469558880981269e-02,5.259127713756796274e-02,5.293428508272642746e-02,5.322102705054670285e-02,5.344950928974230575e-02,5.361852230971349276e-02,5.372769301823604460e-02,5.377750711335592404e-02,5.376930504294808594e-02,5.370525648648726003e-02,5.358832324466329677e-02,5.342223530237858592e-02,5.321156300610070666e-02,5.296232607436744677e-02,5.271711315229476308e-02,5.258024049071983314e-02,5.230128973651937407e-02,5.197659262920799328e-02,5.162171667509812822e-02,5.124564523360767426e-02,5.085508046326555481e-02,5.045550985923673987e-02,5.005158082154091692e-02,4.964726572807699745e-02,4.924595273459000944e-02,4.885050850321562277e-02,4.846333019593642571e-02,4.808639326340419240e-02,4.772129718979407215e-02,4.736930956872902748e-02,4.703140821848350583e-02,4.670832087664741894e-02,4.640056206203664602e-02,4.610846681962469523e-02,4.583222120775094777e-02,4.557188951613102418e-02,4.532743830680336511e-02,4.509875744576819639e-02,4.488567834307558707e-02,4.468798964752783431e-02,4.450545065367106368e-02,4.433780267756813609e-02,4.418477864780024494e-02,4.404611114223795643e-02,4.392153908170350757e-02,4.381081327051265101e-02,4.371370095226841807e-02,4.362998952805298425e-02,4.355948956387418330e-02,4.350203719508933392e-02,4.345749601784405086e-02,4.342575854106175276e-02,4.340674725738721818e-02,4.340041537730138926e-02,4.340674725738725287e-02,4.342575854106191929e-02,4.345749601784387739e-02,4.350203719508968780e-02,4.355948956387405840e-02,4.362998952805302588e-02,4.371370095226786989e-02,4.381081327051253999e-02,4.392153908170314675e-02,4.404611114223824786e-02,4.418477864780092496e-02,4.433780267756841365e-02,4.450545065367129960e-02,4.468798964752718206e-02,4.488567834307520543e-02,4.509875744576842538e-02,4.532743830680331654e-02,4.557188951613045519e-02,4.583222120775078817e-02,4.610846681962516708e-02,4.640056206203652805e-02,4.670832087664772425e-02,4.703140821848367237e-02,4.736930956872880544e-02,4.772129718979390561e-02,4.808639326340408138e-02,4.846333019593659919e-02,4.885050850321551175e-02,4.924595273458978045e-02,4.964726572807735827e-02,5.005158082154065324e-02,5.045550985923714232e-02,5.085508046326555481e-02,5.124564523360779916e-02,5.162171667509808659e-02,5.197659262920797246e-02,5.230128973651983898e-02,5.258024049071973599e-02,5.271711315229474920e-02,5.296232607436721779e-02,5.321156300610044992e-02,5.342223530237918266e-02,5.358832324466327596e-02,5.370525648648737799e-02,5.376930504294743368e-02,5.377750711335632650e-02,5.372769301823668991e-02,5.361852230971390909e-02,5.344950928974251392e-02,5.322102705054669591e-02,5.293428508272635113e-02,5.259127713756787253e-02,5.219469558880954208e-02,5.174780462364859251e-02,5.125425062428081574e-02,5.071773579555126366e-02,5.014122218394608671e-02,4.952269944758821985e-02,4.900066658981758194e-02,4.843813649572695917e-02,4.783498515512132898e-02,4.721021895806450791e-02
5.749999999999999556e-01,4.945794928238950172e-02,4.999817040740177354e-02,5.049442054965599253e-02,5.090869030987804633e-02,5.148876390989848978e-02,5.203232014788035376e-02,5.254363062227987435e-02,5.302132458366373008e-02,5.346321883412875897e-02,5.386706637226297556e-02,5.423081594583947784e-02,5.455273704216531683e-02,5.483148919935305898e-02,5.506616085493595131e-02,5.525628855004711265e-02,5.540186271982338456e-02,5.550332466821861210e-02,5.556155881463976237e-02,5.557788472845696243e-02,5.555405585974763916e-02,5.549227987201943435e-02,5.539530277282667808e-02,5.526671351978876962e-02,5.511237829568373103e-02,5.505069110302512891e-02,5.500413552672701878e-02,5.484223545044743242e-02,5.463307767707389906e-02,5.439156827017147672e-02,5.412583280398945706e-02,5.384170467096743851e-02,5.354390223095378820e-02,5.323645039360423020e-02,5.292286076064647848e-02,5.260622034520680279e-02,5.228924263513019116e-02,5.197430274481332907e-02,5.166346599433277453e-02,5.135851393386699909e-02,5.106096940772694714e-02,5.077212112804247585e-02,5.049304772515069567e-02,5.022464104661245043e-02,4.996762843424040756e-02,4.972259373829471946e-02,4.948999688735161023e-02,4.927019189878648758e-02,4.906344327681831652e-02,4.886994079764016979e-02,4.868981272240528041e-02,4.852313750920275726e-02,4.836995411560585101e-02,4.823027099561355557e-02,4.810407390025991242e-02,4.799133259152753295e-02,4.789200657558641966e-02,4.780604995498160398e-02,4.773341549107958104e-02,4.767405795843100702e-02,4.762793686233395690e-02,4.759501858003465508e-02,4.757527797501055755e-02,4.756869952269774521e-02,4.757527797501077960e-02,4.759501858003471753e-02,4.762793686233351281e-02,4.767405795843116662e-02,4.773341549107924797e-02,4.780604995498145132e-02,4.789200657558676660e-02,4.799133259152813663e-02,4.810407390025955854e-02,4.823027099561361802e-02,4.836995411560625346e-02,4.852313750920270174e-02,4.868981272240558572e-02,4.886994079764032245e-02,4.906344327681822631e-02,4.927019189878632105e-02,4.948999688735185309e-02,4.972259373829441415e-02,4.996762843424065043e-02,5.022464104661215206e-02,5.049304772515041811e-02,5.077212112804232319e-02,5.106096940772749532e-02,5.135851393386691582e-02,5.166346599433301046e-02,5.197430274481267681e-02,5.228924263513047566e-02,5.260622034520661544e-02,5.292286076064629113e-02,5.323645039360459796e-02,5.354390223095366330e-02,5.384170467096748708e-02,5.412583280398971380e-02,5.439156827017163631e-02,5.463307767707382273e-02,5.484223545044798059e-02,5.500413552672709511e-02,5.505069110302537178e-02,5.511237829568347429e-02,5.526671351978940799e-02,5.539530277282685156e-02,5.549227987201940659e-02,5.555405585974731997e-02,5.557788472845679589e-02,5.556155881463965829e-02,5.550332466821877170e-02,5.540186271982321109e-02,5.525628855004721673e-02,5.506616085493535456e-02,5.483148919935346144e-02,5.455273704216525438e-02,5.423081594583969989e-02,5.386706637226262168e-02,5.346321883412851611e-02,5.302132458366349416e-02,5.254363062227997844e-02,5.203232014787983334e-02,5.148876390989860080e-02,5.090869030987791449e-02,5.049442054965582599e-02,4.999817040740159313e-02,4.945794928238912702e-02
5.787878787878787401e-01,5.217107874205158258e-02,5.262575567642462093e-02,5.294976696524399812e-02,5.352047556605213363e-02,5.405493134667867933e-02,5.456126000037112705e-02,5.503920874292486665e-02,5.548744271074918660e-02,5.590443861422694782e-02,5.628875848661985676e-02,5.663916472825303999e-02,5.695467458437079855e-02,5.723458474103233079e-02,5.747847877692947166e-02,5.768622437575739864e-02,5.785796500576732143e-02,5.799410981292537487e-02,5.809532506376137440e-02,5.816253062155085640e-02,5.819690624992154837e-02,5.819991684453866554e-02,5.817337878412290331e-02,5.811963368992929119e-02,5.804208559597440198e-02,5.794769963850911892e-02,5.801632319253612752e-02,5.803305984317765065e-02,5.794415216088640713e-02,5.780648916398660464e-02,5.763455204634746615e-02,5.743604711216360181e-02,5.721635794377191025e-02,5.697978281222574465e-02,5.672999267768204928e-02,5.647022914667768068e-02,5.620339932883454404e-02,5.593212568401804974e-02,5.565877533731555804e-02,5.538548004158282134e-02,5.511415210197809916e-02,5.484649878290860647e-02,5.458403632072781481e-02,5.432810395310901791e-02,5.407987801838042702e-02,5.384038601099811611e-02,5.361052041580296329e-02,5.339105213576261083e-02,5.318264334811295679e-02,5.298585965637533229e-02,5.280118144158848364e-02,5.262901435025985064e-02,5.246969888646312030e-02,5.232351910018636504e-02,5.219071038318115474e-02,5.207146639764153456e-02,5.196594517251468259e-02,5.187427440778567822e-02,5.179655602941948128e-02,5.173287003731658062e-02,5.168327768629511071e-02,5.164782403610777839e-02,5.162653990136438498e-02,5.161944322613423036e-02,5.162653990136403109e-02,5.164782403610765349e-02,5.168327768629458335e-02,5.173287003731681655e-02,5.179655602941939108e-02,5.187427440778578230e-02,5.196594517251421769e-02,5.207146639764159701e-02,5.219071038318130740e-02,5.232351910018688546e-02,5.246969888646288438e-02,5.262901435025926083e-02,5.280118144158830323e-02,5.298585965637541556e-02,5.318264334811258209e-02,5.339105213576272185e-02,5.361052041580326860e-02,5.384038601099848387e-02,5.407987801838030212e-02,5.432810395310917750e-02,5.458403632072775929e-02,5.484649878290784319e-02,5.511415210197789794e-02,5.538548004158189153e-02,5.565877533731514171e-02,5.593212568401825097e-02,5.620339932883437750e-02,5.647022914667764598e-02,5.672999267768212561e-02,5.697978281222566138e-02,5.721635794377193107e-02,5.743604711216389325e-02,5.763455204634816004e-02,5.780648916398630627e-02,5.794415216088639325e-02,5.803305984317789351e-02,5.801632319253591241e-02,5.794769963850871647e-02,5.804208559597424932e-02,5.811963368992915935e-02,5.817337878412297270e-02,5.819991684453879044e-02,5.819690624992093081e-02,5.816253062155123110e-02,5.809532506376144378e-02,5.799410981292555528e-02,5.785796500576707163e-02,5.768622437575735701e-02,5.747847877692965207e-02,5.723458474103180343e-02,5.695467458437094427e-02,5.663916472825265142e-02,5.628875848661996778e-02,5.590443861422707966e-02,5.548744271074940865e-02,5.503920874292498461e-02,5.456126000037112705e-02,5.405493134667795768e-02,5.352047556605235568e-02,5.294976696524409526e-02,5.262575567642407970e-02,5.217107874205152707e-02
5.825757575757575246e-01,5.534644839436095309e-02,5.559010928975240129e-02,5.618607875401144397e-02,5.673553297267393963e-02,5.725847006886121415e-02,5.775584679301119101e-02,5.822678597252731181e-02,5.866997290138525195e-02,5.908404689537920945e-02,5.946775826157250228e-02,5.982004303778044180e-02,6.014006047601828248e-02,6.042721034002414976e-02,6.068113802457056338e-02,6.090173211225203415e-02,6.108911758190127550e-02,6.124364727688405563e-02,6.136589404926966890e-02,6.145664620215028628e-02,6.151690976209250872e-02,6.154792362998556116e-02,6.155120035296286762e-02,6.152862447018773995e-02,6.148270517711350996e-02,6.141736880745804483e-02,6.134192454024559732e-02,6.149539560584519476e-02,6.153187489027924645e-02,6.146960405737530997e-02,6.135762380082304679e-02,6.121018073222415923e-02,6.103489992333158837e-02,6.083704781025984359e-02,6.062078802200601690e-02,6.038966459003632797e-02,6.014681733453546703e-02,5.989508708147984334e-02,5.963707058510204356e-02,5.937515108194119096e-02,5.911151675909454700e-02,5.884817330527274126e-02,5.858695373725052169e-02,5.832952715386112430e-02,5.807740723817797490e-02,5.783196086951656462e-02,5.759441695362826213e-02,5.736587544368956099e-02,5.714731645766189805e-02,5.693960937067281403e-02,5.674352175736455811e-02,5.655972806807844921e-02,5.638881793797908409e-02,5.623130404562375756e-02,5.608762945491244101e-02,5.595817439025265599e-02,5.584326240862698409e-02,5.574316594372617090e-02,5.565811120640152404e-02,5.558828243264192503e-02,5.553382547519698093e-02,5.549485073831837006e-02,5.547143545692954925e-02,5.546362532238705706e-02,5.547143545692962557e-02,5.549485073831815496e-02,5.553382547519705031e-02,5.558828243264198055e-02,5.565811120640212079e-02,5.574316594372564354e-02,5.584326240862678287e-02,5.595817439025253803e-02,5.608762945491232998e-02,5.623130404562385470e-02,5.638881793797902858e-02,5.655972806807885861e-02,5.674352175736437770e-02,5.693960937067309852e-02,5.714731645766123191e-02,5.736587544368917935e-02,5.759441695362819968e-02,5.783196086951724463e-02,5.807740723817807899e-02,5.832952715386109654e-02,5.858695373724992495e-02,5.884817330527256779e-02,5.911151675909467884e-02,5.937515108194087177e-02,5.963707058510252929e-02,5.989508708147958660e-02,6.014681733453546009e-02,6.038966459003651532e-02,6.062078802200551036e-02,6.083704781025981584e-02,6.103489992333195613e-02,6.121018073222427025e-02,6.135762380082319944e-02,6.146960405737539324e-02,6.153187489027888563e-02,6.149539560584581233e-02,6.134192454024550017e-02,6.141736880745820443e-02,6.148270517711316302e-02,6.152862447018728892e-02,6.155120035296335335e-02,6.154792362998631750e-02,6.151690976209325812e-02,6.145664620214989077e-02,6.136589404927023095e-02,6.124364727688442339e-02,6.108911758190154612e-02,6.090173211225217986e-02,6.068113802457036215e-02,6.042721034002353220e-02,6.014006047601794941e-02,5.982004303778046955e-02,5.946775826157235656e-02,5.908404689538025722e-02,5.866997290138467602e-02,5.822678597252716609e-02,5.775584679301137836e-02,5.725847006886054802e-02,5.673553297267414086e-02,5.618607875401179785e-02,5.559010928975233190e-02,5.534644839436100860e-02
5.863636363636363091e-01,5.894313668312784610e-02,5.948006796173796462e-02,6.006564809545125033e-02,6.062383442914533876e-02,6.115760655877645890e-02,6.166652050790018963e-02,6.214924075751931953e-02,6.260418741063571157e-02,6.302978521018756664e-02,6.342458315604998509e-02,6.378731980846383265e-02,6.411696108058374810e-02,6.441272191632664568e-02,6.467407749722374477e-02,6.490076724290470833e-02,6.509279383325392021e-02,6.525041905138738441e-02,6.537415816096772692e-02,6.546477474803961971e-02,6.552327861990481228e-02,6.555093091082671297e-02,6.554926419653650527e-02,6.552013461812009054e-02,6.546584921805775892e-02,6.538950179119819295e-02,6.529607107393997634e-02,6.519854565721874828e-02,6.539398347216507368e-02,6.540801436446970485e-02,6.532883554134809312e-02,6.519961058242082497e-02,6.503457586073842223e-02,6.484158824885230543e-02,6.462611193507176999e-02,6.439245974911581016e-02,6.414428883071467136e-02,6.388482883709405147e-02,6.361699695392533660e-02,6.334345964945904683e-02,6.306666764987117757e-02,6.278887696180690536e-02,6.251216257655668740e-02,6.223842843888362925e-02,6.196941565691096304e-02,6.170671003870163013e-02,6.145174952818713288e-02,6.120583181057277777e-02,6.097012217744936929e-02,6.074566163609441266e-02,6.053337518786735399e-02,6.033408016987192729e-02,6.014849454194589468e-02,5.997724500022244554e-02,5.982087480474492652e-02,5.967985121873176785e-02,5.955457246907612523e-02,5.944537415022162902e-02,5.935253500581101627e-02,5.927628203392623640e-02,5.921679487213560994e-02,5.917420942775861170e-02,5.914862072677461863e-02,5.914008496193681741e-02,5.914862072677436189e-02,5.917420942775857007e-02,5.921679487213550586e-02,5.927628203392545925e-02,5.935253500581132158e-02,5.944537415022257965e-02,5.955457246907555624e-02,5.967985121873124743e-02,5.982087480474481550e-02,5.997724500022237615e-02,6.014849454194600570e-02,6.033408016987165667e-02,6.053337518786648663e-02,6.074566163609434327e-02,6.097012217744837703e-02,6.120583181057372146e-02,6.145174952818670266e-02,6.170671003870130400e-02,6.196941565691105325e-02,6.223842843888260923e-02,6.251216257655578534e-02,6.278887696180637801e-02,6.306666764987051144e-02,6.334345964945913010e-02,6.361699695392548926e-02,6.388482883709387106e-02,6.414428883071436605e-02,6.439245974911607384e-02,6.462611193507189489e-02,6.484158824885294381e-02,6.503457586073826957e-02,6.519961058242126906e-02,6.532883554134855109e-02,6.540801436446964934e-02,6.539398347216544838e-02,6.519854565721920625e-02,6.529607107393972654e-02,6.538950179119816519e-02,6.546584921805755075e-02,6.552013461812011830e-02,6.554926419653725467e-02,6.555093091082686563e-02,6.552327861990497881e-02,6.546477474803980012e-02,6.537415816096731058e-02,6.525041905138698195e-02,6.509279383325425328e-02,6.490076724290472221e-02,6.467407749722382804e-02,6.441272191632696487e-02,6.411696108058369259e-02,6.378731980846343019e-02,6.342458315605008223e-02,6.302978521018784419e-02,6.260418741063558667e-02,6.214924075751891014e-02,6.166652050790007167e-02,6.115760655877680585e-02,6.062383442914486692e-02,6.006564809545146544e-02,5.948006796173813115e-02,5.894313668312778365e-02
5.901515151515150936e-01,6.332922690208252214e-02,6.397257445242093832e-02,6.458499661957271820e-02,6.517290854859196514e-02,6.573640845444651826e-02,6.627399626959110113e-02,6.678365641090601434e-02,6.726325307678773791e-02,6.771071586267428388e-02,6.812414207999596683e-02,6.850185913220487033e-02,6.884246463358570378e-02,6.914485251971522195e-02,6.940822948054498065e-02,6.963212427317519437e-02,6.981639162713317026e-02,6.996121206578924390e-02,7.006708885105121520e-02,7.013484337520420331e-02,7.016561074458789460e-02,7.016083825624952475e-02,7.012229154542683196e-02,7.005207790846941507e-02,6.995270813663490017e-02,6.982725225435344740e-02,6.967976492210217754e-02,6.951675022358796974e-02,6.935664757228876542e-02,6.955473362437611384e-02,6.950820991921662084e-02,6.937375144269324057e-02,6.919016752308919382e-02,6.897192858754588873e-02,6.872739294626074857e-02,6.846248096528978477e-02,6.818187930041413880e-02,6.788953834643775276e-02,6.758890853196057591e-02,6.728306387254223697e-02,6.697477165467859150e-02,6.666653462755253723e-02,6.636061860707759275e-02,6.605907221591876544e-02,6.576374241175667046e-02,6.547628782916717349e-02,6.519819105441469753e-02,6.493077042870450122e-02,6.467519166562413213e-02,6.443247938390657403e-02,6.420352854799467324e-02,6.398911574784564571e-02,6.378991021834050368e-02,6.360648448675719491e-02,6.343932453684239525e-02,6.328883938511645213e-02,6.315536997625131876e-02,6.303919731714023589e-02,6.294054978244248422e-02,6.285960953688778108e-02,6.279651803097933971e-02,6.275138053668005700e-02,6.272426969810637742e-02,6.271522807943022415e-02,6.272426969810622477e-02,6.275138053667987659e-02,6.279651803098001972e-02,6.285960953688762842e-02,6.294054978244262299e-02,6.303919731714090202e-02,6.315536997625141591e-02,6.328883938511614682e-02,6.343932453684249240e-02,6.360648448675720878e-02,6.378991021834001796e-02,6.398911574784686696e-02,6.420352854799518671e-02,6.443247938390696261e-02,6.467519166562432642e-02,6.493077042870414040e-02,6.519819105441555795e-02,6.547628782916656287e-02,6.576374241175569901e-02,6.605907221591862666e-02,6.636061860707725968e-02,6.666653462755185722e-02,6.697477165467818905e-02,6.728306387254250065e-02,6.758890853196107551e-02,6.788953834643772500e-02,6.818187930041401390e-02,6.846248096528931293e-02,6.872739294626122042e-02,6.897192858754647160e-02,6.919016752308827789e-02,6.937375144269274096e-02,6.950820991921596859e-02,6.955473362437622487e-02,6.935664757228862665e-02,6.951675022358835832e-02,6.967976492210281592e-02,6.982725225435336414e-02,6.995270813663619081e-02,7.005207790846892935e-02,7.012229154542723442e-02,7.016083825625002435e-02,7.016561074458817215e-02,7.013484337520524414e-02,7.006708885105097928e-02,6.996121206578886920e-02,6.981639162713339231e-02,6.963212427317515274e-02,6.940822948054434227e-02,6.914485251971556889e-02,6.884246463358582868e-02,6.850185913220581402e-02,6.812414207999567539e-02,6.771071586267399245e-02,6.726325307678764076e-02,6.678365641090580618e-02,6.627399626959093459e-02,6.573640845444650438e-02,6.517290854859209004e-02,6.458499661957260718e-02,6.397257445242165996e-02,6.332922690208170335e-02
5.939393939393938782e-01,6.807935066252333856e-02,6.876791108979499190e-02,6.943209085729910857e-02,7.007243407321486761e-02,7.068690927411233615e-02,7.127263810187947635e-02,7.182649532366222611e-02,7.234538448509907071e-02,7.282638916299684351e-02,7.326686584955742487e-02,7.366450479886545166e-02,7.401737101767458249e-02,7.432393181889863920e-02,7.458307472431889573e-02,7.479411815402203789e-02,7.495681656186083119e-02,7.507136118680945991e-02,7.513837729017062983e-02,7.515891863014781404e-02,7.513446004450104188e-02,7.506688950567520779e-02,7.495850218005455090e-02,7.481200156563465320e-02,7.463051853049190720e-02,7.441767344227304126e-02,7.417774843098715043e-02,7.391618930051374603e-02,7.364145998798350690e-02,7.338008523455784304e-02,7.354656187819422208e-02,7.340876021277427388e-02,7.319014473028657985e-02,7.292620872588648218e-02,7.263174576188126397e-02,7.231568611114745637e-02,7.198444568079676031e-02,7.164308006777793392e-02,7.129577966161691760e-02,7.094611504546495528e-02,7.059717308448103246e-02,7.025164030423487749e-02,6.991185906485412882e-02,6.957986895831844154e-02,6.925743981752729983e-02,6.894609973328094665e-02,6.864715991245742832e-02,6.836173736426866265e-02,6.809077593341628098e-02,6.783506593892767167e-02,6.759526253529185569e-02,6.737190283808876246e-02,6.716542182093442059e-02,6.697616697740253755e-02,6.680441174034006113e-02,6.665036765564751053e-02,6.651419531436635058e-02,6.639601405378710297e-02,6.629591044391631993e-02,6.621394557961535199e-02,6.615016120065952965e-02,6.610458466213529893e-02,6.607723277593002820e-02,6.606811454100164349e-02,6.607723277592912614e-02,6.610458466213509077e-02,6.615016120065893290e-02,6.621394557961592098e-02,6.629591044391673627e-02,6.639601405378682542e-02,6.651419531436694732e-02,6.665036765564767707e-02,6.680441174033985297e-02,6.697616697740199632e-02,6.716542182093455937e-02,6.737190283808905389e-02,6.759526253529204998e-02,6.783506593892664471e-02,6.809077593341598955e-02,6.836173736426860714e-02,6.864715991245762261e-02,6.894609973328146013e-02,6.925743981752706391e-02,6.957986895831880236e-02,6.991185906485476720e-02,7.025164030423459993e-02,7.059717308448124062e-02,7.094611504546520508e-02,7.129577966161704250e-02,7.164308006777701798e-02,7.198444568079648276e-02,7.231568611114759515e-02,7.263174576188188847e-02,7.292620872588620462e-02,7.319014473028727374e-02,7.340876021277659147e-02,7.354656187819365309e-02,7.338008523455734344e-02,7.364145998798425630e-02,7.391618930051439829e-02,7.417774843098846882e-02,7.441767344227380454e-02,7.463051853049228190e-02,7.481200156563479198e-02,7.495850218005425947e-02,7.506688950567493024e-02,7.513446004450113902e-02,7.515891863014799446e-02,7.513837729017125433e-02,7.507136118681022319e-02,7.495681656186098385e-02,7.479411815402220443e-02,7.458307472431913165e-02,7.432393181889845879e-02,7.401737101767526250e-02,7.366450479886650637e-02,7.326686584955718895e-02,7.282638916299714882e-02,7.234538448509897357e-02,7.182649532366325307e-02,7.127263810188004534e-02,7.068690927411284963e-02,7.007243407321522843e-02,6.943209085729945551e-02,6.876791108979461720e-02,6.807935066252338019e-02
5.977272727272726627e-01,7.287931029390440352e-02,7.364652824720645252e-02,7.439386265394219711e-02,7.511802055813464329e-02,7.581442238944106904e-02,7.647807153102628708e-02,7.710395883048096199e-02,7.768729364085266709e-02,7.822365278367400532e-02,7.870908249003231993e-02,7.914016931059171533e-02,7.951408869394879786e-02,7.982863682182871068e-02,8.008224973181125861e-02,8.027401275906655143e-02,8.040366251116203011e-02,8.047158284111542714e-02,8.047879561227198886e-02,8.042694652275567124e-02,8.031828597626648747e-02,8.015564507451417020e-02,7.994240743980646213e-02,7.968247906976641537e-02,7.938026149961512068e-02,7.904064012299576170e-02,7.866901547130750183e-02,7.827145171765317877e-02,7.785519107322276533e-02,7.743077450944531315e-02,7.703914341056335158e-02,7.715117643203692199e-02,7.690690911629799453e-02,7.659302517129913668e-02,7.624216872511335730e-02,7.586915556959808460e-02,7.548313701013244226e-02,7.509064114253653777e-02,7.469668172140737916e-02,7.430525993176399779e-02,7.391962982390676284e-02,7.354245792778052460e-02,7.317593031137088755e-02,7.282183114822755876e-02,7.248160449009304063e-02,7.215640525239989944e-02,7.184714264620133128e-02,7.155451788088190712e-02,7.127905722671817879e-02,7.102114113614840796e-02,7.078102991281615131e-02,7.055888630278790707e-02,7.035479531723538849e-02,7.016878155606881551e-02,7.000082427451229106e-02,6.985087041249196660e-02,6.971884578678189115e-02,6.960466462641552721e-02,6.950823761242978793e-02,6.942947856349897251e-02,6.936830988940206888e-02,6.932466691484481802e-02,6.929850115689570322e-02,6.928978262037467639e-02,6.929850115689532852e-02,6.932466691484510946e-02,6.936830988940208276e-02,6.942947856349859781e-02,6.950823761243013488e-02,6.960466462641601293e-02,6.971884578678239075e-02,6.985087041249150863e-02,7.000082427451270739e-02,7.016878155606910694e-02,7.035479531723556890e-02,7.055888630278824014e-02,7.078102991281624845e-02,7.102114113614875490e-02,7.127905722671919186e-02,7.155451788088168508e-02,7.184714264620181701e-02,7.215640525240010761e-02,7.248160449009317940e-02,7.282183114822779468e-02,7.317593031137148429e-02,7.354245792778002500e-02,7.391962982390666570e-02,7.430525993176398392e-02,7.469668172140762896e-02,7.509064114253605204e-02,7.548313701013244226e-02,7.586915556959811235e-02,7.624216872511330179e-02,7.659302517129948362e-02,7.690690911629846638e-02,7.715117643203685260e-02,7.703914341056355974e-02,7.743077450944528539e-02,7.785519107322355636e-02,7.827145171765326204e-02,7.866901547130736305e-02,7.904064012299513720e-02,7.938026149961581457e-02,7.968247906976574924e-02,7.994240743980607355e-02,8.015564507451425347e-02,8.031828597626589072e-02,8.042694652275619860e-02,8.047879561227193335e-02,8.047158284111474713e-02,8.040366251116191909e-02,8.027401275906613509e-02,8.008224973181110595e-02,7.982863682182787801e-02,7.951408869394814560e-02,7.914016931059081328e-02,7.870908249003270851e-02,7.822365278367406083e-02,7.768729364085286138e-02,7.710395883048125343e-02,7.647807153102657851e-02,7.581442238944061107e-02,7.511802055813550372e-02,7.439386265394166975e-02,7.364652824720638313e-02,7.287931029390400106e-02
6.015151515151514472e-01,7.712689112810146297e-02,7.799963152076228035e-02,7.886005892485137281e-02,7.970109635397104597e-02,8.051481850842430454e-02,8.129303614772934172e-02,8.202766701003140482e-02,8.271100698439977361e-02,8.333594032211044667e-02,8.389610398953518955e-02,8.438601341677827439e-02,8.480115453024696104e-02,8.513804643579836462e-02,8.539427899551232937e-02,8.556852923561952817e-02,8.566055986857490367e-02,8.567120226709937225e-02,8.560232517249174999e-02,8.545678948558646515e-02,8.523838890399446089e-02,8.495177611730743428e-02,8.460237487549242263e-02,8.419627958468886564e-02,8.374014628394572946e-02,8.324108232818848430e-02,8.270654824385376136e-02,8.214429875679776782e-02,8.156242871835264752e-02,8.096973912604016332e-02,8.037756132597900782e-02,8.005602741820265489e-02,7.991261520291290110e-02,7.957578646088790675e-02,7.918568189085944953e-02,7.877157212407637221e-02,7.834730946433826615e-02,7.792132860435425912e-02,7.749940299308007152e-02,7.708571697208919937e-02,7.668338205582544975e-02,7.629472790897419421e-02,7.592148764206144151e-02,7.556492727920843810e-02,7.522594246076341751e-02,7.490513400440731995e-02,7.460286866369357506e-02,7.431932882561494147e-02,7.405455354173888505e-02,7.380847255048904321e-02,7.358093451987481048e-02,7.337173047275119542e-02,7.318061317607980898e-02,7.300731314357783441e-02,7.285155179776764411e-02,7.271305225244484305e-02,7.259154810444309880e-02,7.248679056130946652e-02,7.239855417718842057e-02,7.232664142181081945e-02,7.227088626582006681e-02,7.223115692909411190e-02,7.220735790633193985e-02,7.219943135523676503e-02,7.220735790633198148e-02,7.223115692909401475e-02,7.227088626582017783e-02,7.232664142181068068e-02,7.239855417718826791e-02,7.248679056130959142e-02,7.259154810444422290e-02,7.271305225244473203e-02,7.285155179776786616e-02,7.300731314357790380e-02,7.318061317608025307e-02,7.337173047275079296e-02,7.358093451987467171e-02,7.380847255048914035e-02,7.405455354173896831e-02,7.431932882561506637e-02,7.460286866369388037e-02,7.490513400440709790e-02,7.522594246076279301e-02,7.556492727920799402e-02,7.592148764206155254e-02,7.629472790897373624e-02,7.668338205582625466e-02,7.708571697208976836e-02,7.749940299307990499e-02,7.792132860435414810e-02,7.834730946433844656e-02,7.877157212407660813e-02,7.918568189086017117e-02,7.957578646088812879e-02,7.991261520291297049e-02,8.005602741820232182e-02,8.037756132597893843e-02,8.096973912604041312e-02,8.156242871835318875e-02,8.214429875679739312e-02,8.270654824385391402e-02,8.324108232818845654e-02,8.374014628394528537e-02,8.419627958468951789e-02,8.460237487549217283e-02,8.495177611730714284e-02,8.523838890399462742e-02,8.545678948558638188e-02,8.560232517249109774e-02,8.567120226710039921e-02,8.566055986857534776e-02,8.556852923561938939e-02,8.539427899551284284e-02,8.513804643579761522e-02,8.480115453024779371e-02,8.438601341677777479e-02,8.389610398953570303e-02,8.333594032211072422e-02,8.271100698439957932e-02,8.202766701003136318e-02,8.129303614772917519e-02,8.051481850842417964e-02,7.970109635397126802e-02,7.886005892485191404e-02,7.799963152076326567e-02,7.712689112810153236e-02
6.053030303030302317e-01,7.977101302714457998e-02,8.074591746739617770e-02,8.172263045558610106e-02,8.269065760558814981e-02,8.363839622127633433e-02,8.455365814980951578e-02,8.542411847781043732e-02,8.623772667647627843e-02,8.698308477726711396e-02,8.764978664108234729e-02,8.822871022913847394e-02,8.871225621070787104e-02,8.909452900787202811e-02,8.937145922941416853e-02,8.954086869903667145e-02,8.960248068297571589e-02,8.955787855922339724e-02,8.941041636749885724e-02,8.916508485095922532e-02,8.882833711236179375e-02,8.840787905981360717e-02,8.791243138945616098e-02,8.735147171312288017e-02,8.673496722106281698e-02,8.607310958692389324e-02,8.537606439384180790e-02,8.465374710515909118e-02,8.391563659681201826e-02,8.317063488511917957e-02,8.242696787944492343e-02,8.169193030388620380e-02,8.137226030923437603e-02,8.112077226157933529e-02,8.074212695200774781e-02,8.032877358192637429e-02,7.990523156388676385e-02,7.948303408832257944e-02,7.906882645453866543e-02,7.866680513816436127e-02,7.827972068007618689e-02,7.790938008092333777e-02,7.755693641946723171e-02,7.722307374139923686e-02,7.690813397027707055e-02,7.661220846455657485e-02,7.633520627089350474e-02,7.607690606867525962e-02,7.583699619242285916e-02,7.561510567281355677e-02,7.541082837799654992e-02,7.522374179080951184e-02,7.505342158867066293e-02,7.489945293006562699e-02,7.476143915646160654e-02,7.463900846907593756e-02,7.453181902311611928e-02,7.443956278946396721e-02,7.436196845972734004e-02,7.429880361096227737e-02,7.424987629822234203e-02,7.421503620388339439e-02,7.419417544060330494e-02,7.418722907802552391e-02,7.419417544060306902e-02,7.421503620388338052e-02,7.424987629822249469e-02,7.429880361096280472e-02,7.436196845972672942e-02,7.443956278946410599e-02,7.453181902311578622e-02,7.463900846907613185e-02,7.476143915646152327e-02,7.489945293006611271e-02,7.505342158867107927e-02,7.522374179080890122e-02,7.541082837799684135e-02,7.561510567281373718e-02,7.583699619242227630e-02,7.607690606867532901e-02,7.633520627089318555e-02,7.661220846455728262e-02,7.690813397027705667e-02,7.722307374140044423e-02,7.755693641946745376e-02,7.790938008092357370e-02,7.827972068007578443e-02,7.866680513816386167e-02,7.906882645453887359e-02,7.948303408832303740e-02,7.990523156388681936e-02,8.032877358192619388e-02,8.074212695200772005e-02,8.112077226157926590e-02,8.137226030923407072e-02,8.169193030388621768e-02,8.242696787944520098e-02,8.317063488511880487e-02,8.391563659681286480e-02,8.465374710515911894e-02,8.537606439384196055e-02,8.607310958692422631e-02,8.673496722106412149e-02,8.735147171312308834e-02,8.791243138945653568e-02,8.840787905981419004e-02,8.882833711236218233e-02,8.916508485095948899e-02,8.941041636749898214e-02,8.955787855922286989e-02,8.960248068297585466e-02,8.954086869903690737e-02,8.937145922941404363e-02,8.909452900787176444e-02,8.871225621070762124e-02,8.822871022913804373e-02,8.764978664108231954e-02,8.698308477726661436e-02,8.623772667647602863e-02,8.542411847781049283e-02,8.455365814980984884e-02,8.363839622127665352e-02,8.269065760558860778e-02,8.172263045558651740e-02,8.074591746739613607e-02,7.977101302714469100e-02
6.090909090909091272e-01,7.918474229313841872e-02,8.019669894183943659e-02,8.122866147902338407e-02,8.226888602738463563e-02,8.330372639742013308e-02,8.431807451411531262e-02,8.529585664040195692e-02,8.622059391242170578e-02,8.707601175483130340e-02,8.784666920389293254e-02,8.851857215694072800e-02,8.907973285527595597e-02,8.952064069853229999e-02,8.983461582961278780e-02,9.001802568356506717e-02,9.007035470322444226e-02,8.999412767383746514e-02,8.979469681638581335e-02,8.947991128674538663e-02,8.905969454150125530e-02,8.854555968774890928e-02,8.795009503539372164e-02,8.728645136208641742e-02,8.656785885818037152e-02,8.580719554809332350e-02,8.501662043310069528e-02,8.420727335329028507e-02,8.338902695850732016e-02,8.257024270395571519e-02,8.175738094102924514e-02,8.095383638524693282e-02,8.015280003247725327e-02,7.988178861317499213e-02,7.961109441972839817e-02,7.925826392485574301e-02,7.888538322456668805e-02,7.851103844195576886e-02,7.814374071176363734e-02,7.778806995839396277e-02,7.744665889782559320e-02,7.712103384259230698e-02,7.681203783308601651e-02,7.652007047402711870e-02,7.624523587133245905e-02,7.598743952379825861e-02,7.574645450086321674e-02,7.552196795952488551e-02,7.531361447162898681e-02,7.512100019158660102e-02,7.494372050394801366e-02,7.478137294973098703e-02,7.463356669556772682e-02,7.449992945430761182e-02,7.438011252087779746e-02,7.427379441376842639e-02,7.418068348700940229e-02,7.410051978511526805e-02,7.403307634474373677e-02,7.397816009516752778e-02,7.393561247055482899e-02,7.390530981726883830e-02,7.388716365642852835e-02,7.388112084401760038e-02,7.388716365642833406e-02,7.390530981726889381e-02,7.393561247055456531e-02,7.397816009516700042e-02,7.403307634474338983e-02,7.410051978511553172e-02,7.418068348700959658e-02,7.427379441376832925e-02,7.438011252087818603e-02,7.449992945430809754e-02,7.463356669556724110e-02,7.478137294973098703e-02,7.494372050394819407e-02,7.512100019158607367e-02,7.531361447162923661e-02,7.552196795952513531e-02,7.574645450086271714e-02,7.598743952379823086e-02,7.624523587133252844e-02,7.652007047402667461e-02,7.681203783308564181e-02,7.712103384259204331e-02,7.744665889782613444e-02,7.778806995839333827e-02,7.814374071176402592e-02,7.851103844195597703e-02,7.888538322456603580e-02,7.925826392485518790e-02,7.961109441972841205e-02,7.988178861317485335e-02,8.015280003247765572e-02,8.095383638524804304e-02,8.175738094102957820e-02,8.257024270395564580e-02,8.338902695850738955e-02,8.420727335329065977e-02,8.501662043309986261e-02,8.580719554809311533e-02,8.656785885817984416e-02,8.728645136208697253e-02,8.795009503539254203e-02,8.854555968774845132e-02,8.905969454150108877e-02,8.947991128674563643e-02,8.979469681638529988e-02,8.999412767383727085e-02,9.007035470322452553e-02,9.001802568356544187e-02,8.983461582961302372e-02,8.952064069853236938e-02,8.907973285527583107e-02,8.851857215694063086e-02,8.784666920389316846e-02,8.707601175483127565e-02,8.622059391242226090e-02,8.529585664040213733e-02,8.431807451411521548e-02,8.330372639742054941e-02,8.226888602738488543e-02,8.122866147902312040e-02,8.019669894183882597e-02,7.918474229313803014e-02
6.128787878787878007e-01,7.351857626996299855e-02,7.444557268653800852e-02,7.540134119493262232e-02,7.637624374558726892e-02,7.735835040800649598e-02,7.833364829612353419e-02,7.928638143863692145e-02,8.019954313435814774e-02,8.105551835726979015e-02,8.183685005103952248e-02,8.252708069254388601e-02,8.311160241633648582e-02,8.357843888369477503e-02,8.391888274635733724e-02,8.412792493021960250e-02,8.420443457009320343e-02,8.415107751516399948e-02,8.397399170638750188e-02,8.368226403311743167e-02,8.328727125321283564e-02,8.280195498486753181e-02,8.224009773925237965e-02,8.161565549756139015e-02,8.094218560084666392e-02,8.023238999551751682e-02,7.949777562525357777e-02,7.874841675833192667e-02,7.799278603676529364e-02,7.723759271282992778e-02,7.648749483713072894e-02,7.574429304509956717e-02,7.500384236078544431e-02,7.423160320371610665e-02,7.405284837162157130e-02,7.381075774453930982e-02,7.351922581625595920e-02,7.321604601665249179e-02,7.291374441059574052e-02,7.261812967782088624e-02,7.233230488431341421e-02,7.205803602957464027e-02,7.179634260551805147e-02,7.154779368397434780e-02,7.131267274350025498e-02,7.109107669283863673e-02,7.088297883602009963e-02,7.068827066156282979e-02,7.050679049819552624e-02,7.033834366545560490e-02,7.018271692441230281e-02,7.003968900300976130e-02,6.990903835852695092e-02,6.979054896087406867e-02,6.968401463737114443e-02,6.958924235902201605e-02,6.950605473928389566e-02,6.943429194079685229e-02,6.937381313220551682e-02,6.932449759892671259e-02,6.928624558384571808e-02,6.925897891332133405e-02,6.924264144832618928e-02,6.923719938862024637e-02,6.924264144832564805e-02,6.925897891332104261e-02,6.928624558384539889e-02,6.932449759892660157e-02,6.937381313220598866e-02,6.943429194079679678e-02,6.950605473928360423e-02,6.958924235902226585e-02,6.968401463737117218e-02,6.979054896087401316e-02,6.990903835852670112e-02,7.003968900300949763e-02,7.018271692441278853e-02,7.033834366545485550e-02,7.050679049819578992e-02,7.068827066156284367e-02,7.088297883602008576e-02,7.109107669283813713e-02,7.131267274350050478e-02,7.154779368397493067e-02,7.179634260551792657e-02,7.205803602957547294e-02,7.233230488431355298e-02,7.261812967782095563e-02,7.291374441059636502e-02,7.321604601665297751e-02,7.351922581625541797e-02,7.381075774453915717e-02,7.405284837162150191e-02,7.423160320371606502e-02,7.500384236078501410e-02,7.574429304509944227e-02,7.648749483713043751e-02,7.723759271282974737e-02,7.799278603676447486e-02,7.874841675833213483e-02,7.949777562525313368e-02,8.023238999551714212e-02,8.094218560084705250e-02,8.161565549756116811e-02,8.224009773925225475e-02,8.280195498486724037e-02,8.328727125321366831e-02,8.368226403311672390e-02,8.397399170638746024e-02,8.415107751516397172e-02,8.420443457009323118e-02,8.412792493021986617e-02,8.391888274635690703e-02,8.357843888369476115e-02,8.311160241633618051e-02,8.252708069254399703e-02,8.183685005103959187e-02,8.105551835727010934e-02,8.019954313435828652e-02,7.928638143863731003e-02,7.833364829612392277e-02,7.735835040800632945e-02,7.637624374558699136e-02,7.540134119493296927e-02,7.444557268653741178e-02,7.351857626996326223e-02
6.166666666666666963e-01,6.197229728224985801e-02,6.270200476025328262e-02,6.344803670409604468e-02,6.420401225387638300e-02,6.496215809903339855e-02,6.571341640968925146e-02,6.644762831830841598e-02,6.715380649593553908e-02,6.782049828672473413e-02,6.843622796108284057e-02,6.898999360879359832e-02,6.947178281805592437e-02,6.987306378301266774e-02,7.018720675502550244e-02,7.040979574012250219e-02,7.053880159946107620e-02,7.057460338397007760e-02,7.051986200192604526e-02,7.037926609394309918e-02,7.015918169854490349e-02,6.986724342921415976e-02,6.951192521613484832e-02,6.910212405467275332e-02,6.864678217538884575e-02,6.815456327141990178e-02,6.763358818704767739e-02,6.709122524561031420e-02,6.653391911352393717e-02,6.596702538715797093e-02,6.539458192251772217e-02,6.481884147639535576e-02,6.423897568481469478e-02,6.364591127141722149e-02,6.295307792491132426e-02,6.287227325216106222e-02,6.265171623748408414e-02,6.240608253249204512e-02,6.215458176442099220e-02,6.190450776916552045e-02,6.165956473515771946e-02,6.142192019059870833e-02,6.119294515665214818e-02,6.097354372840526476e-02,6.076432218215763875e-02,6.056568532009094091e-02,6.037789601885992785e-02,6.020111450694563826e-02,6.003542566039622719e-02,5.988085878176766658e-02,5.973740241503445320e-02,5.960501573348642168e-02,5.948363746935956403e-02,5.937319302131668225e-02,5.927360017301751272e-02,5.918477372755353433e-02,5.910662927822054463e-02,5.903908627881919446e-02,5.898207053646193493e-02,5.893551622071740298e-02,5.889936746102841097e-02,5.887357958744666997e-02,5.885812005620022491e-02,5.885296909035008656e-02,5.885812005619994736e-02,5.887357958744634384e-02,5.889936746102805015e-02,5.893551622071736829e-02,5.898207053646171982e-02,5.903908627881850751e-02,5.910662927822050300e-02,5.918477372755317351e-02,5.927360017301760986e-02,5.937319302131709164e-02,5.948363746935942525e-02,5.960501573348609555e-02,5.973740241503503606e-02,5.988085878176774984e-02,6.003542566039633821e-02,6.020111450694533295e-02,6.037789601885948376e-02,6.056568532009080214e-02,6.076432218215769426e-02,6.097354372840498721e-02,6.119294515665217593e-02,6.142192019059845853e-02,6.165956473515762232e-02,6.190450776916520820e-02,6.215458176442147098e-02,6.240608253249230880e-02,6.265171623748444496e-02,6.287227325216086793e-02,6.295307792491180998e-02,6.364591127141729088e-02,6.423897568481470866e-02,6.481884147639525862e-02,6.539458192251737523e-02,6.596702538715798481e-02,6.653391911352404819e-02,6.709122524561064727e-02,6.763358818704788555e-02,6.815456327141945769e-02,6.864678217538883187e-02,6.910212405467285046e-02,6.951192521613504260e-02,6.986724342921417363e-02,7.015918169854501452e-02,7.037926609394346000e-02,7.051986200192539300e-02,7.057460338396991106e-02,7.053880159946109007e-02,7.040979574012276587e-02,7.018720675502577999e-02,6.987306378301280652e-02,6.947178281805591049e-02,6.898999360879343179e-02,6.843622796108292383e-02,6.782049828672477576e-02,6.715380649593580276e-02,6.644762831830826333e-02,6.571341640968932085e-02,6.496215809903295446e-02,6.420401225387627198e-02,6.344803670409623897e-02,6.270200476025340752e-02,6.197229728225015638e-02
6.204545454545454808e-01,4.575414249587270860e-02,4.623516381659034669e-02,4.671014963713468471e-02,4.717562663627658526e-02,4.762817731883525058e-02,4.806458797704542263e-02,4.848196615272312021e-02,4.887781274615030785e-02,4.925003687894692617e-02,4.959690912405827906e-02,4.991695937576692138e-02,5.020883715617763254e-02,5.047116167266253728e-02,5.070239370875035539e-02,5.090075965197363855e-02,5.106424942066013772e-02,5.119069630683659167e-02,5.127793079468441484e-02,5.132398587213295865e-02,5.132732149673112365e-02,5.128703272734838614e-02,5.120300986394855924e-02,5.107602831008462713e-02,5.090775816532167736e-02,5.070069576765707381e-02,5.045802893348164120e-02,5.018345272939714330e-02,4.988095229092073118e-02,4.955456251521726807e-02,4.920809819145813974e-02,4.884480969722670984e-02,4.846680665582324410e-02,4.807363517923558816e-02,4.765629717863271303e-02,4.722523952710912243e-02,4.706257779026414706e-02,4.685471402373810740e-02,4.663747952339242220e-02,4.641877127485195820e-02,4.620231307115069824e-02,4.599036356325313102e-02,4.578446640549280189e-02,4.558574115843992691e-02,4.539502266151926313e-02,4.521293914379352630e-02,4.503996168781788240e-02,4.487643861847423477e-02,4.472262109472419089e-02,4.457868307232450839e-02,4.444473736633135219e-02,4.432084883047866103e-02,4.420704529742688904e-02,4.410332671710796154e-02,4.400967280898016032e-02,4.392604946805757360e-02,4.385241411383457300e-02,4.378872013491345166e-02,4.373492055448865989e-02,4.369097101964990182e-02,4.365683219881311833e-02,4.363247165543059081e-02,4.361786525174243118e-02,4.361299812316613705e-02,4.361786525174238260e-02,4.363247165543053530e-02,4.365683219881277832e-02,4.369097101964993651e-02,4.373492055448879173e-02,4.378872013491347248e-02,4.385241411383480198e-02,4.392604946805762911e-02,4.400967280898036155e-02,4.410332671710780889e-02,4.420704529742681271e-02,4.432084883047898716e-02,4.444473736633117872e-02,4.457868307232464022e-02,4.472262109472418395e-02,4.487643861847435273e-02,4.503996168781779219e-02,4.521293914379330425e-02,4.539502266151924925e-02,4.558574115844010732e-02,4.578446640549288515e-02,4.599036356325295061e-02,4.620231307115078151e-02,4.641877127485233290e-02,4.663747952339207525e-02,4.685471402373814903e-02,4.706257779026408461e-02,4.722523952710921957e-02,4.765629717863291426e-02,4.807363517923508162e-02,4.846680665582320247e-02,4.884480969722682087e-02,4.920809819145799402e-02,4.955456251521751093e-02,4.988095229092084915e-02,5.018345272939683105e-02,5.045802893348194651e-02,5.070069576765683789e-02,5.090775816532176756e-02,5.107602831008462713e-02,5.120300986394880211e-02,5.128703272734875390e-02,5.132732149673118610e-02,5.132398587213314600e-02,5.127793079468415810e-02,5.119069630683640432e-02,5.106424942065978384e-02,5.090075965197348590e-02,5.070239370875011253e-02,5.047116167266238462e-02,5.020883715617760479e-02,4.991695937576708098e-02,4.959690912405810559e-02,4.925003687894709964e-02,4.887781274614998867e-02,4.848196615272290511e-02,4.806458797704524222e-02,4.762817731883514649e-02,4.717562663627632852e-02,4.671014963713483042e-02,4.623516381659063812e-02,4.575414249587284043e-02
6.242424242424242653e-01,2.934159988386619844e-02,2.958889827889496504e-02,2.981813895442659429e-02,3.002910524057268368e-02,3.022238209253241131e-02,3.039937557933103385e-02,3.056225526011259117e-02,3.071381824435462024e-02,3.085728249885446098e-02,3.099602559876264707e-02,3.113329202760865139e-02,3.127189622361199739e-02,3.141394942520616546e-02,3.156063618437578155e-02,3.171206178420415273e-02,3.186718542612634181e-02,3.202384656581374472e-02,3.217888365982845417e-02,3.232833628042293406e-02,3.246771361894530694e-02,3.259230560520763598e-02,3.269750817731434389e-02,3.277913257246388434e-02,3.283367045888746505e-02,3.285849224055510664e-02,3.285196411744406575e-02,3.281347898038121380e-02,3.274340507598204331e-02,3.264296260692178125e-02,3.251403989387955523e-02,3.235895393565114270e-02,3.218013511026154155e-02,3.197963110122777758e-02,3.175794789850596572e-02,3.150863153418956286e-02,3.126254064132274330e-02,3.110534295828439044e-02,3.093510464628770190e-02,3.075997522724516209e-02,3.058334071070439170e-02,3.040747098452742381e-02,3.023410892406178108e-02,3.006465462595148130e-02,2.990024770414950392e-02,2.974181545249247535e-02,2.959010710372626807e-02,2.944572126037038606e-02,2.930912922536009144e-02,2.918069536730457519e-02,2.906069504180725308e-02,2.894933035338632249e-02,2.884674395507617548e-02,2.875303105339940130e-02,2.866824977731247809e-02,2.859243006542210377e-02,2.852558122040086894e-02,2.846769827136540545e-02,2.841876727407904174e-02,2.837876966573981558e-02,2.834768577653905622e-02,2.832549758477412999e-02,2.831219078646033532e-02,2.830775623448190947e-02,2.831219078646020001e-02,2.832549758477417856e-02,2.834768577653895213e-02,2.837876966573948945e-02,2.841876727407896541e-02,2.846769827136528055e-02,2.852558122040116384e-02,2.859243006542212459e-02,2.866824977731230115e-02,2.875303105339955742e-02,2.884674395507621017e-02,2.894933035338622881e-02,2.906069504180719756e-02,2.918069536730477295e-02,2.930912922536003246e-02,2.944572126037057341e-02,2.959010710372643460e-02,2.974181545249208677e-02,2.990024770414941718e-02,3.006465462595158539e-02,3.023410892406148964e-02,3.040747098452729544e-02,3.058334071070445068e-02,3.075997522724490535e-02,3.093510464628796558e-02,3.110534295828406778e-02,3.126254064132289595e-02,3.150863153418959062e-02,3.175794789850598654e-02,3.197963110122764574e-02,3.218013511026147216e-02,3.235895393565116351e-02,3.251403989387943033e-02,3.264296260692180901e-02,3.274340507598200167e-02,3.281347898038126237e-02,3.285196411744410738e-02,3.285849224055497481e-02,3.283367045888744423e-02,3.277913257246372475e-02,3.269750817731415654e-02,3.259230560520743475e-02,3.246771361894534164e-02,3.232833628042285773e-02,3.217888365982845417e-02,3.202384656581355044e-02,3.186718542612640426e-02,3.171206178420388211e-02,3.156063618437592727e-02,3.141394942520621403e-02,3.127189622361215698e-02,3.113329202760863057e-02,3.099602559876278585e-02,3.085728249885457894e-02,3.071381824435465493e-02,3.056225526011259117e-02,3.039937557933088119e-02,3.022238209253242866e-02,3.002910524057274613e-02,2.981813895442639306e-02,2.958889827889497545e-02,2.934159988386645171e-02
6.280303030303030498e-01,1.939065836380379076e-02,1.946241156884951848e-02,1.951676789244736338e-02,1.955633838491075208e-02,1.958439220556493915e-02,1.960472183911117841e-02,1.962147180614687986e-02,1.963894498114836587e-02,1.966140117671166809e-02,1.969286132684939378e-02,1.973692791838202107e-02,1.979662902900151261e-02,1.987429019070428154e-02,1.997143588731324984e-02,2.008872111364916335e-02,2.022589307101449116e-02,2.038178349300347192e-02,2.055433285554092090e-02,2.074064831370249148e-02,2.093709713418082791e-02,2.113943628746128844e-02,2.134297657661769418e-02,2.154277634888528831e-02,2.173385591434710482e-02,2.191141999737624899e-02,2.207107270653991399e-02,2.220900837178494541e-02,2.232216258019248389e-02,2.240831073162156961e-02,2.246610565695643380e-02,2.249504967894058391e-02,2.249539676732703955e-02,2.246796888238492690e-02,2.241381505357356585e-02,2.233334641221412092e-02,2.222126955281761990e-02,2.211918760809071863e-02,2.203057622251029107e-02,2.192696705202689181e-02,2.181285171139568310e-02,2.169122573807239288e-02,2.156458043481180795e-02,2.143508447022076865e-02,2.130463784743838462e-02,2.117489675972563171e-02,2.104729211129015981e-02,2.092304766859210893e-02,2.080319906289808049e-02,2.068861342418366195e-02,2.058000905501034677e-02,2.047797455257033619e-02,2.038298690761700116e-02,2.029542825375520165e-02,2.021560107218584729e-02,2.014374176292468496e-02,2.008003257194254654e-02,2.002461191731561702e-02,1.997758319053172249e-02,1.993902212598217330e-02,1.990898283634301782e-02,1.988750260730623790e-02,1.987460553455376241e-02,1.987030507099550591e-02,1.987460553455393589e-02,1.988750260730618238e-02,1.990898283634295537e-02,1.993902212598201718e-02,1.997758319053182310e-02,2.002461191731560661e-02,2.008003257194252572e-02,2.014374176292478558e-02,2.021560107218590974e-02,2.029542825375500736e-02,2.038298690761691442e-02,2.047797455257019741e-02,2.058000905501004840e-02,2.068861342418367583e-02,2.080319906289807355e-02,2.092304766859223036e-02,2.104729211129009389e-02,2.117489675972554497e-02,2.130463784743840891e-02,2.143508447022085192e-02,2.156458043481189121e-02,2.169122573807229226e-02,2.181285171139567269e-02,2.192696705202694732e-02,2.203057622251033965e-02,2.211918760809069781e-02,2.222126955281761643e-02,2.233334641221424582e-02,2.241381505357361095e-02,2.246796888238491302e-02,2.249539676732710547e-02,2.249504967894068105e-02,2.246610565695642339e-02,2.240831073162145859e-02,2.232216258019240063e-02,2.220900837178493847e-02,2.207107270653983072e-02,2.191141999737614143e-02,2.173385591434713951e-02,2.154277634888534729e-02,2.134297657661771500e-02,2.113943628746134742e-02,2.093709713418078974e-02,2.074064831370247414e-02,2.055433285554076478e-02,2.038178349300343722e-02,2.022589307101445300e-02,2.008872111364919458e-02,1.997143588731345107e-02,1.987429019070423991e-02,1.979662902900150567e-02,1.973692791838196556e-02,1.969286132684954643e-02,1.966140117671178258e-02,1.963894498114836587e-02,1.962147180614690761e-02,1.960472183911122004e-02,1.958439220556493221e-02,1.955633838491086657e-02,1.951676789244738766e-02,1.946241156884969889e-02,1.939065836380362770e-02
6.318181818181818343e-01,1.943793140546829640e-02,1.937252052627826474e-02,1.929736031383486039e-02,1.921695524808559805e-02,1.913593931065103379e-02,1.905892536552484390e-02,1.899036884344822498e-02,1.893445186048067774e-02,1.889499055889908366e-02,1.887536546363878867e-02,1.887847232612473863e-02,1.890668943951814840e-02,1.896185676601676653e-02,1.904526232373502867e-02,1.915763198828334193e-02,1.929912000763850388e-02,1.946929895198312721e-02,1.966714938210157443e-02,1.989105108953174994e-02,2.013877920502810115e-02,2.040750964057152367e-02,2.069383905688187281e-02,2.099382465651911112e-02,2.130304843216503791e-02,2.161670894919803104e-02,2.192974131843819854e-02,2.223696287858859325e-02,2.253323858717109704e-02,2.281365668068230032e-02,2.307370231806822949e-02,2.330941503820384286e-02,2.351751485832499072e-02,2.369548043220680994e-02,2.384155570464345161e-02,2.395462563145371940e-02,2.403367481393413677e-02,2.407192427449013350e-02,2.415830919270205504e-02,2.419163326704970932e-02,2.419364040276353323e-02,2.417021079535430425e-02,2.412542917473077184e-02,2.406288459420226691e-02,2.398591345956250023e-02,2.389764093585361113e-02,2.380097343506703753e-02,2.369858284850952582e-02,2.359289496720785861e-02,2.348608541176513964e-02,2.338008303368097063e-02,2.327657950632594855e-02,2.317704346558334752e-02,2.308273759567422770e-02,2.299473726003592802e-02,2.291394953867308473e-02,2.284113179506713082e-02,2.277690912970801312e-02,2.272179027209993152e-02,2.267618161642761046e-02,2.264039922063139018e-02,2.261467866951894293e-02,2.259918275568473245e-02,2.259400696337789463e-02,2.259918275568457979e-02,2.261467866951897068e-02,2.264039922063132773e-02,2.267618161642781516e-02,2.272179027210003213e-02,2.277690912970789863e-02,2.284113179506695387e-02,2.291394953867298412e-02,2.299473726003597659e-02,2.308273759567432484e-02,2.317704346558329895e-02,2.327657950632576120e-02,2.338008303368100879e-02,2.348608541176502515e-02,2.359289496720806331e-02,2.369858284850978603e-02,2.380097343506710691e-02,2.389764093585367705e-02,2.398591345956238574e-02,2.406288459420219059e-02,2.412542917473066428e-02,2.417021079535427996e-02,2.419364040276336322e-02,2.419163326704969891e-02,2.415830919270209320e-02,2.407192427449018207e-02,2.403367481393408819e-02,2.395462563145361531e-02,2.384155570464337529e-02,2.369548043220697647e-02,2.351751485832492827e-02,2.330941503820386715e-02,2.307370231806808378e-02,2.281365668068234889e-02,2.253323858717122194e-02,2.223696287858860018e-02,2.192974131843813609e-02,2.161670894919809349e-02,2.130304843216513505e-02,2.099382465651905560e-02,2.069383905688193873e-02,2.040750964057147510e-02,2.013877920502821564e-02,1.989105108953181586e-02,1.966714938210167851e-02,1.946929895198305782e-02,1.929912000763852817e-02,1.915763198828340438e-02,1.904526232373506336e-02,1.896185676601677000e-02,1.890668943951805125e-02,1.887847232612474210e-02,1.887536546363884418e-02,1.889499055889908019e-02,1.893445186048066387e-02,1.899036884344827009e-02,1.905892536552483002e-02,1.913593931065098522e-02,1.921695524808561192e-02,1.929736031383483610e-02,1.937252052627821616e-02,1.943793140546842477e-02
6.356060606060606188e-01,2.872448259796670997e-02,2.849854647158558268e-02,2.827784359130030081e-02,2.806746849916615105e-02,2.787215469014226246e-02,2.769621250950935615e-02,2.754349282401340193e-02,2.741737297442174356e-02,2.732076044743264251e-02,2.725610926314789642e-02,2.722544413356486545e-02,2.723038786295796723e-02,2.727218809687165929e-02,2.735174027280778269e-02,2.746960440550271290e-02,2.762601410855724388e-02,2.782087699510626608e-02,2.805376631612439137e-02,2.832390439989316069e-02,2.863013916647791021e-02,2.897091571693598960e-02,2.934424573429938662e-02,2.974767815694685791e-02,3.017827524376220580e-02,3.063259866618044461e-02,3.110671053404390207e-02,3.159619417905730476e-02,3.209619898296885154e-02,3.260151249605321849e-02,3.310666159132816949e-02,3.360604266356347763e-02,3.409407946495989633e-02,3.456540739378924365e-02,3.501508856428212080e-02,3.543888573392443148e-02,3.583372930614334845e-02,3.619924318272101094e-02,3.661447260457302566e-02,3.697896816024733718e-02,3.726403861368626086e-02,3.749612256634678870e-02,3.768154141980704225e-02,3.782434385211533301e-02,3.792824834865551192e-02,3.799706722835784201e-02,3.803477180526341345e-02,3.804544540206959008e-02,3.803320137676659274e-02,3.800209638078579089e-02,3.795605203447823678e-02,3.789879059376521225e-02,3.783378624996874134e-02,3.776423152892440654e-02,3.769301706690683651e-02,3.762272246686412108e-02,3.755561576046689137e-02,3.749365907372705781e-02,3.743851831327372343e-02,3.739157498401542157e-02,3.735393856727706186e-02,3.732645820049729918e-02,3.730973268797506404e-02,3.730411813024007983e-02,3.730973268797511955e-02,3.732645820049742408e-02,3.735393856727702022e-02,3.739157498401540075e-02,3.743851831327368179e-02,3.749365907372686352e-02,3.755561576046717587e-02,3.762272246686396149e-02,3.769301706690697529e-02,3.776423152892451757e-02,3.783378624996877604e-02,3.789879059376530246e-02,3.795605203447827841e-02,3.800209638078590191e-02,3.803320137676698826e-02,3.804544540206961090e-02,3.803477180526333018e-02,3.799706722835782813e-02,3.792824834865542866e-02,3.782434385211543015e-02,3.768154141980678551e-02,3.749612256634719115e-02,3.726403861368629555e-02,3.697896816024746208e-02,3.661447260457303260e-02,3.619924318272124686e-02,3.583372930614345947e-02,3.543888573392486169e-02,3.501508856428229427e-02,3.456540739378920202e-02,3.409407946495979225e-02,3.360604266356352621e-02,3.310666159132807929e-02,3.260151249605314910e-02,3.209619898296890705e-02,3.159619417905715905e-02,3.110671053404382574e-02,3.063259866618058685e-02,3.017827524376209131e-02,2.974767815694680240e-02,2.934424573429965030e-02,2.897091571693596532e-02,2.863013916647784082e-02,2.832390439989325784e-02,2.805376631612447463e-02,2.782087699510616546e-02,2.762601410855725775e-02,2.746960440550272678e-02,2.735174027280776882e-02,2.727218809687177725e-02,2.723038786295789437e-02,2.722544413356492096e-02,2.725610926314768478e-02,2.732076044743263904e-02,2.741737297442184071e-02,2.754349282401329091e-02,2.769621250950938737e-02,2.787215469014251920e-02,2.806746849916629677e-02,2.827784359130037367e-02,2.849854647158556881e-02,2.872448259796653997e-02
6.393939393939394034e-01,4.339173359994134144e-02,4.300668116784844841e-02,4.265023761596672958e-02,4.232586886415273114e-02,4.203652329990522490e-02,4.178466049497538831e-02,4.157229076569592813e-02,4.140102119574212702e-02,4.127210435916514597e-02,4.118648665397845604e-02,4.114485381864026875e-02,4.114767181069940716e-02,4.119522175271153608e-02,4.128762808600307949e-02,4.142487942078151159e-02,4.160684184331740754e-02,4.183326465422006896e-02,4.210377868596359985e-02,4.241788750329222868e-02,4.277495194704523940e-02,4.317416865886664762e-02,4.361454343767574848e-02,4.409486054182722853e-02,4.461364937329209690e-02,4.516915036743863326e-02,4.575928236618462958e-02,4.638161427582634944e-02,4.703334441481644979e-02,4.771129168367830437e-02,4.841190366375417581e-02,4.913128830475779751e-02,4.986527884926277715e-02,5.060954835294330378e-02,5.135980722936108606e-02,5.211216672672659006e-02,5.286392294622381527e-02,5.361581562524007916e-02,5.438372840611685466e-02,5.535376556938540610e-02,5.608578281574098934e-02,5.673970173548418400e-02,5.733590446202210117e-02,5.787827598249675048e-02,5.836801905086084347e-02,5.880599681303391030e-02,5.919341547529401865e-02,5.953204174495408535e-02,5.982423905188456043e-02,6.007291788495303791e-02,6.028144181700750143e-02,6.045351165688529760e-02,6.059304175414753635e-02,6.070403784861060081e-02,6.079048274374085348e-02,6.085623372472346443e-02,6.090493378324476903e-02,6.093993726871000521e-02,6.096424952382809709e-02,6.098047934876412585e-02,6.099080273184193102e-02,6.099693613771810935e-02,6.100011770495938207e-02,6.100109492458879318e-02,6.100011770495970820e-02,6.099693613771862283e-02,6.099080273184158407e-02,6.098047934876362625e-02,6.096424952382771545e-02,6.093993726870940153e-02,6.090493378324470658e-02,6.085623372472419301e-02,6.079048274374054123e-02,6.070403784861044816e-02,6.059304175414811922e-02,6.045351165688472861e-02,6.028144181700740428e-02,6.007291788495264240e-02,5.982423905188423430e-02,5.953204174495323880e-02,5.919341547529372027e-02,5.880599681303422255e-02,5.836801905086105163e-02,5.787827598249623701e-02,5.733590446202179586e-02,5.673970173548361501e-02,5.608578281574159302e-02,5.535376556938524650e-02,5.438372840611674364e-02,5.361581562523984323e-02,5.286392294622389854e-02,5.211216672672674272e-02,5.135980722936092646e-02,5.060954835294367155e-02,4.986527884926243714e-02,4.913128830475733261e-02,4.841190366375400927e-02,4.771129168367821416e-02,4.703334441481675510e-02,4.638161427582614821e-02,4.575928236618467121e-02,4.516915036743854306e-02,4.461364937329218017e-02,4.409486054182659015e-02,4.361454343767649094e-02,4.317416865886661986e-02,4.277495194704548226e-02,4.241788750329270746e-02,4.210377868596359985e-02,4.183326465422038815e-02,4.160684184331744223e-02,4.142487942078159485e-02,4.128762808600337786e-02,4.119522175271152914e-02,4.114767181069953900e-02,4.114485381864065733e-02,4.118648665397843522e-02,4.127210435916520842e-02,4.140102119574210621e-02,4.157229076569617793e-02,4.178466049497479851e-02,4.203652329990507919e-02,4.232586886415257849e-02,4.265023761596664631e-02,4.300668116784837208e-02,4.339173359994154960e-02
6.431818181818181879e-01,6.064457137297761535e-02,6.015807991308615849e-02,5.972940788992694983e-02,5.935857990206612478e-02,5.904533040225155849e-02,5.878916003662736783e-02,5.858938943967217233e-02,5.844520900186238321e-02,5.835572366278245909e-02,5.831999218284568409e-02,5.833706063944835152e-02,5.840599009931522062e-02,5.852587855569633957e-02,5.869587730198441017e-02,5.891520195580714908e-02,5.918313836148050844e-02,5.949904359432661716e-02,5.986234227733757546e-02,6.027251840757631707e-02,6.072910288516950722e-02,6.123165695019954641e-02,6.177975177166415005e-02,6.237294450859771910e-02,6.301075128959567062e-02,6.369261775104446965e-02,6.441788806115188171e-02,6.518577377591031063e-02,6.599532449033480852e-02,6.684540318513458590e-02,6.773467066194142905e-02,6.866158600377038346e-02,6.962443469306409116e-02,7.062140551727763560e-02,7.165075867909602436e-02,7.271118136242245289e-02,7.380258578521042834e-02,7.492818686528171512e-02,7.610174904677706464e-02,7.740247371205120908e-02,7.892376228854759701e-02,8.003902444095575830e-02,8.109815810334519703e-02,8.211420261243514152e-02,8.308785477949469367e-02,8.401695231708472544e-02,8.489859857862484815e-02,8.572992975199594801e-02,8.650846511772306013e-02,8.723228179364771184e-02,8.790009465796090604e-02,8.851127450385336271e-02,8.906582124670049672e-02,8.956430308854597400e-02,9.000777030954253133e-02,9.039765140653104047e-02,9.073563870098555473e-02,9.102356993508302352e-02,9.126331165936159284e-02,9.145664939571468421e-02,9.160518868838622708e-02,9.171027029567757616e-02,9.177290197845050512e-02,9.179370864043438771e-02,9.177290197845021369e-02,9.171027029567654920e-02,9.160518868838761486e-02,9.145664939571489238e-02,9.126331165936289735e-02,9.102356993508321781e-02,9.073563870098520778e-02,9.039765140653159559e-02,9.000777030954365543e-02,8.956430308854598787e-02,8.906582124670038569e-02,8.851127450385329332e-02,8.790009465796148891e-02,8.723228179364818369e-02,8.650846511772222747e-02,8.572992975199740517e-02,8.489859857862518122e-02,8.401695231708419809e-02,8.308785477949474918e-02,8.211420261243576602e-02,8.109815810334551622e-02,8.003902444095616076e-02,7.892376228854840192e-02,7.740247371205123683e-02,7.610174904677766139e-02,7.492818686528136818e-02,7.380258578521138590e-02,7.271118136242300800e-02,7.165075867909616314e-02,7.062140551727776050e-02,6.962443469306389687e-02,6.866158600377071652e-02,6.773467066194133190e-02,6.684540318513502999e-02,6.599532449033526649e-02,6.518577377590968613e-02,6.441788806115168742e-02,6.369261775104412271e-02,6.301075128959637839e-02,6.237294450859770523e-02,6.177975177166455945e-02,6.123165695019935212e-02,6.072910288517018029e-02,6.027251840757665707e-02,5.986234227733786689e-02,5.949904359432714451e-02,5.918313836148026558e-02,5.891520195580707275e-02,5.869587730198402159e-02,5.852587855569645753e-02,5.840599009931510266e-02,5.833706063944818498e-02,5.831999218284526082e-02,5.835572366278213297e-02,5.844520900186295914e-02,5.858938943967289398e-02,5.878916003662654211e-02,5.904533040225123930e-02,5.935857990206647866e-02,5.972940788992812250e-02,6.015807991308579766e-02,6.064457137297730310e-02
6.469696969696969724e-01,8.275306823992512051e-02,8.212607297121081451e-02,8.159658742050394931e-02,8.116201079033009969e-02,8.081937172775587042e-02,8.056539088927709702e-02,8.039654591809795858e-02,8.030913723382340774e-02,8.029935309661999365e-02,8.036333252566413288e-02,8.049722481896928739e-02,8.069724462588552527e-02,8.095972174887443307e-02,8.128114508194733689e-02,8.165820031554058001e-02,8.208780124055856109e-02,8.256711466046265380e-02,8.309357906573766606e-02,8.366491733943208498e-02,8.427914384871869335e-02,8.493456634141811901e-02,8.562978311703710321e-02,8.636367599171046461e-02,8.713539964222878631e-02,8.794436802030025646e-02,8.879023870951451014e-02,8.967289641002823553e-02,9.059243727200592955e-02,9.154915672105613800e-02,9.254354503028715262e-02,9.357629779021361949e-02,9.464835386089358316e-02,9.576098417303013921e-02,9.691597775637936230e-02,9.811602525516856244e-02,9.936554257049369510e-02,1.006726211807363602e-01,1.020545622188488710e-01,1.035603605243229364e-01,1.057356543990077696e-01,1.070525467779425977e-01,1.082774804450786776e-01,1.094832125198779982e-01,1.106752523405391264e-01,1.118523185744876025e-01,1.130107605339624594e-01,1.141457540128940906e-01,1.152517965859360116e-01,1.163229835862149980e-01,1.173531994665594630e-01,1.183362702442599113e-01,1.192660937672038318e-01,1.201367536626936905e-01,1.209426185152146227e-01,1.216784262670262268e-01,1.223393535828610351e-01,1.229210703036957425e-01,1.234197797748176617e-01,1.238322465429321922e-01,1.241558135186362349e-01,1.243884110880284499e-01,1.245285607686876517e-01,1.245753758213871965e-01,1.245285607686874713e-01,1.243884110880283528e-01,1.241558135186368317e-01,1.238322465429309571e-01,1.234197797748165099e-01,1.229210703036973940e-01,1.223393535828613266e-01,1.216784262670271705e-01,1.209426185152159550e-01,1.201367536626930521e-01,1.192660937672047478e-01,1.183362702442622011e-01,1.173531994665573119e-01,1.163229835862142764e-01,1.152517965859367471e-01,1.141457540128938131e-01,1.130107605339665255e-01,1.118523185744884213e-01,1.106752523405393207e-01,1.094832125198780121e-01,1.082774804450800515e-01,1.070525467779427503e-01,1.057356543990079223e-01,1.035603605243237413e-01,1.020545622188502449e-01,1.006726211807372623e-01,9.936554257049540206e-02,9.811602525516814610e-02,9.691597775637973700e-02,9.576098417302914001e-02,9.464835386089447133e-02,9.357629779021328642e-02,9.254354503028619505e-02,9.154915672105837232e-02,9.059243727200501362e-02,8.967289641002883227e-02,8.879023870951542607e-02,8.794436802030111688e-02,8.713539964222878631e-02,8.636367599171007603e-02,8.562978311703806078e-02,8.493456634141921535e-02,8.427914384871994236e-02,8.366491733943220988e-02,8.309357906573797137e-02,8.256711466046236236e-02,8.208780124055857497e-02,8.165820031554206493e-02,8.128114508194626830e-02,8.095972174887475226e-02,8.069724462588424851e-02,8.049722481896966209e-02,8.036333252566482677e-02,8.029935309662016019e-02,8.030913723382303304e-02,8.039654591809776429e-02,8.056539088927731906e-02,8.081937172775630063e-02,8.116201079033001642e-02,8.159658742050335256e-02,8.212607297121124472e-02,8.275306823992469030e-02
6.507575757575757569e-01,1.169078884741964058e-01,1.158226538879349732e-01,1.148566908951756532e-01,1.140153120437277928e-01,1.133029629067833777e-01,1.127230395402014362e-01,1.122777410760690542e-01,1.119679638191060228e-01,1.117932407474518525e-01,1.117517277622275401e-01,1.118402355316620578e-01,1.120543034966555163e-01,1.123883106933259712e-01,1.128356166170530750e-01,1.133887244680034101e-01,1.140394587929492443e-01,1.147791497372350061e-01,1.155988167669528693e-01,1.164893457123383630e-01,1.174416542025097376e-01,1.184468418961853037e-01,1.194963232617352461e-01,1.205819419461275355e-01,1.216960669454741489e-01,1.228316718327615298e-01,1.239823992272684888e-01,1.251426135634723380e-01,1.263074461467450504e-01,1.274728376646572237e-01,1.286355851040509868e-01,1.297934030454994392e-01,1.309450148371083811e-01,1.320902998739078849e-01,1.332305452864593065e-01,1.343688992371789015e-01,1.355112421442172255e-01,1.366680222303874870e-01,1.378586995071862387e-01,1.391252925085729730e-01,1.405987785788687383e-01,1.426880874504383723e-01,1.433138329768212371e-01,1.439187743675059417e-01,1.445028520363360325e-01,1.450666121213753101e-01,1.456103242175904866e-01,1.461338923824371250e-01,1.466368557910500414e-01,1.471184135501840129e-01,1.475774609543039351e-01,1.480126334431211832e-01,1.484223563864900397e-01,1.488048991505487584e-01,1.491584318817908428e-01,1.494810833947845807e-01,1.497709985508754449e-01,1.500263935862236331e-01,1.502456079808908163e-01,1.504271516372355788e-01,1.505697463373929790e-01,1.506723606549576766e-01,1.507342376917514271e-01,1.507549151861887482e-01,1.507342376917528981e-01,1.506723606549558170e-01,1.505697463373912859e-01,1.504271516372335804e-01,1.502456079808919265e-01,1.500263935862283515e-01,1.497709985508702268e-01,1.494810833947876894e-01,1.491584318817863186e-01,1.488048991505480922e-01,1.484223563864879858e-01,1.480126334431198232e-01,1.475774609543036298e-01,1.471184135501826529e-01,1.466368557910496251e-01,1.461338923824342662e-01,1.456103242175935397e-01,1.450666121213736726e-01,1.445028520363359492e-01,1.439187743675072739e-01,1.433138329768232910e-01,1.426880874504394547e-01,1.405987785788681832e-01,1.391252925085715020e-01,1.378586995071849619e-01,1.366680222303859882e-01,1.355112421442167536e-01,1.343688992371788737e-01,1.332305452864587514e-01,1.320902998739057477e-01,1.309450148371098799e-01,1.297934030454990506e-01,1.286355851040493214e-01,1.274728376646562800e-01,1.263074461467453558e-01,1.251426135634757797e-01,1.239823992272669345e-01,1.228316718327629037e-01,1.216960669454748983e-01,1.205819419461270914e-01,1.194963232617377163e-01,1.184468418961851233e-01,1.174416542025090576e-01,1.164893457123364479e-01,1.155988167669543404e-01,1.147791497372339792e-01,1.140394587929502018e-01,1.133887244679997186e-01,1.128356166170534775e-01,1.123883106933250831e-01,1.120543034966546003e-01,1.118402355316610169e-01,1.117517277622277067e-01,1.117932407474513390e-01,1.119679638191064946e-01,1.122777410760695399e-01,1.127230395402035595e-01,1.133029629067828503e-01,1.140153120437304990e-01,1.148566908951765692e-01,1.158226538879357920e-01,1.169078884741956287e-01
6.545454545454545414e-01,1.694444004020595751e-01,1.685833282123725962e-01,1.677511212869765567e-01,1.669519121299659625e-01,1.661932868926844220e-01,1.654857192776101327e-01,1.648419153479360466e-01,1.642760940341689291e-01,1.638032278394152830e-01,1.634382682909874818e-01,1.631953808852373011e-01,1.630872143362696314e-01,1.631242285321163887e-01,1.633141044152458532e-01,1.636612568173502480e-01,1.641664680125332620e-01,1.648266554916491544e-01,1.656347824475195296e-01,1.665799140594030336e-01,1.676474172980579602e-01,1.688192970461690756e-01,1.700746571567096632e-01,1.713902718195352004e-01,1.727412502645382930e-01,1.741017762236641286e-01,1.754459024194076067e-01,1.767483793394410696e-01,1.779854964852657095e-01,1.791359131713352870e-01,1.801814551925290664e-01,1.811078541889969418e-01,1.819054099661163992e-01,1.825695651699181798e-01,1.831014016086434659e-01,1.835081085427258119e-01,1.838035607699015639e-01,1.840093510158957724e-01,1.841571950153526593e-01,1.842956278017476301e-01,1.845137949488767637e-01,1.851005240526215623e-01,1.857496710196251399e-01,1.852699923456638254e-01,1.848249799147138051e-01,1.844081656982227979e-01,1.840216094139257852e-01,1.836681148239894812e-01,1.833497165780098859e-01,1.830673223857552379e-01,1.828207133308684673e-01,1.826086823716784324e-01,1.824292273196285730e-01,1.822797589657003114e-01,1.821573035947172681e-01,1.820586886606611055e-01,1.819807060377247321e-01,1.819202508415952990e-01,1.818744360982056663e-01,1.818406849140670190e-01,1.818168025171064406e-01,1.818010307689251759e-01,1.817920876343404324e-01,1.817891937392970836e-01,1.817920876343407932e-01,1.818010307689240934e-01,1.818168025171084390e-01,1.818406849140645209e-01,1.818744360982044173e-01,1.819202508415933284e-01,1.819807060377265917e-01,1.820586886606585242e-01,1.821573035947161856e-01,1.822797589657004502e-01,1.824292273196286562e-01,1.826086823716787655e-01,1.828207133308667742e-01,1.830673223857569865e-01,1.833497165780098581e-01,1.836681148239917016e-01,1.840216094139249248e-01,1.844081656982239914e-01,1.848249799147139438e-01,1.852699923456594677e-01,1.857496710196228917e-01,1.851005240526187867e-01,1.845137949488780404e-01,1.842956278017500171e-01,1.841571950153505777e-01,1.840093510158958556e-01,1.838035607699025353e-01,1.835081085427257841e-01,1.831014016086421614e-01,1.825695651699180411e-01,1.819054099661214507e-01,1.811078541890004945e-01,1.801814551925279562e-01,1.791359131713324837e-01,1.779854964852654597e-01,1.767483793394432345e-01,1.754459024194065797e-01,1.741017762236659883e-01,1.727412502645433168e-01,1.713902718195356167e-01,1.700746571567094134e-01,1.688192970461697973e-01,1.676474172980575994e-01,1.665799140594041994e-01,1.656347824475229991e-01,1.648266554916493765e-01,1.641664680125377029e-01,1.636612568173499149e-01,1.633141044152441324e-01,1.631242285321192753e-01,1.630872143362684934e-01,1.631953808852380783e-01,1.634382682909884532e-01,1.638032278394170593e-01,1.642760940341685127e-01,1.648419153479352695e-01,1.654857192776082453e-01,1.661932868926858653e-01,1.669519121299652409e-01,1.677511212869783053e-01,1.685833282123727905e-01,1.694444004020582706e-01
6.583333333333333259e-01,2.301700261406494086e-01,2.303239898536715013e-01,2.306424457829112096e-01,2.310743780378396450e-01,2.315769234544554911e-01,2.321161630342503113e-01,2.326672982408051760e-01,2.332143027326082363e-01,2.337491471765499595e-01,2.342706905091955782e-01,2.347833205536155876e-01,2.352954148658630007e-01,2.358176826598693820e-01,2.363614430441591252e-01,2.369368948318482382e-01,2.375514389939042681e-01,2.382081254976811946e-01,2.389043098473007110e-01,2.396306181002587354e-01,2.403703284533095785e-01,2.410992778701795958e-01,2.417863886180970923e-01,2.423948776374922343e-01,2.428841590854263488e-01,2.432123785046347575e-01,2.433394322589704228e-01,2.432302401337088638e-01,2.428579689363186689e-01,2.422068688087407329e-01,2.412743970095949098e-01,2.400723731831008456e-01,2.386270307741949481e-01,2.369779844683854164e-01,2.351762992374749062e-01,2.332820009463218713e-01,2.313615066410950605e-01,2.294856121769628388e-01,2.277290044821761728e-01,2.261732989582983522e-01,2.249197439689299693e-01,2.241419032114403964e-01,2.247546748949203199e-01,2.249446784448755343e-01,2.245281154820540082e-01,2.242018322873923497e-01,2.239705753187605231e-01,2.238271179646770248e-01,2.237607481104756657e-01,2.237596129987093341e-01,2.238117273506178839e-01,2.239055073618148040e-01,2.240300763593604250e-01,2.241754378825318306e-01,2.243325640852798786e-01,2.244934282467005437e-01,2.246510007622254390e-01,2.247992224290338292e-01,2.249329651070870462e-01,2.250479871407575216e-01,2.251408889117422762e-01,2.252090723730160449e-01,2.252507072637534580e-01,2.252647058363574095e-01,2.252507072637538466e-01,2.252090723730188759e-01,2.251408889117419154e-01,2.250479871407551347e-01,2.249329651070881286e-01,2.247992224290301377e-01,2.246510007622196381e-01,2.244934282466992115e-01,2.243325640852777692e-01,2.241754378825386029e-01,2.240300763593572886e-01,2.239055073618141933e-01,2.238117273506143035e-01,2.237596129987088900e-01,2.237607481104743612e-01,2.238271179646781350e-01,2.239705753187618831e-01,2.242018322873949587e-01,2.245281154820513436e-01,2.249446784448762560e-01,2.247546748949226236e-01,2.241419032114410625e-01,2.249197439689352429e-01,2.261732989583004616e-01,2.277290044821756732e-01,2.294856121769566215e-01,2.313615066410923404e-01,2.332820009463203448e-01,2.351762992374733796e-01,2.369779844683871650e-01,2.386270307741923113e-01,2.400723731831077568e-01,2.412743970095907742e-01,2.422068688087404276e-01,2.428579689363158656e-01,2.432302401337075870e-01,2.433394322589712278e-01,2.432123785046393927e-01,2.428841590854241561e-01,2.423948776374885150e-01,2.417863886180957045e-01,2.410992778701791794e-01,2.403703284533084406e-01,2.396306181002617886e-01,2.389043098473036530e-01,2.382081254976796680e-01,2.375514389939050730e-01,2.369368948318464063e-01,2.363614430441574321e-01,2.358176826598706033e-01,2.352954148658578382e-01,2.347833205536134504e-01,2.342706905091949954e-01,2.337491471765505702e-01,2.332143027326079032e-01,2.326672982408068413e-01,2.321161630342527815e-01,2.315769234544533817e-01,2.310743780378429202e-01,2.306424457829110708e-01,2.303239898536716679e-01,2.301700261406477988e-01
6.621212121212121104e-01,3.010591055290189333e-01,2.996762048267992418e-01,2.989972964549375556e-01,2.989347886159388623e-01,2.993903753508859733e-01,3.002625855891136730e-01,3.014531809694183662e-01,3.028719494242329557e-01,3.044397345520545306e-01,3.060897744406669285e-01,3.077675757827275094e-01,3.094296244395347006e-01,3.110412523270821850e-01,3.125739677310201969e-01,3.140025340748869298e-01,3.153020656918293363e-01,3.164454042442849668e-01,3.174010429377122078e-01,3.181318662106418227e-01,3.185949527821873017e-01,3.187426305785625025e-01,3.185248585720465986e-01,3.178928410907764235e-01,3.168035726072629954e-01,3.152248050319494399e-01,3.131397796000584544e-01,3.105510245079633469e-01,3.074826180235556983e-01,3.039805467113507742e-01,3.001111007602061953e-01,2.959575685873345186e-01,2.916157469894558041e-01,2.871889234144929803e-01,2.827830059270211027e-01,2.785024061253504879e-01,2.744471833417869155e-01,2.707119270779129172e-01,2.673870486242176381e-01,2.645639810056797381e-01,2.623487395780843001e-01,2.609009871605608710e-01,2.606058849900576568e-01,2.641489076116464996e-01,2.649979170029002629e-01,2.656056811185014133e-01,2.662099292000682516e-01,2.668426996740342894e-01,2.675035374356445339e-01,2.681828849975619877e-01,2.688686341013108994e-01,2.695485039927044690e-01,2.702109967958545300e-01,2.708457716988494357e-01,2.714437555289653248e-01,2.719971280531026658e-01,2.724992487210076697e-01,2.729445593754374344e-01,2.733284816090464919e-01,2.736473190997011362e-01,2.738981706455907439e-01,2.740788570056585383e-01,2.741878631593623883e-01,2.742242967657818054e-01,2.741878631593572813e-01,2.740788570056542084e-01,2.738981706455878573e-01,2.736473190997023575e-01,2.733284816090461034e-01,2.729445593754397659e-01,2.724992487210084469e-01,2.719971280531042757e-01,2.714437555289597737e-01,2.708457716988461050e-01,2.702109967958555847e-01,2.695485039927048576e-01,2.688686341013079573e-01,2.681828849975599338e-01,2.675035374356521944e-01,2.668426996740370094e-01,2.662099292000668638e-01,2.656056811185042998e-01,2.649979170028992637e-01,2.641489076116492751e-01,2.606058849900591556e-01,2.609009871605673658e-01,2.623487395780827458e-01,2.645639810056808483e-01,2.673870486242207467e-01,2.707119270779093645e-01,2.744471833417867490e-01,2.785024061253497663e-01,2.827830059270244334e-01,2.871889234144975322e-01,2.916157469894569143e-01,2.959575685873335193e-01,3.001111007602041969e-01,3.039805467113494419e-01,3.074826180235540884e-01,3.105510245079680098e-01,3.131397796000578992e-01,3.152248050319463868e-01,3.168035726072649383e-01,3.178928410907760904e-01,3.185248585720478198e-01,3.187426305785640013e-01,3.185949527821843041e-01,3.181318662106425443e-01,3.174010429377127074e-01,3.164454042442884640e-01,3.153020656918252840e-01,3.140025340748926475e-01,3.125739677310240827e-01,3.110412523270824070e-01,3.094296244395340345e-01,3.077675757827227909e-01,3.060897744406694820e-01,3.044397345520603593e-01,3.028719494242343435e-01,3.014531809694211972e-01,3.002625855891112860e-01,2.993903753508886378e-01,2.989347886159411938e-01,2.989972964549432177e-01,2.996762048267998524e-01,3.010591055290178231e-01
6.659090909090908950e-01,3.944534355677093984e-01,3.890301651030353969e-01,3.844332942633314487e-01,3.807656986275798627e-01,3.780737131615259927e-01,3.763468027339022526e-01,3.755241617409249000e-01,3.755062633263571148e-01,3.761685589066005586e-01,3.773745918627827156e-01,3.789865181446859244e-01,3.808720332783196993e-01,3.829076432941828645e-01,3.849788959773044472e-01,3.869785735168723151e-01,3.888039921175801550e-01,3.903545290216111630e-01,3.915303457584498603e-01,3.922330065795336940e-01,3.923682990067867693e-01,3.918510701735897217e-01,3.906113741575160114e-01,3.886008128025200681e-01,3.857977892733821523e-01,3.822105654773548800e-01,3.778774910903230366e-01,3.728644038597712096e-01,3.672597824848886638e-01,3.611685954043690194e-01,3.547058651391050144e-01,3.479908027399414294e-01,3.411420712141998157e-01,3.342744287946021187e-01,3.274967670551529597e-01,3.209114351924447495e-01,3.146147400629324409e-01,3.086986410668710601e-01,3.032539774674869459e-01,2.983762965967315384e-01,2.941773003025005551e-01,2.908114797379606209e-01,2.885585351874677684e-01,2.883068615418549752e-01,2.950969159033760558e-01,2.976088421601334466e-01,2.995668884043716784e-01,3.013319321829962538e-01,3.029908421441216970e-01,3.045689403182609833e-01,3.060708615531752552e-01,3.074933407059330381e-01,3.088301807248792774e-01,3.100744063376282833e-01,3.112192373545156765e-01,3.122585173642863365e-01,3.131868770353595233e-01,3.139997657623545546e-01,3.146934198424580775e-01,3.152648034921467501e-01,3.157115425903794792e-01,3.160318621996012212e-01,3.162245340186962683e-01,3.162888371552475819e-01,3.162245340186984333e-01,3.160318621996081601e-01,3.157115425903771477e-01,3.152648034921439191e-01,3.146934198424578000e-01,3.139997657623536664e-01,3.131868770353581355e-01,3.122585173642845602e-01,3.112192373545187851e-01,3.100744063376272286e-01,3.088301807248832742e-01,3.074933407059334822e-01,3.060708615531744226e-01,3.045689403182613719e-01,3.029908421441235844e-01,3.013319321829958652e-01,2.995668884043715119e-01,2.976088421601358891e-01,2.950969159033810518e-01,2.883068615418543645e-01,2.885585351874664362e-01,2.908114797379620642e-01,2.941773003024982791e-01,2.983762965967294289e-01,3.032539774674867794e-01,3.086986410668691727e-01,3.146147400629337176e-01,3.209114351924441944e-01,3.274967670551494625e-01,3.342744287946016191e-01,3.411420712141964851e-01,3.479908027399409853e-01,3.547058651391033490e-01,3.611685954043692415e-01,3.672597824848885528e-01,3.728644038597690447e-01,3.778774910903243134e-01,3.822105654773533812e-01,3.857977892733840952e-01,3.886008128025176811e-01,3.906113741575182319e-01,3.918510701735932744e-01,3.923682990067866028e-01,3.922330065795338050e-01,3.915303457584481395e-01,3.903545290216115515e-01,3.888039921175795999e-01,3.869785735168747576e-01,3.849788959773031705e-01,3.829076432941804775e-01,3.808720332783205320e-01,3.789865181446905873e-01,3.773745918627837148e-01,3.761685589066083302e-01,3.755062633263582250e-01,3.755241617409275645e-01,3.763468027339019750e-01,3.780737131615260482e-01,3.807656986275773092e-01,3.844332942633300609e-01,3.890301651030357299e-01,3.944534355677093984e-01
6.696969696969696795e-01,4.932705238367132705e-01,4.884666001098270649e-01,4.832574758467545473e-01,4.778349764531262256e-01,4.724375540265795537e-01,4.673319235900731949e-01,4.627844744915573516e-01,4.590278406983748782e-01,4.562306622964154568e-01,4.544779140412702478e-01,4.537652607461801213e-01,4.540058960493636997e-01,4.550449582883513422e-01,4.566762611310893338e-01,4.586581326123863045e-01,4.607279128232916743e-01,4.626164995529448154e-01,4.640644473540474491e-01,4.648396795437690354e-01,4.647548056440636288e-01,4.636806202014315814e-01,4.615525248879099318e-01,4.583683831975201017e-01,4.541787734050246605e-01,4.490725304997388312e-01,4.431611089566545592e-01,4.365646983359975919e-01,4.294017702321452079e-01,4.217824782664968408e-01,4.138054620663598193e-01,4.055572025989909180e-01,3.971130313516215149e-01,3.885390492192697942e-01,3.798944325939857536e-01,3.712338191266928988e-01,3.626096469859805826e-01,3.540744756362113055e-01,3.456834764300769636e-01,3.374975227112593235e-01,3.295878248060886140e-01,3.220444752773024555e-01,3.149963088953333101e-01,3.086760794799821017e-01,3.040642553214795152e-01,3.139202455810863879e-01,3.178995832308276759e-01,3.210378561407529752e-01,3.237871206792387047e-01,3.262898204411373015e-01,3.286017245436879120e-01,3.307454930619693756e-01,3.327292387193599432e-01,3.345542962793602859e-01,3.362188570388814357e-01,3.377197841638220899e-01,3.390535494525610538e-01,3.402167183110767490e-01,3.412061932569952494e-01,3.420193263071035772e-01,3.426539609742779713e-01,3.431084384771954099e-01,3.433815883282939074e-01,3.434727151267551459e-01,3.433815883282938519e-01,3.431084384771948548e-01,3.426539609742799697e-01,3.420193263071011347e-01,3.412061932569952494e-01,3.402167183110763049e-01,3.390535494525647175e-01,3.377197841638240883e-01,3.362188570388788267e-01,3.345542962793580655e-01,3.327292387193574452e-01,3.307454930619713740e-01,3.286017245436865242e-01,3.262898204411350256e-01,3.237871206792397594e-01,3.210378561407543629e-01,3.178995832308287306e-01,3.139202455810821690e-01,3.040642553214783494e-01,3.086760794799812135e-01,3.149963088953378620e-01,3.220444752773016783e-01,3.295878248060870597e-01,3.374975227112567699e-01,3.456834764300756313e-01,3.540744756362089740e-01,3.626096469859803606e-01,3.712338191266919551e-01,3.798944325939875299e-01,3.885390492192639100e-01,3.971130313516236243e-01,4.055572025989899188e-01,4.138054620663607075e-01,4.217824782665032246e-01,4.294017702321439311e-01,4.365646983359967037e-01,4.431611089566550588e-01,4.490725304997352230e-01,4.541787734050254377e-01,4.583683831975178813e-01,4.615525248879129294e-01,4.636806202014344125e-01,4.647548056440662934e-01,4.648396795437646500e-01,4.640644473540467829e-01,4.626164995529460366e-01,4.607279128232899534e-01,4.586581326123899127e-01,4.566762611310927200e-01,4.550449582883487887e-01,4.540058960493628115e-01,4.537652607461895027e-01,4.544779140412677498e-01,4.562306622964129033e-01,4.590278406983751558e-01,4.627844744915579622e-01,4.673319235900748048e-01,4.724375540265801088e-01,4.778349764531272803e-01,4.832574758467504950e-01,4.884666001098287857e-01,4.932705238367138256e-01
6.734848484848484640e-01,5.488558398685161599e-01,5.509969529187418447e-01,5.526371592117858000e-01,5.536440467777865582e-01,5.538651916709309564e-01,5.531479113369968115e-01,5.513764332128806567e-01,5.485269320642102153e-01,5.447302725116768274e-01,5.403170035335664867e-01,5.358084746128710663e-01,5.318271122557275410e-01,5.289355763361102136e-01,5.274622456125770409e-01,5.273928460388431771e-01,5.283806637549011143e-01,5.298659864657532248e-01,5.312429437729210280e-01,5.320018924406383354e-01,5.318051311759124378e-01,5.304944610861476173e-01,5.280549500409583707e-01,5.245635602416143239e-01,5.201423988442255286e-01,5.149250183669734637e-01,5.090362963774373029e-01,5.025828430895669108e-01,4.956502224007550694e-01,4.883039374562724300e-01,4.805921108959761989e-01,4.725486301068547723e-01,4.641961116519368047e-01,4.555483929056956538e-01,4.466124467317437730e-01,4.373896937632486548e-01,4.278766928644345269e-01,4.180651357888549580e-01,4.079409370649080269e-01,3.974819127249193951e-01,3.866528308310577255e-01,3.753946678867557951e-01,3.635984597565382614e-01,3.510258852920017936e-01,3.369272366724554435e-01,3.271940960945398102e-01,3.330818385894446232e-01,3.366884606244289202e-01,3.396211761505293358e-01,3.422092506257768951e-01,3.445686753971448080e-01,3.467464685226876453e-01,3.487613257771542963e-01,3.506189091619506537e-01,3.523186152550899508e-01,3.538568923327518045e-01,3.552289738374851402e-01,3.564298188999975303e-01,3.574546308256079663e-01,3.582991417685872371e-01,3.589597651442731352e-01,3.594336731968268417e-01,3.597188332622659468e-01,3.598140225912765389e-01,3.597188332622656137e-01,3.594336731968250653e-01,3.589597651442752446e-01,3.582991417685875701e-01,3.574546308256098537e-01,3.564298188999987516e-01,3.552289738374838635e-01,3.538568923327520266e-01,3.523186152550891737e-01,3.506189091619534293e-01,3.487613257771546849e-01,3.467464685226880894e-01,3.445686753971440308e-01,3.422092506257781164e-01,3.396211761505296134e-01,3.366884606244278100e-01,3.330818385894424583e-01,3.271940960945422527e-01,3.369272366724523904e-01,3.510258852920037365e-01,3.635984597565419252e-01,3.753946678867549069e-01,3.866528308310592799e-01,3.974819127249208939e-01,4.079409370649087485e-01,4.180651357888564568e-01,4.278766928644329726e-01,4.373896937632451021e-01,4.466124467317452162e-01,4.555483929056990955e-01,4.641961116519345287e-01,4.725486301068539952e-01,4.805921108959803068e-01,4.883039374562683776e-01,4.956502224007567903e-01,5.025828430895689092e-01,5.090362963774388572e-01,5.149250183669710212e-01,5.201423988442269719e-01,5.245635602416152121e-01,5.280549500409603692e-01,5.304944610861483945e-01,5.318051311759111055e-01,5.320018924406397787e-01,5.312429437729189186e-01,5.298659864657500052e-01,5.283806637549032237e-01,5.273928460388439543e-01,5.274622456125763748e-01,5.289355763361099916e-01,5.318271122557277630e-01,5.358084746128762843e-01,5.403170035335642662e-01,5.447302725116792699e-01,5.485269320642092161e-01,5.513764332128805457e-01,5.531479113369978107e-01,5.538651916709300682e-01,5.536440467777895558e-01,5.526371592117866882e-01,5.509969529187410675e-01,5.488558398685177142e-01
6.772727272727272485e-01,5.594245536647441952e-01,5.669928116882787528e-01,5.749361862424731129e-01,5.831325223005543457e-01,5.913319013216794540e-01,5.991186172021515377e-01,6.058995629405935501e-01,6.109546558087072254e-01,6.135817278431754396e-01,6.133294672681918192e-01,6.102385221469377452e-01,6.049532215177609862e-01,5.985977462267505489e-01,5.924378743519064239e-01,5.874796324257267610e-01,5.841904000418363108e-01,5.824531436809228246e-01,5.817373893064015089e-01,5.813681376114078203e-01,5.807552331333223350e-01,5.795083369961347985e-01,5.774438408176242321e-01,5.745326154382957018e-01,5.708352414748902870e-01,5.664499211039710769e-01,5.614794839284027450e-01,5.560144165342156830e-01,5.501263994643723620e-01,5.438676202779800795e-01,5.372727029807555787e-01,5.303614394076263672e-01,5.231414012784543210e-01,5.156100208173403088e-01,5.077559775186233360e-01,4.995598177705874443e-01,4.909937196572208284e-01,4.820202133570513081e-01,4.725894471940408903e-01,4.626341379941859011e-01,4.520603487648716112e-01,4.407297748919558056e-01,4.284221516660957074e-01,4.147413667000522386e-01,3.988045763773019337e-01,3.772233998574516245e-01,3.620902878158183125e-01,3.636626940958780918e-01,3.649046941397566801e-01,3.660654734690795831e-01,3.671972754540653860e-01,3.683083022517681382e-01,3.693921876031460716e-01,3.704372314250656273e-01,3.714300507027819553e-01,3.723572323010481688e-01,3.732061433233178072e-01,3.739653439509395549e-01,3.746247976310892458e-01,3.751759729663565190e-01,3.756118868439235481e-01,3.759271165571453355e-01,3.761177972269362790e-01,3.761816143406614965e-01,3.761177972269371117e-01,3.759271165571454465e-01,3.756118868439266567e-01,3.751759729663587395e-01,3.746247976310879135e-01,3.739653439509412203e-01,3.732061433233200276e-01,3.723572323010498342e-01,3.714300507027822329e-01,3.704372314250604092e-01,3.693921876031476259e-01,3.683083022517701366e-01,3.671972754540654971e-01,3.660654734690808598e-01,3.649046941397575683e-01,3.636626940958739840e-01,3.620902878158211435e-01,3.772233998574459624e-01,3.988045763773001018e-01,4.147413667000565130e-01,4.284221516660995932e-01,4.407297748919585811e-01,4.520603487648726104e-01,4.626341379941877330e-01,4.725894471940326746e-01,4.820202133570535841e-01,4.909937196572226048e-01,4.995598177705846688e-01,5.077559775186233360e-01,5.156100208173367561e-01,5.231414012784569856e-01,5.303614394076237026e-01,5.372727029807579102e-01,5.438676202779807456e-01,5.501263994643706967e-01,5.560144165342127964e-01,5.614794839284047434e-01,5.664499211039683013e-01,5.708352414748875114e-01,5.745326154382969230e-01,5.774438408176221227e-01,5.795083369961330222e-01,5.807552331333241113e-01,5.813681376114004928e-01,5.817373893064008428e-01,5.824531436809210483e-01,5.841904000418349785e-01,5.874796324257276492e-01,5.924378743519052026e-01,5.985977462267486615e-01,6.049532215177628736e-01,6.102385221469343035e-01,6.133294672681911530e-01,6.135817278431738853e-01,6.109546558087076695e-01,6.058995629405919958e-01,5.991186172021540912e-01,5.913319013216775666e-01,5.831325223005540126e-01,5.749361862424743341e-01,5.669928116882766433e-01,5.594245536647484141e-01
6.810606060606060330e-01,5.618000637441427081e-01,5.747927373357006875e-01,5.885797406888773065e-01,6.025666230095035880e-01,6.158616634057475503e-01,6.274122109465779529e-01,6.362775976676631196e-01,6.419294601636752473e-01,6.444121298361182859e-01,6.442766551847161072e-01,6.423550349645988922e-01,6.395163348640759970e-01,6.365016049964100642e-01,6.338506956282200511e-01,6.318858958822132221e-01,6.307147567735745808e-01,6.302355743719282311e-01,6.301539421745506742e-01,6.300331701324761724e-01,6.293921049664066292e-01,6.278299475425120901e-01,6.251255990807020879e-01,6.212652965360956347e-01,6.163965994370306234e-01,6.107470875121508991e-01,6.045507418667976918e-01,5.980033852241486425e-01,5.912465778820925610e-01,5.843696114985669210e-01,5.774193718030289357e-01,5.704115747140005022e-01,5.633403586996283963e-01,5.561853445211227820e-01,5.489162552789400573e-01,5.414954914242198214e-01,5.338790264813144670e-01,5.260158121836127076e-01,5.178456111350311364e-01,5.092947617210306088e-01,5.002686301833725313e-01,4.906378763660829700e-01,4.802114968625393887e-01,4.686768826752519268e-01,4.554373163287619430e-01,4.389787115178096499e-01,4.036843548600128617e-01,3.989179706865482178e-01,3.972551982750470723e-01,3.962568226954607531e-01,3.956289122748092857e-01,3.952464888656244124e-01,3.950376501794428674e-01,3.949539275138187477e-01,3.949594630693911701e-01,3.950262153599323756e-01,3.951315535202374885e-01,3.952569393828264110e-01,3.953871564107566128e-01,3.955098352398482286e-01,3.956151506250553118e-01,3.956956234455245580e-01,3.957459911883152159e-01,3.957631263312229031e-01,3.957459911883167702e-01,3.956956234455292765e-01,3.956151506250514815e-01,3.955098352398463413e-01,3.953871564107562797e-01,3.952569393828248567e-01,3.951315535202383211e-01,3.950262153599349846e-01,3.949594630693875619e-01,3.949539275138225780e-01,3.950376501794476414e-01,3.952464888656223030e-01,3.956289122748118392e-01,3.962568226954663042e-01,3.972551982750483490e-01,3.989179706865504382e-01,4.036843548600136944e-01,4.389787115178077070e-01,4.554373163287585013e-01,4.686768826752555350e-01,4.802114968625424973e-01,4.906378763660847464e-01,5.002686301833756399e-01,5.092947617210310529e-01,5.178456111350411284e-01,5.260158121836121525e-01,5.338790264813126907e-01,5.414954914242113837e-01,5.489162552789345062e-01,5.561853445211242253e-01,5.633403586996177381e-01,5.704115747140023895e-01,5.774193718030280476e-01,5.843696114985718060e-01,5.912465778820944484e-01,5.980033852241445347e-01,6.045507418667989130e-01,6.107470875121502329e-01,6.163965994370267376e-01,6.212652965360968560e-01,6.251255990807013108e-01,6.278299475425158649e-01,6.293921049664085166e-01,6.300331701324787259e-01,6.301539421745523395e-01,6.302355743719293413e-01,6.307147567735744698e-01,6.318858958822133332e-01,6.338506956282217164e-01,6.365016049964113964e-01,6.395163348640754419e-01,6.423550349646024449e-01,6.442766551847133316e-01,6.444121298361213945e-01,6.419294601636781339e-01,6.362775976676653400e-01,6.274122109465750663e-01,6.158616634057439976e-01,6.025666230094977038e-01,5.885797406888731986e-01,5.747927373356995773e-01,5.618000637441449285e-01
6.848484848484848175e-01,5.727377404808786654e-01,5.889364581268645704e-01,6.036385674015993796e-01,6.157142203986863960e-01,6.244985708020827087e-01,6.299624334901685607e-01,6.326150840146246290e-01,6.332473375505534019e-01,6.326818145820883865e-01,6.316233326573763573e-01,6.306105956929392020e-01,6.300289175999909119e-01,6.301449248440665896e-01,6.311392820999862652e-01,6.331259716559106687e-01,6.361531788394565456e-01,6.401837872393615347e-01,6.450567638787858549e-01,6.504383372656467044e-01,6.557860316468894224e-01,6.603643972295616393e-01,6.633508643366119450e-01,6.640309759916784849e-01,6.620109656286012889e-01,6.573329554797975316e-01,6.504254674506431133e-01,6.419289670487503541e-01,6.325014954383687549e-01,6.226869308841420647e-01,6.128654238925378417e-01,6.032622477838812669e-01,5.939825891437989780e-01,5.850497393940736757e-01,5.764363495087468925e-01,5.680863144008686527e-01,5.599283814460321862e-01,5.518834796831060263e-01,5.438674950750269632e-01,5.357905350305637304e-01,5.275528645426205143e-01,5.190364919592501680e-01,5.100890982657961814e-01,5.004912161021973782e-01,4.898787215525304828e-01,4.775092048113507848e-01,4.611023830838903437e-01,4.298203676350152436e-01,4.245018266649668859e-01,4.215160103784880707e-01,4.194299337961460705e-01,4.178679292457448957e-01,4.166609235291582891e-01,4.157138182408094407e-01,4.149657384117046433e-01,4.143743184869762564e-01,4.139083958578589351e-01,4.135442288770850294e-01,4.132633860230284784e-01,4.130515021153167154e-01,4.128975169494044084e-01,4.127931984827437062e-01,4.127328433067381508e-01,4.127130944658314871e-01,4.127328433067391500e-01,4.127931984827429845e-01,4.128975169494030761e-01,4.130515021153168820e-01,4.132633860230319200e-01,4.135442288770846408e-01,4.139083958578639866e-01,4.143743184869773666e-01,4.149657384117108050e-01,4.157138182408098293e-01,4.166609235291551805e-01,4.178679292457423422e-01,4.194299337961453489e-01,4.215160103784832413e-01,4.245018266649665528e-01,4.298203676350185742e-01,4.611023830838839044e-01,4.775092048113554477e-01,4.898787215525289285e-01,5.004912161022000427e-01,5.100890982657998451e-01,5.190364919592510562e-01,5.275528645426165175e-01,5.357905350305622871e-01,5.438674950750277404e-01,5.518834796830992540e-01,5.599283814460330744e-01,5.680863144008704291e-01,5.764363495087490019e-01,5.850497393940746749e-01,5.939825891437999772e-01,6.032622477838825992e-01,6.128654238925305142e-01,6.226869308841429529e-01,6.325014954383628707e-01,6.419289670487533517e-01,6.504254674506417810e-01,6.573329554797925356e-01,6.620109656286037314e-01,6.640309759916801502e-01,6.633508643366148316e-01,6.603643972295599740e-01,6.557860316468916428e-01,6.504383372656478146e-01,6.450567638787874092e-01,6.401837872393623119e-01,6.361531788394531040e-01,6.331259716559084483e-01,6.311392820999831565e-01,6.301449248440733619e-01,6.300289175999823632e-01,6.306105956929374257e-01,6.316233326573787998e-01,6.326818145820877204e-01,6.332473375505481838e-01,6.326150840146238519e-01,6.299624334901675615e-01,6.244985708020809323e-01,6.157142203986883944e-01,6.036385674015927183e-01,5.889364581268611287e-01,5.727377404808818850e-01
6.886363636363636020e-01,5.733274796045816357e-01,5.829070105809239788e-01,5.893471762527945357e-01,5.930528038983534644e-01,5.947127654698493027e-01,5.950575652521511438e-01,5.947140147464857751e-01,5.941574546164853921e-01,5.937228596273206316e-01,5.936387725023012374e-01,5.940633071537891885e-01,5.951138977828315246e-01,5.968890598302837303e-01,5.994828241516837464e-01,6.029926697708137828e-01,6.075208841348546107e-01,6.131678402977618347e-01,6.200139654018441693e-01,6.280856825764625784e-01,6.373007086206221583e-01,6.473927321429507886e-01,6.578290157597160848e-01,6.677588333583678315e-01,6.760555404866401830e-01,6.815084852396307014e-01,6.831472021710508491e-01,6.805619576581600771e-01,6.740342752169123930e-01,6.643976429306579501e-01,6.527285990623666878e-01,6.400477811997747901e-01,6.271452628964131470e-01,6.145372282113764628e-01,6.025031142804415651e-01,5.911506223740410348e-01,5.804772675467494425e-01,5.704167182379914491e-01,5.608690402755142079e-01,5.517179216252763307e-01,5.428382860702242185e-01,5.340965245632487424e-01,5.253436211017059598e-01,5.163981203110290519e-01,5.070078268589041093e-01,4.967512902039168954e-01,4.846958556588057965e-01,4.667978566465785240e-01,4.420817330940373102e-01,4.370533062141370717e-01,4.338125542952367963e-01,4.314221756098519100e-01,4.295597485609820576e-01,4.280679111885146160e-01,4.268556084427491126e-01,4.258644193599395167e-01,4.250542156696453522e-01,4.243961498537866528e-01,4.238688905214845759e-01,4.234564635325695492e-01,4.231469558222236138e-01,4.229317149941292375e-01,4.228048516657462175e-01,4.227629390096567796e-01,4.228048516657446632e-01,4.229317149941263509e-01,4.231469558222241134e-01,4.234564635325701598e-01,4.238688905214860192e-01,4.243961498537874300e-01,4.250542156696508478e-01,4.258644193599373518e-01,4.268556084427510000e-01,4.280679111885140609e-01,4.295597485609820576e-01,4.314221756098550187e-01,4.338125542952334102e-01,4.370533062141280789e-01,4.420817330940402523e-01,4.667978566465711965e-01,4.846958556588077394e-01,4.967512902039208367e-01,5.070078268589037762e-01,5.163981203110226126e-01,5.253436211017077362e-01,5.340965245632458558e-01,5.428382860702224422e-01,5.517179216252753315e-01,5.608690402755085458e-01,5.704167182379917822e-01,5.804772675467483323e-01,5.911506223740431443e-01,6.025031142804390116e-01,6.145372282113733542e-01,6.271452628964100384e-01,6.400477811997724586e-01,6.527285990623635792e-01,6.643976429306623910e-01,6.740342752169158347e-01,6.805619576581645180e-01,6.831472021710479625e-01,6.815084852396278148e-01,6.760555404866400719e-01,6.677588333583681646e-01,6.578290157597179721e-01,6.473927321429504556e-01,6.373007086206268212e-01,6.280856825764669082e-01,6.200139654018429480e-01,6.131678402977626119e-01,6.075208841348543887e-01,6.029926697708193339e-01,5.994828241516846346e-01,5.968890598302869499e-01,5.951138977828265286e-01,5.940633071537880783e-01,5.936387725023050121e-01,5.937228596273194103e-01,5.941574546164878345e-01,5.947140147464934357e-01,5.950575652521531422e-01,5.947127654698467492e-01,5.930528038983533534e-01,5.893471762528040836e-01,5.829070105809239788e-01,5.733274796045807475e-01
6.924242424242423866e-01,5.444353586297486780e-01,5.471087076775130731e-01,5.484422571319208517e-01,5.489589350800309075e-01,5.490670915613083958e-01,5.490578978666017518e-01,5.491275987766598421e-01,5.494050557178259409e-01,5.499759537959953981e-01,5.509014078938839765e-01,5.522314451622062359e-01,5.540146313062532801e-01,5.563050698815407147e-01,5.591676906556651838e-01,5.626823610504743112e-01,5.669469336858730113e-01,5.720788244022502189e-01,5.782139872788697454e-01,5.855010740423043369e-01,5.940870202128217814e-01,6.040883805187493572e-01,6.155411783923845359e-01,6.283230468660494505e-01,6.420496070888409568e-01,6.559684967197662031e-01,6.689100573605643030e-01,6.793832920433204858e-01,6.858789874143215171e-01,6.873186308415979440e-01,6.834318178689743339e-01,6.748283478921610623e-01,6.627264984309717555e-01,6.485261940380719903e-01,6.334588031824687215e-01,6.184196212005874660e-01,6.039565609808339453e-01,5.903389860050497484e-01,5.776446640826172763e-01,5.658335040690543050e-01,5.547991266446095082e-01,5.443997988448904257e-01,5.344728654857833217e-01,5.248353149551975294e-01,5.152685604923006313e-01,5.054737699515504668e-01,4.949399258971006188e-01,4.823829270318010787e-01,4.537675057661897382e-01,4.444522806335455822e-01,4.399246352518875747e-01,4.367786182099721026e-01,4.343844675628683039e-01,4.324846799247709095e-01,4.309442284227060216e-01,4.296822340864381862e-01,4.286460706700337409e-01,4.277995821840319679e-01,4.271170487515147385e-01,4.265798343879124155e-01,4.261744168219120943e-01,4.258911878321470779e-01,4.257237139442901497e-01,4.256682924307799709e-01,4.257237139442872076e-01,4.258911878321459121e-01,4.261744168219134266e-01,4.265798343879211307e-01,4.271170487515177916e-01,4.277995821840366863e-01,4.286460706700318535e-01,4.296822340864345224e-01,4.309442284227039122e-01,4.324846799247671902e-01,4.343844675628751872e-01,4.367786182099790415e-01,4.399246352518899061e-01,4.444522806335396425e-01,4.537675057661866296e-01,4.823829270317998574e-01,4.949399258971001747e-01,5.054737699515541305e-01,5.152685604922938589e-01,5.248353149551930885e-01,5.344728654857794359e-01,5.443997988448944225e-01,5.547991266446075098e-01,5.658335040690485318e-01,5.776446640826189416e-01,5.903389860050395344e-01,6.039565609808345004e-01,6.184196212005848015e-01,6.334588031824649468e-01,6.485261940380691037e-01,6.627264984309713114e-01,6.748283478921626166e-01,6.834318178689734458e-01,6.873186308416001644e-01,6.858789874143222942e-01,6.793832920433198197e-01,6.689100573605610833e-01,6.559684967197716432e-01,6.420496070888371820e-01,6.283230468660504497e-01,6.155411783923873115e-01,6.040883805187519107e-01,5.940870202128217814e-01,5.855010740423037818e-01,5.782139872788736312e-01,5.720788244022532165e-01,5.669469336858697917e-01,5.626823610504690931e-01,5.591676906556638516e-01,5.563050698815413808e-01,5.540146313062533912e-01,5.522314451622087894e-01,5.509014078938873071e-01,5.499759537959907352e-01,5.494050557178277172e-01,5.491275987766606193e-01,5.490578978666069698e-01,5.490670915613060643e-01,5.489589350800316847e-01,5.484422571319269579e-01,5.471087076775124070e-01,5.444353586297484560e-01
6.962121212121211711e-01,5.052992281150722187e-01,5.062748643260476245e-01,5.069494719254631354e-01,5.075041247378779818e-01,5.080607970523812744e-01,5.086996187547220272e-01,5.094732916078150708e-01,5.104179653779882253e-01,5.115610731372116637e-01,5.129269218652915407e-01,5.145407761964951865e-01,5.164320176932469808e-01,5.186368087491901591e-01,5.212005654514827446e-01,5.241804433960222109e-01,5.276479471993130721e-01,5.316916613678459580e-01,5.364199271097594979e-01,5.419629947101043399e-01,5.484736694254263023e-01,5.561246053891546470e-01,5.650990286222762338e-01,5.755697026806374517e-01,5.876586740466236414e-01,6.013690835397236256e-01,6.164836193612333037e-01,6.324384868009037541e-01,6.482136803171458794e-01,6.623243916637318041e-01,6.730169417667540843e-01,6.787001618933760083e-01,6.784660038082661604e-01,6.724096514913275868e-01,6.615441840433540222e-01,6.473841446979315961e-01,6.314678208153251537e-01,6.150393130510334316e-01,5.989405592480442353e-01,5.836466570483258565e-01,5.693584065028148844e-01,5.560958994546534306e-01,5.437697130130687562e-01,5.322252771238603630e-01,5.212621786365144727e-01,5.106269893396994108e-01,4.999612897820879809e-01,4.886095082527682765e-01,4.744931609933163985e-01,4.479175082781989281e-01,4.411640072205381680e-01,4.370281963903250855e-01,4.340154825199355471e-01,4.316766913746050149e-01,4.298037319272270396e-01,4.282805580857776961e-01,4.270352716422857742e-01,4.260202857600950410e-01,4.252027565470985482e-01,4.245594758749271502e-01,4.240739502842164610e-01,4.237346546942626357e-01,4.235339692048239457e-01,4.234675454277619377e-01,4.235339692048277760e-01,4.237346546942625802e-01,4.240739502842164610e-01,4.245594758749254849e-01,4.252027565470921089e-01,4.260202857600887683e-01,4.270352716422898265e-01,4.282805580857786398e-01,4.298037319272284273e-01,4.316766913746045708e-01,4.340154825199368793e-01,4.370281963903280276e-01,4.411640072205401109e-01,4.479175082781977624e-01,4.744931609933210059e-01,4.886095082527656119e-01,4.999612897820875368e-01,5.106269893397046289e-01,5.212621786365204679e-01,5.322252771238574764e-01,5.437697130130705325e-01,5.560958994546565393e-01,5.693584065028154395e-01,5.836466570483261895e-01,5.989405592480465668e-01,6.150393130510302120e-01,6.314678208153250427e-01,6.473841446979370362e-01,6.615441840433549103e-01,6.724096514913269207e-01,6.784660038082700462e-01,6.787001618933736768e-01,6.730169417667641873e-01,6.623243916637303608e-01,6.482136803171559825e-01,6.324384868009012006e-01,6.164836193612339699e-01,6.013690835397212942e-01,5.876586740466289704e-01,5.755697026806400052e-01,5.650990286222766779e-01,5.561246053891588659e-01,5.484736694254325196e-01,5.419629947101138878e-01,5.364199271097532806e-01,5.316916613678478454e-01,5.276479471993197334e-01,5.241804433960234322e-01,5.212005654514868525e-01,5.186368087491843859e-01,5.164320176932429840e-01,5.145407761964938542e-01,5.129269218652867668e-01,5.115610731372081110e-01,5.104179653779894466e-01,5.094732916078166252e-01,5.086996187547268011e-01,5.080607970523839390e-01,5.075041247378873077e-01,5.069494719254639126e-01,5.062748643260459591e-01,5.052992281150679998e-01
6.999999999999999556e-01,4.723639418432987180e-01,4.733297597196248763e-01,4.742315117448808182e-01,4.751264392575805795e-01,4.760534216825967335e-01,4.770393474464548200e-01,4.781038146601651051e-01,4.792625408204936877e-01,4.805298577089082701e-01,4.819206022486537955e-01,4.834516425743274892e-01,4.851432199795915334e-01,4.870202451047715986e-01,4.891136583327607701e-01,4.914619456455036617e-01,4.941128870099253945e-01,4.971255980606309466e-01,5.005728974974278378e-01,5.045439758516975237e-01,5.091472281262999777e-01,5.145128957657696400e-01,5.207947645730854891e-01,5.281694654742332684e-01,5.368307659271476240e-01,5.469744747869021984e-01,5.587672681507890315e-01,5.722906305087714918e-01,5.874516195725907330e-01,6.038606017372667445e-01,6.207001023966841613e-01,6.366510706886309157e-01,6.499821959850635711e-01,6.588856752404601558e-01,6.620042005760716775e-01,6.589017561495903452e-01,6.501894275239937793e-01,6.372351694071606287e-01,6.216660999328569304e-01,6.049427250193045724e-01,5.881439074714230886e-01,5.719399712594518403e-01,5.566656488077511566e-01,5.424173966405190228e-01,5.291346486511866454e-01,5.166496089943181103e-01,5.046967378675895066e-01,4.928509850038533813e-01,4.802127193408740058e-01,4.617154661024245321e-01,4.409066779231184952e-01,4.351416786723499297e-01,4.312427269724565249e-01,4.283133541803990640e-01,4.260110025823736213e-01,4.241611037113749982e-01,4.226611351944665196e-01,4.214456527834003485e-01,4.204706738471690741e-01,4.197057522541457475e-01,4.191295987019565961e-01,4.187275238035008673e-01,4.184899063675401321e-01,4.184112901852106159e-01,4.184899063675416309e-01,4.187275238035024771e-01,4.191295987019616476e-01,4.197057522541433605e-01,4.204706738471707395e-01,4.214456527834039012e-01,4.226611351944706829e-01,4.241611037113736105e-01,4.260110025823797275e-01,4.283133541803994526e-01,4.312427269724550816e-01,4.351416786723477648e-01,4.409066779231208266e-01,4.617154661024224782e-01,4.802127193408791128e-01,4.928509850038542139e-01,5.046967378675889515e-01,5.166496089943189984e-01,5.291346486511903091e-01,5.424173966405174685e-01,5.566656488077523779e-01,5.719399712594518403e-01,5.881439074714212012e-01,6.049427250193012418e-01,6.216660999328520454e-01,6.372351694071562989e-01,6.501894275239883392e-01,6.589017561495870146e-01,6.620042005760659043e-01,6.588856752404611550e-01,6.499821959850670128e-01,6.366510706886404636e-01,6.207001023966869369e-01,6.038606017372658563e-01,5.874516195725905110e-01,5.722906305087694934e-01,5.587672681507892536e-01,5.469744747869061952e-01,5.368307659271511767e-01,5.281694654742364881e-01,5.207947645730846009e-01,5.145128957657739699e-01,5.091472281263025312e-01,5.045439758516940820e-01,5.005728974974271717e-01,4.971255980606322233e-01,4.941128870099242287e-01,4.914619456455039948e-01,4.891136583327635456e-01,4.870202451047679348e-01,4.851432199795901457e-01,4.834516425743277113e-01,4.819206022486561269e-01,4.805298577089069378e-01,4.792625408204944648e-01,4.781038146601607197e-01,4.770393474464522110e-01,4.760534216826002307e-01,4.751264392575763051e-01,4.742315117448812067e-01,4.733297597196225448e-01,4.723639418432973858e-01
7.037878787878788511e-01,4.475376818352155284e-01,4.485357255037693558e-01,4.495048666662502801e-01,4.504682126587560842e-01,4.514427662181471623e-01,4.524416042283397332e-01,4.534755158281880694e-01,4.545542502023515730e-01,4.556874990662109770e-01,4.568857127849816346e-01,4.581608278343705098e-01,4.595269680803467649e-01,4.610011726378915875e-01,4.626041978977219471e-01,4.643614396379535103e-01,4.663040218558421324e-01,4.684701006528982914e-01,4.709064320005747484e-01,4.736702476908538628e-01,4.768314673236377366e-01,4.804752332763864153e-01,4.847046679321589391e-01,4.896435793413952409e-01,4.954385185808813929e-01,5.022590187584089483e-01,5.102938817860808163e-01,5.197398750455484162e-01,5.307771252765124403e-01,5.435232982819288017e-01,5.579580180073402396e-01,5.738139585375987561e-01,5.904483753102677257e-01,6.067437308257037643e-01,6.211282424508404176e-01,6.318130058555698758e-01,6.372505055349920733e-01,6.366396056158729611e-01,6.301907966100638303e-01,6.189880015097184440e-01,6.045573854049426377e-01,5.884094080631835366e-01,5.717479613832578966e-01,5.553775433270455864e-01,5.397390467737470665e-01,5.249920966383782028e-01,5.110881546410881437e-01,4.977980126816824447e-01,4.846274653518941045e-01,4.702008919863233105e-01,4.420319263289237965e-01,4.328273788994356774e-01,4.275495670663226888e-01,4.237749689275401854e-01,4.208825420438085385e-01,4.185949765337140249e-01,4.167601450336328450e-01,4.152849015302301217e-01,4.141083798273811345e-01,4.131892857441216704e-01,4.124991710306105119e-01,4.120186220890265649e-01,4.117350235886153009e-01,4.116412579727721233e-01,4.117350235886215182e-01,4.120186220890290629e-01,4.124991710306026294e-01,4.131892857441245570e-01,4.141083798273821337e-01,4.152849015302286784e-01,4.167601450336302360e-01,4.185949765337128592e-01,4.208825420438064291e-01,4.237749689275467357e-01,4.275495670663241321e-01,4.328273788994371207e-01,4.420319263289255174e-01,4.702008919863230885e-01,4.846274653518931053e-01,4.977980126816828887e-01,5.110881546410904752e-01,5.249920966383804233e-01,5.397390467737486208e-01,5.553775433270446982e-01,5.717479613832565644e-01,5.884094080631881996e-01,6.045573854049381968e-01,6.189880015097245503e-01,6.301907966100585012e-01,6.366396056158748484e-01,6.372505055349868552e-01,6.318130058555728734e-01,6.211282424508319799e-01,6.067437308257045414e-01,5.904483753102661714e-01,5.738139585375996443e-01,5.579580180073323570e-01,5.435232982819320213e-01,5.307771252765136616e-01,5.197398750455466399e-01,5.102938817860805942e-01,5.022590187584049515e-01,4.954385185808796166e-01,4.896435793413962401e-01,4.847046679321583840e-01,4.804752332763843059e-01,4.768314673236340173e-01,4.736702476908608017e-01,4.709064320005768578e-01,4.684701006528992351e-01,4.663040218558425209e-01,4.643614396379523446e-01,4.626041978977243896e-01,4.610011726378910879e-01,4.595269680803460988e-01,4.581608278343738405e-01,4.568857127849783040e-01,4.556874990662133640e-01,4.545542502023524056e-01,4.534755158281847387e-01,4.524416042283405659e-01,4.514427662181482726e-01,4.504682126587559732e-01,4.495048666662481152e-01,4.485357255037693558e-01,4.475376818352169161e-01
7.075757575757575246e-01,4.299607584850613784e-01,4.308093220959795522e-01,4.316340562204562525e-01,4.324470117054576290e-01,4.332577717368716330e-01,4.340743174094801038e-01,4.349037166973346302e-01,4.357526866667051912e-01,4.366280708736806071e-01,4.375372667005120175e-01,4.384886318693401175e-01,4.394918957212201049e-01,4.405585989679482450e-01,4.417025853438901195e-01,4.429405697331276759e-01,4.442928097498993756e-01,4.457839111776607521e-01,4.474438017169159454e-01,4.493089113539873725e-01,4.514235997511772402e-01,4.538418683015760791e-01,4.566293811145978321e-01,4.598657846434613949e-01,4.636472411380094805e-01,4.680889441414406993e-01,4.733271109878962601e-01,4.795194636366260643e-01,4.868423974052717984e-01,4.954817673310974446e-01,5.056124486342055135e-01,5.173598633210720887e-01,5.307357717215821502e-01,5.455439382275784066e-01,5.612642833475086634e-01,5.769520274280872663e-01,5.912258677935916529e-01,6.024350127456097326e-01,6.090356069461180244e-01,6.100600030813627672e-01,6.054346511657673346e-01,5.959546004989914048e-01,5.829475592082165036e-01,5.678437055753120521e-01,5.518554815183011053e-01,5.358360193732786270e-01,5.202722357066175141e-01,5.053319962237897700e-01,4.908847734328574131e-01,4.763471841829267084e-01,4.590395176472841232e-01,4.326316421105340093e-01,4.249754696195258696e-01,4.199545196390535584e-01,4.162414244039124300e-01,4.133637346098424925e-01,4.110861431354226880e-01,4.092721106396007280e-01,4.078353846113428327e-01,4.067187726638508694e-01,4.058835038585775212e-01,4.053034214704226423e-01,4.049616625904223222e-01,4.048487608721915709e-01,4.049616625904175482e-01,4.053034214704206439e-01,4.058835038585767441e-01,4.067187726638487599e-01,4.078353846113382808e-01,4.092721106396050024e-01,4.110861431354241313e-01,4.133637346098461562e-01,4.162414244039095435e-01,4.199545196390534474e-01,4.249754696195270909e-01,4.326316421105360077e-01,4.590395176472831240e-01,4.763471841829248765e-01,4.908847734328584123e-01,5.053319962237914353e-01,5.202722357066191794e-01,5.358360193732815135e-01,5.518554815182947770e-01,5.678437055753118301e-01,5.829475592082131730e-01,5.959546004989876300e-01,6.054346511657703322e-01,6.100600030813602137e-01,6.090356069461211330e-01,6.024350127456039594e-01,5.912258677935950946e-01,5.769520274280824923e-01,5.612642833475096626e-01,5.455439382275737437e-01,5.307357717215825943e-01,5.173598633210796383e-01,5.056124486342029600e-01,4.954817673310918935e-01,4.868423974052697445e-01,4.795194636366273411e-01,4.733271109878928185e-01,4.680889441414430308e-01,4.636472411380139214e-01,4.598657846434650587e-01,4.566293811146014403e-01,4.538418683015726929e-01,4.514235997511756859e-01,4.493089113539873170e-01,4.474438017169146686e-01,4.457839111776578100e-01,4.442928097498990980e-01,4.429405697331309510e-01,4.417025853438917293e-01,4.405585989679470793e-01,4.394918957212221589e-01,4.384886318693381191e-01,4.375372667005144600e-01,4.366280708736823835e-01,4.357526866667070231e-01,4.349037166973362956e-01,4.340743174094801593e-01,4.332577717368699677e-01,4.324470117054575735e-01,4.316340562204539211e-01,4.308093220959785530e-01,4.299607584850622666e-01
7.113636363636364202e-01,4.179371777182239178e-01,4.185069591301945890e-01,4.190586300003915077e-01,4.195992768745370194e-01,4.201347998416191110e-01,4.206703170730536345e-01,4.212105066507885742e-01,4.217599030462000353e-01,4.223231638639273200e-01,4.229053207849414742e-01,4.235120273891938014e-01,4.241498158506044613e-01,4.248263744248562124e-01,4.255508582104518545e-01,4.263342468692635778e-01,4.271897648596094665e-01,4.281333822717371951e-01,4.291844175356491764e-01,4.303662669767270854e-01,4.317072901090859838e-01,4.332418829732241905e-01,4.350117732988984520e-01,4.370675680154788578e-01,4.394705704490790565e-01,4.422948520610412992e-01,4.456294953228150391e-01,4.495807922277296198e-01,4.542739411396155558e-01,4.598533627477134345e-01,4.664800571240925731e-01,4.743233449940339463e-01,4.835428487258818797e-01,4.942549399372531682e-01,5.064771448298968082e-01,5.200466726868341327e-01,5.345197007289015367e-01,5.490805842981163476e-01,5.625212764950545674e-01,5.733673578980553742e-01,5.801855892107422585e-01,5.819918273228432692e-01,5.785619828782979646e-01,5.704653877504047843e-01,5.588122539523300292e-01,5.448784044433538920e-01,5.297918378255678240e-01,5.143624548657187434e-01,4.990247628210380815e-01,4.837882353661002166e-01,4.678732906542390491e-01,4.380419274393549389e-01,4.246013046373716682e-01,4.176644367243890210e-01,4.128105266486401526e-01,4.091489082995747872e-01,4.062981385764071196e-01,4.040527353987224957e-01,4.022884576382566024e-01,4.009252198587625604e-01,3.999097617228266621e-01,3.992066220289154366e-01,3.987931420099887214e-01,3.986566719358088373e-01,3.987931420099901092e-01,3.992066220289179346e-01,3.999097617228256074e-01,4.009252198587591742e-01,4.022884576382561583e-01,4.040527353987200532e-01,4.062981385764108944e-01,4.091489082995701798e-01,4.128105266486376546e-01,4.176644367243896871e-01,4.246013046373710020e-01,4.380419274393524964e-01,4.678732906542404368e-01,4.837882353661061563e-01,4.990247628210332520e-01,5.143624548657176332e-01,5.297918378255663807e-01,5.448784044433579998e-01,5.588122539523333598e-01,5.704653877504050064e-01,5.785619828783001850e-01,5.819918273228373851e-01,5.801855892107439239e-01,5.733673578980571506e-01,5.625212764950514588e-01,5.490805842981246743e-01,5.345197007288977620e-01,5.200466726868274714e-01,5.064771448298900358e-01,4.942549399372558327e-01,4.835428487258813246e-01,4.743233449940362778e-01,4.664800571240923510e-01,4.598533627477099373e-01,4.542739411396117810e-01,4.495807922277293978e-01,4.456294953228113198e-01,4.422948520610381906e-01,4.394705704490741160e-01,4.370675680154795795e-01,4.350117732988987851e-01,4.332418829732249677e-01,4.317072901090815984e-01,4.303662669767301385e-01,4.291844175356502311e-01,4.281333822717319770e-01,4.271897648596080788e-01,4.263342468692606357e-01,4.255508582104505222e-01,4.248263744248565454e-01,4.241498158506078475e-01,4.235120273891933018e-01,4.229053207849430285e-01,4.223231638639289298e-01,4.217599030462035326e-01,4.212105066507907392e-01,4.206703170730541341e-01,4.201347998416178342e-01,4.195992768745394064e-01,4.190586300003904530e-01,4.185069591301929792e-01,4.179371777182215864e-01
7.151515151515150936e-01,4.103021807333633864e-01,4.105219450947359960e-01,4.107329337813881986e-01,4.109392610704472037e-01,4.111444114010443518e-01,4.113514526634617363e-01,4.115632258873889726e-01,4.117825177815799265e-01,4.120122225244480241e-01,4.122554990275800191e-01,4.125159297816475834e-01,4.127976874501336768e-01,4.131057156622828241e-01,4.134459310158913881e-01,4.138254541719714741e-01,4.142528791467874894e-01,4.147385915246325494e-01,4.152951483645669906e-01,4.159377350772993642e-01,4.166847174762059458e-01,4.175583104301591741e-01,4.185853877304731574e-01,4.197984602102568519e-01,4.212368493956519244e-01,4.229480793381974468e-01,4.249894948850259646e-01,4.274300818309354488e-01,4.303523982492227784e-01,4.338544019291725728e-01,4.380507365083739502e-01,4.430726592978006528e-01,4.490651789691251228e-01,4.561790454012635831e-01,4.645539978587466257e-01,4.742883987273177060e-01,4.853899736510431939e-01,4.977049507563927611e-01,5.108319338584913494e-01,5.240454982628272029e-01,5.362794926604798063e-01,5.462324733343574268e-01,5.526244650705693928e-01,5.545418835435931282e-01,5.517119813700778197e-01,5.445532606525042008e-01,5.339798558514337046e-01,5.210812434667032589e-01,5.068277870570701005e-01,4.918657453283661884e-01,4.763102680402509503e-01,4.587441271441706214e-01,4.278123913644092946e-01,4.175497442326184805e-01,4.110849233758248067e-01,4.063928591149500447e-01,4.028152611409480111e-01,4.000342860752194585e-01,3.978688065046128708e-01,3.962062294107330795e-01,3.949734271404305441e-01,3.941224750368534924e-01,3.936230684880520081e-01,3.934583969839295925e-01,3.936230684880525077e-01,3.941224750368503282e-01,3.949734271404285457e-01,3.962062294107324134e-01,3.978688065046128153e-01,4.000342860752199581e-01,4.028152611409529515e-01,4.063928591149534864e-01,4.110849233758241961e-01,4.175497442326209230e-01,4.278123913644061860e-01,4.587441271441725643e-01,4.763102680402487299e-01,4.918657453283695191e-01,5.068277870570681021e-01,5.210812434667048132e-01,5.339798558514369242e-01,5.445532606525048669e-01,5.517119813700742670e-01,5.545418835435875771e-01,5.526244650705722794e-01,5.462324733343596472e-01,5.362794926604843582e-01,5.240454982628217628e-01,5.108319338584931257e-01,4.977049507563918174e-01,4.853899736510358109e-01,4.742883987273177060e-01,4.645539978587428509e-01,4.561790454012633611e-01,4.490651789691260665e-01,4.430726592978038725e-01,4.380507365083787241e-01,4.338544019291765697e-01,4.303523982492243882e-01,4.274300818309353933e-01,4.249894948850296839e-01,4.229480793382042747e-01,4.212368493956496485e-01,4.197984602102532437e-01,4.185853877304726578e-01,4.175583104301596737e-01,4.166847174762067785e-01,4.159377350772969217e-01,4.152951483645673791e-01,4.147385915246327159e-01,4.142528791467898208e-01,4.138254541719711410e-01,4.134459310158929979e-01,4.131057156622793824e-01,4.127976874501320115e-01,4.125159297816470838e-01,4.122554990275811848e-01,4.120122225244461367e-01,4.117825177815787052e-01,4.115632258873873073e-01,4.113514526634617363e-01,4.111444114010434081e-01,4.109392610704492577e-01,4.107329337813905856e-01,4.105219450947364401e-01,4.103021807333623872e-01
7.189393939393939892e-01,4.063399660225689991e-01,4.061711287150636673e-01,4.060054855221650882e-01,4.058450319763833858e-01,4.056914242770655599e-01,4.055461008602778694e-01,4.054103951913024528e-01,4.052856422436548756e-01,4.051732814651999859e-01,4.050749592292899881e-01,4.049926339377780682e-01,4.049286871528903764e-01,4.048860444336829234e-01,4.048683099762344084e-01,4.048799197378490922e-01,4.049263184969666418e-01,4.050141672971187545e-01,4.051515889830622497e-01,4.053484610948632216e-01,4.056167672688893999e-01,4.059710205038746800e-01,4.064287741302146095e-01,4.070112389028028854e-01,4.077440269395634087e-01,4.086580444767269338e-01,4.097905541385205019e-01,4.111864209411659199e-01,4.128995398121039773e-01,4.149944077845716950e-01,4.175477374026595467e-01,4.206498867768556083e-01,4.244056713891424804e-01,4.289337734527416401e-01,4.343634154565149674e-01,4.408261668164460967e-01,4.484397418194430718e-01,4.572797115049686556e-01,4.673350446374754941e-01,4.784461198794692782e-01,4.902320626771853873e-01,5.020299647882505711e-01,5.128880563774232959e-01,5.216623058071707675e-01,5.272359910529786919e-01,5.288070874771970686e-01,5.261145016336252755e-01,5.194794977990359053e-01,5.096403666109130537e-01,4.974669477036138820e-01,4.836470164814762329e-01,4.682312929151453140e-01,4.455583529331819670e-01,4.202390171382815454e-01,4.113848104754712631e-01,4.053473208535204875e-01,4.008700516565540939e-01,3.974443887495768268e-01,3.948037643702186905e-01,3.927902401872248594e-01,3.913042615120483347e-01,3.902818329676636111e-01,3.896829866261141140e-01,3.894857158678269871e-01,3.896829866261140585e-01,3.902818329676659426e-01,3.913042615120492784e-01,3.927902401872235272e-01,3.948037643702146382e-01,3.974443887495778815e-01,4.008700516565508187e-01,4.053473208535218753e-01,4.113848104754708190e-01,4.202390171382807127e-01,4.455583529331804682e-01,4.682312929151448699e-01,4.836470164814773431e-01,4.974669477036175458e-01,5.096403666109162733e-01,5.194794977990367935e-01,5.261145016336241653e-01,5.288070874771942931e-01,5.272359910529792471e-01,5.216623058071738761e-01,5.128880563774228518e-01,5.020299647882492389e-01,4.902320626771839440e-01,4.784461198794629500e-01,4.673350446374659461e-01,4.572797115049666017e-01,4.484397418194441265e-01,4.408261668164492608e-01,4.343634154565154115e-01,4.289337734527427504e-01,4.244056713891433130e-01,4.206498867768567185e-01,4.175477374026623778e-01,4.149944077845721946e-01,4.128995398121038662e-01,4.111864209411594251e-01,4.097905541385199468e-01,4.086580444767292652e-01,4.077440269395606331e-01,4.070112389028054389e-01,4.064287741302149426e-01,4.059710205038710717e-01,4.056167672688908987e-01,4.053484610948676070e-01,4.051515889830620276e-01,4.050141672971160345e-01,4.049263184969681406e-01,4.048799197378553094e-01,4.048683099762315218e-01,4.048860444336825348e-01,4.049286871528898213e-01,4.049926339377779572e-01,4.050749592292925416e-01,4.051732814652005965e-01,4.052856422436540984e-01,4.054103951913005099e-01,4.055461008602780915e-01,4.056914242770661705e-01,4.058450319763832748e-01,4.060054855221655323e-01,4.061711287150622240e-01,4.063399660225684440e-01
7.227272727272727737e-01,4.060320939884877189e-01,4.054503120820016071e-01,4.048854885320585240e-01,4.043379446629973839e-01,4.038078372805731786e-01,4.032952314355680579e-01,4.028001703828381075e-01,4.023227436582222372e-01,4.018631545572945996e-01,4.014217885501228378e-01,4.009992843720915912e-01,4.005966097375365798e-01,4.002151438630912050e-01,3.998567692869635648e-01,3.995239758519137929e-01,3.992199802062335601e-01,3.989488647928330911e-01,3.987157410678607850e-01,3.985269426454643993e-01,3.983902552321076374e-01,3.983151916154352712e-01,3.983133216171283464e-01,3.983986687811737482e-01,3.985881875573492605e-01,3.989023366370175183e-01,3.993657654586567074e-01,4.000081308755840670e-01,4.008650580160028620e-01,4.019792507244831503e-01,4.034017379227353706e-01,4.051932048065090552e-01,4.074252889898056229e-01,4.101816010240905142e-01,4.135580256996143067e-01,4.176615341437903139e-01,4.226062421170226346e-01,4.285047651112636746e-01,4.354521179831307154e-01,4.434988036172297088e-01,4.526101464977042577e-01,4.626119148531183112e-01,4.731299370474664756e-01,4.835446977908701149e-01,4.929965157579828117e-01,5.004791148430386416e-01,5.050305812432772656e-01,5.059695103106831571e-01,5.030695031427431241e-01,4.965735934283554975e-01,4.870234722441703634e-01,4.749182448176951787e-01,4.598391256099105262e-01,4.273764667857958277e-01,4.143276690402761808e-01,4.065113634628491068e-01,4.009442737327467698e-01,3.967675450176967322e-01,3.935842257265387834e-01,3.911741356154536664e-01,3.894037823282240907e-01,3.881893962470623904e-01,3.874794353798600710e-01,3.872457670625012449e-01,3.874794353798616253e-01,3.881893962470644444e-01,3.894037823282216482e-01,3.911741356154562754e-01,3.935842257265402266e-01,3.967675450176951779e-01,4.009442737327469364e-01,4.065113634628504946e-01,4.143276690402776796e-01,4.273764667857949950e-01,4.598391256099118585e-01,4.749182448176949012e-01,4.870234722441708630e-01,4.965735934283524444e-01,5.030695031427425690e-01,5.059695103106770508e-01,5.050305812432798191e-01,5.004791148430403069e-01,4.929965157579804247e-01,4.835446977908712252e-01,4.731299370474603139e-01,4.626119148531185887e-01,4.526101464977009270e-01,4.434988036172239356e-01,4.354521179831303268e-01,4.285047651112620648e-01,4.226062421170194705e-01,4.176615341437919238e-01,4.135580256996139181e-01,4.101816010240891819e-01,4.074252889898065666e-01,4.051932048065095548e-01,4.034017379227309852e-01,4.019792507244863700e-01,4.008650580159973109e-01,4.000081308755832343e-01,3.993657654586550421e-01,3.989023366370154644e-01,3.985881875573507038e-01,3.983986687811682526e-01,3.983133216171302338e-01,3.983151916154341610e-01,3.983902552321062496e-01,3.985269426454666752e-01,3.987157410678601188e-01,3.989488647928316478e-01,3.992199802062347813e-01,3.995239758519155138e-01,3.998567692869653412e-01,4.002151438630915936e-01,4.005966097375361357e-01,4.009992843720908140e-01,4.014217885501233929e-01,4.018631545572948771e-01,4.023227436582236249e-01,4.028001703828380520e-01,4.032952314355673917e-01,4.038078372805748995e-01,4.043379446629957186e-01,4.048854885320593011e-01,4.054503120820010520e-01,4.060320939884874969e-01
7.265151515151515582e-01,4.087221916327102300e-01,4.077072424134489670e-01,4.067244141330900731e-01,4.057725998851287041e-01,4.048506465015334621e-01,4.039573992416553017e-01,4.030917460904930860e-01,4.022526619971805717e-01,4.014392536778297882e-01,4.006508058204812373e-01,3.998868297053044252e-01,3.991471154186521098e-01,3.984317890169639664e-01,3.977413762030095890e-01,3.970768743276809065e-01,3.964398348407690564e-01,3.958324586993940963e-01,3.952577077203712763e-01,3.947194354514239056e-01,3.942225418568456319e-01,3.937731569854487912e-01,3.933788598308602391e-01,3.930489398136334800e-01,3.927947096992580045e-01,3.926298802612954164e-01,3.925710084727598304e-01,3.926380321892075087e-01,3.928549046558935109e-01,3.932503407872487977e-01,3.938586823754415267e-01,3.947208783461321757e-01,3.958855541374863285e-01,3.974101034561033918e-01,3.993616637453018536e-01,4.018177150298612443e-01,4.048658440593949637e-01,4.086019093183017592e-01,4.131253985446675658e-01,4.185301934512853372e-01,4.248883548107011965e-01,4.322242619275369346e-01,4.404772623077913285e-01,4.494542376758096092e-01,4.587806557110961636e-01,4.678697181919003190e-01,4.759393284626130538e-01,4.821039705057616476e-01,4.855402329896457148e-01,4.856741190754918502e-01,4.822973427771850563e-01,4.755193588852176245e-01,4.654311226529416201e-01,4.498304082054730424e-01,4.196564682595601559e-01,4.093685058458813586e-01,4.025266550071095462e-01,3.975256336013820446e-01,3.937628045218162232e-01,3.909343352514264569e-01,3.888655013000271721e-01,3.874500304213728263e-01,3.866237423118684124e-01,3.863519737090627126e-01,3.866237423118663585e-01,3.874500304213719382e-01,3.888655013000268945e-01,3.909343352514280112e-01,3.937628045218141692e-01,3.975256336013817116e-01,4.025266550071097682e-01,4.093685058458824133e-01,4.196564682595609330e-01,4.498304082054743191e-01,4.654311226529391221e-01,4.755193588852164033e-01,4.822973427771802823e-01,4.856741190754911286e-01,4.855402329896453262e-01,4.821039705057603708e-01,4.759393284626153298e-01,4.678697181918986536e-01,4.587806557110949979e-01,4.494542376758075553e-01,4.404772623077858329e-01,4.322242619275382114e-01,4.248883548107051933e-01,4.185301934512867805e-01,4.131253985446694532e-01,4.086019093183030915e-01,4.048658440593921326e-01,4.018177150298635758e-01,3.993616637453011875e-01,3.974101034561081103e-01,3.958855541374878828e-01,3.947208783461355064e-01,3.938586823754415822e-01,3.932503407872512957e-01,3.928549046558922897e-01,3.926380321892098957e-01,3.925710084727586091e-01,3.926298802612961381e-01,3.927947096992585596e-01,3.930489398136336465e-01,3.933788598308614604e-01,3.937731569854476255e-01,3.942225418568464645e-01,3.947194354514253489e-01,3.952577077203726086e-01,3.958324586993959282e-01,3.964398348407683903e-01,3.970768743276831825e-01,3.977413762030095890e-01,3.984317890169648546e-01,3.991471154186497783e-01,3.998868297053057019e-01,4.006508058204815703e-01,4.014392536778314535e-01,4.022526619971805162e-01,4.030917460904918093e-01,4.039573992416556902e-01,4.048506465015334621e-01,4.057725998851293148e-01,4.067244141330917939e-01,4.077072424134497441e-01,4.087221916327110072e-01
7.303030303030303427e-01,4.139711821582275353e-01,4.125033099111363732e-01,4.110839651473833789e-01,4.097107504602064965e-01,4.083813097621423194e-01,4.070933559951965264e-01,4.058446992859348068e-01,4.046332756903397443e-01,4.034571768820385818e-01,4.023146812941361672e-01,4.012042873542614463e-01,4.001247495723032621e-01,3.990751183646513156e-01,3.980547846382329058e-01,3.970635303226945911e-01,3.961015862384822395e-01,3.951696989330447107e-01,3.942692084172201294e-01,3.934021391013114433e-01,3.925713066788646954e-01,3.917804442499722151e-01,3.910343516297052902e-01,3.903390725628889668e-01,3.897021054703111997e-01,3.891326543756398193e-01,3.886419277709066145e-01,3.882434942866561656e-01,3.879537049636219148e-01,3.877921923445794006e-01,3.877824559196185739e-01,3.879525406231987272e-01,3.883358083252201887e-01,3.889717886328629137e-01,3.899070700301537906e-01,3.911961478375171608e-01,3.929020700891084905e-01,3.950965994749012222e-01,3.978594170003161290e-01,4.012756072459460754e-01,4.054302733017575155e-01,4.103986623892313945e-01,4.162297832831935440e-01,4.229215327773283017e-01,4.303865476353510577e-01,4.384114369193717886e-01,4.466186097922602016e-01,4.544486850841290559e-01,4.611873086815970191e-01,4.660531540056194744e-01,4.683353443031946228e-01,4.675229663489326448e-01,4.633166652820764342e-01,4.552050615837271996e-01,4.279593869886630375e-01,4.132908634270614501e-01,4.049927003343723464e-01,3.991623556647080906e-01,3.948434604221969790e-01,3.916200717363454986e-01,3.892705547767785212e-01,3.876658204911929140e-01,3.867298341007281426e-01,3.864220903863076484e-01,3.867298341007303075e-01,3.876658204911926919e-01,3.892705547767794649e-01,3.916200717363446659e-01,3.948434604221993105e-01,3.991623556647118098e-01,4.049927003343690157e-01,4.132908634270651138e-01,4.279593869886658686e-01,4.552050615837270886e-01,4.633166652820780440e-01,4.675229663489315346e-01,4.683353443031980090e-01,4.660531540056208621e-01,4.611873086815924672e-01,4.544486850841284453e-01,4.466186097922583143e-01,4.384114369193722327e-01,4.303865476353468389e-01,4.229215327773248045e-01,4.162297832831883260e-01,4.103986623892310615e-01,4.054302733017582372e-01,4.012756072459460754e-01,3.978594170003165176e-01,3.950965994749032761e-01,3.929020700891073248e-01,3.911961478375162726e-01,3.899070700301569548e-01,3.889717886328621366e-01,3.883358083252211324e-01,3.879525406231986162e-01,3.877824559196182408e-01,3.877921923445786234e-01,3.879537049636196944e-01,3.882434942866554439e-01,3.886419277709046161e-01,3.891326543756409850e-01,3.897021054703108667e-01,3.903390725628871905e-01,3.910343516297076771e-01,3.917804442499686068e-01,3.925713066788623640e-01,3.934021391013126090e-01,3.942692084172201850e-01,3.951696989330436005e-01,3.961015862384813513e-01,3.970635303226947022e-01,3.980547846382310184e-01,3.990751183646527034e-01,4.001247495723062597e-01,4.012042873542612242e-01,4.023146812941362227e-01,4.034571768820386373e-01,4.046332756903406325e-01,4.058446992859327529e-01,4.070933559951955827e-01,4.083813097621412647e-01,4.097107504602047201e-01,4.110839651473850997e-01,4.125033099111344304e-01,4.139711821582288120e-01
7.340909090909091272e-01,4.213937183685842469e-01,4.194527234115082437e-01,4.175778471323034480e-01,4.157654779255822719e-01,4.140121142649877406e-01,4.123143820112696867e-01,4.106690522074659677e-01,4.090730595131772396e-01,4.075235215579433024e-01,4.060177595917789373e-01,4.045533208937545644e-01,4.031280034769548215e-01,4.017398837092768238e-01,4.003873475600676080e-01,3.990691262893958369e-01,3.977843375249534019e-01,3.965325328278312411e-01,3.953137530387465515e-01,3.941285929287172696e-01,3.929782769605956738e-01,3.918647483099473305e-01,3.907907737051448116e-01,3.897600671372478121e-01,3.887774360683326491e-01,3.878489544358489360e-01,3.869821675041608677e-01,3.861863344270293208e-01,3.854727151971312216e-01,3.848549093499238904e-01,3.843492541365928772e-01,3.839752894868869726e-01,3.837562952651564219e-01,3.837199019333130123e-01,3.838987668822541610e-01,3.843312923283095928e-01,3.850623319883920703e-01,3.861437854118019430e-01,3.876349001547724216e-01,3.896019784206944947e-01,3.921169991825436130e-01,3.952544048352685802e-01,3.990849669358217389e-01,4.036652946355457350e-01,4.090213532385232886e-01,4.151246954623861174e-01,4.218616220993223198e-01,4.289989723273086031e-01,4.361559769301376344e-01,4.427979022666495013e-01,4.482687095119938236e-01,4.518678763181199209e-01,4.529417766165994563e-01,4.508760241919482215e-01,4.441799040055818271e-01,4.175917436585716569e-01,4.075138948604783429e-01,4.009425867475286398e-01,3.961811547039494341e-01,3.926547540473135922e-01,3.900907875871373331e-01,3.883405055915434279e-01,3.873195143983005906e-01,3.869837661751328595e-01,3.873195143983053090e-01,3.883405055915442050e-01,3.900907875871360009e-01,3.926547540473107056e-01,3.961811547039490455e-01,4.009425867475291949e-01,4.075138948604796751e-01,4.175917436585700471e-01,4.441799040055791070e-01,4.508760241919492207e-01,4.529417766166004555e-01,4.518678763181192548e-01,4.482687095119946008e-01,4.427979022666477249e-01,4.361559769301339151e-01,4.289989723273056055e-01,4.218616220993184340e-01,4.151246954623791230e-01,4.090213532385237882e-01,4.036652946355478444e-01,3.990849669358232932e-01,3.952544048352695238e-01,3.921169991825452228e-01,3.896019784206948278e-01,3.876349001547720885e-01,3.861437854118013879e-01,3.850623319883877960e-01,3.843312923283084270e-01,3.838987668822542720e-01,3.837199019333119021e-01,3.837562952651572545e-01,3.839752894868871946e-01,3.843492541365904902e-01,3.848549093499226692e-01,3.854727151971296117e-01,3.861863344270287657e-01,3.869821675041587583e-01,3.878489544358491026e-01,3.887774360683300401e-01,3.897600671372470904e-01,3.907907737051453112e-01,3.918647483099469420e-01,3.929782769605951742e-01,3.941285929287164924e-01,3.953137530387456078e-01,3.965325328278300199e-01,3.977843375249520697e-01,3.990691262893975577e-01,4.003873475600684961e-01,4.017398837092755470e-01,4.031280034769528786e-01,4.045533208937544534e-01,4.060177595917801030e-01,4.075235215579421921e-01,4.090730595131783498e-01,4.106690522074644134e-01,4.123143820112697977e-01,4.140121142649869079e-01,4.157654779255838262e-01,4.175778471323044472e-01,4.194527234115061343e-01,4.213937183685838583e-01
7.378787878787879118e-01,4.312049661213280261e-01,4.287668784372803965e-01,4.264137463473545719e-01,4.241407844505167835e-01,4.219433720320500125e-01,4.198170644927188278e-01,4.177576047991246044e-01,4.157609352275559167e-01,4.138232097258917053e-01,4.119408072593487291e-01,4.101103465431917283e-01,4.083287026042179968e-01,4.065930256567401591e-01,4.049007628317536911e-01,4.032496833627618460e-01,4.016379079119040685e-01,4.000639428187311997e-01,3.985267201751659383e-01,3.970256447781783660e-01,3.955606491914862577e-01,3.941322583649076172e-01,3.927416655209879925e-01,3.913908213300317240e-01,3.900825387627200880e-01,3.888206164392484787e-01,3.876099837863151154e-01,3.864568718622199972e-01,3.853690142960305987e-01,3.843558833641569361e-01,3.834289667110034605e-01,3.826020904512169585e-01,3.818917940960854240e-01,3.813177614600872789e-01,3.809033086561042780e-01,3.806759242261256171e-01,3.806678453807982865e-01,3.809166351144979146e-01,3.814656928814145198e-01,3.823645796294033450e-01,3.836689567450540794e-01,3.854398160190566358e-01,3.877415023911688907e-01,3.906377987801670781e-01,3.941850732331563245e-01,3.984212617067056095e-01,4.033494657614980494e-01,4.089155448541145210e-01,4.149808050405472959e-01,4.212941835957858538e-01,4.274728486736473210e-01,4.330033551718839302e-01,4.372710341088374975e-01,4.395987894738956347e-01,4.391512820676409246e-01,4.232886629316622296e-01,4.097065918055324274e-01,4.025314697720710488e-01,3.975335445653847555e-01,3.938721539307020181e-01,3.912156832570448106e-01,3.894010006348144759e-01,3.883411574216458217e-01,3.879923594224926608e-01,3.883411574216449336e-01,3.894010006348122555e-01,3.912156832570429232e-01,3.938721539307020736e-01,3.975335445653828681e-01,4.025314697720717705e-01,4.097065918055318723e-01,4.232886629316583438e-01,4.391512820676404250e-01,4.395987894738927482e-01,4.372710341088432151e-01,4.330033551718830420e-01,4.274728486736449895e-01,4.212941835957860759e-01,4.149808050405476845e-01,4.089155448541157423e-01,4.033494657614966061e-01,3.984212617067107165e-01,3.941850732331549367e-01,3.906377987801653573e-01,3.877415023911676140e-01,3.854398160190562472e-01,3.836689567450558003e-01,3.823645796294038446e-01,3.814656928814149084e-01,3.809166351144980256e-01,3.806678453807973983e-01,3.806759242261251730e-01,3.809033086561024462e-01,3.813177614600875009e-01,3.818917940960849244e-01,3.826020904512178467e-01,3.834289667110016842e-01,3.843558833641575467e-01,3.853690142960300991e-01,3.864568718622219401e-01,3.876099837863145603e-01,3.888206164392466468e-01,3.900825387627197549e-01,3.913908213300316685e-01,3.927416655209866048e-01,3.941322583649066180e-01,3.955606491914862022e-01,3.970256447781782549e-01,3.985267201751668820e-01,4.000639428187298674e-01,4.016379079119034023e-01,4.032496833627617350e-01,4.049007628317545238e-01,4.065930256567411027e-01,4.083287026042193846e-01,4.101103465431916173e-01,4.119408072593453429e-01,4.138232097258922049e-01,4.157609352275545844e-01,4.177576047991250485e-01,4.198170644927207706e-01,4.219433720320502901e-01,4.241407844505186708e-01,4.264137463473554601e-01,4.287668784372814512e-01,4.312049661213288032e-01
7.416666666666666963e-01,4.433302411011824651e-01,4.403693676264804902e-01,4.375135000845665201e-01,4.347567127386461339e-01,4.320932845684809509e-01,4.295177086768290908e-01,4.270247007810220596e-01,4.246092072751310731e-01,4.222664133247852059e-01,4.199917514399236218e-01,4.177809109615188143e-01,4.156298488982732575e-01,4.135348025587494702e-01,4.114923044447989509e-01,4.094991999038369301e-01,4.075526680825072301e-01,4.056502467831460956e-01,4.037898618998231881e-01,4.019698622043226255e-01,4.001890603672607627e-01,3.984467812386241481e-01,3.967429185790622981e-01,3.950780016323393595e-01,3.934532731643234915e-01,3.918707808684630534e-01,3.903334843542010657e-01,3.888453802920201485e-01,3.874116486803976245e-01,3.860388236084525970e-01,3.847349922781551079e-01,3.835100263554567790e-01,3.823758498248540638e-01,3.813467472280647752e-01,3.804397151471309302e-01,3.796748575093377154e-01,3.790758208904524973e-01,3.786702581261066070e-01,3.784902951300452290e-01,3.785729537327613969e-01,3.789604480393233832e-01,3.797002169619909662e-01,3.808444732124890986e-01,3.824489305668564154e-01,3.845702111696470138e-01,3.872612395034544241e-01,3.905637357272925825e-01,3.944968248185695692e-01,3.990409748265789647e-01,4.041172814846670791e-01,4.095638756259171176e-01,4.151139650172779860e-01,4.203825054385160187e-01,4.248660591074320814e-01,4.279349621752710497e-01,4.285587654060809548e-01,4.111355155809696127e-01,4.033186666185323843e-01,3.983412239753987283e-01,3.947734549833524231e-01,3.921963402816505129e-01,3.904342777472861736e-01,3.894031462909958718e-01,3.890633564710115899e-01,3.894031462909946506e-01,3.904342777472873949e-01,3.921963402816492361e-01,3.947734549833533668e-01,3.983412239754013928e-01,4.033186666185311076e-01,4.111355155809682249e-01,4.285587654060795670e-01,4.279349621752704946e-01,4.248660591074281401e-01,4.203825054385181281e-01,4.151139650172792628e-01,4.095638756259150637e-01,4.041172814846671901e-01,3.990409748265820178e-01,3.944968248185691806e-01,3.905637357272936927e-01,3.872612395034558119e-01,3.845702111696428505e-01,3.824489305668541395e-01,3.808444732124902088e-01,3.797002169619937972e-01,3.789604480393250485e-01,3.785729537327637839e-01,3.784902951300437857e-01,3.786702581261054412e-01,3.790758208904530524e-01,3.796748575093343292e-01,3.804397151471307637e-01,3.813467472280653858e-01,3.823758498248547300e-01,3.835100263554587219e-01,3.847349922781527765e-01,3.860388236084529856e-01,3.874116486803970694e-01,3.888453802920208147e-01,3.903334843542013988e-01,3.918707808684619431e-01,3.934532731643239356e-01,3.950780016323405808e-01,3.967429185790613544e-01,3.984467812386236485e-01,4.001890603672622615e-01,4.019698622043219038e-01,4.037898618998234102e-01,4.056502467831462067e-01,4.075526680825070081e-01,4.094991999038352648e-01,4.114923044447982292e-01,4.135348025587509135e-01,4.156298488982702599e-01,4.177809109615217564e-01,4.199917514399251761e-01,4.222664133247864271e-01,4.246092072751295743e-01,4.270247007810227813e-01,4.295177086768289798e-01,4.320932845684812840e-01,4.347567127386460228e-01,4.375135000845664091e-01,4.403693676264791579e-01,4.433302411011829647e-01
7.454545454545454808e-01,4.577853374506491990e-01,4.542745752832003658e-01,4.508899781980008625e-01,4.476245334658656150e-01,4.444714535573054959e-01,4.414241877484124110e-01,4.384764312778243189e-01,4.356221328606914023e-01,4.328555012592096851e-01,4.301710115269268830e-01,4.275634114825014875e-01,4.250277289253587831e-01,4.225592800786448500e-01,4.201536797327657946e-01,4.178068535647098125e-01,4.155150531235214384e-01,4.132748740010774857e-01,4.110832777495347368e-01,4.089376181636069085e-01,4.068356726179291338e-01,4.047756792388888525e-01,4.027563807978151722e-01,4.007770763408765036e-01,3.988376817219577153e-01,3.969388003805839893e-01,3.950818059087937706e-01,3.932689381785555716e-01,3.915034150523803436e-01,3.897895619660681210e-01,3.881329619382136165e-01,3.865406287957273701e-01,3.850212065549308837e-01,3.835851978736932177e-01,3.822452241421265273e-01,3.810163188663677203e-01,3.799162541369425217e-01,3.789658965560559478e-01,3.781895830931347180e-01,3.776154975263713021e-01,3.772760123040961866e-01,3.772079357898794894e-01,3.774525667672921636e-01,3.780554014435650867e-01,3.790652570837548807e-01,3.805324662503116184e-01,3.825056579103012777e-01,3.850264936178505182e-01,3.881216182730387043e-01,3.917911208118552979e-01,3.959931582276104978e-01,4.006252942111038218e-01,4.055046060770697847e-01,4.103499939656195528e-01,4.147675759121669525e-01,4.182105215826886213e-01,4.131113964993521348e-01,4.030186968917144896e-01,3.982454820560600850e-01,3.949986134012578587e-01,3.926859596753918269e-01,3.911082497345014231e-01,3.901839576863412873e-01,3.898790166293981674e-01,3.901839576863411208e-01,3.911082497344998687e-01,3.926859596753948245e-01,3.949986134012585248e-01,3.982454820560602515e-01,4.030186968917121582e-01,4.131113964993565757e-01,4.182105215826880107e-01,4.147675759121646211e-01,4.103499939656132800e-01,4.055046060770670646e-01,4.006252942111044324e-01,3.959931582276112194e-01,3.917911208118563526e-01,3.881216182730410913e-01,3.850264936178489639e-01,3.825056579103033316e-01,3.805324662503119515e-01,3.790652570837571012e-01,3.780554014435646981e-01,3.774525667672937179e-01,3.772079357898804330e-01,3.772760123040961866e-01,3.776154975263719127e-01,3.781895830931347180e-01,3.789658965560585568e-01,3.799162541369417445e-01,3.810163188663683864e-01,3.822452241421255836e-01,3.835851978736930512e-01,3.850212065549313278e-01,3.865406287957288134e-01,3.881329619382133944e-01,3.897895619660663447e-01,3.915034150523798995e-01,3.932689381785549054e-01,3.950818059087927159e-01,3.969388003805836562e-01,3.988376817219564940e-01,4.007770763408766146e-01,4.027563807978158383e-01,4.047756792388889080e-01,4.068356726179298000e-01,4.089376181636056873e-01,4.110832777495360690e-01,4.132748740010759314e-01,4.155150531235208278e-01,4.178068535647097015e-01,4.201536797327671269e-01,4.225592800786446279e-01,4.250277289253583390e-01,4.275634114824986010e-01,4.301710115269266055e-01,4.328555012592107953e-01,4.356221328606909027e-01,4.384764312778224871e-01,4.414241877484113563e-01,4.444714535573065506e-01,4.476245334658667252e-01,4.508899781980010846e-01,4.542745752832007544e-01,4.577853374506495321e-01
7.492424242424242653e-01,4.747067269659013822e-01,4.706185545768604150e-01,4.666785706342952977e-01,4.628787825120315169e-01,4.592114135074991110e-01,4.556689222216926405e-01,4.522440170795109515e-01,4.489296672660377796e-01,4.457191111468840061e-01,4.426058630774485358e-01,4.395837193790442798e-01,4.366467641631365249e-01,4.337893756138299084e-01,4.310062332891948511e-01,4.282923269715668835e-01,4.256429675830497583e-01,4.230538006839178466e-01,4.205208230872025110e-01,4.180404031518827890e-01,4.156093053597387788e-01,4.132247198367891006e-01,4.108842975501531547e-01,4.085861919951112031e-01,4.063291082861334447e-01,4.041123606798120438e-01,4.019359396872036472e-01,3.998005900772949039e-01,3.977079012297587424e-01,3.956604114589782339e-01,3.936617280931902774e-01,3.917166652358690659e-01,3.898314012331972056e-01,3.880136578756106513e-01,3.862729031981628758e-01,3.846205792959490055e-01,3.830703556508412433e-01,3.816384067869811880e-01,3.803437101938692555e-01,3.792083557113161696e-01,3.782578499695949947e-01,3.775213875776682326e-01,3.770320425123290242e-01,3.768268058154722322e-01,3.769463557608434545e-01,3.774343902138602158e-01,3.783362748108300422e-01,3.796966650574027935e-01,3.815556545232899888e-01,3.839429122039593745e-01,3.868692584147154778e-01,3.903152912811044817e-01,3.942171445576331812e-01,3.984502844995256865e-01,4.028130025862746155e-01,4.070091678668837920e-01,4.106020298919030309e-01,4.019738818122547408e-01,3.972796429672904028e-01,3.944878597246203600e-01,3.925784055725380362e-01,3.912935303330485892e-01,3.905438079097708903e-01,3.902966581702096982e-01,3.905438079097700022e-01,3.912935303330462578e-01,3.925784055725390354e-01,3.944878597246226914e-01,3.972796429672901808e-01,4.019738818122532975e-01,4.106020298919046407e-01,4.070091678668836810e-01,4.028130025862737273e-01,3.984502844995242987e-01,3.942171445576325151e-01,3.903152912811038155e-01,3.868692584147149227e-01,3.839429122039581532e-01,3.815556545232890451e-01,3.796966650574029045e-01,3.783362748108305418e-01,3.774343902138569962e-01,3.769463557608447313e-01,3.768268058154727873e-01,3.770320425123290242e-01,3.775213875776683992e-01,3.782578499695923857e-01,3.792083557113165582e-01,3.803437101938674791e-01,3.816384067869799113e-01,3.830703556508407437e-01,3.846205792959480618e-01,3.862729031981634864e-01,3.880136578756106513e-01,3.898314012331997591e-01,3.917166652358684553e-01,3.936617280931899443e-01,3.956604114589777343e-01,3.977079012297580207e-01,3.998005900772928500e-01,4.019359396872013712e-01,4.041123606798130430e-01,4.063291082861333336e-01,4.085861919951097598e-01,4.108842975501539874e-01,4.132247198367909324e-01,4.156093053597398890e-01,4.180404031518827890e-01,4.205208230872004016e-01,4.230538006839164034e-01,4.256429675830501469e-01,4.282923269715679937e-01,4.310062332891939629e-01,4.337893756138294643e-01,4.366467641631367469e-01,4.395837193790441688e-01,4.426058630774494240e-01,4.457191111468830069e-01,4.489296672660383347e-01,4.522440170795115066e-01,4.556689222216922519e-01,4.592114135075001102e-01,4.628787825120319610e-01,4.666785706342946316e-01,4.706185545768590273e-01,4.747067269659005495e-01
7.530303030303030498e-01,4.943841973607441820e-01,4.896912587519686166e-01,4.851689755933518144e-01,4.808085806827000486e-01,4.766014665349926904e-01,4.725392206587747390e-01,4.686136522218757317e-01,4.648168120717727780e-01,4.611410077359448523e-01,4.575788147563600861e-01,4.541230854973621889e-01,4.507669563976279825e-01,4.475038545067769880e-01,4.443275040489980121e-01,4.412319336849176987e-01,4.382114850950163953e-01,4.352608234796768172e-01,4.323749505607593635e-01,4.295492206747339448e-01,4.267793605673855795e-01,4.240614935330858093e-01,4.213921685874151835e-01,4.187683954193909264e-01,4.161876859381856697e-01,4.136481033083151404e-01,4.111483194551752152e-01,4.086876821179637465e-01,4.062662926262357588e-01,4.038850956745270171e-01,4.015459824591623983e-01,3.992519086102399029e-01,3.970070283812659473e-01,3.948168465201162824e-01,3.926883890941504918e-01,3.906303942125176065e-01,3.886535229792690838e-01,3.867705899703479111e-01,3.849968108295886982e-01,3.833500618888814881e-01,3.818511425451431296e-01,3.805240247632587502e-01,3.793960645180467495e-01,3.784981358615117641e-01,3.778646277929011421e-01,3.775332150012850052e-01,3.775442734761944030e-01,3.779397591641396326e-01,3.787613027738985783e-01,3.800472025229717499e-01,3.818279362430433421e-01,3.841198013001729250e-01,3.869163896408122638e-01,3.901779098197249440e-01,3.938189825854461756e-01,3.976965821575916826e-01,4.016028498335652563e-01,4.022010764716928422e-01,3.959354594948450434e-01,3.935547452624378328e-01,3.920857035469484386e-01,3.911397141109870801e-01,3.905984528661066157e-01,3.904213573126973369e-01,3.905984528661086697e-01,3.911397141109874687e-01,3.920857035469500484e-01,3.935547452624365006e-01,3.959354594948452655e-01,4.022010764716915099e-01,4.016028498335652008e-01,3.976965821575941806e-01,3.938189825854501169e-01,3.901779098197244999e-01,3.869163896408128189e-01,3.841198013001721479e-01,3.818279362430446189e-01,3.800472025229737483e-01,3.787613027739001326e-01,3.779397591641390219e-01,3.775442734761966790e-01,3.775332150012860599e-01,3.778646277929003650e-01,3.784981358615110980e-01,3.793960645180470825e-01,3.805240247632594719e-01,3.818511425451426300e-01,3.833500618888819877e-01,3.849968108295882541e-01,3.867705899703478556e-01,3.886535229792698609e-01,3.906303942125178841e-01,3.926883890941514355e-01,3.948168465201161159e-01,3.970070283812648926e-01,3.992519086102414017e-01,4.015459824591634530e-01,4.038850956745278498e-01,4.062662926262339824e-01,4.086876821179624142e-01,4.111483194551737164e-01,4.136481033083148073e-01,4.161876859381850591e-01,4.187683954193904823e-01,4.213921685874149614e-01,4.240614935330840884e-01,4.267793605673855795e-01,4.295492206747358321e-01,4.323749505607588639e-01,4.352608234796765396e-01,4.382114850950155072e-01,4.412319336849199192e-01,4.443275040489981786e-01,4.475038545067767104e-01,4.507669563976263727e-01,4.541230854973630771e-01,4.575788147563615293e-01,4.611410077359438531e-01,4.648168120717751095e-01,4.686136522218769529e-01,4.725392206587745725e-01,4.766014665349908586e-01,4.808085806827011033e-01,4.851689755933539794e-01,4.896912587519686721e-01,4.943841973607444040e-01
7.568181818181818343e-01,5.168045449503728683e-01,5.114880265830941131e-01,5.063640370510724686e-01,5.014234267516842758e-01,4.966570738924471762e-01,4.920559481244878297e-01,4.876111597392339125e-01,4.833139974140641670e-01,4.791559569700027388e-01,4.751287631825543700e-01,4.712243863476138772e-01,4.674350550335326093e-01,4.637532662362342517e-01,4.601717939871113328e-01,4.566836973358540108e-01,4.532823285359376397e-01,4.499613421947158964e-01,4.467147061085940396e-01,4.435367144837656928e-01,4.404220042417361092e-01,4.373655751244605039e-01,4.343628143442616052e-01,4.314095265675133573e-01,4.285019700763667561e-01,4.256369000176634665e-01,4.228116197204376814e-01,4.200240411394671192e-01,4.172727555583485293e-01,4.145571157546867336e-01,4.118773308844775327e-01,4.092345753696726707e-01,4.066311130557205278e-01,4.040704378203132663e-01,4.015574316265224097e-01,3.990985406751769715e-01,3.967019697547478629e-01,3.943778940160972968e-01,3.921386860786290618e-01,3.899991544116778175e-01,3.879767860614748987e-01,3.860919826337810834e-01,3.843682724791140370e-01,3.828324735646305155e-01,3.815147696464692428e-01,3.804486459545332044e-01,3.796706084049105701e-01,3.792195812047263748e-01,3.791358411470246437e-01,3.794593043550879563e-01,3.802269383621790233e-01,3.814690429923028869e-01,3.832041560491309395e-01,3.854324491233788730e-01,3.881277957501653719e-01,3.912295311608012249e-01,3.946380058878392050e-01,3.982479446637940956e-01,3.947761393082542258e-01,3.924974107325076567e-01,3.913836419470005379e-01,3.907417188953448139e-01,3.903957432679986961e-01,3.902855095534039642e-01,3.903957432679965311e-01,3.907417188953425380e-01,3.913836419470004824e-01,3.924974107325079897e-01,3.947761393082503401e-01,3.982479446637904874e-01,3.946380058878409258e-01,3.912295311608012249e-01,3.881277957501626519e-01,3.854324491233788730e-01,3.832041560491301069e-01,3.814690429923023318e-01,3.802269383621792453e-01,3.794593043550870681e-01,3.791358411470231449e-01,3.792195812047274850e-01,3.796706084049105701e-01,3.804486459545345367e-01,3.815147696464678551e-01,3.828324735646297938e-01,3.843682724791124827e-01,3.860919826337804173e-01,3.879767860614726227e-01,3.899991544116781506e-01,3.921386860786270079e-01,3.943778940160965196e-01,3.967019697547459756e-01,3.990985406751769715e-01,4.015574316265225208e-01,4.040704378203126002e-01,4.066311130557198061e-01,4.092345753696706168e-01,4.118773308844775327e-01,4.145571157546846797e-01,4.172727555583490844e-01,4.200240411394692286e-01,4.228116197204370708e-01,4.256369000176650208e-01,4.285019700763655348e-01,4.314095265675138569e-01,4.343628143442616052e-01,4.373655751244624468e-01,4.404220042417350545e-01,4.435367144837638609e-01,4.467147061085935955e-01,4.499613421947173397e-01,4.532823285359361964e-01,4.566836973358529561e-01,4.601717939871102780e-01,4.637532662362296443e-01,4.674350550335326648e-01,4.712243863476142103e-01,4.751287631825549251e-01,4.791559569700045706e-01,4.833139974140669426e-01,4.876111597392361330e-01,4.920559481244873856e-01,4.966570738924475648e-01,5.014234267516866073e-01,5.063640370510723576e-01,5.114880265830936690e-01,5.168045449503738675e-01
7.606060606060606188e-01,5.419261792042771031e-01,5.359844145470323840e-01,5.302545910320067835e-01,5.247278901755175751e-01,5.193952663109888679e-01,5.142475583627981184e-01,5.092755780836429880e-01,5.044701792724110012e-01,4.998223117059577003e-01,4.953230628774430433e-01,4.909636901124418418e-01,4.867356452116072263e-01,4.826305934289935040e-01,4.786404283245508373e-01,4.747572838169298315e-01,4.709735445992100367e-01,4.672818559588211573e-01,4.636751339571540398e-01,4.601465768702944770e-01,4.566896787653618728e-01,4.532982460847903572e-01,4.499664181302511778e-01,4.466886923769887163e-01,4.434599556054991676e-01,4.402755219083712146e-01,4.371311787125168324e-01,4.340232420470439001e-01,4.309486223790395809e-01,4.279049024262281398e-01,4.248904284261438291e-01,4.219044163820673266e-01,4.189470747966483888e-01,4.160197453186912364e-01,4.131250625306138180e-01,4.102671337464840473e-01,4.074517391090283769e-01,4.046865513847537899e-01,4.019813735489318751e-01,3.993483903817648950e-01,3.968024276764556268e-01,3.943612090476572574e-01,3.920455954185358971e-01,3.898797856754107061e-01,3.878914482520570695e-01,3.861117420202939687e-01,3.845751702919077419e-01,3.833191935788425875e-01,3.823835050282786141e-01,3.818088481361857633e-01,3.816352324593730860e-01,3.818993865348767058e-01,3.826312925207645543e-01,3.838497037261766609e-01,3.855567201939898991e-01,3.877319791430311469e-01,3.903286515783114252e-01,3.932830355111936460e-01,3.953755804065873236e-01,3.917561788399254175e-01,3.907986733478154839e-01,3.903533655206410380e-01,3.901450743806200716e-01,3.900834594779827302e-01,3.901450743806202937e-01,3.903533655206413155e-01,3.907986733478168162e-01,3.917561788399269163e-01,3.953755804065869350e-01,3.932830355111939236e-01,3.903286515783132571e-01,3.877319791430286489e-01,3.855567201939918420e-01,3.838497037261767164e-01,3.826312925207678850e-01,3.818993865348778716e-01,3.816352324593738077e-01,3.818088481361862629e-01,3.823835050282771153e-01,3.833191935788419213e-01,3.845751702919081860e-01,3.861117420202934691e-01,3.878914482520561813e-01,3.898797856754098734e-01,3.920455954185344538e-01,3.943612090476583121e-01,3.968024276764562930e-01,3.993483903817661718e-01,4.019813735489317641e-01,4.046865513847512918e-01,4.074517391090264340e-01,4.102671337464869894e-01,4.131250625306139845e-01,4.160197453186916805e-01,4.189470747966473896e-01,4.219044163820658278e-01,4.248904284261458830e-01,4.279049024262279177e-01,4.309486223790395809e-01,4.340232420470440111e-01,4.371311787125178316e-01,4.402755219083700489e-01,4.434599556055000003e-01,4.466886923769888829e-01,4.499664181302536758e-01,4.532982460847904127e-01,4.566896787653623724e-01,4.601465768702958647e-01,4.636751339571547059e-01,4.672818559588187703e-01,4.709735445992110914e-01,4.747572838169306642e-01,4.786404283245545566e-01,4.826305934289940036e-01,4.867356452116097798e-01,4.909636901124419528e-01,4.953230628774430433e-01,4.998223117059587550e-01,5.044701792724105571e-01,5.092755780836426549e-01,5.142475583627994506e-01,5.193952663109886458e-01,5.247278901755182412e-01,5.302545910320071165e-01,5.359844145470322729e-01,5.419261792042786574e-01
7.643939393939394034e-01,5.693369690709397801e-01,5.628038118401477163e-01,5.564960604315123405e-01,5.504065057001528150e-01,5.445272523800197551e-01,5.388499116619286378e-01,5.333657557647500935e-01,5.280658413874425028e-01,5.229411077537955421e-01,5.179824539888200352e-01,5.131807997639239449e-01,5.085271324904172552e-01,5.040125438048427275e-01,4.996282576554542110e-01,4.953656519516192458e-01,4.912162754631960171e-01,4.871718614449929707e-01,4.832243393032913947e-01,4.793658455106371563e-01,4.755887349059638725e-01,4.718855934859871870e-01,4.682492537970175950e-01,4.646728140718106581e-01,4.611496623213488522e-01,4.576735066848460209e-01,4.542384134601386569e-01,4.508388543778671931e-01,4.474697648418917151e-01,4.441266150278647129e-01,4.408054959015484386e-01,4.375032223725263680e-01,4.342174559152971458e-01,4.309468490365838678e-01,4.276912139014824032e-01,4.244517171919483522e-01,4.212311027798539276e-01,4.180339429483136415e-01,4.148669175553952315e-01,4.117391185333562076e-01,4.086623742469095988e-01,4.056515842476229872e-01,4.027250495759427396e-01,3.999047766740345122e-01,3.972167238864171002e-01,3.946909482094164701e-01,3.923615963295933873e-01,3.902666683006156267e-01,3.884474652370049630e-01,3.869476158823006440e-01,3.858115641146545038e-01,3.850823961951192476e-01,3.847989029431266306e-01,3.849918262080974651e-01,3.856793679696387533e-01,3.868623409947946068e-01,3.885201783131407849e-01,3.906125645741409524e-01,3.931251044242910497e-01,3.916465138799020140e-01,3.905156266038538604e-01,3.901098005942025271e-01,3.899517646174388563e-01,3.899102486646302546e-01,3.899517646174375241e-01,3.901098005942029712e-01,3.905156266038546375e-01,3.916465138799019585e-01,3.931251044242921600e-01,3.906125645741392316e-01,3.885201783131411180e-01,3.868623409947941072e-01,3.856793679696393640e-01,3.849918262080954112e-01,3.847989029431267416e-01,3.850823961951182484e-01,3.858115641146553920e-01,3.869476158823008105e-01,3.884474652370055736e-01,3.902666683006165704e-01,3.923615963295936648e-01,3.946909482094163590e-01,3.972167238864188765e-01,3.999047766740339016e-01,4.027250495759424065e-01,4.056515842476252076e-01,4.086623742469093767e-01,4.117391185333556525e-01,4.148669175553977850e-01,4.180339429483150848e-01,4.212311027798543162e-01,4.244517171919494070e-01,4.276912139014807934e-01,4.309468490365842563e-01,4.342174559152980895e-01,4.375032223725259239e-01,4.408054959015492158e-01,4.441266150278648794e-01,4.474697648418928253e-01,4.508388543778683033e-01,4.542384134601383239e-01,4.576735066848454658e-01,4.611496623213468538e-01,4.646728140718112687e-01,4.682492537970168733e-01,4.718855934859866319e-01,4.755887349059650937e-01,4.793658455106378780e-01,4.832243393032915058e-01,4.871718614449926377e-01,4.912162754631978490e-01,4.953656519516193013e-01,4.996282576554532673e-01,5.040125438048437267e-01,5.085271324904173662e-01,5.131807997639212804e-01,5.179824539888198132e-01,5.229411077537937658e-01,5.280658413874403934e-01,5.333657557647499825e-01,5.388499116619301921e-01,5.445272523800210873e-01,5.504065057001490402e-01,5.564960604315151160e-01,5.628038118401486045e-01,5.693369690709396691e-01
7.681818181818181879e-01,5.993551024238051861e-01,5.923147620772190036e-01,5.855013541257029219e-01,5.789115752453254382e-01,5.725406221682798336e-01,5.663825231010796157e-01,5.604304070429350082e-01,5.546767218263570776e-01,5.491134098775960481e-01,5.437320491694285218e-01,5.385239655698935701e-01,5.334803217393987440e-01,5.285921868617750041e-01,5.238505907838945097e-01,5.192465655589859619e-01,5.147711769210553401e-01,5.104155478451400940e-01,5.061708760575091004e-01,5.020284471404552473e-01,4.979796447208987287e-01,4.940159591334201128e-01,4.901289959041750799e-01,4.863104854088026729e-01,4.825522951147029338e-01,4.788464459259574868e-01,4.751851343084774748e-01,4.715607620854820325e-01,4.679659760594495621e-01,4.643937199367775270e-01,4.608373014020324954e-01,4.572904776031921359e-01,4.537475627527456923e-01,4.502035619969613767e-01,4.466543361152884861e-01,4.430968019198469610e-01,4.395291733353727248e-01,4.359512479147638064e-01,4.323647427914115160e-01,4.287736825244101713e-01,4.251848386128328494e-01,4.216082162055557192e-01,4.180575771932862894e-01,4.145509798543685065e-01,4.111113029533879915e-01,4.077667061986046670e-01,4.045509591184419662e-01,4.015035472357396107e-01,3.986694395270626856e-01,3.960983778849352377e-01,3.938435333925113246e-01,3.919593745513944016e-01,3.904986218909885509e-01,3.895082391262738586e-01,3.890245586089826624e-01,3.890679064750777183e-01,3.896376293260229162e-01,3.907099599984522054e-01,3.922496169031714497e-01,3.937099824742859022e-01,3.913132411057146376e-01,3.907418098710463417e-01,3.905251811157116060e-01,3.904683671140897760e-01,3.905251811157127717e-01,3.907418098710501719e-01,3.913132411057123616e-01,3.937099824742864573e-01,3.922496169031713387e-01,3.907099599984524274e-01,3.896376293260225832e-01,3.890679064750788285e-01,3.890245586089830510e-01,3.895082391262739696e-01,3.904986218909878293e-01,3.919593745513951233e-01,3.938435333925124349e-01,3.960983778849366810e-01,3.986694395270619085e-01,4.015035472357397772e-01,4.045509591184440201e-01,4.077667061986050001e-01,4.111113029533900454e-01,4.145509798543700608e-01,4.180575771932843465e-01,4.216082162055539984e-01,4.251848386128319612e-01,4.287736825244111705e-01,4.323647427914090735e-01,4.359512479147626407e-01,4.395291733353745012e-01,4.430968019198472385e-01,4.466543361152875979e-01,4.502035619969613212e-01,4.537475627527464139e-01,4.572904776031946339e-01,4.608373014020336611e-01,4.643937199367763613e-01,4.679659760594496731e-01,4.715607620854825321e-01,4.751851343084794732e-01,4.788464459259598183e-01,4.825522951147065975e-01,4.863104854088028395e-01,4.901289959041781330e-01,4.940159591334226663e-01,4.979796447209029475e-01,5.020284471404556914e-01,5.061708760575071020e-01,5.104155478451425365e-01,5.147711769210533417e-01,5.192465655589876272e-01,5.238505907838969522e-01,5.285921868617748931e-01,5.334803217394024077e-01,5.385239655698940142e-01,5.437320491694307423e-01,5.491134098775967143e-01,5.546767218263585209e-01,5.604304070429355633e-01,5.663825231010778394e-01,5.725406221682811658e-01,5.789115752453254382e-01,5.855013541257048093e-01,5.923147620772196698e-01,5.993551024238066294e-01
7.719696969696969724e-01,6.311615818661984179e-01,6.238054537932489207e-01,6.166537506911862199e-01,6.097113464791753534e-01,6.029801476131746441e-01,5.964596740725200963e-01,5.901475353318347272e-01,5.840398193418683270e-01,5.781314094970533279e-01,5.724162420113401151e-01,5.668875139893108095e-01,5.615378507024798571e-01,5.563594391072681500e-01,5.513441334217215051e-01,5.464835375728842592e-01,5.417690685009386442e-01,5.371920036309567603e-01,5.327435152756245795e-01,5.284146942934481173e-01,5.241965649819392281e-01,5.200800929234842274e-01,5.160561873153484136e-01,5.121156991996737018e-01,5.082494169636776471e-01,5.044480605057971578e-01,5.007022755651795443e-01,4.970026298978689194e-01,4.933396132647586696e-01,4.897036435886811256e-01,4.860850821593944993e-01,4.824742614365777338e-01,4.788615298454273472e-01,4.752373189983675750e-01,4.715922400277269277e-01,4.679172171815673686e-01,4.642036684997932205e-01,4.604437451884815791e-01,4.566306431155846002e-01,4.527590014218261794e-01,4.488254041710729170e-01,4.448290006160000032e-01,4.407722570621052660e-01,4.366618470970213273e-01,4.325096752429322677e-01,4.283340095349985610e-01,4.241606684615122913e-01,4.200241646415457941e-01,4.159686502953612308e-01,4.120484397194969506e-01,4.083278090526817894e-01,4.048797101729446068e-01,4.017830125922197682e-01,3.991179475403425214e-01,3.969596259507194302e-01,3.953698952307878600e-01,3.943884587530226971e-01,3.940253226185624347e-01,3.942597695293830196e-01,3.950763580125674634e-01,3.935509872603133452e-01,3.924486182351785701e-01,3.920025465491355776e-01,3.918761805764167105e-01,3.920025465491366878e-01,3.924486182351777930e-01,3.935509872603108472e-01,3.950763580125692398e-01,3.942597695293839077e-01,3.940253226185621571e-01,3.943884587530214203e-01,3.953698952307879710e-01,3.969596259507191527e-01,3.991179475403434651e-01,4.017830125922201567e-01,4.048797101729457171e-01,4.083278090526816229e-01,4.120484397194970616e-01,4.159686502953650056e-01,4.200241646415476260e-01,4.241606684615114031e-01,4.283340095349993382e-01,4.325096752429276603e-01,4.366618470970192734e-01,4.407722570621043778e-01,4.448290006159973387e-01,4.488254041710703635e-01,4.527590014218237924e-01,4.566306431155842116e-01,4.604437451884810795e-01,4.642036684997961071e-01,4.679172171815655368e-01,4.715922400277311466e-01,4.752373189983685742e-01,4.788615298454297897e-01,4.824742614365795657e-01,4.860850821593946658e-01,4.897036435886815142e-01,4.933396132647578369e-01,4.970026298978689194e-01,5.007022755651799883e-01,5.044480605058005995e-01,5.082494169636784243e-01,5.121156991996745900e-01,5.160561873153536316e-01,5.200800929234841163e-01,5.241965649819391171e-01,5.284146942934462299e-01,5.327435152756190284e-01,5.371920036309545399e-01,5.417690685009410867e-01,5.464835375728840372e-01,5.513441334217199508e-01,5.563594391072688161e-01,5.615378507024804122e-01,5.668875139893099213e-01,5.724162420113412253e-01,5.781314094970489981e-01,5.840398193418705475e-01,5.901475353318338390e-01,5.964596740725235380e-01,6.029801476131742000e-01,6.097113464791750204e-01,6.166537506911849986e-01,6.238054537932515853e-01,6.311615818662031918e-01
7.757575757575757569e-01,6.632669488111193612e-01,6.559850862227953883e-01,6.488368917624757204e-01,6.418436332936949817e-01,6.350208676185625789e-01,6.283794951422134734e-01,6.219266275461495797e-01,6.156663008014836569e-01,6.096000603297365705e-01,6.037274404803740779e-01,5.980463566214778703e-01,5.925534249208074256e-01,5.872442222250287003e-01,5.821134962358494036e-01,5.771553343552044968e-01,5.723632980612147758e-01,5.677305284273569397e-01,5.632498273628983032e-01,5.589137182944536875e-01,5.547144892954792850e-01,5.506442210766859802e-01,5.466948017547721417e-01,5.428579299032501027e-01,5.391251070445977067e-01,5.354876204583826071e-01,5.319365169499260526e-01,5.284625680463269637e-01,5.250562269638865409e-01,5.217075776304883616e-01,5.184062760625560706e-01,5.151414845114212770e-01,5.119017990428199605e-01,5.086751716458538519e-01,5.054488286563519894e-01,5.022091883243313681e-01,4.989417818980347863e-01,4.956311848291213851e-01,4.922609678867621019e-01,4.888136824465902919e-01,4.852709004366231871e-01,4.816133379200136511e-01,4.778211026894006452e-01,4.738741211368457384e-01,4.697528183981038996e-01,4.654391479920605978e-01,4.609180909248539182e-01,4.561797643711764660e-01,4.512222857416074429e-01,4.460555090108907494e-01,4.407056529486759189e-01,4.352206260188027920e-01,4.296754613843171700e-01,4.241766666224959237e-01,4.188635094336850551e-01,4.139035464150682131e-01,4.094796382641583965e-01,4.057672523908714135e-01,4.029053345997661295e-01,4.009752298965326145e-01,3.994739576141641546e-01,3.960794097581987194e-01,3.947232787909437657e-01,3.943105260296014825e-01,3.947232787909418783e-01,3.960794097581967765e-01,3.994739576141645432e-01,4.009752298965338912e-01,4.029053345997659630e-01,4.057672523908644746e-01,4.094796382641531229e-01,4.139035464150694343e-01,4.188635094336935483e-01,4.241766666225016413e-01,4.296754613843170034e-01,4.352206260187970188e-01,4.407056529486753083e-01,4.460555090108873078e-01,4.512222857416089417e-01,4.561797643711801298e-01,4.609180909248626334e-01,4.654391479920658714e-01,4.697528183980985150e-01,4.738741211368505679e-01,4.778211026894035318e-01,4.816133379200146503e-01,4.852709004366249634e-01,4.888136824465897368e-01,4.922609678867639338e-01,4.956311848291234390e-01,4.989417818980313446e-01,5.022091883243303689e-01,5.054488286563497690e-01,5.086751716458577377e-01,5.119017990428140763e-01,5.151414845114226093e-01,5.184062760625506305e-01,5.217075776304861412e-01,5.250562269638863189e-01,5.284625680463256314e-01,5.319365169499242763e-01,5.354876204583824961e-01,5.391251070445989280e-01,5.428579299032533223e-01,5.466948017547711425e-01,5.506442210766852030e-01,5.547144892954813944e-01,5.589137182944534654e-01,5.632498273628980812e-01,5.677305284273534980e-01,5.723632980612144427e-01,5.771553343552063842e-01,5.821134962358474052e-01,5.872442222250291444e-01,5.925534249208074256e-01,5.980463566214769822e-01,6.037274404803751882e-01,6.096000603297413445e-01,6.156663008014812144e-01,6.219266275461531324e-01,6.283794951422140285e-01,6.350208676185636891e-01,6.418436332936963140e-01,6.488368917624776078e-01,6.559850862227956103e-01,6.632669488111221368e-01
7.795454545454545414e-01,6.925032781748878818e-01,6.860629283994547079e-01,6.795881492095848797e-01,6.731326357050883002e-01,6.667391017503444539e-01,6.604412519806468485e-01,6.542654100887498325e-01,6.482318624153503572e-01,6.423559663489443183e-01,6.366490647627303101e-01,6.311192406629438922e-01,6.257719402922372609e-01,6.206104879911126249e-01,6.156365120308597838e-01,6.108502972623276461e-01,6.062510776592390238e-01,6.018372795716612211e-01,5.976067246595321292e-01,5.935567999762998426e-01,5.896846014614505194e-01,5.859870561304830749e-01,5.824610274852595193e-01,5.791034080779420279e-01,5.759112027282184965e-01,5.728816056022836278e-01,5.700120742086375314e-01,5.673004033513058264e-01,5.647448022174577087e-01,5.623439780847507841e-01,5.600972306502705056e-01,5.580045617607178876e-01,5.560668064423663903e-01,5.542857927026991760e-01,5.526645397695616468e-01,5.512075074859497104e-01,5.499209138353671200e-01,5.488131435406417014e-01,5.478952791013568246e-01,5.471817976112445248e-01,5.466914938585719641e-01,5.464487149727712545e-01,5.464850277775521459e-01,5.468414920723713157e-01,5.475717879553141376e-01,5.487465502550024077e-01,5.504594005691689773e-01,5.528353152463145737e-01,5.560420141282336193e-01,5.603045871744845030e-01,5.659211920489742864e-01,5.732686879626534004e-01,5.827560055215873502e-01,5.945792682380353078e-01,6.078092991170993553e-01,6.175864650644129483e-01,6.095884869410905793e-01,5.637531770127111042e-01,4.917513225666619858e-01,4.367974912059145454e-01,4.110172680727244843e-01,4.016531731275032047e-01,3.985957395903230727e-01,3.979821464668804598e-01,3.985957395903236278e-01,4.016531731274864958e-01,4.110172680726860150e-01,4.367974912058994463e-01,4.917513225665466892e-01,5.637531770127907071e-01,6.095884869411027918e-01,6.175864650644284914e-01,6.078092991171734072e-01,5.945792682380545147e-01,5.827560055216443047e-01,5.732686879626603949e-01,5.659211920489863878e-01,5.603045871745183648e-01,5.560420141282700346e-01,5.528353152463220122e-01,5.504594005691642034e-01,5.487465502549986329e-01,5.475717879553381184e-01,5.468414920723647654e-01,5.464850277775369358e-01,5.464487149727770277e-01,5.466914938585805128e-01,5.471817976112499649e-01,5.478952791013450563e-01,5.488131435406331526e-01,5.499209138353656767e-01,5.512075074859545953e-01,5.526645397695584272e-01,5.542857927026989540e-01,5.560668064423714974e-01,5.580045617607181097e-01,5.600972306502701725e-01,5.623439780847555580e-01,5.647448022174629267e-01,5.673004033513051603e-01,5.700120742086353109e-01,5.728816056022814074e-01,5.759112027282191626e-01,5.791034080779455806e-01,5.824610274852554115e-01,5.859870561304887371e-01,5.896846014614498532e-01,5.935567999763009528e-01,5.976067246595273552e-01,6.018372795716639967e-01,6.062510776592401340e-01,6.108502972623336413e-01,6.156365120308607830e-01,6.206104879911122918e-01,6.257719402922419238e-01,6.311192406629480001e-01,6.366490647627343069e-01,6.423559663489456506e-01,6.482318624153496911e-01,6.542654100887470570e-01,6.604412519806530657e-01,6.667391017503461192e-01,6.731326357050940734e-01,6.795881492095837695e-01,6.860629283994574834e-01,6.925032781748883259e-01
7.833333333333333259e-01,7.125097231223503913e-01,7.083698342390530867e-01,7.038370620718776838e-01,6.990269402695248324e-01,6.940343390568651794e-01,6.889370117230600998e-01,6.837985720010737456e-01,6.786709827182194621e-01,6.735966307694130073e-01,6.686100554325411505e-01,6.637393882879546458e-01,6.590075545491946851e-01,6.544332779458571503e-01,6.500319246029427900e-01,6.458162156547672117e-01,6.417968335542169056e-01,6.379829430936454493e-01,6.343826449349191376e-01,6.310033768463545467e-01,6.278522757610772720e-01,6.249365121049040850e-01,6.222636064868654060e-01,6.198417376785519961e-01,6.176800496640331151e-01,6.157889641743526932e-01,6.141805031355974664e-01,6.128686222007715401e-01,6.118695508829045115e-01,6.112021248194571266e-01,6.108880779829385377e-01,6.109522312247386289e-01,6.114224577574364217e-01,6.123292070029043854e-01,6.137041914034132573e-01,6.155775246036437887e-01,6.179720333026089696e-01,6.208924546259697586e-01,6.243054495699454920e-01,6.281033207469056689e-01,6.320394991737783297e-01,6.356175584851750937e-01,6.379120885455070722e-01,6.373172103830967439e-01,6.313077598555039138e-01,6.165452116592439191e-01,5.900170476811230635e-01,5.516320662123043173e-01,5.065653682479327458e-01,4.636624956137254672e-01,4.301013021425937333e-01,4.080333208698923575e-01,3.957228166339822883e-01,3.901849955519623436e-01,3.887870392648703488e-01,3.896822212987067213e-01,3.917129274938948025e-01,3.941995485065944438e-01,3.967634284483811946e-01,3.992091797470980197e-01,4.014609881726564078e-01,4.032576991570180347e-01,4.032525909989376212e-01,4.033663659639408761e-01,4.032525909989376212e-01,4.032576991570178127e-01,4.014609881726567409e-01,3.992091797470994630e-01,3.967634284483839702e-01,3.941995485065946658e-01,3.917129274938937478e-01,3.896822212987037792e-01,3.887870392648701823e-01,3.901849955519569590e-01,3.957228166339808451e-01,4.080333208698984082e-01,4.301013021425909577e-01,4.636624956137143649e-01,5.065653682479429598e-01,5.516320662122472518e-01,5.900170476811451570e-01,6.165452116592143872e-01,6.313077598554935888e-01,6.373172103830878621e-01,6.379120885455072942e-01,6.356175584851783134e-01,6.320394991737744439e-01,6.281033207469056689e-01,6.243054495699453810e-01,6.208924546259682042e-01,6.179720333026067491e-01,6.155775246036320203e-01,6.137041914034218060e-01,6.123292070029049405e-01,6.114224577574424169e-01,6.109522312247389619e-01,6.108880779829369834e-01,6.112021248194557943e-01,6.118695508829091745e-01,6.128686222007732054e-01,6.141805031356020184e-01,6.157889641743499176e-01,6.176800496640312277e-01,6.198417376785523292e-01,6.222636064868714012e-01,6.249365121049077487e-01,6.278522757610799365e-01,6.310033768463537696e-01,6.343826449349174723e-01,6.379829430936485579e-01,6.417968335542219016e-01,6.458162156547668786e-01,6.500319246029399034e-01,6.544332779458599259e-01,6.590075545491991260e-01,6.637393882879585316e-01,6.686100554325435930e-01,6.735966307694142285e-01,6.786709827182211274e-01,6.837985720010718582e-01,6.889370117230612101e-01,6.940343390568672888e-01,6.990269402695262757e-01,7.038370620718785720e-01,7.083698342390547520e-01,7.125097231223508354e-01
7.871212121212121104e-01,7.087569745737420934e-01,7.094501320534097877e-01,7.090760578314343476e-01,7.078504443984366956e-01,7.059552493142466911e-01,7.035434060338218165e-01,7.007431396119774281e-01,6.976618008803849857e-01,6.943892053196299985e-01,6.910005014155168324e-01,6.875586113637617292e-01,6.841162930743781567e-01,6.807178717230423226e-01,6.774006846791468250e-01,6.741962772325321707e-01,6.711313789956588893e-01,6.682286824374306100e-01,6.655074355328992608e-01,6.629838494193889264e-01,6.606713082350559318e-01,6.585803504314429180e-01,6.567183664815919863e-01,6.550889236356982614e-01,6.536905792281307859e-01,6.525149728796728610e-01,6.515438848891664803e-01,6.507448003885313303e-01,6.500643122321410061e-01,6.494184206264692616e-01,6.486784574780137813e-01,6.476510601327944983e-01,6.460505976774306713e-01,6.434633576979049696e-01,6.393060433984216751e-01,6.327893296144350144e-01,6.229139722042112970e-01,6.085534162544797843e-01,5.887003842040929857e-01,5.629298782122207356e-01,5.319835244305931576e-01,4.981168968819079668e-01,4.647426343413477712e-01,4.353209714167017852e-01,4.121605845732977391e-01,3.959173905835352003e-01,3.859171838186125636e-01,3.808316332724068221e-01,3.792441440411247200e-01,3.799486905627521005e-01,3.820366101508903545e-01,3.848735787643836614e-01,3.880397396739124760e-01,3.912689666268338029e-01,3.943998351231161048e-01,3.973399591146874466e-01,4.000415236696517329e-01,4.024851789529556578e-01,4.046699584185247112e-01,4.066078537025265005e-01,4.083238827399827686e-01,4.098795895780362741e-01,4.100424168677693215e-01,4.100238223423218198e-01,4.100424168677674341e-01,4.098795895780353304e-01,4.083238827399821025e-01,4.066078537025250572e-01,4.046699584185248777e-01,4.024851789529569901e-01,4.000415236696532872e-01,3.973399591146867249e-01,3.943998351231146615e-01,3.912689666268340805e-01,3.880397396739136973e-01,3.848735787643851047e-01,3.820366101508894108e-01,3.799486905627514344e-01,3.792441440411197795e-01,3.808316332724026032e-01,3.859171838186146730e-01,3.959173905835175478e-01,4.121605845732948525e-01,4.353209714166974553e-01,4.647426343413269545e-01,4.981168968819024712e-01,5.319835244305834987e-01,5.629298782122150735e-01,5.887003842040792190e-01,6.085534162544515846e-01,6.229139722042118521e-01,6.327893296144367907e-01,6.393060433984323332e-01,6.434633576979111869e-01,6.460505976774307824e-01,6.476510601327931660e-01,6.486784574780116719e-01,6.494184206264680403e-01,6.500643122321401179e-01,6.507448003885326626e-01,6.515438848891645929e-01,6.525149728796761917e-01,6.536905792281317851e-01,6.550889236356987055e-01,6.567183664815974264e-01,6.585803504314440282e-01,6.606713082350574862e-01,6.629838494193910359e-01,6.655074355328982616e-01,6.682286824374314982e-01,6.711313789956592224e-01,6.741962772325330588e-01,6.774006846791462699e-01,6.807178717230453202e-01,6.841162930743781567e-01,6.875586113637627284e-01,6.910005014155181646e-01,6.943892053196317748e-01,6.976618008803840976e-01,7.007431396119764289e-01,7.035434060338195961e-01,7.059552493142429164e-01,7.078504443984393601e-01,7.090760578314371232e-01,7.094501320534075672e-01,7.087569745737374305e-01
7.909090909090908950e-01,6.606118912854194170e-01,6.693237614642496558e-01,6.760197519852099157e-01,6.810000377466020050e-01,6.845338271930710983e-01,6.868583760290726259e-01,6.881800695804467516e-01,6.886766032656540526e-01,6.884996349957023254e-01,6.877775190889046097e-01,6.866178863224194906e-01,6.851099322926358370e-01,6.833263338502089113e-01,6.813247434054149343e-01,6.791488216748081674e-01,6.768287662516333514e-01,6.743812794313546188e-01,6.718088959671822957e-01,6.690985614991393771e-01,6.662193178852966469e-01,6.631189182642193147e-01,6.597191750206351513e-01,6.559098642335822182e-01,6.515411221321728563e-01,6.464145669205305644e-01,6.402740232175437862e-01,6.327979592261918640e-01,6.235978669138472208e-01,6.122300085514688073e-01,5.982318029223030464e-01,5.811966157562313828e-01,5.608969671692480841e-01,5.374486038218230233e-01,5.114718949647932833e-01,4.841647228298697203e-01,4.571921022383426680e-01,4.323664058354119710e-01,4.112223479151486116e-01,3.946792624579230080e-01,3.829357045787008529e-01,3.755960134665595196e-01,3.719147859203275619e-01,3.710344890112460825e-01,3.721487325199926421e-01,3.745832160717459391e-01,3.778166247839633840e-01,3.814683620279037957e-01,3.852730727536044508e-01,3.890533810267551851e-01,3.926960022970983899e-01,3.961327809275784206e-01,3.993264873265290338e-01,4.022605772782672506e-01,4.049320130440831056e-01,4.073463586613526033e-01,4.095145391141764013e-01,4.114508366939282902e-01,4.131718892837447643e-01,4.146967357774146157e-01,4.160487244163550424e-01,4.172644335729683296e-01,4.180347675870470514e-01,4.177793598863521196e-01,4.180347675870471069e-01,4.172644335729683851e-01,4.160487244163553755e-01,4.146967357774133944e-01,4.131718892837438761e-01,4.114508366939286788e-01,4.095145391141759572e-01,4.073463586613522147e-01,4.049320130440814403e-01,4.022605772782658629e-01,3.993264873265278680e-01,3.961327809275777545e-01,3.926960022970985009e-01,3.890533810267566284e-01,3.852730727536042288e-01,3.814683620279041842e-01,3.778166247839637726e-01,3.745832160717451620e-01,3.721487325199931417e-01,3.710344890112416971e-01,3.719147859203259521e-01,3.755960134665620731e-01,3.829357045787015745e-01,3.946792624579080200e-01,4.112223479151631556e-01,4.323664058354205753e-01,4.571921022383543809e-01,4.841647228298602834e-01,5.114718949648039414e-01,5.374486038218093675e-01,5.608969671692353165e-01,5.811966157562674651e-01,5.982318029223043787e-01,6.122300085514598145e-01,6.235978669138561026e-01,6.327979592261917530e-01,6.402740232175565538e-01,6.464145669205358935e-01,6.515411221321699697e-01,6.559098642335750018e-01,6.597191750206338190e-01,6.631189182642209801e-01,6.662193178852978681e-01,6.690985614991391550e-01,6.718088959671757454e-01,6.743812794313485126e-01,6.768287662516309089e-01,6.791488216748066131e-01,6.813247434054141571e-01,6.833263338502096884e-01,6.851099322926378354e-01,6.866178863224220441e-01,6.877775190889023893e-01,6.884996349956911121e-01,6.886766032656471692e-01,6.881800695804505263e-01,6.868583760290638551e-01,6.845338271930661023e-01,6.810000377465957877e-01,6.760197519852080283e-01,6.693237614642446598e-01,6.606118912854196390e-01
7.946969696969696795e-01,5.562103479129064665e-01,5.735030744298361682e-01,5.882768544718712800e-01,6.007027266009905553e-01,6.109813728738642258e-01,6.193225460602721499e-01,6.259311401292390054e-01,6.309982384599106542e-01,6.346956910913793548e-01,6.371730586057789969e-01,6.385560369662157676e-01,6.389457126048477820e-01,6.384181839007041503e-01,6.370242305148328121e-01,6.347888287463604451e-01,6.317104155861540393e-01,6.277599162796316801e-01,6.228796941676745247e-01,6.169827869985357038e-01,6.099530948143417897e-01,6.016476120082799861e-01,5.919023574562440881e-01,5.805442893900254475e-01,5.674119829380666058e-01,5.523877255166508293e-01,5.354421454313795792e-01,5.166885470335338404e-01,4.964372803419862534e-01,4.752320513231286792e-01,4.538446086409133051e-01,4.332087833920286735e-01,4.142940406762504191e-01,3.979472501736492918e-01,3.847525098621388251e-01,3.749556462584716088e-01,3.684718850088223308e-01,3.649604658327045281e-01,3.639297110290703463e-01,3.648371671000744665e-01,3.671638967393955899e-01,3.704577962217247555e-01,3.743509206719455862e-01,3.785594003988762557e-01,3.828739409905950741e-01,3.871466609331603581e-01,3.912777144367713955e-01,3.952034069387261872e-01,3.988864136115324865e-01,4.023081157058390755e-01,4.054627998314851434e-01,4.083533810729854108e-01,4.109883195642019538e-01,4.133794478236049730e-01,4.155404847145695024e-01,4.174860691417612846e-01,4.192312000568517161e-01,4.207910244303164626e-01,4.221809897700628533e-01,4.234175289993853397e-01,4.245198887312376379e-01,4.255156117302135721e-01,4.264691990353436379e-01,4.264042265564419454e-01,4.264691990353428608e-01,4.255156117302141272e-01,4.245198887312383595e-01,4.234175289993862279e-01,4.221809897700640746e-01,4.207910244303172398e-01,4.192312000568527708e-01,4.174860691417610070e-01,4.155404847145683922e-01,4.133794478236046399e-01,4.109883195642027864e-01,4.083533810729836344e-01,4.054627998314846438e-01,4.023081157058384649e-01,3.988864136115312098e-01,3.952034069387264648e-01,3.912777144367709514e-01,3.871466609331588593e-01,3.828739409905957403e-01,3.785594003988763112e-01,3.743509206719471960e-01,3.704577962217248110e-01,3.671638967393963116e-01,3.648371671000725791e-01,3.639297110290685144e-01,3.649604658327051943e-01,3.684718850088175013e-01,3.749556462584728855e-01,3.847525098621172868e-01,3.979472501736456835e-01,4.142940406762528616e-01,4.332087833920176823e-01,4.538446086409506641e-01,4.752320513231273469e-01,4.964372803419726532e-01,5.166885470335447206e-01,5.354421454313794682e-01,5.523877255166576017e-01,5.674119829380708246e-01,5.805442893900147894e-01,5.919023574562353174e-01,6.016476120082848711e-01,6.099530948143478959e-01,6.169827869985521351e-01,6.228796941676740806e-01,6.277599162796272392e-01,6.317104155861350545e-01,6.347888287463575585e-01,6.370242305148132722e-01,6.384181839007015968e-01,6.389457126048454505e-01,6.385560369662194313e-01,6.371730586057864354e-01,6.346956910913631456e-01,6.309982384598944449e-01,6.259311401292239063e-01,6.193225460602678201e-01,6.109813728738441307e-01,6.007027266009928868e-01,5.882768544718787185e-01,5.735030744298309502e-01,5.562103479128891470e-01
7.984848484848485750e-01,4.259314422056491023e-01,4.453371986838028929e-01,4.631693889287154531e-01,4.791963227390174107e-01,4.932943095800833566e-01,5.054203661309233375e-01,5.155876077950262149e-01,5.238445832934729429e-01,5.302588242315764422e-01,5.349043321403899043e-01,5.378524935573086863e-01,5.391658881653009772e-01,5.388945525506073642e-01,5.370744276430464703e-01,5.337279166264989883e-01,5.288666865735863754e-01,5.224970323454174448e-01,5.146282391135043044e-01,5.052843531756472384e-01,4.945194850896901251e-01,4.824360865282661393e-01,4.692044578882565431e-01,4.550801060129325282e-01,4.404138523414468098e-01,4.256486111243250603e-01,4.112976586476466134e-01,3.979028910984747647e-01,3.859777311940642552e-01,3.759458812027282049e-01,3.680906917706739945e-01,3.625279626472433514e-01,3.592078205456850637e-01,3.579422864358596801e-01,3.584484751957572324e-01,3.603954556647186447e-01,3.634451802560536016e-01,3.672823227671105362e-01,3.716320660571127421e-01,3.762676224201745301e-01,3.810104035011565582e-01,3.857257417243499242e-01,3.903164755005300579e-01,3.947159765915820295e-01,3.988815528901464846e-01,4.027886853354962216e-01,4.064262510699410136e-01,4.097927098030177406e-01,4.128931450985983131e-01,4.157370223393730968e-01,4.183365257873672416e-01,4.207053526054996273e-01,4.228578626640286942e-01,4.248085046312071733e-01,4.265714594064946019e-01,4.281604617335365015e-01,4.295887824553435430e-01,4.308693841475604303e-01,4.320153196394018735e-01,4.330405800497625357e-01,4.339620121386667528e-01,4.348045365802957751e-01,4.356214928845741352e-01,4.362184044302890307e-01,4.356214928845744683e-01,4.348045365802966633e-01,4.339620121386665863e-01,4.330405800497625912e-01,4.320153196394013184e-01,4.308693841475603192e-01,4.295887824553429324e-01,4.281604617335375007e-01,4.265714594064937137e-01,4.248085046312073954e-01,4.228578626640280835e-01,4.207053526054987946e-01,4.183365257873678522e-01,4.157370223393735409e-01,4.128931450985968143e-01,4.097927098030169635e-01,4.064262510699427899e-01,4.027886853354943342e-01,3.988815528901474283e-01,3.947159765915821406e-01,3.903164755005283371e-01,3.857257417243528663e-01,3.810104035011573909e-01,3.762676224201745301e-01,3.716320660571119650e-01,3.672823227671112023e-01,3.634451802560542677e-01,3.603954556647198104e-01,3.584484751957556226e-01,3.579422864358569045e-01,3.592078205456809559e-01,3.625279626472385774e-01,3.680906917706727177e-01,3.759458812027199337e-01,3.859777311940568167e-01,3.979028910984744316e-01,4.112976586476641550e-01,4.256486111243230064e-01,4.404138523414545259e-01,4.550801060129218145e-01,4.692044578882564876e-01,4.824360865282267818e-01,4.945194850896650895e-01,5.052843531756529005e-01,5.146282391135041934e-01,5.224970323454101173e-01,5.288666865735928146e-01,5.337279166265060937e-01,5.370744276430386988e-01,5.388945525506184664e-01,5.391658881653176305e-01,5.378524935572973620e-01,5.349043321403925688e-01,5.302588242315549039e-01,5.238445832934454094e-01,5.155876077950227732e-01,5.054203661309036866e-01,4.932943095800820243e-01,4.791963227390165225e-01,4.631693889287074040e-01,4.453371986838012830e-01,4.259314422056378890e-01
8.022727272727272485e-01,3.320152123917846643e-01,3.446561006277730765e-01,3.574370112483976625e-01,3.698703427061791338e-01,3.815594842322219682e-01,3.921971026752098521e-01,4.015570430919480072e-01,4.094829607611510935e-01,4.158761127857685813e-01,4.206840042554896852e-01,4.238909504678995965e-01,4.255111327587825509e-01,4.255843796753870922e-01,4.241746533243027639e-01,4.213710058128559144e-01,4.172905373966069864e-01,4.120825957530045436e-01,4.059330960903633767e-01,3.990674590740160843e-01,3.917503740593014094e-01,3.842805852765044938e-01,3.769793788935421053e-01,3.701725488452835000e-01,3.641672480697302205e-01,3.592268859240203005e-01,3.555484620172127408e-01,3.532468054187878903e-01,3.523488787499105546e-01,3.527989751429916332e-01,3.544731228913648446e-01,3.571992083075439806e-01,3.607787345194783390e-01,3.650066962389172942e-01,3.696873047372717935e-01,3.746446817610997182e-01,3.797287465721473909e-01,3.848171790176583840e-01,3.898145819581448346e-01,3.946499149472620926e-01,3.992730677718921983e-01,4.036511952594000197e-01,4.077652079579400235e-01,4.116066348518863660e-01,4.151749488031988844e-01,4.184753657650385761e-01,4.215170838827986266e-01,4.243119075313896427e-01,4.268731953157924308e-01,4.292150736582504011e-01,4.313518645087866532e-01,4.332976843091856933e-01,4.350661802118701016e-01,4.366703782340421447e-01,4.381226268617676722e-01,4.394346299742489803e-01,4.406175781171885464e-01,4.416824151635688755e-01,4.426403403807134262e-01,4.435038145418500055e-01,4.442888880179237665e-01,4.450220343614167406e-01,4.457718155328728171e-01,4.466861248796439310e-01,4.457718155328719845e-01,4.450220343614165741e-01,4.442888880179236000e-01,4.435038145418497835e-01,4.426403403807121495e-01,4.416824151635685425e-01,4.406175781171889905e-01,4.394346299742497575e-01,4.381226268617681163e-01,4.366703782340415896e-01,4.350661802118692689e-01,4.332976843091850827e-01,4.313518645087862646e-01,4.292150736582497905e-01,4.268731953157919867e-01,4.243119075313894761e-01,4.215170838827979050e-01,4.184753657650397973e-01,4.151749488031991064e-01,4.116066348518863660e-01,4.077652079579388023e-01,4.036511952593984098e-01,3.992730677718915877e-01,3.946499149472618706e-01,3.898145819581443905e-01,3.848171790176583285e-01,3.797287465721487787e-01,3.746446817610979418e-01,3.696873047372713494e-01,3.650066962389187930e-01,3.607787345194750084e-01,3.571992083075442026e-01,3.544731228913651222e-01,3.527989751429905785e-01,3.523488787499112762e-01,3.532468054187880013e-01,3.555484620172212895e-01,3.592268859240272949e-01,3.641672480697188963e-01,3.701725488452840551e-01,3.769793788935580925e-01,3.842805852765029395e-01,3.917503740593047401e-01,3.990674590740136973e-01,4.059330960903578811e-01,4.120825957529921646e-01,4.172905373965754006e-01,4.213710058128543601e-01,4.241746533242894968e-01,4.255843796753782105e-01,4.255111327587801640e-01,4.238909504679088114e-01,4.206840042554814141e-01,4.158761127857520945e-01,4.094829607611383815e-01,4.015570430919300771e-01,3.921971026752115730e-01,3.815594842322289071e-01,3.698703427061713622e-01,3.574370112483929440e-01,3.446561006277748529e-01,3.320152123917823883e-01
8.060606060606061440e-01,3.022972812216205285e-01,3.056759253283438671e-01,3.102776231208691504e-01,3.156863913728466531e-01,3.215096430328127641e-01,3.273963060423273341e-01,3.330479553235524137e-01,3.382241233753429110e-01,3.427433026458710508e-01,3.464811478429009606e-01,3.493671504842595366e-01,3.513807018141618665e-01,3.525470656063138808e-01,3.529334033129262194e-01,3.526446670755489232e-01,3.518189330813955573e-01,3.506216240762511371e-01,3.492381040001099612e-01,3.478643486680134678e-01,3.466958009021963161e-01,3.459150468962209346e-01,3.456794774450719920e-01,3.461104536453874503e-01,3.472855255633571780e-01,3.492348841630202316e-01,3.519425272791443793e-01,3.553517815528245971e-01,3.593740889436095043e-01,3.638995362678169032e-01,3.688075562652485817e-01,3.739765046062422105e-01,3.792912796240899831e-01,3.846486449870639701e-01,3.899603232873205538e-01,3.951541948476658406e-01,4.001740593209214270e-01,4.049784290994813962e-01,4.095387652787509380e-01,4.138374769666094966e-01,4.178659103257244545e-01,4.216224705961291730e-01,4.251109550794957004e-01,4.283391283853445475e-01,4.313175407473314182e-01,4.340585723614821534e-01,4.365756779056195747e-01,4.388828026207328148e-01,4.409939422176562540e-01,4.429228217409315604e-01,4.446826722874838711e-01,4.462860885378715503e-01,4.477449542255441672e-01,4.490704271702337658e-01,4.502729811058637788e-01,4.513625100217381614e-01,4.523485162742398313e-01,4.532404370702073915e-01,4.540482467253654786e-01,4.547837143915500757e-01,4.554635816277288196e-01,4.561205474656887526e-01,4.568856547189191208e-01,4.572959173895642659e-01,4.568856547189168449e-01,4.561205474656858105e-01,4.554635816277295968e-01,4.547837143915510749e-01,4.540482467253639243e-01,4.532404370702091678e-01,4.523485162742397203e-01,4.513625100217372177e-01,4.502729811058649445e-01,4.490704271702337658e-01,4.477449542255433901e-01,4.462860885378716058e-01,4.446826722874847038e-01,4.429228217409315604e-01,4.409939422176559209e-01,4.388828026207325372e-01,4.365756779056196302e-01,4.340585723614815428e-01,4.313175407473313627e-01,4.283391283853454912e-01,4.251109550794963110e-01,4.216224705961295061e-01,4.178659103257257867e-01,4.138374769666088304e-01,4.095387652787508825e-01,4.049784290994805080e-01,4.001740593209223151e-01,3.951541948476651744e-01,3.899603232873210534e-01,3.846486449870655244e-01,3.792912796240932582e-01,3.739765046062428766e-01,3.688075562652511907e-01,3.638995362678165146e-01,3.593740889436093378e-01,3.553517815528241530e-01,3.519425272791447679e-01,3.492348841630193435e-01,3.472855255633596760e-01,3.461104536453869507e-01,3.456794774450715479e-01,3.459150468962245983e-01,3.466958009021916531e-01,3.478643486680106922e-01,3.492381040001095172e-01,3.506216240762430880e-01,3.518189330813915050e-01,3.526446670755564727e-01,3.529334033129195580e-01,3.525470656063113273e-01,3.513807018141612004e-01,3.493671504842619235e-01,3.464811478428998504e-01,3.427433026458673315e-01,3.382241233753319198e-01,3.330479553235627943e-01,3.273963060423210059e-01,3.215096430328034383e-01,3.156863913728406579e-01,3.102776231208731472e-01,3.056759253283432565e-01,3.022972812216185301e-01
8.098484848484848175e-01,3.187300017978909050e-01,3.154343405008432910e-01,3.136520364440046338e-01,3.131542294804142701e-01,3.136895476462749355e-01,3.150045558348981700e-01,3.168605669970626648e-01,3.190462944650517274e-01,3.213863761819625853e-01,3.237461767157712722e-01,3.260334430072086565e-01,3.281974020226333111e-01,3.302258042348391043e-01,3.321402988435694925e-01,3.339904283510762850e-01,3.358464891163158716e-01,3.377915377607922376e-01,3.399129235941694138e-01,3.422938626723686650e-01,3.450056883936129526e-01,3.481014591465967367e-01,3.516115310919177284e-01,3.555415016695898656e-01,3.598726269747188899e-01,3.645644795527787640e-01,3.695593222268742095e-01,3.747874940411968225e-01,3.801730665293581168e-01,3.856391210697834304e-01,3.911121784866384843e-01,3.965255254074875335e-01,4.018213795174016556e-01,4.069519865197636088e-01,4.118798338907739276e-01,4.165772046027124698e-01,4.210252909210109307e-01,4.252130596797732420e-01,4.291360198999197850e-01,4.327950013254336370e-01,4.361950145612725205e-01,4.393442328847956269e-01,4.422531130968633262e-01,4.449336572833637038e-01,4.473988077679506570e-01,4.496619624014781547e-01,4.517365953148846924e-01,4.536359682545590410e-01,4.553729187850995563e-01,4.569597134096969326e-01,4.584079556931401900e-01,4.597285416760376608e-01,4.609316573817666129e-01,4.620268164988286519e-01,4.630229413979434772e-01,4.639284998146873118e-01,4.647517284166982621e-01,4.655010185143900747e-01,4.661856572714064284e-01,4.668174974031484847e-01,4.674157244873615724e-01,4.680278606121040519e-01,4.688370527020219170e-01,4.688057335443250317e-01,4.688370527020212508e-01,4.680278606121035523e-01,4.674157244873616834e-01,4.668174974031485958e-01,4.661856572714072056e-01,4.655010185143912960e-01,4.647517284166979845e-01,4.639284998146882000e-01,4.630229413979433106e-01,4.620268164988289850e-01,4.609316573817662244e-01,4.597285416760387156e-01,4.584079556931394128e-01,4.569597134096980429e-01,4.553729187850990567e-01,4.536359682545600402e-01,4.517365953148838598e-01,4.496619624014766559e-01,4.473988077679519892e-01,4.449336572833640924e-01,4.422531130968636592e-01,4.393442328847947387e-01,4.361950145612741303e-01,4.327950013254340256e-01,4.291360198999190079e-01,4.252130596797732420e-01,4.210252909210100425e-01,4.165772046027136355e-01,4.118798338907760925e-01,4.069519865197638309e-01,4.018213795174013225e-01,3.965255254074914193e-01,3.911121784866366524e-01,3.856391210697814320e-01,3.801730665293607259e-01,3.747874940411974887e-01,3.695593222268740985e-01,3.645644795527807069e-01,3.598726269747185569e-01,3.555415016695936958e-01,3.516115310919194492e-01,3.481014591465932395e-01,3.450056883936132301e-01,3.422938626723682209e-01,3.399129235941684146e-01,3.377915377607955683e-01,3.358464891163162602e-01,3.339904283510753413e-01,3.321402988435693260e-01,3.302258042348358291e-01,3.281974020226308686e-01,3.260334430072088785e-01,3.237461767157735482e-01,3.213863761819609199e-01,3.190462944650531707e-01,3.168605669970618877e-01,3.150045558348982810e-01,3.136895476462737142e-01,3.131542294804149362e-01,3.136520364440034681e-01,3.154343405008412926e-01,3.187300017978907385e-01
8.136363636363637131e-01,3.554850038088733233e-01,3.486748932001381140e-01,3.432455456305693597e-01,3.391316260822369033e-01,3.362251151272327432e-01,3.343911288007455629e-01,3.334828502471371414e-01,3.333544245133219230e-01,3.338711464131163820e-01,3.349166684497801305e-01,3.363972489665583154e-01,3.382432771730179422e-01,3.404084429961867775e-01,3.428669935181425377e-01,3.456095593270626098e-01,3.486380605174020375e-01,3.519602181735023150e-01,3.555841960601695551e-01,3.595138650553231785e-01,3.637451064105916010e-01,3.682634447160630931e-01,3.730431368653064350e-01,3.780476625670765034e-01,3.832313962073918279e-01,3.885421188342099152e-01,3.939239717869338908e-01,3.993204633213658372e-01,4.046772045987827027e-01,4.099441499104302666e-01,4.150772238546409643e-01,4.200393152133152230e-01,4.248006909205614967e-01,4.293389293206762991e-01,4.336384918235575148e-01,4.376900517949823821e-01,4.414896860400467360e-01,4.450380139979724370e-01,4.483393477573641706e-01,4.514008955116367572e-01,4.542320438787997294e-01,4.568437312389154181e-01,4.592479147844519827e-01,4.614571278117849396e-01,4.634841202189984299e-01,4.653415735179990409e-01,4.670418812994264202e-01,4.685969865118612687e-01,4.700182677783373841e-01,4.713164680631166115e-01,4.725016602541604049e-01,4.735832457285332198e-01,4.745699840027099992e-01,4.754700547517818898e-01,4.762911591304776482e-01,4.770406785105392733e-01,4.777259333796929908e-01,4.783546463890512301e-01,4.789358908620889865e-01,4.794824405731362149e-01,4.800186224799288803e-01,4.806320138106811024e-01,4.810464099163023755e-01,4.810379650796967055e-01,4.810464099163014318e-01,4.806320138106806028e-01,4.800186224799283252e-01,4.794824405731359374e-01,4.789358908620880428e-01,4.783546463890493983e-01,4.777259333796935459e-01,4.770406785105411607e-01,4.762911591304784253e-01,4.754700547517821119e-01,4.745699840027087224e-01,4.735832457285342745e-01,4.725016602541609045e-01,4.713164680631171666e-01,4.700182677783374396e-01,4.685969865118622124e-01,4.670418812994259761e-01,4.653415735179999291e-01,4.634841202189985965e-01,4.614571278117848840e-01,4.592479147844513165e-01,4.568437312389152516e-01,4.542320438787984527e-01,4.514008955116380339e-01,4.483393477573637265e-01,4.450380139979721039e-01,4.414896860400459033e-01,4.376900517949822711e-01,4.336384918235551278e-01,4.293389293206762991e-01,4.248006909205615522e-01,4.200393152133135577e-01,4.150772238546394100e-01,4.099441499104294340e-01,4.046772045987860333e-01,3.993204633213650045e-01,3.939239717869332802e-01,3.885421188342088605e-01,3.832313962073909397e-01,3.780476625670765034e-01,3.730431368653057689e-01,3.682634447160588742e-01,3.637451064105923226e-01,3.595138650553218462e-01,3.555841960601697216e-01,3.519602181735024815e-01,3.486380605174035363e-01,3.456095593270624433e-01,3.428669935181408168e-01,3.404084429961860558e-01,3.382432771730188859e-01,3.363972489665615351e-01,3.349166684497855151e-01,3.338711464131204898e-01,3.333544245133240325e-01,3.334828502471366418e-01,3.343911288007421767e-01,3.362251151272328542e-01,3.391316260822375694e-01,3.432455456305691377e-01,3.486748932001379475e-01,3.554850038088747666e-01
8.174242424242423866e-01,3.967055924082758533e-01,3.886064185080597699e-01,3.815847022328410776e-01,3.756912731899647029e-01,3.709280514404183493e-01,3.672584548918970127e-01,3.646185162133231961e-01,3.629275516375045640e-01,3.620975739272218608e-01,3.620408240091646523e-01,3.626751572127405177e-01,3.639272705476276348e-01,3.657339542476087391e-01,3.680416985558780940e-01,3.708050778056258268e-01,3.739843758930112561e-01,3.775429150363584507e-01,3.814445069206840455e-01,3.856513664230806770e-01,3.901227208504921551e-01,3.948142243691594166e-01,3.996781643004808093e-01,4.046643404042844505e-01,4.097214243434849079e-01,4.147985719022834750e-01,4.198470648117763604e-01,4.248217945947291296e-01,4.296824555727832839e-01,4.343943750168383078e-01,4.389289643491465220e-01,4.432638191302703534e-01,4.473825242668444946e-01,4.512742349027376032e-01,4.549331054741849734e-01,4.583576330434520063e-01,4.615499698725679667e-01,4.645152472368974661e-01,4.672609398319757523e-01,4.697962890793692114e-01,4.721317947831062400e-01,4.742787780279302257e-01,4.762490137383459388e-01,4.780544285689367623e-01,4.797068583585857859e-01,4.812178588610616647e-01,4.825985635330407031e-01,4.838595825738258860e-01,4.850109380207210941e-01,4.860620304591592999e-01,4.870216338597795902e-01,4.878979163838566557e-01,4.886984870803735559e-01,4.894304720105030482e-01,4.901006302035099682e-01,4.907155341877996735e-01,4.912818731641920844e-01,4.918070251975815155e-01,4.923003231765260557e-01,4.927765713589399854e-01,4.932705998253268942e-01,4.940183724380560193e-01,4.939662704916736868e-01,4.939630998238156434e-01,4.939662704916734093e-01,4.940183724380557417e-01,4.932705998253250068e-01,4.927765713589390417e-01,4.923003231765247234e-01,4.918070251975819596e-01,4.912818731641916403e-01,4.907155341878005061e-01,4.901006302035112450e-01,4.894304720105034368e-01,4.886984870803731118e-01,4.878979163838567112e-01,4.870216338597792016e-01,4.860620304591608543e-01,4.850109380207232590e-01,4.838595825738249423e-01,4.825985635330394818e-01,4.812178588610613872e-01,4.797068583585852863e-01,4.780544285689394823e-01,4.762490137383457722e-01,4.742787780279304477e-01,4.721317947831057960e-01,4.697962890793710988e-01,4.672609398319749752e-01,4.645152472368959118e-01,4.615499698725678557e-01,4.583576330434530610e-01,4.549331054741834190e-01,4.512742349027392130e-01,4.473825242668447166e-01,4.432638191302691877e-01,4.389289643491443571e-01,4.343943750168376416e-01,4.296824555727843387e-01,4.248217945947274088e-01,4.198470648117773596e-01,4.147985719022814766e-01,4.097214243434827430e-01,4.046643404042841174e-01,3.996781643004838069e-01,3.948142243691578068e-01,3.901227208504927657e-01,3.856513664230802330e-01,3.814445069206877648e-01,3.775429150363599495e-01,3.739843758930107565e-01,3.708050778056256602e-01,3.680416985558777609e-01,3.657339542476122363e-01,3.639272705476247483e-01,3.626751572127418499e-01,3.620408240091652075e-01,3.620975739272234151e-01,3.629275516375028432e-01,3.646185162133210866e-01,3.672584548918981229e-01,3.709280514404235118e-01,3.756912731899630375e-01,3.815847022328402449e-01,3.886064185080621569e-01,3.967055924082722451e-01
8.212121212121212821e-01,4.350325448214625301e-01,4.270362155674173876e-01,4.197581247201045418e-01,4.133272107760935232e-01,4.078243271246093649e-01,4.032878523379834768e-01,3.997209657110958325e-01,3.970996201003583748e-01,3.953803526720707784e-01,3.945072348873394641e-01,3.944175824706392386e-01,3.950461750930909233e-01,3.963280125878221316e-01,3.981997790803052384e-01,4.006002927519661250e-01,4.034702735609225210e-01,4.067517645918820035e-01,4.103875041160353621e-01,4.143204761014434578e-01,4.184937801400322455e-01,4.228508717956810936e-01,4.273361445487914856e-01,4.318957651154935462e-01,4.364786405686552073e-01,4.410373886913337982e-01,4.455291979988140194e-01,4.499164935183474490e-01,4.541673604413599130e-01,4.582557128297255478e-01,4.621612234714009282e-01,4.658690510790825523e-01,4.693694119047163160e-01,4.726570457006543657e-01,4.757306228387598313e-01,4.785921325445373631e-01,4.812462836156441437e-01,4.836999402075366494e-01,4.859616072966185807e-01,4.880409738185567670e-01,4.899485164084097510e-01,4.916951630747938284e-01,4.932920138130641452e-01,4.947501138309799429e-01,4.960802744491479843e-01,4.972929366070470425e-01,4.983980720705274425e-01,4.994051177823055077e-01,5.003229392788306473e-01,5.011598197421611722e-01,5.019234721759631146e-01,5.026210736232628040e-01,5.032593227481260145e-01,5.038445264774155108e-01,5.043827300577794492e-01,5.048799237783028193e-01,5.053424059468104579e-01,5.057775133668097611e-01,5.061953884424713612e-01,5.066146377714008109e-01,5.070950027032057328e-01,5.074988459237609328e-01,5.074796762846096598e-01,5.074772309702388906e-01,5.074796762846101039e-01,5.074988459237608218e-01,5.070950027032061769e-01,5.066146377714003668e-01,5.061953884424714722e-01,5.057775133668106493e-01,5.053424059468109020e-01,5.048799237783012650e-01,5.043827300577776729e-01,5.038445264774150667e-01,5.032593227481269027e-01,5.026210736232620269e-01,5.019234721759626705e-01,5.011598197421620604e-01,5.003229392788285379e-01,4.994051177823062293e-01,4.983980720705261103e-01,4.972929366070472090e-01,4.960802744491465965e-01,4.947501138309809976e-01,4.932920138130630905e-01,4.916951630747927182e-01,4.899485164084089739e-01,4.880409738185556012e-01,4.859616072966207456e-01,4.836999402075373711e-01,4.812462836156435331e-01,4.785921325445379737e-01,4.757306228387600533e-01,4.726570457006533665e-01,4.693694119047157054e-01,4.658690510790831629e-01,4.621612234714027045e-01,4.582557128297267690e-01,4.541673604413601906e-01,4.499164935183475600e-01,4.455291979988132423e-01,4.410373886913353525e-01,4.364786405686556514e-01,4.318957651154953781e-01,4.273361445487950938e-01,4.228508717956842577e-01,4.184937801400356872e-01,4.143204761014440130e-01,4.103875041160357506e-01,4.067517645918820590e-01,4.034702735609231872e-01,4.006002927519667356e-01,3.981997790803107340e-01,3.963280125878199667e-01,3.950461750930912008e-01,3.944175824706446787e-01,3.945072348873389645e-01,3.953803526720713335e-01,3.970996201003632042e-01,3.997209657110971648e-01,4.032878523379843649e-01,4.078243271246110302e-01,4.133272107760980196e-01,4.197581247201049859e-01,4.270362155674147231e-01,4.350325448214659163e-01
8.249999999999999556e-01,4.675463030939364106e-01,4.605257765623171906e-01,4.538600133750452237e-01,4.477282749641313120e-01,4.422665757831918398e-01,4.375692307056018304e-01,4.336926227501678999e-01,4.306604352872219765e-01,4.284695813548005106e-01,4.270961547460486174e-01,4.265008854695911400e-01,4.266337537021105408e-01,4.274376624952056503e-01,4.288511446091815560e-01,4.308102526966784418e-01,4.332498286307873148e-01,4.361043681720914167e-01,4.393086787900588597e-01,4.427984829720039150e-01,4.465110605431092394e-01,4.503859640855827351e-01,4.543657917342474595e-01,4.583969679444448442e-01,4.624304675364369621e-01,4.664224198265115584e-01,4.703345436426218940e-01,4.741343849320618919e-01,4.777953511110925033e-01,4.812965560780981811e-01,4.846225043692554690e-01,4.877626513775918382e-01,4.907108792666245445e-01,4.934649263673319131e-01,4.960258029484969078e-01,4.983972197502708479e-01,5.005850487648069169e-01,5.025968292827381889e-01,5.044413267022945790e-01,5.061281472330360076e-01,5.076674084221348693e-01,5.090694632584402690e-01,5.103446742730811669e-01,5.115032333438301881e-01,5.125550226324082637e-01,5.135095120891879361e-01,5.143756891482494931e-01,5.151620165628295611e-01,5.158764148039068909e-01,5.165262661293777979e-01,5.171184384711066118e-01,5.176593289651015839e-01,5.181549298495138345e-01,5.186109248789958492e-01,5.190328355329666410e-01,5.194262617256939496e-01,5.197973278662552099e-01,5.201536484589380782e-01,5.205069227080599825e-01,5.208829659181027916e-01,5.214538906171597432e-01,5.214717854911461448e-01,5.214558950568041196e-01,5.214523987742596400e-01,5.214558950568040085e-01,5.214717854911452566e-01,5.214538906171591881e-01,5.208829659181035687e-01,5.205069227080603156e-01,5.201536484589380782e-01,5.197973278662544327e-01,5.194262617256949488e-01,5.190328355329671961e-01,5.186109248789944060e-01,5.181549298495158329e-01,5.176593289651028051e-01,5.171184384711078330e-01,5.165262661293787971e-01,5.158764148039080011e-01,5.151620165628296721e-01,5.143756891482493820e-01,5.135095120891880471e-01,5.125550226324102621e-01,5.115032333438295220e-01,5.103446742730818331e-01,5.090694632584391588e-01,5.076674084221346472e-01,5.061281472330356745e-01,5.044413267022944680e-01,5.025968292827390771e-01,5.005850487648048075e-01,4.983972197502697377e-01,4.960258029484959086e-01,4.934649263673323016e-01,4.907108792666239894e-01,4.877626513775966122e-01,4.846225043692534706e-01,4.812965560780993468e-01,4.777953511110957230e-01,4.741343849320607817e-01,4.703345436426225046e-01,4.664224198265117249e-01,4.624304675364410144e-01,4.583969679444479528e-01,4.543657917342499020e-01,4.503859640855813473e-01,4.465110605431065749e-01,4.427984829720051363e-01,4.393086787900585821e-01,4.361043681720909726e-01,4.332498286307895907e-01,4.308102526966811063e-01,4.288511446091801682e-01,4.274376624952100356e-01,4.266337537021141491e-01,4.265008854695891416e-01,4.270961547460492835e-01,4.284695813547981236e-01,4.306604352872221986e-01,4.336926227501721742e-01,4.375692307056055497e-01,4.422665757831902855e-01,4.477282749641289805e-01,4.538600133750421151e-01,4.605257765623168020e-01,4.675463030939411846e-01
8.287878787878788511e-01,4.934488373074016887e-01,4.879611148247449126e-01,4.824874027667533927e-01,4.772361242969118122e-01,4.723798340985957411e-01,4.680533543944089270e-01,4.643543841978075570e-01,4.613460713316955841e-01,4.590609277282494682e-01,4.575054634134745335e-01,4.566649936014425260e-01,4.565082076582506199e-01,4.569912362148046969e-01,4.580610940331975578e-01,4.596585215732467145e-01,4.617202742418520800e-01,4.641809861222853661e-01,4.669747227840806980e-01,4.700363185404106137e-01,4.733025603738384990e-01,4.767132456137250229e-01,4.802121116433465398e-01,4.837476180654056712e-01,4.872735559403666983e-01,4.907494631773694493e-01,4.941408364420232235e-01,4.974191440913656170e-01,5.005616581754424033e-01,5.035511340443818984e-01,5.063753723893378300e-01,5.090267005304931480e-01,5.115014081060486051e-01,5.137991680639873993e-01,5.159224681417986513e-01,5.178760718298228705e-01,5.196665218984187762e-01,5.213016944013219023e-01,5.227904068774458235e-01,5.241420813017964031e-01,5.253664600980106902e-01,5.264733720657129856e-01,5.274725442194311276e-01,5.283734551148898673e-01,5.291852251180531042e-01,5.299165391567737249e-01,5.305755977323799444e-01,5.311700923487374659e-01,5.317072020711587355e-01,5.321936087409915306e-01,5.326355296135595330e-01,5.330387682029135155e-01,5.334087876546232954e-01,5.337508177755945216e-01,5.340700213875888558e-01,5.343717806281877980e-01,5.346622609061963960e-01,5.349497371926884570e-01,5.352486461853516175e-01,5.356002812060992602e-01,5.359688207001978011e-01,5.359168495493599194e-01,5.358979864378309310e-01,5.358926754370152423e-01,5.358979864378301539e-01,5.359168495493612516e-01,5.359688207001976901e-01,5.356002812061008145e-01,5.352486461853523947e-01,5.349497371926894562e-01,5.346622609061972842e-01,5.343717806281883531e-01,5.340700213875899660e-01,5.337508177755952987e-01,5.334087876546230733e-01,5.330387682029122942e-01,5.326355296135589779e-01,5.321936087409918636e-01,5.317072020711577363e-01,5.311700923487387982e-01,5.305755977323802774e-01,5.299165391567727257e-01,5.291852251180515498e-01,5.283734551148895342e-01,5.274725442194316827e-01,5.264733720657128746e-01,5.253664600980114674e-01,5.241420813017984015e-01,5.227904068774452684e-01,5.213016944013231235e-01,5.196665218984187762e-01,5.178760718298234256e-01,5.159224681417986513e-01,5.137991680639867331e-01,5.115014081060463846e-01,5.090267005304917047e-01,5.063753723893386072e-01,5.035511340443830086e-01,5.005616581754430694e-01,4.974191440913644513e-01,4.941408364420247779e-01,4.907494631773671179e-01,4.872735559403666428e-01,4.837476180654066704e-01,4.802121116433518133e-01,4.767132456137232466e-01,4.733025603738386655e-01,4.700363185404102251e-01,4.669747227840813086e-01,4.641809861222882527e-01,4.617202742418528572e-01,4.596585215732476581e-01,4.580610940332000558e-01,4.569912362148036977e-01,4.565082076582515636e-01,4.566649936014413047e-01,4.575054634134739229e-01,4.590609277282514111e-01,4.613460713316999695e-01,4.643543841978053366e-01,4.680533543944066510e-01,4.723798340986007371e-01,4.772361242969115347e-01,4.824874027667559462e-01,4.879611148247463004e-01,4.934488373074050749e-01
8.325757575757576356e-01,5.127215586515943002e-01,5.091168283032508901e-01,5.052243037242128976e-01,5.012645772878916439e-01,4.974313192229105618e-01,4.938866357077142943e-01,4.907588908423535234e-01,4.881427502268085861e-01,4.861010170037599609e-01,4.846677383929642313e-01,4.838520584068514707e-01,4.836423603450688558e-01,4.840103519618969563e-01,4.849148698865898832e-01,4.863052819259780502e-01,4.881244597647865779e-01,4.903113506624870999e-01,4.928031794784986652e-01,4.955373348866281003e-01,4.984529730639695733e-01,5.014923582098645971e-01,5.046019467763293020e-01,5.077332159940227685e-01,5.108432379462742867e-01,5.138950066520910909e-01,5.168575348187504082e-01,5.197057464141302541e-01,5.224201988373616823e-01,5.249866729701795354e-01,5.273956704183965227e-01,5.296418551659038965e-01,5.317234724559605219e-01,5.336417719308892416e-01,5.354004557886243854e-01,5.370051666539632507e-01,5.384630244839706537e-01,5.397822173786178679e-01,5.409716477153488912e-01,5.420406325108924062e-01,5.429986552010102052e-01,5.438551649575585900e-01,5.446194190725835993e-01,5.453003636964113277e-01,5.459065482196245878e-01,5.464460687728390775e-01,5.469265366542557238e-01,5.473550679870070601e-01,5.477382915984164713e-01,5.480823730988899634e-01,5.483930546229877079e-01,5.486757121144703042e-01,5.489354363737966036e-01,5.491771527299145195e-01,5.494058135153205846e-01,5.496267466761227682e-01,5.498463908473059103e-01,5.500741987540339606e-01,5.503295038408088091e-01,5.507011831899969456e-01,5.507802595127472278e-01,5.507305536843177807e-01,5.507065557478709739e-01,5.506991407396174543e-01,5.507065557478725282e-01,5.507305536843177807e-01,5.507802595127475609e-01,5.507011831899971677e-01,5.503295038408070328e-01,5.500741987540310740e-01,5.498463908473060213e-01,5.496267466761238785e-01,5.494058135153222500e-01,5.491771527299127431e-01,5.489354363737968256e-01,5.486757121144701932e-01,5.483930546229893732e-01,5.480823730988888531e-01,5.477382915984162493e-01,5.473550679870080593e-01,5.469265366542572782e-01,5.464460687728385224e-01,5.459065482196253649e-01,5.453003636964118828e-01,5.446194190725832662e-01,5.438551649575588121e-01,5.429986552010107603e-01,5.420406325108917400e-01,5.409716477153474479e-01,5.397822173786167577e-01,5.384630244839719859e-01,5.370051666539625845e-01,5.354004557886246074e-01,5.336417719308882424e-01,5.317234724559597447e-01,5.296418551659016760e-01,5.273956704183948574e-01,5.249866729701815338e-01,5.224201988373605721e-01,5.197057464141296990e-01,5.168575348187522955e-01,5.138950066520925342e-01,5.108432379462748418e-01,5.077332159940219913e-01,5.046019467763268596e-01,5.014923582098639310e-01,4.984529730639699618e-01,4.955373348866278782e-01,4.928031794784984432e-01,4.903113506624867668e-01,4.881244597647856343e-01,4.863052819259779946e-01,4.849148698865929363e-01,4.840103519618968453e-01,4.836423603450695219e-01,4.838520584068554675e-01,4.846677383929660632e-01,4.861010170037621814e-01,4.881427502268110286e-01,4.907588908423544671e-01,4.938866357077170699e-01,4.974313192229085634e-01,5.012645772878945305e-01,5.052243037242100110e-01,5.091168283032502240e-01,5.127215586515890822e-01
8.363636363636364202e-01,5.257396120396897743e-01,5.242098997692414830e-01,5.221404276669093791e-01,5.197501611615972239e-01,5.172407894144621654e-01,5.147899768154894362e-01,5.125468351564052005e-01,5.106296512631290918e-01,5.091256646988254753e-01,5.080925220388089469e-01,5.075609523601567474e-01,5.075382067396887464e-01,5.080118620008430286e-01,5.089536788110750054e-01,5.103233011528565122e-01,5.120716716094473320e-01,5.141440918186930276e-01,5.164829142667776152e-01,5.190298596865738912e-01,5.217279630105875476e-01,5.245231592900546636e-01,5.273655185595683692e-01,5.302101429630433627e-01,5.330177458584638428e-01,5.357549407016571896e-01,5.383942755643772449e-01,5.409140554895851549e-01,5.432979983927662682e-01,5.455347704766034811e-01,5.476174443882561027e-01,5.495429183094062697e-01,5.513113277215424546e-01,5.529254746086986749e-01,5.543902920700770620e-01,5.557123562191756960e-01,5.568994521266467101e-01,5.579601965150888798e-01,5.589037168929575916e-01,5.597393846958678143e-01,5.604765986236274200e-01,5.611246135537182322e-01,5.616924100292315369e-01,5.621885992439715762e-01,5.626213585962079877e-01,5.629983932040772965e-01,5.633269192488947752e-01,5.636136656469576955e-01,5.638648913946662233e-01,5.640864171024717599e-01,5.642836709839452736e-01,5.644617524603904313e-01,5.646255218934663755e-01,5.647797360833597402e-01,5.649292753252777022e-01,5.650795786667959231e-01,5.652376346484970782e-01,5.654148619121712738e-01,5.656402437160796826e-01,5.659578271893361823e-01,5.658490882997926352e-01,5.657940406460516547e-01,5.657643016685484083e-01,5.657547606128834339e-01,5.657643016685485193e-01,5.657940406460520988e-01,5.658490882997967431e-01,5.659578271893364043e-01,5.656402437160804597e-01,5.654148619121691643e-01,5.652376346484957459e-01,5.650795786667971443e-01,5.649292753252785904e-01,5.647797360833590741e-01,5.646255218934658204e-01,5.644617524603896541e-01,5.642836709839439413e-01,5.640864171024703166e-01,5.638648913946663344e-01,5.636136656469563633e-01,5.633269192488958854e-01,5.629983932040765193e-01,5.626213585962077657e-01,5.621885992439734636e-01,5.616924100292317590e-01,5.611246135537184543e-01,5.604765986236263098e-01,5.597393846958695907e-01,5.589037168929572585e-01,5.579601965150892129e-01,5.568994521266471542e-01,5.557123562191758070e-01,5.543902920700795045e-01,5.529254746086994521e-01,5.513113277215428987e-01,5.495429183094057146e-01,5.476174443882542153e-01,5.455347704766004835e-01,5.432979983927666012e-01,5.409140554895872643e-01,5.383942755643778000e-01,5.357549407016561904e-01,5.330177458584640648e-01,5.302101429630431406e-01,5.273655185595668149e-01,5.245231592900524431e-01,5.217279630105884358e-01,5.190298596865725589e-01,5.164829142667792805e-01,5.141440918186946929e-01,5.120716716094496634e-01,5.103233011528582885e-01,5.089536788110773369e-01,5.080118620008448049e-01,5.075382067396888575e-01,5.075609523601551931e-01,5.080925220388096131e-01,5.091256646988223666e-01,5.106296512631334217e-01,5.125468351564078651e-01,5.147899768154868827e-01,5.172407894144578355e-01,5.197501611615991113e-01,5.221404276669107114e-01,5.242098997692392626e-01,5.257396120396891082e-01
8.401515151515152047e-01,5.330948471129690613e-01,5.337132687550761867e-01,5.335948464645923206e-01,5.329462013511498952e-01,5.319662568558226612e-01,5.308380746819691964e-01,5.297224748098110503e-01,5.287537414290739424e-01,5.280374529333854428e-01,5.276502489352798975e-01,5.276411923934984927e-01,5.280343108659401041e-01,5.288318988278936095e-01,5.300182118911282991e-01,5.315632588400716063e-01,5.334264771511498804e-01,5.355601478409828253e-01,5.379124610211027946e-01,5.404301750874157539e-01,5.430608531273589668e-01,5.457546626791486277e-01,5.484657485518255049e-01,5.511532005234589526e-01,5.537816491165241661e-01,5.563215333134581275e-01,5.587490917417298197e-01,5.610461329625248128e-01,5.631996408047273972e-01,5.652012675352954263e-01,5.670467618267843735e-01,5.687353709648501621e-01,5.702692485256888322e-01,5.716528906811065847e-01,5.728926169588695050e-01,5.739961050508963769e-01,5.749719842590989005e-01,5.758294883736115866e-01,5.765781660637181449e-01,5.772276450500757328e-01,5.777874452288876972e-01,5.782668353607476330e-01,5.786747277735277972e-01,5.790196056495108268e-01,5.793094777938921913e-01,5.795518562679330410e-01,5.797537528969414211e-01,5.799216914440634696e-01,5.800617332366252432e-01,5.801795153875602962e-01,5.802803027970991900e-01,5.803690585892934406e-01,5.804505443157976785e-01,5.805294758117595100e-01,5.806107967426927807e-01,5.807002368847228313e-01,5.808056996212621614e-01,5.809419322832023447e-01,5.811619836745576251e-01,5.812362867899406593e-01,5.811349924443490744e-01,5.810727329477786141e-01,5.810374042937112016e-01,5.810258741985795394e-01,5.810374042937096473e-01,5.810727329477790581e-01,5.811349924443491854e-01,5.812362867899392160e-01,5.811619836745585133e-01,5.809419322832036769e-01,5.808056996212623835e-01,5.807002368847224982e-01,5.806107967426947791e-01,5.805294758117623966e-01,5.804505443158010092e-01,5.803690585892955500e-01,5.802803027971018546e-01,5.801795153875604072e-01,5.800617332366257983e-01,5.799216914440639137e-01,5.797537528969418652e-01,5.795518562679345953e-01,5.793094777938911921e-01,5.790196056495114929e-01,5.786747277735266870e-01,5.782668353607485212e-01,5.777874452288886964e-01,5.772276450500741785e-01,5.765781660637187001e-01,5.758294883736108094e-01,5.749719842590984564e-01,5.739961050508980422e-01,5.728926169588698381e-01,5.716528906811076949e-01,5.702692485256883881e-01,5.687353709648498290e-01,5.670467618267847065e-01,5.652012675352956483e-01,5.631996408047279523e-01,5.610461329625265892e-01,5.587490917417291536e-01,5.563215333134589047e-01,5.537816491165239441e-01,5.511532005234599518e-01,5.484657485518249498e-01,5.457546626791488498e-01,5.430608531273602990e-01,5.404301750874163091e-01,5.379124610211017954e-01,5.355601478409844907e-01,5.334264771511507686e-01,5.315632588400736047e-01,5.300182118911280771e-01,5.288318988278926103e-01,5.280343108659413254e-01,5.276411923934998249e-01,5.276502489352808967e-01,5.280374529333859979e-01,5.287537414290754967e-01,5.297224748098101621e-01,5.308380746819695295e-01,5.319662568558214399e-01,5.329462013511483409e-01,5.335948464645932088e-01,5.337132687550760757e-01,5.330948471129685062e-01
8.439393939393939892e-01,5.354773630340502466e-01,5.382115215116392015e-01,5.400679155136987042e-01,5.412332751967561251e-01,5.418954813390544079e-01,5.422346532425020849e-01,5.424154448937994477e-01,5.425810884690033253e-01,5.428494699224076792e-01,5.433112625024200115e-01,5.440299276604519951e-01,5.450432475854485315e-01,5.463659861815864938e-01,5.479932743445483645e-01,5.499043596118265986e-01,5.520664269824057113e-01,5.544382688641943391e-01,5.569736467940593627e-01,5.596242416528759422e-01,5.623421326315146684e-01,5.650817778414681802e-01,5.678015044263183819e-01,5.704645309171805234e-01,5.730395689694260941e-01,5.755010627860784878e-01,5.778291322623313464e-01,5.800092880875046264e-01,5.820319843995398479e-01,5.838920682287319641e-01,5.855881761972075994e-01,5.871221190487523334e-01,5.884982846650755883e-01,5.897230810832680969e-01,5.908044331555568629e-01,5.917513401013199115e-01,5.925734962971145325e-01,5.932809740992648351e-01,5.938839650895763045e-01,5.943925746490473783e-01,5.948166639802520139e-01,5.951657334290427759e-01,5.954488410511784569e-01,5.956745507183527355e-01,5.958509045841646756e-01,5.959854153889950767e-01,5.960850748582995351e-01,5.961563753641461183e-01,5.962053431541858295e-01,5.962375829949951855e-01,5.962583364527415108e-01,5.962725602276526260e-01,5.962850394093581752e-01,5.963005698998867787e-01,5.963242953681314740e-01,5.963624447265040152e-01,5.964243664190270744e-01,5.965308763426914185e-01,5.968013088386144860e-01,5.966121154295855877e-01,5.965071223029754233e-01,5.964377432967626902e-01,5.963974242838140372e-01,5.963841506532849834e-01,5.963974242838155915e-01,5.964377432967632453e-01,5.965071223029768666e-01,5.966121154295832563e-01,5.968013088386142639e-01,5.965308763426924177e-01,5.964243664190257421e-01,5.963624447265029049e-01,5.963242953681314740e-01,5.963005698998873338e-01,5.962850394093583972e-01,5.962725602276538472e-01,5.962583364527437313e-01,5.962375829949962958e-01,5.962053431541900483e-01,5.961563753641457852e-01,5.960850748583003123e-01,5.959854153889948547e-01,5.958509045841640095e-01,5.956745507183505151e-01,5.954488410511789009e-01,5.951657334290431089e-01,5.948166639802521249e-01,5.943925746490467121e-01,5.938839650895771927e-01,5.932809740992642800e-01,5.925734962971153097e-01,5.917513401013204666e-01,5.908044331555551976e-01,5.897230810832654324e-01,5.884982846650773647e-01,5.871221190487552199e-01,5.855881761972071553e-01,5.838920682287321862e-01,5.820319843995395148e-01,5.800092880875021839e-01,5.778291322623293480e-01,5.755010627860783767e-01,5.730395689694282035e-01,5.704645309171817447e-01,5.678015044263204913e-01,5.650817778414668480e-01,5.623421326315147795e-01,5.596242416528772745e-01,5.569736467940581415e-01,5.544382688641910084e-01,5.520664269824047121e-01,5.499043596118303734e-01,5.479932743445519172e-01,5.463659861815866048e-01,5.450432475854456449e-01,5.440299276604479983e-01,5.433112625024212328e-01,5.428494699224107878e-01,5.425810884690038804e-01,5.424154448938022233e-01,5.422346532425020849e-01,5.418954813390536307e-01,5.412332751967594557e-01,5.400679155136989262e-01,5.382115215116438645e-01,5.354773630340495805e-01
8.477272727272727737e-01,5.335437374101046348e-01,5.382826965746848602e-01,5.420563233921891211e-01,5.450269573792828615e-01,5.473657743086727256e-01,5.492437094573054956e-01,5.508229298190917556e-01,5.522495880861694184e-01,5.536483790982160702e-01,5.551191530626424786e-01,5.567355769115682751e-01,5.585456224447773455e-01,5.605735226438627317e-01,5.628227781663490692e-01,5.652798003079415601e-01,5.679178229887498208e-01,5.707007836064953432e-01,5.735869453332619328e-01,5.765321024906983061e-01,5.794922719728047289e-01,5.824258262242045792e-01,5.852950664151055360e-01,5.880672689809882669e-01,5.907152643788531332e-01,5.932176214323824359e-01,5.955585192562586894e-01,5.977273880101864334e-01,5.997183938162800043e-01,6.015298332782128554e-01,6.031634910989224219e-01,6.046240019012542044e-01,6.059182456950275020e-01,6.070547962504840855e-01,6.080434332884968596e-01,6.088947229401793226e-01,6.096196662209802941e-01,6.102294120558459101e-01,6.107350293919818762e-01,6.111473318607397731e-01,6.114767480513627618e-01,6.117332305333975651e-01,6.119261971567113712e-01,6.120644987555108330e-01,6.121564081126409373e-01,6.122096258618147102e-01,6.122312999129794209e-01,6.122280560167723262e-01,6.122060383463582278e-01,6.121709607167631351e-01,6.121281718407165506e-01,6.120827431540506458e-01,6.120395986152381562e-01,6.120037321996337765e-01,6.119806329265899958e-01,6.119772922912731783e-01,6.120053657304389549e-01,6.120987068662538944e-01,6.121468521526767237e-01,6.119853860496793363e-01,6.118750523122670204e-01,6.117996452823889486e-01,6.117552606856472286e-01,6.117405776997181244e-01,6.117552606856462294e-01,6.117996452823871723e-01,6.118750523122663543e-01,6.119853860496794473e-01,6.121468521526791662e-01,6.120987068662558928e-01,6.120053657304385109e-01,6.119772922912739554e-01,6.119806329265936595e-01,6.120037321996347757e-01,6.120395986152350476e-01,6.120827431540495356e-01,6.121281718407182160e-01,6.121709607167630240e-01,6.122060383463592270e-01,6.122280560167724373e-01,6.122312999129787547e-01,6.122096258618129339e-01,6.121564081126416035e-01,6.120644987555100558e-01,6.119261971567102609e-01,6.117332305333991194e-01,6.114767480513629838e-01,6.111473318607422156e-01,6.107350293919809880e-01,6.102294120558466872e-01,6.096196662209814043e-01,6.088947229401788785e-01,6.080434332884996351e-01,6.070547962504850847e-01,6.059182456950263918e-01,6.046240019012537603e-01,6.031634910989199794e-01,6.015298332782107460e-01,5.997183938162822248e-01,5.977273880101878767e-01,5.955585192562571351e-01,5.932176214323832131e-01,5.907152643788532442e-01,5.880672689809893772e-01,5.852950664151040927e-01,5.824258262242040241e-01,5.794922719728038407e-01,5.765321024906988612e-01,5.735869453332628209e-01,5.707007836064971196e-01,5.679178229887491547e-01,5.652798003079424483e-01,5.628227781663517337e-01,5.605735226438630647e-01,5.585456224447796769e-01,5.567355769115719388e-01,5.551191530626422566e-01,5.536483790982170694e-01,5.522495880861677531e-01,5.508229298190927548e-01,5.492437094573089373e-01,5.473657743086697280e-01,5.450269573792797528e-01,5.420563233921895652e-01,5.382826965746835279e-01,5.335437374101033026e-01
8.515151515151515582e-01,5.280110031814617688e-01,5.345798191186134085e-01,5.401429526382761637e-01,5.448367668621107995e-01,5.488127931482434940e-01,5.522289376974972575e-01,5.552405400435289629e-01,5.579921619099924568e-01,5.606108462350773980e-01,5.632013390622117033e-01,5.658434733684635232e-01,5.685916374701122100e-01,5.714760382117085591e-01,5.745053416858403317e-01,5.776702288215603831e-01,5.809474218156022163e-01,5.843037971184685819e-01,5.877002809885155665e-01,5.910953095517594846e-01,5.944477174372106987e-01,5.977189919312222433e-01,6.008748901058116321e-01,6.038864628662007350e-01,6.067305618400363754e-01,6.093899230128462241e-01,6.118529269713247620e-01,6.141131317850172522e-01,6.161686640952620531e-01,6.180215396511056225e-01,6.196769688680120458e-01,6.211426878298139664e-01,6.224283417111933225e-01,6.235449364796911143e-01,6.245043660980512668e-01,6.253190161402830682e-01,6.260014404367748586e-01,6.265641046872942876e-01,6.270191895415214711e-01,6.273784451034420950e-01,6.276530888888907089e-01,6.278537397389627461e-01,6.279903809085349842e-01,6.280723464019561941e-01,6.281083255515669261e-01,6.281063818006488164e-01,6.280739826698988892e-01,6.280180390156971937e-01,6.279449530757741371e-01,6.278606767680666723e-01,6.277707849962835818e-01,6.276805751017042745e-01,6.275952178395420855e-01,6.275200217610404918e-01,6.274609834782440831e-01,6.274262198934555945e-01,6.274312877600380922e-01,6.275549584505140110e-01,6.273918242501143050e-01,6.272341608882010533e-01,6.271195106935357755e-01,6.270397409431970326e-01,6.269924369778447915e-01,6.269767421523866346e-01,6.269924369778439033e-01,6.270397409431975877e-01,6.271195106935365526e-01,6.272341608882026076e-01,6.273918242501148601e-01,6.275549584505158984e-01,6.274312877600376481e-01,6.274262198934562607e-01,6.274609834782430839e-01,6.275200217610398257e-01,6.275952178395444170e-01,6.276805751017039414e-01,6.277707849962822495e-01,6.278606767680665612e-01,6.279449530757739151e-01,6.280180390156978598e-01,6.280739826698986672e-01,6.281063818006501487e-01,6.281083255515674812e-01,6.280723464019558611e-01,6.279903809085360944e-01,6.278537397389610808e-01,6.276530888888898208e-01,6.273784451034419840e-01,6.270191895415211381e-01,6.265641046872931774e-01,6.260014404367743035e-01,6.253190161402837344e-01,6.245043660980497124e-01,6.235449364796934457e-01,6.224283417111917682e-01,6.211426878298123011e-01,6.196769688680134891e-01,6.180215396511036241e-01,6.161686640952596106e-01,6.141131317850174742e-01,6.118529269713240959e-01,6.093899230128482225e-01,6.067305618400358203e-01,6.038864628662017342e-01,6.008748901058111880e-01,5.977189919312235755e-01,5.944477174372111428e-01,5.910953095517582634e-01,5.877002809885188972e-01,5.843037971184706914e-01,5.809474218156015501e-01,5.776702288215599390e-01,5.745053416858397766e-01,5.714760382117102244e-01,5.685916374701138754e-01,5.658434733684674089e-01,5.632013390622134796e-01,5.606108462350747335e-01,5.579921619099923458e-01,5.552405400435290739e-01,5.522289376975021424e-01,5.488127931482440491e-01,5.448367668621120208e-01,5.401429526382748314e-01,5.345798191186152959e-01,5.280110031814617688e-01
8.553030303030303427e-01,5.195957675786139207e-01,5.277740651481356293e-01,5.349447593339791140e-01,5.412191538381498912e-01,5.467287908199446322e-01,5.516172274484222315e-01,5.560309470515278907e-01,5.601103868952496123e-01,5.639820311055405710e-01,5.677523166197649962e-01,5.715037897560385494e-01,5.752936100865513325e-01,5.791541994406363969e-01,5.830956233088923080e-01,5.871091839552411429e-01,5.911716881443541682e-01,5.952499032768039378e-01,5.993048071710923574e-01,6.032953459038435939e-01,6.071815240724333096e-01,6.109267510972260506e-01,6.144994486324572014e-01,6.178739842477711797e-01,6.210310347228782391e-01,6.239575005953323927e-01,6.266460947534441273e-01,6.290947191626855561e-01,6.313057254715981337e-01,6.332851357109697821e-01,6.350418789472291881e-01,6.365870815344892852e-01,6.379334334640316406e-01,6.390946415396383529e-01,6.400849715519919547e-01,6.409188758446668910e-01,6.416106991110431812e-01,6.421744533887929762e-01,6.426236525440193192e-01,6.429711966665304645e-01,6.432292974300706234e-01,6.434094363894045099e-01,6.435223492417371238e-01,6.435780301811929727e-01,6.435857515738354628e-01,6.435540952675674609e-01,6.434909929578143117e-01,6.434037742454070674e-01,6.432992225435467670e-01,6.431836412400818714e-01,6.430629364720488184e-01,6.429427309545019398e-01,6.428285423192935388e-01,6.427261112678960275e-01,6.426421355181352046e-01,6.425864102271805489e-01,6.425819306175374335e-01,6.426083094517132110e-01,6.423901335525972200e-01,6.422341443817439766e-01,6.421173704141278638e-01,6.420352625389266210e-01,6.419863396091672891e-01,6.419700759996141981e-01,6.419863396091655128e-01,6.420352625389245116e-01,6.421173704141280858e-01,6.422341443817436435e-01,6.423901335525973311e-01,6.426083094517124339e-01,6.425819306175415413e-01,6.425864102271795497e-01,6.426421355181305417e-01,6.427261112678961386e-01,6.428285423192938719e-01,6.429427309545029390e-01,6.430629364720499286e-01,6.431836412400858682e-01,6.432992225435493205e-01,6.434037742454066233e-01,6.434909929578157550e-01,6.435540952675679049e-01,6.435857515738352408e-01,6.435780301811923065e-01,6.435223492417353475e-01,6.434094363894068414e-01,6.432292974300730659e-01,6.429711966665300205e-01,6.426236525440194303e-01,6.421744533887911999e-01,6.416106991110457347e-01,6.409188758446666689e-01,6.400849715519909555e-01,6.390946415396392410e-01,6.379334334640314186e-01,6.365870815344902844e-01,6.350418789472290770e-01,6.332851357109715584e-01,6.313057254715969124e-01,6.290947191626879986e-01,6.266460947534461257e-01,6.239575005953335030e-01,6.210310347228796823e-01,6.178739842477731781e-01,6.144994486324594218e-01,6.109267510972233861e-01,6.071815240724312002e-01,6.032953459038444821e-01,5.993048071710943558e-01,5.952499032768029386e-01,5.911716881443571658e-01,5.871091839552402547e-01,5.830956233088948615e-01,5.791541994406383953e-01,5.752936100865494451e-01,5.715037897560372171e-01,5.677523166197652182e-01,5.639820311055401270e-01,5.601103868952523879e-01,5.560309470515278907e-01,5.516172274484201221e-01,5.467287908199440771e-01,5.412191538381473377e-01,5.349447593339806684e-01,5.277740651481370726e-01,5.195957675786120333e-01
8.590909090909091272e-01,5.089627521686241884e-01,5.185050321447934873e-01,5.270656985071870970e-01,5.347337852890209353e-01,5.416227622108638062e-01,5.478630170805295352e-01,5.535927041696265816e-01,5.589480154598468475e-01,5.640540457409783937e-01,5.690173014318089528e-01,5.739205867327638044e-01,5.788205823800710581e-01,5.837480190876983555e-01,5.887100239513973765e-01,5.936940254897025149e-01,5.986725424456833533e-01,6.036082269240394815e-01,6.084586472010522495e-01,6.131804439216907987e-01,6.177326464019146091e-01,6.220790727582581336e-01,6.261898460968458036e-01,6.300421337410361255e-01,6.336202581144305679e-01,6.369153413028838528e-01,6.399246379960737974e-01,6.426506902951111266e-01,6.451004098760476646e-01,6.472841685674316503e-01,6.492149475157459326e-01,6.509075774463052300e-01,6.523780847733969823e-01,6.536431466742643748e-01,6.547196504460085498e-01,6.556243478114717194e-01,6.563735925158920015e-01,6.569831488458859337e-01,6.574680590367874000e-01,6.578425584875430276e-01,6.581200289748820875e-01,6.583129814519140810e-01,6.584330614101978618e-01,6.584910711147109463e-01,6.584970042680710067e-01,6.584600898416139714e-01,6.583888429862062575e-01,6.582911222315006583e-01,6.581741938558508531e-01,6.580448069142478262e-01,6.579092872469051168e-01,6.577736692261472173e-01,6.576439099395000598e-01,6.575263061978326995e-01,6.574285091245015700e-01,6.573629425845779473e-01,6.573710116253306257e-01,6.572411518594460933e-01,6.570419749553602085e-01,6.568893751721557317e-01,6.567732735592214377e-01,6.566910752176049471e-01,6.566419345105244387e-01,6.566255753549703478e-01,6.566419345105246608e-01,6.566910752176039479e-01,6.567732735592219928e-01,6.568893751721580632e-01,6.570419749553599864e-01,6.572411518594474256e-01,6.573710116253318470e-01,6.573629425845770591e-01,6.574285091245031243e-01,6.575263061978319223e-01,6.576439099395011700e-01,6.577736692261457740e-01,6.579092872469087805e-01,6.580448069142473821e-01,6.581741938558526295e-01,6.582911222315028787e-01,6.583888429862059244e-01,6.584600898416138604e-01,6.584970042680691193e-01,6.584910711147091700e-01,6.584330614101981949e-01,6.583129814519146361e-01,6.581200289748827537e-01,6.578425584875429166e-01,6.574680590367874000e-01,6.569831488458874880e-01,6.563735925158922235e-01,6.556243478114722745e-01,6.547196504460084387e-01,6.536431466742677054e-01,6.523780847733953170e-01,6.509075774463083386e-01,6.492149475157450444e-01,6.472841685674306511e-01,6.451004098760492189e-01,6.426506902951105715e-01,6.399246379960730202e-01,6.369153413028814104e-01,6.336202581144287915e-01,6.300421337410363476e-01,6.261898460968466917e-01,6.220790727582602431e-01,6.177326464019137209e-01,6.131804439216912428e-01,6.084586472010526936e-01,6.036082269240398146e-01,5.986725424456840194e-01,5.936940254897009606e-01,5.887100239514011513e-01,5.837480190876974673e-01,5.788205823800685046e-01,5.739205867327656918e-01,5.690173014318065103e-01,5.640540457409787267e-01,5.589480154598461814e-01,5.535927041696314665e-01,5.478630170805315336e-01,5.416227622108630291e-01,5.347337852890209353e-01,5.270656985071857648e-01,5.185050321447959298e-01,5.089627521686241884e-01
8.628787878787879118e-01,4.967415930017910486e-01,5.073857284084186681e-01,5.170899542542769511e-01,5.259251235803477087e-01,5.339905810585489077e-01,5.414073841239179785e-01,5.483089564942041916e-01,5.548302909718344500e-01,5.610971604340496688e-01,5.672168123224649028e-01,5.732713089895471459e-01,5.793141395284184814e-01,5.853701312635423148e-01,5.914381827640780021e-01,5.974960174777518285e-01,6.035060395018406743e-01,6.094214288054492501e-01,6.151917844494178000e-01,6.207678497132490536e-01,6.261050812979346292e-01,6.311660203565749860e-01,6.359215668576433389e-01,6.403513459127433416e-01,6.444433910265444654e-01,6.481933667215704631e-01,6.516035255503911383e-01,6.546815547551065873e-01,6.574394271690010561e-01,6.598923266507545904e-01,6.620576962748141447e-01,6.639544263666027346e-01,6.656021838995989093e-01,6.670208764830928283e-01,6.682302368525478986e-01,6.692495114324369387e-01,6.700972361304137204e-01,6.707910834260832900e-01,6.713477664344923435e-01,6.717829875453170674e-01,6.721114212078388439e-01,6.723467223035504148e-01,6.725015532531133378e-01,6.725876245242955465e-01,6.726157445614069363e-01,6.725958763971613408e-01,6.725371994288040778e-01,6.724481762127971773e-01,6.723366259908116760e-01,6.722098097309296971e-01,6.720745375058341242e-01,6.719373227851229702e-01,6.718046444796799133e-01,6.716834917065719335e-01,6.715828303201401006e-01,6.715196077453354784e-01,6.715546206657133643e-01,6.712926667411476256e-01,6.711075759643515548e-01,6.709613799954824431e-01,6.708489899634906273e-01,6.707690198912156232e-01,6.707210865732050609e-01,6.707051110744916000e-01,6.707210865732059490e-01,6.707690198912168444e-01,6.708489899634934028e-01,6.709613799954819990e-01,6.711075759643498895e-01,6.712926667411476256e-01,6.715546206657150297e-01,6.715196077453374768e-01,6.715828303201406557e-01,6.716834917065721555e-01,6.718046444796793581e-01,6.719373227851234143e-01,6.720745375058371218e-01,6.722098097309295861e-01,6.723366259908133413e-01,6.724481762127947349e-01,6.725371994288024124e-01,6.725958763971608967e-01,6.726157445614069363e-01,6.725876245242954354e-01,6.725015532531127826e-01,6.723467223035481943e-01,6.721114212078401762e-01,6.717829875453160682e-01,6.713477664344940088e-01,6.707910834260859545e-01,6.700972361304149416e-01,6.692495114324340522e-01,6.682302368525476766e-01,6.670208764830913850e-01,6.656021838995974660e-01,6.639544263666028456e-01,6.620576962748152550e-01,6.598923266507550345e-01,6.574394271690012781e-01,6.546815547551060321e-01,6.516035255503936918e-01,6.481933667215721284e-01,6.444433910265421339e-01,6.403513459127425644e-01,6.359215668576437830e-01,6.311660203565706562e-01,6.261050812979324087e-01,6.207678497132514961e-01,6.151917844494194654e-01,6.094214288054491391e-01,6.035060395018375656e-01,5.974960174777531607e-01,5.914381827640747824e-01,5.853701312635432030e-01,5.793141395284168160e-01,5.732713089895474790e-01,5.672168123224670122e-01,5.610971604340541097e-01,5.548302909718328957e-01,5.483089564942051908e-01,5.414073841239182006e-01,5.339905810585460211e-01,5.259251235803527047e-01,5.170899542542758409e-01,5.073857284084184460e-01,4.967415930017908821e-01
8.666666666666666963e-01,4.836442647799484851e-01,4.951271076635384016e-01,5.057129468012683260e-01,5.154589762270539444e-01,5.244561043788368293e-01,5.328229975346921998e-01,5.406961635313142223e-01,5.482172237810452042e-01,5.555192904635543050e-01,5.627146697458055291e-01,5.698858264282512520e-01,5.770807789405845156e-01,5.843131235477829755e-01,5.915660177155207533e-01,5.987988919115165842e-01,6.059554688859341010e-01,6.129717934114625733e-01,6.197832972738449575e-01,6.263303206520735023e-01,6.325618838555394641e-01,6.384377926298755446e-01,6.439293430933697993e-01,6.490189747177336210e-01,6.536992244486211634e-01,6.579712906007072482e-01,6.618434476128935984e-01,6.653294814409869140e-01,6.684472519795023882e-01,6.712174390663793178e-01,6.736624946034961425e-01,6.758057877599658037e-01,6.776709431937566475e-01,6.792813348315688282e-01,6.806597150498826521e-01,6.818279540612484091e-01,6.828068670782582172e-01,6.836161099585765788e-01,6.842741271826733307e-01,6.847981389841304445e-01,6.852041571017871702e-01,6.855070209084781485e-01,6.857204476046636632e-01,6.858570917925224109e-01,6.859286111354655491e-01,6.859457360523985026e-01,6.859183426282533524e-01,6.858555293667315533e-01,6.857657005002546491e-01,6.856566622691773194e-01,6.855357462959369430e-01,6.854099927593508834e-01,6.852864782521737030e-01,6.851730522885954855e-01,6.850805852765812221e-01,6.850353128242984146e-01,6.849455393788479451e-01,6.847302657122235070e-01,6.845607897771956996e-01,6.844245447503830571e-01,6.843190031986635669e-01,6.842435960778311399e-01,6.841982942669273537e-01,6.841831800965465504e-01,6.841982942669269097e-01,6.842435960778306958e-01,6.843190031986640109e-01,6.844245447503819468e-01,6.845607897771998074e-01,6.847302657122230629e-01,6.849455393788522750e-01,6.850353128242955281e-01,6.850805852765807780e-01,6.851730522885961516e-01,6.852864782521733700e-01,6.854099927593516606e-01,6.855357462959359438e-01,6.856566622691760982e-01,6.857657005002550932e-01,6.858555293667309982e-01,6.859183426282527973e-01,6.859457360523981695e-01,6.859286111354646609e-01,6.858570917925205235e-01,6.857204476046638852e-01,6.855070209084760391e-01,6.852041571017865040e-01,6.847981389841302224e-01,6.842741271826745519e-01,6.836161099585775780e-01,6.828068670782589944e-01,6.818279540612488532e-01,6.806597150498830961e-01,6.792813348315679400e-01,6.776709431937586459e-01,6.758057877599681351e-01,6.736624946034958095e-01,6.712174390663833146e-01,6.684472519795016110e-01,6.653294814409855817e-01,6.618434476128947086e-01,6.579712906007073592e-01,6.536992244486229398e-01,6.490189747177318447e-01,6.439293430933713536e-01,6.384377926298760997e-01,6.325618838555374657e-01,6.263303206520697275e-01,6.197832972738455126e-01,6.129717934114621292e-01,6.059554688859347671e-01,5.987988919115170283e-01,5.915660177155227517e-01,5.843131235477854180e-01,5.770807789405865140e-01,5.698858264282505859e-01,5.627146697458013103e-01,5.555192904635556372e-01,5.482172237810482018e-01,5.406961635313137782e-01,5.328229975346974179e-01,5.244561043788329435e-01,5.154589762270568309e-01,5.057129468012709905e-01,4.951271076635384016e-01,4.836442647799431560e-01
8.704545454545454808e-01,4.705017092572666981e-01,4.825674797704285202e-01,4.937593212838933265e-01,5.041239417546534707e-01,5.137507792741701218e-01,5.227675764232130318e-01,5.313293605225277716e-01,5.396017776799008070e-01,5.477415364339457415e-01,5.558778438206684047e-01,5.640986019912076488e-01,5.724438029499747671e-01,5.809066024322594446e-01,5.894407510460144550e-01,5.979719667297860308e-01,6.064105956985149648e-01,6.146633463881094883e-01,6.226426664317912252e-01,6.302731596878370368e-01,6.374951053126253209e-01,6.442655587579545484e-01,6.505576931696669396e-01,6.563590389987513651e-01,6.616691743097845579e-01,6.664972725350400973e-01,6.708597715841930764e-01,6.747783106934612807e-01,6.782779960558399379e-01,6.813860008369123644e-01,6.841304732445675496e-01,6.865397141309204088e-01,6.886415731420464370e-01,6.904630209460078660e-01,6.920298686000083688e-01,6.933665881513246809e-01,6.944962146803108638e-01,6.954403073882042818e-01,6.962189531491105310e-01,6.968507998495064859e-01,6.973531099561277591e-01,6.977418272309540148e-01,6.980316514741106149e-01,6.982361177433289434e-01,6.983676777936305147e-01,6.984377826354809526e-01,6.984569662981937599e-01,6.984349323916700936e-01,6.983806474470769521e-01,6.983024495793628272e-01,6.982081911361438520e-01,6.981054598305171943e-01,6.980020006350993178e-01,6.979067561259462149e-01,6.978336032551900603e-01,6.978387272921108275e-01,6.976452371490641235e-01,6.974610280007583762e-01,6.973102493470506591e-01,6.971875137470571193e-01,6.970918170580580053e-01,6.970231781130465931e-01,6.969818483813863264e-01,6.969680447211350494e-01,6.969818483813877696e-01,6.970231781130441506e-01,6.970918170580593376e-01,6.971875137470546768e-01,6.973102493470532126e-01,6.974610280007575991e-01,6.976452371490622362e-01,6.978387272921084961e-01,6.978336032551899493e-01,6.979067561259443275e-01,6.980020006350984296e-01,6.981054598305145298e-01,6.982081911361430748e-01,6.983024495793637154e-01,6.983806474470761749e-01,6.984349323916684282e-01,6.984569662981930938e-01,6.984377826354803975e-01,6.983676777936302926e-01,6.982361177433277222e-01,6.980316514741103928e-01,6.977418272309539038e-01,6.973531099561273150e-01,6.968507998495074851e-01,6.962189531491084216e-01,6.954403073882038377e-01,6.944962146803126402e-01,6.933665881513233487e-01,6.920298686000068145e-01,6.904630209460077550e-01,6.886415731420516551e-01,6.865397141309211859e-01,6.841304732445646630e-01,6.813860008369129195e-01,6.782779960558406041e-01,6.747783106934629460e-01,6.708597715841934095e-01,6.664972725350425398e-01,6.616691743097858902e-01,6.563590389987529194e-01,6.505576931696676057e-01,6.442655587579541043e-01,6.374951053126256539e-01,6.302731596878381470e-01,6.226426664317887827e-01,6.146633463881089332e-01,6.064105956985140766e-01,5.979719667297829222e-01,5.894407510460140109e-01,5.809066024322562249e-01,5.724438029499766545e-01,5.640986019912032079e-01,5.558778438206656292e-01,5.477415364339444093e-01,5.396017776799019172e-01,5.313293605225312133e-01,5.227675764232133648e-01,5.137507792741693446e-01,5.041239417546536927e-01,4.937593212838938816e-01,4.825674797704293528e-01,4.705017092572671422e-01
8.742424242424242653e-01,4.584172738501989253e-01,4.708518017391200017e-01,4.823778659452113704e-01,4.930257344040857026e-01,5.028870752433671765e-01,5.121165218103118644e-01,5.209205040430469058e-01,5.295321206634691080e-01,5.381760840760148046e-01,5.470325509792542951e-01,5.562099693027985348e-01,5.657338839159012922e-01,5.755527870642744848e-01,5.855567627675773990e-01,5.956020674521673719e-01,6.055351397368237132e-01,6.152116953481918671e-01,6.245091355338193706e-01,6.333325278603180175e-01,6.416155599025168410e-01,6.493182085635557099e-01,6.564226927345249152e-01,6.629288728900594174e-01,6.688498312392450185e-01,6.742080143206339304e-01,6.790320765849358065e-01,6.833544180179033090e-01,6.872093357197880392e-01,6.906316827138333503e-01,6.936559268388016175e-01,6.963155146749754332e-01,6.986424616405728649e-01,7.006671143358984555e-01,7.024180114677025522e-01,7.039218465683793058e-01,7.052034792013566200e-01,7.062859831149895795e-01,7.071907189432292684e-01,7.079374213186815368e-01,7.085442937596084789e-01,7.090281068402691789e-01,7.094042967297395919e-01,7.096870623846959214e-01,7.098894606632754067e-01,7.100234995466300214e-01,7.101002307197852303e-01,7.101298443258158288e-01,7.101217715051496571e-01,7.100848061444720027e-01,7.100272709796378034e-01,7.099572904128776951e-01,7.098833535498187963e-01,7.098158706767970783e-01,7.097741855089004792e-01,7.097599359645995198e-01,7.095655528102990939e-01,7.094119600813214577e-01,7.092832474799232179e-01,7.091773385500252935e-01,7.090942211369741788e-01,7.090343534469900622e-01,7.089982122788131003e-01,7.089861266815201679e-01,7.089982122788156538e-01,7.090343534469896181e-01,7.090942211369767323e-01,7.091773385500280691e-01,7.092832474799227738e-01,7.094119600813195703e-01,7.095655528102984277e-01,7.097599359646007411e-01,7.097741855088974816e-01,7.098158706767963011e-01,7.098833535498152436e-01,7.099572904128828021e-01,7.100272709796365822e-01,7.100848061444738901e-01,7.101217715051499901e-01,7.101298443258136084e-01,7.101002307197868957e-01,7.100234995466313537e-01,7.098894606632737414e-01,7.096870623846963655e-01,7.094042967297389257e-01,7.090281068402712883e-01,7.085442937596071467e-01,7.079374213186820919e-01,7.071907189432293794e-01,7.062859831149906897e-01,7.052034792013596176e-01,7.039218465683809711e-01,7.024180114677037734e-01,7.006671143358997877e-01,6.986424616405754184e-01,6.963155146749753222e-01,6.936559268388030608e-01,6.906316827138333503e-01,6.872093357197847086e-01,6.833544180179040861e-01,6.790320765849393592e-01,6.742080143206358178e-01,6.688498312392409106e-01,6.629288728900587513e-01,6.564226927345246931e-01,6.493182085635569312e-01,6.416155599025189504e-01,6.333325278603199049e-01,6.245091355338163730e-01,6.152116953481917561e-01,6.055351397368259336e-01,5.956020674521690372e-01,5.855567627675762887e-01,5.755527870642789257e-01,5.657338839159016253e-01,5.562099693027974245e-01,5.470325509792544061e-01,5.381760840760138054e-01,5.295321206634728828e-01,5.209205040430420208e-01,5.121165218103091998e-01,5.028870752433691749e-01,4.930257344040859246e-01,4.823778659452116480e-01,4.708518017391161714e-01,4.584172738501975930e-01
8.780303030303030498e-01,4.497114976115400009e-01,4.625292233287963128e-01,4.742732715206169902e-01,4.848961832107989700e-01,4.944449753382421653e-01,5.030998936231668717e-01,5.111906739123635024e-01,5.191643443813909187e-01,5.274955724729815110e-01,5.365665656205661493e-01,5.465704051304842714e-01,5.574810235745649711e-01,5.690928677701057037e-01,5.810991519544513872e-01,5.931711202257633486e-01,6.050149446951519350e-01,6.164006285572555255e-01,6.271684257825831388e-01,6.372217506382772401e-01,6.465143482570144817e-01,6.550367423818712620e-01,6.628044595844994058e-01,6.698488472755207424e-01,6.762104076124106911e-01,6.819342070615047602e-01,6.870668511570191539e-01,6.916545731644933026e-01,6.957420836885670479e-01,6.993719239674044408e-01,7.025841437138432566e-01,7.054161826725543483e-01,7.079028762878050163e-01,7.100765337908832020e-01,7.119670582018030602e-01,7.136020895130051889e-01,7.150071356931534394e-01,7.162057311114298219e-01,7.172195747788631115e-01,7.180686650012940708e-01,7.187714267171352311e-01,7.193448311259977856e-01,7.198045079182313621e-01,7.201648508335666277e-01,7.204391176807726227e-01,7.206395264857810012e-01,7.207773503227252743e-01,7.208630150506741829e-01,7.209062076151531162e-01,7.209160103034812916e-01,7.209010957063460845e-01,7.208700731409035667e-01,7.208322766046515451e-01,7.208002795908750038e-01,7.208062144872235955e-01,7.207409926578393078e-01,7.205964402326165974e-01,7.204746441405045498e-01,7.203705533712909670e-01,7.202839170765910071e-01,7.202154007869414620e-01,7.201657927975053664e-01,7.201357475029346311e-01,7.201256845207539836e-01,7.201357475029370736e-01,7.201657927975069207e-01,7.202154007869433494e-01,7.202839170765936716e-01,7.203705533712889686e-01,7.204746441405071034e-01,7.205964402326147100e-01,7.207409926578385306e-01,7.208062144872261490e-01,7.208002795908766691e-01,7.208322766046504348e-01,7.208700731409033446e-01,7.209010957063461955e-01,7.209160103034832900e-01,7.209062076151536713e-01,7.208630150506738499e-01,7.207773503227281608e-01,7.206395264857845540e-01,7.204391176807743991e-01,7.201648508335654064e-01,7.198045079182274764e-01,7.193448311260002281e-01,7.187714267171360083e-01,7.180686650012916283e-01,7.172195747788663311e-01,7.162057311114282676e-01,7.150071356931528843e-01,7.136020895130077424e-01,7.119670582018060578e-01,7.100765337908812036e-01,7.079028762878047942e-01,7.054161826725554585e-01,7.025841437138454770e-01,6.993719239674012211e-01,6.957420836885735982e-01,6.916545731644966333e-01,6.870668511570181547e-01,6.819342070615015405e-01,6.762104076124086927e-01,6.698488472755215195e-01,6.628044595844959641e-01,6.550367423818703738e-01,6.465143482570150368e-01,6.372217506382772401e-01,6.271684257825821396e-01,6.164006285572551924e-01,6.050149446951503807e-01,5.931711202257605731e-01,5.810991519544504991e-01,5.690928677701071470e-01,5.574810235745659703e-01,5.465704051304853817e-01,5.365665656205662604e-01,5.274955724729804007e-01,5.191643443813898084e-01,5.111906739123692756e-01,5.030998936231678709e-01,4.944449753382437751e-01,4.848961832107973047e-01,4.742732715206154359e-01,4.625292233287948696e-01,4.497114976115434981e-01
8.818181818181818343e-01,4.505958354199933180e-01,4.653373158938270970e-01,4.790018521008825858e-01,4.912688970995223725e-01,5.017155001995913244e-01,5.098101733927487000e-01,5.150673968953891624e-01,5.177158017481598984e-01,5.198477179408900195e-01,5.250574057885417645e-01,5.353844114540872168e-01,5.498193828787081294e-01,5.661120308794170830e-01,5.824857141582810982e-01,5.979834241217454327e-01,6.122240049275359253e-01,6.251310572674501076e-01,6.367632207256815891e-01,6.472272822068907416e-01,6.566388173763485492e-01,6.651065060181129418e-01,6.727272455273671792e-01,6.795857799662585741e-01,6.857559688638621420e-01,6.913024575836247410e-01,6.962822626364318923e-01,7.007461155095163763e-01,7.047395449826875380e-01,7.083037278903290268e-01,7.114761513378580204e-01,7.142911278063924785e-01,7.167801981502279762e-01,7.189724502668228823e-01,7.208947746601260809e-01,7.225720718027069944e-01,7.240274363457833706e-01,7.252822895230388589e-01,7.263565111678066399e-01,7.272685573823447491e-01,7.280355594235569106e-01,7.286734159987030557e-01,7.291968789266985995e-01,7.296196339435661038e-01,7.299543784963993254e-01,7.302128987397334958e-01,7.304061489035458266e-01,7.305443383032521609e-01,7.306370358940018628e-01,7.306933131860237074e-01,7.307219750700573169e-01,7.307320169883692040e-01,7.307337980652703902e-01,7.307435606181480470e-01,7.308498722899658961e-01,7.307132157162302688e-01,7.306115487039590572e-01,7.305221224974159933e-01,7.304439853959110440e-01,7.303779768831467623e-01,7.303252236469367498e-01,7.302867506175348966e-01,7.302633421238362565e-01,7.302554845119847426e-01,7.302633421238375888e-01,7.302867506175327872e-01,7.303252236469363057e-01,7.303779768831485386e-01,7.304439853959123763e-01,7.305221224974168814e-01,7.306115487039600565e-01,7.307132157162284924e-01,7.308498722899677835e-01,7.307435606181480470e-01,7.307337980652692799e-01,7.307320169883650962e-01,7.307219750700569838e-01,7.306933131860228192e-01,7.306370358940005305e-01,7.305443383032516058e-01,7.304061489035449384e-01,7.302128987397309423e-01,7.299543784963985482e-01,7.296196339435656597e-01,7.291968789266980444e-01,7.286734159987036108e-01,7.280355594235522476e-01,7.272685573823431948e-01,7.263565111678060848e-01,7.252822895230395250e-01,7.240274363457855911e-01,7.225720718027075495e-01,7.208947746601264139e-01,7.189724502668282113e-01,7.167801981502248676e-01,7.142911278063970304e-01,7.114761513378515811e-01,7.083037278903314693e-01,7.047395449826887592e-01,7.007461155095174865e-01,6.962822626364356671e-01,6.913024575836246299e-01,6.857559688638693585e-01,6.795857799662636811e-01,6.727272455273650698e-01,6.651065060181147182e-01,6.566388173763483271e-01,6.472272822068924070e-01,6.367632207256876953e-01,6.251310572674495525e-01,6.122240049275431417e-01,5.979834241217391044e-01,5.824857141582864273e-01,5.661120308794200806e-01,5.498193828787115711e-01,5.353844114540842192e-01,5.250574057885402102e-01,5.198477179408866888e-01,5.177158017481636731e-01,5.150673968953863868e-01,5.098101733927620227e-01,5.017155001995995400e-01,4.912688970995220394e-01,4.790018521008825858e-01,4.653373158938323151e-01,4.505958354199897098e-01
8.856060606060607299e-01,4.023050542255552919e-01,3.668952084456818530e-01,3.558152462477078282e-01,3.765828759941535764e-01,4.064859820925602607e-01,4.345128249390091679e-01,4.586784270200352509e-01,4.792706229609501878e-01,4.967666608933662964e-01,5.113850846100908010e-01,5.229447334605954456e-01,5.306009056855198747e-01,5.319764978298240354e-01,5.196501342077886054e-01,4.587751257419779849e-01,1.299625052105707057e-01,7.513965326308059689e-01,7.094770480163894444e-01,6.966253811721992983e-01,6.934145777139048006e-01,6.940261110513751275e-01,6.963426613393707276e-01,6.994344130310160557e-01,7.028401525937091332e-01,7.063126905390024746e-01,7.097134669694322717e-01,7.129635599971201332e-01,7.160187907654876893e-01,7.188561465561269515e-01,7.214659386280927178e-01,7.238470524382683013e-01,7.260039549098618039e-01,7.279447457147819600e-01,7.296798534614030718e-01,7.312211440193090439e-01,7.325812998944176702e-01,7.337733841697665627e-01,7.348105449400191835e-01,7.357057655726924050e-01,7.364717347782919754e-01,7.371207353158274467e-01,7.376645734590812076e-01,7.381145368186078359e-01,7.384813747277532148e-01,7.387752983158650810e-01,7.390060001393196076e-01,7.391826971886666930e-01,7.393142084533619318e-01,7.394090949615986785e-01,7.394759355279723056e-01,7.395239618410766047e-01,7.395649506226760206e-01,7.396227443442361382e-01,7.397068271054826338e-01,7.396365717108058790e-01,7.395737186895892101e-01,7.395154987202864350e-01,7.394629106852107503e-01,7.394174370885215897e-01,7.393804881442311849e-01,7.393532319065075908e-01,7.393365285747524052e-01,7.393309021942821024e-01,7.393365285747519611e-01,7.393532319065053704e-01,7.393804881442345156e-01,7.394174370885223668e-01,7.394629106852118605e-01,7.395154987202851027e-01,7.395737186895906534e-01,7.396365717108077664e-01,7.397068271054867417e-01,7.396227443442354721e-01,7.395649506226756875e-01,7.395239618410794913e-01,7.394759355279707513e-01,7.394090949616023423e-01,7.393142084533615987e-01,7.391826971886678033e-01,7.390060001393204958e-01,7.387752983158659692e-01,7.384813747277535478e-01,7.381145368186060596e-01,7.376645734590828729e-01,7.371207353158288900e-01,7.364717347782921975e-01,7.357057655726931822e-01,7.348105449400254008e-01,7.337733841697673398e-01,7.325812998944233323e-01,7.312211440193103762e-01,7.296798534614022946e-01,7.279447457147861789e-01,7.260039549098604716e-01,7.238470524382649707e-01,7.214659386280944942e-01,7.188561465561289499e-01,7.160187907654890216e-01,7.129635599971203552e-01,7.097134669694373788e-01,7.063126905389994770e-01,7.028401525937056915e-01,6.994344130310096164e-01,6.963426613393659537e-01,6.940261110513652465e-01,6.934145777138972511e-01,6.966253811722495914e-01,7.094770480164493964e-01,7.513965326307477932e-01,1.299625052109429357e-01,4.587751257420033535e-01,5.196501342078034824e-01,5.319764978298281433e-01,5.306009056855230943e-01,5.229447334605960007e-01,5.113850846100910230e-01,4.967666608933707373e-01,4.792706229609502988e-01,4.586784270200325864e-01,4.345128249390154407e-01,4.064859820925531553e-01,3.765828759941496906e-01,3.558152462477062183e-01,3.668952084456763019e-01,4.023050542255170448e-01
8.893939393939394034e-01,3.234554726511039147e-01,3.489512167993776837e-01,3.732445921783735243e-01,3.957249503510386623e-01,4.164245280640848645e-01,4.355040559718067472e-01,4.531073323932243158e-01,4.693272278778313766e-01,4.842009920195365913e-01,4.977090221922353952e-01,5.097676206912193919e-01,5.202090918642748862e-01,5.287385308878717050e-01,5.348437264635432786e-01,5.375993484936012479e-01,5.352007115683987681e-01,5.236908322748063949e-01,4.927470431779999438e-01,4.079318588585708061e-01,1.926806140896827890e-01,7.303127994584268645e-01,7.809744634196902346e-01,7.591842496960077291e-01,7.459267826415127978e-01,7.389305839139156395e-01,7.354541835705694641e-01,7.339833034758219688e-01,7.336834819353705850e-01,7.340731075699632457e-01,7.348617380285861200e-01,7.358681546479903801e-01,7.369766231639067744e-01,7.381123036315272445e-01,7.392267654006817734e-01,7.402890996924192946e-01,7.412802710481766200e-01,7.421894165688774914e-01,7.430113555260232650e-01,7.437448936954738077e-01,7.443916090900351001e-01,7.449549996379143391e-01,7.454398859026902802e-01,7.458519663659651799e-01,7.461975010741100922e-01,7.464830890447997636e-01,7.467155210430062029e-01,7.469017005423344013e-01,7.470486402874833010e-01,7.471635704016733603e-01,7.472542707213203350e-01,7.473300142824385039e-01,7.474049500392800915e-01,7.475251999147697335e-01,7.475996825183124361e-01,7.475717741454003251e-01,7.475414823807585707e-01,7.475103711543379381e-01,7.474803668834987258e-01,7.474532560324630426e-01,7.474305571482481314e-01,7.474134738720128457e-01,7.474028746240897192e-01,7.473992832081000071e-01,7.474028746240916066e-01,7.474134738720102922e-01,7.474305571482493527e-01,7.474532560324637087e-01,7.474803668834998360e-01,7.475103711543401586e-01,7.475414823807566833e-01,7.475717741453997700e-01,7.475996825183119920e-01,7.475251999147687343e-01,7.474049500392798695e-01,7.473300142824397252e-01,7.472542707213204460e-01,7.471635704016718060e-01,7.470486402874821907e-01,7.469017005423357336e-01,7.467155210430098666e-01,7.464830890447995415e-01,7.461975010741088710e-01,7.458519663659733956e-01,7.454398859026878377e-01,7.449549996379148942e-01,7.443916090900363214e-01,7.437448936954706991e-01,7.430113555260229319e-01,7.421894165688791567e-01,7.412802710481708468e-01,7.402890996924178513e-01,7.392267654006854372e-01,7.381123036315243580e-01,7.369766231639071075e-01,7.358681546479954871e-01,7.348617380285989986e-01,7.340731075699585828e-01,7.336834819353775794e-01,7.339833034758139751e-01,7.354541835705696862e-01,7.389305839139164167e-01,7.459267826414980318e-01,7.591842496960098385e-01,7.809744634196517099e-01,7.303127994582478966e-01,1.926806140896624164e-01,4.079318588585485461e-01,4.927470431780091031e-01,5.236908322748193845e-01,5.352007115684104255e-01,5.375993484936125721e-01,5.348437264635428345e-01,5.287385308878721490e-01,5.202090918642736650e-01,5.097676206912162833e-01,4.977090221922351176e-01,4.842009920195377570e-01,4.693272278778358730e-01,4.531073323932198749e-01,4.355040559718072468e-01,4.164245280640850866e-01,3.957249503510403832e-01,3.732445921783747456e-01,3.489512167993761849e-01,3.234554726511068012e-01
8.931818181818182989e-01,3.302582862205873937e-01,3.508286839444870742e-01,3.704885057579895835e-01,3.892466840670552597e-01,4.071272880232674196e-01,4.241474809974044025e-01,4.403108384978927647e-01,4.556057963657874077e-01,4.700051744016092714e-01,4.834650002690162318e-01,4.959215740568150288e-01,5.072856871432773751e-01,5.174323294452790600e-01,5.261828872371009380e-01,5.332740476846746791e-01,5.383015939969845176e-01,5.406133183037846734e-01,5.390901876880860311e-01,5.316574631068330392e-01,5.140641517207145128e-01,4.764173741135779849e-01,3.927236866244417368e-01,2.309203940619363182e-01,5.490499722693191753e-01,7.917669216549162448e-01,7.924038454715022217e-01,7.780077091869377348e-01,7.674542421385555091e-01,7.606511628771627231e-01,7.563854388876950496e-01,7.537682535670362505e-01,7.522244219482988603e-01,7.513838580289785574e-01,7.510045064374815116e-01,7.509250395886118978e-01,7.510362183906131861e-01,7.512632549884390443e-01,7.515546756100398573e-01,7.518751016416637123e-01,7.522004538635668203e-01,7.525147209841158702e-01,7.528076525945947006e-01,7.530732112635447617e-01,7.533084356304498019e-01,7.535126330311860965e-01,7.536868101258976660e-01,7.538332916780314807e-01,7.539555135545907838e-01,7.540580307876699750e-01,7.541469220782521798e-01,7.542313167696439447e-01,7.543303156913709895e-01,7.545596821811689781e-01,7.545726495137978773e-01,7.545713793698032301e-01,7.545633078611968525e-01,7.545513808445892812e-01,7.545377862319880835e-01,7.545242934574866167e-01,7.545123285451889039e-01,7.545029950675765651e-01,7.544970801789103731e-01,7.544950560789579486e-01,7.544970801789102621e-01,7.545029950675754549e-01,7.545123285451886819e-01,7.545242934574852844e-01,7.545377862319861961e-01,7.545513808445875048e-01,7.545633078611954092e-01,7.545713793698015648e-01,7.545726495137979883e-01,7.545596821811680899e-01,7.543303156913713226e-01,7.542313167696429455e-01,7.541469220782529570e-01,7.540580307876684207e-01,7.539555135545918940e-01,7.538332916780295934e-01,7.536868101258991093e-01,7.535126330311834320e-01,7.533084356304486917e-01,7.530732112635474262e-01,7.528076525945952557e-01,7.525147209841165363e-01,7.522004538635642668e-01,7.518751016416646005e-01,7.515546756100385251e-01,7.512632549884427080e-01,7.510362183906115208e-01,7.509250395886102325e-01,7.510045064374891721e-01,7.513838580289680102e-01,7.522244219482969729e-01,7.537682535670404693e-01,7.563854388876911639e-01,7.606511628771509548e-01,7.674542421385529556e-01,7.780077091869459505e-01,7.924038454714966706e-01,7.917669216549301225e-01,5.490499722696523532e-01,2.309203940619261874e-01,3.927236866244311342e-01,4.764173741135803719e-01,5.140641517207262812e-01,5.316574631068333723e-01,5.390901876880875854e-01,5.406133183037818979e-01,5.383015939969878483e-01,5.332740476846743460e-01,5.261828872371019372e-01,5.174323294452777278e-01,5.072856871432782633e-01,4.959215740568145292e-01,4.834650002690113468e-01,4.700051744016061073e-01,4.556057963657827448e-01,4.403108384978970946e-01,4.241474809974041249e-01,4.071272880232677527e-01,3.892466840670540384e-01,3.704885057579880847e-01,3.508286839444855199e-01,3.302582862205855063e-01
8.969696969696969724e-01,3.245128959194145124e-01,3.427598137198417105e-01,3.605207042172935417e-01,3.777703682533394280e-01,3.944842512345285712e-01,4.106349553635490479e-01,4.261909123531233967e-01,4.411158320718003290e-01,4.553682313637456569e-01,4.689006377936835723e-01,4.816581549497496728e-01,4.935760467108826210e-01,5.045758611175338304e-01,5.145593352237339824e-01,5.233988031884597714e-01,5.309218589025199719e-01,5.368861439647121259e-01,5.409363129286173244e-01,5.425270215951609742e-01,5.407769607564988368e-01,5.341724683426372078e-01,5.199150338980443875e-01,4.923538437240749244e-01,4.390251361459553969e-01,3.341857481700764576e-01,2.277409889838030166e-01,6.006257673250346985e-01,7.943375944033965741e-01,8.050563620013985178e-01,7.941894643777139828e-01,7.839845321521630161e-01,7.764908431078850759e-01,7.712352314873126558e-01,7.675876548075029060e-01,7.650650628587267743e-01,7.633279985108201160e-01,7.621412614185900658e-01,7.613411041950882696e-01,7.608124542988686789e-01,7.604737146220482691e-01,7.602666374277722294e-01,7.601495315869689628e-01,7.600925873226064278e-01,7.600746436615304358e-01,7.600809532110155420e-01,7.601015896185753240e-01,7.601303566428875280e-01,7.601641057540476920e-01,7.602024919705071548e-01,7.602484762877067537e-01,7.603110744498294826e-01,7.604225534754576188e-01,7.606563391671176122e-01,7.606749444974626462e-01,7.606792685357192108e-01,7.606770188609577321e-01,7.606711412500813951e-01,7.606634954030160323e-01,7.606554662300879510e-01,7.606481300298589820e-01,7.606423076227895042e-01,7.606385815162908237e-01,7.606373007049617163e-01,7.606385815162908237e-01,7.606423076227878388e-01,7.606481300298573167e-01,7.606554662300888392e-01,7.606634954030183637e-01,7.606711412500841707e-01,7.606770188609576211e-01,7.606792685357193218e-01,7.606749444974655328e-01,7.606563391671177232e-01,7.604225534754570637e-01,7.603110744498280393e-01,7.602484762877085300e-01,7.602024919705044903e-01,7.601641057540499125e-01,7.601303566428866398e-01,7.601015896185741028e-01,7.600809532110186506e-01,7.600746436615303248e-01,7.600925873226066498e-01,7.601495315869679636e-01,7.602666374277698980e-01,7.604737146220426069e-01,7.608124542988740080e-01,7.613411041950899349e-01,7.621412614185921752e-01,7.633279985108224475e-01,7.650650628587222224e-01,7.675876548075051264e-01,7.712352314873130998e-01,7.764908431078930695e-01,7.839845321521676791e-01,7.941894643777159812e-01,8.050563620014108412e-01,7.943375944033920222e-01,6.006257673252081153e-01,2.277409889838237222e-01,3.341857481700507004e-01,4.390251361459523993e-01,4.923538437240623233e-01,5.199150338980520480e-01,5.341724683426348763e-01,5.407769607564987258e-01,5.425270215951615294e-01,5.409363129286158811e-01,5.368861439647086842e-01,5.309218589025165302e-01,5.233988031884618808e-01,5.145593352237336493e-01,5.045758611175353847e-01,4.935760467108865068e-01,4.816581549497516157e-01,4.689006377936866810e-01,4.553682313637463230e-01,4.411158320717986081e-01,4.261909123531230081e-01,4.106349553635483818e-01,3.944842512345276830e-01,3.777703682533428697e-01,3.605207042172951515e-01,3.427598137198410999e-01,3.245128959194154561e-01
9.007575757575758679e-01,3.148619339263641903e-01,3.318349650762615344e-01,3.485299930950184755e-01,3.649067557973303955e-01,3.809253626111238078e-01,3.965452253977263530e-01,4.117245737428817387e-01,4.264201886868655977e-01,4.405871333449947747e-01,4.541783257910762539e-01,4.671438209650375373e-01,4.794296572539074597e-01,4.909760810525660712e-01,5.017148802408688546e-01,5.115654135664300384e-01,5.204286747260497004e-01,5.281782949946122185e-01,5.346466036322063964e-01,5.396023971578017830e-01,5.427142015227007787e-01,5.434869330839799950e-01,5.411471379323440356e-01,5.344227610740336365e-01,5.210922783102061029e-01,4.969991808887044282e-01,4.538269756787429166e-01,3.751563124269644001e-01,2.525972856018680601e-01,3.330630590838162819e-01,7.045305230394169893e-01,8.056630715116417374e-01,8.106961278332505128e-01,8.017977246466547747e-01,7.928637576791878194e-01,7.858220256861182529e-01,7.805550357027020159e-01,7.766632152140616752e-01,7.737894360859648435e-01,7.716615603438917725e-01,7.700804540810491927e-01,7.689016380673315831e-01,7.680201006286884180e-01,7.673591718680692342e-01,7.668626997548708690e-01,7.664894595487149465e-01,7.662093627963662001e-01,7.660007896482817769e-01,7.658488619706175227e-01,7.657446307939765884e-01,7.656857468328811533e-01,7.656820975977290944e-01,7.658204678590614378e-01,7.659873010404888438e-01,7.659733987195030958e-01,7.659528764597728356e-01,7.659317293589793518e-01,7.659118225737744368e-01,7.658940167030611201e-01,7.658788335955049043e-01,7.658666467122787758e-01,7.658577377125027619e-01,7.658523096164033817e-01,7.658504863305282129e-01,7.658523096164039368e-01,7.658577377125065366e-01,7.658666467122817734e-01,7.658788335955051263e-01,7.658940167030606760e-01,7.659118225737719943e-01,7.659317293589764652e-01,7.659528764597742789e-01,7.659733987195037619e-01,7.659873010404883997e-01,7.658204678590661008e-01,7.656820975977324251e-01,7.656857468328844840e-01,7.657446307939788088e-01,7.658488619706199652e-01,7.660007896482828871e-01,7.662093627963630915e-01,7.664894595487208306e-01,7.668626997548744217e-01,7.673591718680722318e-01,7.680201006286950793e-01,7.689016380673302509e-01,7.700804540810487486e-01,7.716615603438947701e-01,7.737894360859608467e-01,7.766632152140602319e-01,7.805550357027065678e-01,7.858220256861241371e-01,7.928637576791894848e-01,8.017977246466486685e-01,8.106961278332507348e-01,8.056630715116318564e-01,7.045305230392947538e-01,3.330630590837831972e-01,2.525972856018395274e-01,3.751563124269418070e-01,4.538269756787712828e-01,4.969991808887080920e-01,5.210922783102035494e-01,5.344227610740345247e-01,5.411471379323471442e-01,5.434869330839806612e-01,5.427142015227001126e-01,5.396023971578002287e-01,5.346466036322068405e-01,5.281782949946091099e-01,5.204286747260484791e-01,5.115654135664299274e-01,5.017148802408698538e-01,4.909760810525680141e-01,4.794296572539073487e-01,4.671438209650388140e-01,4.541783257910768090e-01,4.405871333449976612e-01,4.264201886868655977e-01,4.117245737428798513e-01,3.965452253977238550e-01,3.809253626111245294e-01,3.649067557973293408e-01,3.485299930950171432e-01,3.318349650762601466e-01,3.148619339263639683e-01
9.045454545454545414e-01,3.038694960989548055e-01,3.199678245676037536e-01,3.359087300294231193e-01,3.516481307809217749e-01,3.671422201758752779e-01,3.823470780392784207e-01,3.972185076173611606e-01,4.117119578102682587e-01,4.257824335488700762e-01,4.393843186570399739e-01,4.524710427344120212e-01,4.649945195113572294e-01,4.769042687376959244e-01,4.881461041390030009e-01,4.986602199865675655e-01,5.083784266702523480e-01,5.172201503329699745e-01,5.250865850580290761e-01,5.318519975573218206e-01,5.373504980050761715e-01,5.413553361580194512e-01,5.435453981745438368e-01,5.434488505889341070e-01,5.403440458860888640e-01,5.330763480092719497e-01,5.197006903544431067e-01,4.967475252991591095e-01,4.576909821800286271e-01,3.903587429761037342e-01,2.822566755696737095e-01,2.364704605575603802e-01,5.554735388360523274e-01,7.729245780053460857e-01,8.136661451020408276e-01,8.125726300103899291e-01,8.047064433158772623e-01,7.970627041780686817e-01,7.908333379419629772e-01,7.859831135331846186e-01,7.822526848586653925e-01,7.793869656506449139e-01,7.771795240094965251e-01,7.754724576076058584e-01,7.741471775614375828e-01,7.731151598718315476e-01,7.723104947237046103e-01,7.716844423349243920e-01,7.712017806497515338e-01,7.708388983316275533e-01,7.705849343941919560e-01,7.704553910337536005e-01,7.706935014741582712e-01,7.706103373554299418e-01,7.705104993199261010e-01,7.704211560546904147e-01,7.703450318306500622e-01,7.702816873363477201e-01,7.702300912576318659e-01,7.701892297195824799e-01,7.701582671329659791e-01,7.701365758574911791e-01,7.701237265102500729e-01,7.701194704785540024e-01,7.701237265102505170e-01,7.701365758574890696e-01,7.701582671329655350e-01,7.701892297195831460e-01,7.702300912576280911e-01,7.702816873363437233e-01,7.703450318306506173e-01,7.704211560546911919e-01,7.705104993199233254e-01,7.706103373554280545e-01,7.706935014741626011e-01,7.704553910337501588e-01,7.705849343941872931e-01,7.708388983316323273e-01,7.712017806497539762e-01,7.716844423349268345e-01,7.723104947237002804e-01,7.731151598718353224e-01,7.741471775614352513e-01,7.754724576076017506e-01,7.771795240094985235e-01,7.793869656506463572e-01,7.822526848586586201e-01,7.859831135331833973e-01,7.908333379419600906e-01,7.970627041780768973e-01,8.047064433158709340e-01,8.125726300103927047e-01,8.136661451020393843e-01,7.729245780052301784e-01,5.554735388359501869e-01,2.364704605575009555e-01,2.822566755696767626e-01,3.903587429761141703e-01,4.576909821800208555e-01,4.967475252991592760e-01,5.197006903544509893e-01,5.330763480092693962e-01,5.403440458860852003e-01,5.434488505889345511e-01,5.435453981745390628e-01,5.413553361580227818e-01,5.373504980050769486e-01,5.318519975573198222e-01,5.250865850580307415e-01,5.172201503329680872e-01,5.083784266702513488e-01,4.986602199865662333e-01,4.881461041390042777e-01,4.769042687376975898e-01,4.649945195113562857e-01,4.524710427344108554e-01,4.393843186570411397e-01,4.257824335488689105e-01,4.117119578102668709e-01,3.972185076173625484e-01,3.823470780392779211e-01,3.671422201758728909e-01,3.516481307809223855e-01,3.359087300294220091e-01,3.199678245676031429e-01,3.038694960989560268e-01
9.083333333333334370e-01,2.925570471729060928e-01,3.079643408986150743e-01,3.232934434157090364e-01,3.385008338674862505e-01,3.535430112166325634e-01,3.683763881290778031e-01,3.829572931521335044e-01,3.972420140674395861e-01,4.111868310755251166e-01,4.247479968263041528e-01,4.378816233313216899e-01,4.505434342993792085e-01,4.626883352740270849e-01,4.742697420249996632e-01,4.852385876988060676e-01,4.955418973134991245e-01,5.051207675902517069e-01,5.139075094601935900e-01,5.218215801449241908e-01,5.287637164727071459e-01,5.346073171162279980e-01,5.391854881925010057e-01,5.422710290383342402e-01,5.435445172049711005e-01,5.425415535921533916e-01,5.385619678442835623e-01,5.305064593238228987e-01,5.165687638871190313e-01,4.936321071272277705e-01,4.560860506497184663e-01,3.939740245123524720e-01,2.959464382055794207e-01,2.144225269684049417e-01,4.257076376778087812e-01,7.149947295575153072e-01,8.032445635117522187e-01,8.161580308994406119e-01,8.120237147558152513e-01,8.050806206094718309e-01,7.986180355879760606e-01,7.932636304275857420e-01,7.889834001377946660e-01,7.856004455165422895e-01,7.829334278169367556e-01,7.808298092844492277e-01,7.791693973027109532e-01,7.778604223371408111e-01,7.768347327634081978e-01,7.760451413254692010e-01,7.754686098221603707e-01,7.751477042903911485e-01,7.752424796427749287e-01,7.749506236615293364e-01,7.746884675806148257e-01,7.744672712914180135e-01,7.742844326608977479e-01,7.741355260829956286e-01,7.740163392636756345e-01,7.739233356391821417e-01,7.738537249326559175e-01,7.738054252291715063e-01,7.737770029728586740e-01,7.737676206560363257e-01,7.737770029728598953e-01,7.738054252291738377e-01,7.738537249326560286e-01,7.739233356391831409e-01,7.740163392636746353e-01,7.741355260830016238e-01,7.742844326608999683e-01,7.744672712914179025e-01,7.746884675806144926e-01,7.749506236615297805e-01,7.752424796427835885e-01,7.751477042903902603e-01,7.754686098221664770e-01,7.760451413254692010e-01,7.768347327634054222e-01,7.778604223371501369e-01,7.791693973027139508e-01,7.808298092844472293e-01,7.829334278169461925e-01,7.856004455165370715e-01,7.889834001377969974e-01,7.932636304275828554e-01,7.986180355879811676e-01,8.050806206094784923e-01,8.120237147558063695e-01,8.161580308994235144e-01,8.032445635117289040e-01,7.149947295575734829e-01,4.257076376778888838e-01,2.144225269684122415e-01,2.959464382055148612e-01,3.939740245123791729e-01,4.560860506497203537e-01,4.936321071272209982e-01,5.165687638871157006e-01,5.305064593238170145e-01,5.385619678442806757e-01,5.425415535921550569e-01,5.435445172049734319e-01,5.422710290383335741e-01,5.391854881925022269e-01,5.346073171162257776e-01,5.287637164727064798e-01,5.218215801449270774e-01,5.139075094601918137e-01,5.051207675902515959e-01,4.955418973135011229e-01,4.852385876988058455e-01,4.742697420249999407e-01,4.626883352740254751e-01,4.505434342993780428e-01,4.378816233313227446e-01,4.247479968262992678e-01,4.111868310755230627e-01,3.972420140674386424e-01,3.829572931521331713e-01,3.683763881290813003e-01,3.535430112166322303e-01,3.385008338674880823e-01,3.232934434157087589e-01,3.079643408986147968e-01,2.925570471729073141e-01
9.121212121212121104e-01,2.813377266398346399e-01,2.961503469602590477e-01,3.109409527459146561e-01,3.256683014510384222e-01,3.402908839180310840e-01,3.547669547580303839e-01,3.690546239365792847e-01,3.831119724590519304e-01,3.968971614944936666e-01,4.103685078703581679e-01,4.234845002801670977e-01,4.362037300046966992e-01,4.484847073276641005e-01,4.602855296385533479e-01,4.715633585236645997e-01,4.822736493951452208e-01,4.923690558853248689e-01,5.017978982844819580e-01,5.105020340810703106e-01,5.184138880718952569e-01,5.254522705522468584e-01,5.315164014384986535e-01,5.364772056816559109e-01,5.401643392463991722e-01,5.423463309396576726e-01,5.426992587223465891e-01,5.407556499552360618e-01,5.358179695720785007e-01,5.268062143018497068e-01,5.119786169708253620e-01,4.884046863749980094e-01,4.509890000855072412e-01,3.910909576196006654e-01,2.989836401541648980e-01,2.083414364415249465e-01,3.403685991569502245e-01,6.477916621966488542e-01,7.821413304818297663e-01,8.131635981674435465e-01,8.150743283685040197e-01,8.100723252941244290e-01,8.040986494727329070e-01,7.986982052918822905e-01,7.941812091654296690e-01,7.905092063617499276e-01,7.875595371886424667e-01,7.852061348635541727e-01,7.833434488544538388e-01,7.818944022639956470e-01,7.808251809268751398e-01,7.803798330204995137e-01,7.799807630913546674e-01,7.793530836818017837e-01,7.788194342370899914e-01,7.783766280664314863e-01,7.780136412124831757e-01,7.777195775081687801e-01,7.774851210706644755e-01,7.773027380800212605e-01,7.771665716732559792e-01,7.770722754131584864e-01,7.770168604190593742e-01,7.769985801981904583e-01,7.770168604190689221e-01,7.770722754131590415e-01,7.771665716732629736e-01,7.773027380800161534e-01,7.774851210706713589e-01,7.777195775081663376e-01,7.780136412124778467e-01,7.783766280664348169e-01,7.788194342370909906e-01,7.793530836818054475e-01,7.799807630913567769e-01,7.803798330204977374e-01,7.808251809268763610e-01,7.818944022639973124e-01,7.833434488544557261e-01,7.852061348635508420e-01,7.875595371886403573e-01,7.905092063617488174e-01,7.941812091654305572e-01,7.986982052918824015e-01,8.040986494727360157e-01,8.100723252941156582e-01,8.150743283685183416e-01,8.131635981674303348e-01,7.821413304818348733e-01,6.477916621966994803e-01,3.403685991568521363e-01,2.083414364415163145e-01,2.989836401541960398e-01,3.910909576196152648e-01,4.509890000855072967e-01,4.884046863749918477e-01,5.119786169708208101e-01,5.268062143018553689e-01,5.358179695720755031e-01,5.407556499552360618e-01,5.426992587223410380e-01,5.423463309396587828e-01,5.401643392464000604e-01,5.364772056816546897e-01,5.315164014385007629e-01,5.254522705522434167e-01,5.184138880718934805e-01,5.105020340810690893e-01,5.017978982844819580e-01,4.923690558853208166e-01,4.822736493951420567e-01,4.715633585236647662e-01,4.602855296385532924e-01,4.484847073276629903e-01,4.362037300046973654e-01,4.234845002801672642e-01,4.103685078703604439e-01,3.968971614944964421e-01,3.831119724590519859e-01,3.690546239365765091e-01,3.547669547580302729e-01,3.402908839180293077e-01,3.256683014510387553e-01,3.109409527459160438e-01,2.961503469602582705e-01,2.813377266398340293e-01
9.159090909090910060e-01,2.704294219479996819e-01,2.847053820747301178e-01,2.990008679992362528e-01,3.132775499433814725e-01,3.274965755246249666e-01,3.416186682921723006e-01,3.556042659125788763e-01,3.694136753755787872e-01,3.830072252991753023e-01,3.963453969798677590e-01,4.093889164814996096e-01,4.220987898428908425e-01,4.344362623183983252e-01,4.463626801996337656e-01,4.578392297647231879e-01,4.688265215715151091e-01,4.792839785849551393e-01,4.891689718592264757e-01,4.984356251068517429e-01,5.070331753869182778e-01,5.149037246888424901e-01,5.219791353578502324e-01,5.281766923990477425e-01,5.333929451690160306e-01,5.374947917187608004e-01,5.403062744594946398e-01,5.415885144868954892e-01,5.410083322531040739e-01,5.380876021783411733e-01,5.321186750807186394e-01,5.220180377709947583e-01,5.060646484620208163e-01,4.814235325488972483e-01,4.433130489401149177e-01,3.839841034098318007e-01,2.952994743508026709e-01,2.036814423607820057e-01,2.879577431829301593e-01,5.836784188222775560e-01,7.540929572364510891e-01,8.047371045480771201e-01,8.144167205980283875e-01,8.124422273045865950e-01,8.076342562074415588e-01,8.026349459569774858e-01,7.981994405567970352e-01,7.944854750796429554e-01,7.914680366801547517e-01,7.890868001780221297e-01,7.873384583555396166e-01,7.867533118683951443e-01,7.854401250267168955e-01,7.842902924088293037e-01,7.833306658673835354e-01,7.825396409243692286e-01,7.818932364850141870e-01,7.813704651316141225e-01,7.809540859514784161e-01,7.806303974655638411e-01,7.803888390402017317e-01,7.802216077474078970e-01,7.801233495935556705e-01,7.800909393172554829e-01,7.801233495935560036e-01,7.802216077474122269e-01,7.803888390401966246e-01,7.806303974655633970e-01,7.809540859514770839e-01,7.813704651316104588e-01,7.818932364850121886e-01,7.825396409243764451e-01,7.833306658673832024e-01,7.842902924088253069e-01,7.854401250267130097e-01,7.867533118683956994e-01,7.873384583555400607e-01,7.890868001780276808e-01,7.914680366801510880e-01,7.944854750796425114e-01,7.981994405567978124e-01,8.026349459569792621e-01,8.076342562074372289e-01,8.124422273045822651e-01,8.144167205980302748e-01,8.047371045480423701e-01,7.540929572364081235e-01,5.836784188221619818e-01,2.879577431829714040e-01,2.036814423607997693e-01,2.952994743507830200e-01,3.839841034098598338e-01,4.433130489400932683e-01,4.814235325488944173e-01,5.060646484620225927e-01,5.220180377709883190e-01,5.321186750807195276e-01,5.380876021783457253e-01,5.410083322531082928e-01,5.415885144868990420e-01,5.403062744594966382e-01,5.374947917187621327e-01,5.333929451690166967e-01,5.281766923990466323e-01,5.219791353578501214e-01,5.149037246888396036e-01,5.070331753869181668e-01,4.984356251068500221e-01,4.891689718592270308e-01,4.792839785849553613e-01,4.688265215715151646e-01,4.578392297647225218e-01,4.463626801996304905e-01,4.344362623183982697e-01,4.220987898428933405e-01,4.093889164814996096e-01,3.963453969798694798e-01,3.830072252991779114e-01,3.694136753755807301e-01,3.556042659125818739e-01,3.416186682921741324e-01,3.274965755246273535e-01,3.132775499433802513e-01,2.990008679992379736e-01,2.847053820747292852e-01,2.704294219479980166e-01
9.196969696969696795e-01,2.599048345957694628e-01,2.736823119390399128e-01,2.875108040669731024e-01,3.013550626759937678e-01,3.151791088428253507e-01,3.289463637772154225e-01,3.426198083176085207e-01,3.561621564142284369e-01,3.695360288805076276e-01,3.827041142933226836e-01,3.956293041557153445e-01,4.082747893065746259e-01,4.206041040061266889e-01,4.325811030076139319e-01,4.441698550201091944e-01,4.553344329345241914e-01,4.660385765215009357e-01,4.762451962714609466e-01,4.859156765189046601e-01,4.950089202796899013e-01,5.034800547009233851e-01,5.112786805180619121e-01,5.183464947143512358e-01,5.246140316033018891e-01,5.299961351230426665e-01,5.343855620043237442e-01,5.376437646569044437e-01,5.395873107694102444e-01,5.399673714963629800e-01,5.384378852310506280e-01,5.345046665214940873e-01,5.274414827402440498e-01,5.161473010182250354e-01,4.988971291677345987e-01,4.729048396278212607e-01,4.336083652850087899e-01,3.739680566757118685e-01,2.874221817011051172e-01,1.977898723987783769e-01,2.542688547103751362e-01,5.271853064904159503e-01,7.219886550190216523e-01,7.919868549090894883e-01,8.106869064521772250e-01,8.127140695392165437e-01,8.097359831510176909e-01,8.056148751462399726e-01,8.016500869851815869e-01,7.982917093061463465e-01,7.958728401768681016e-01,7.945265255633695567e-01,7.922574333860558093e-01,7.903368178051333182e-01,7.887435080672057230e-01,7.874327703526302624e-01,7.863625426113413086e-01,7.854973016466462177e-01,7.848082298670016055e-01,7.842725560153724906e-01,7.838727819780082484e-01,7.835960017414423939e-01,7.834333691552175516e-01,7.833797235989709007e-01,7.834333691552141099e-01,7.835960017414446144e-01,7.838727819780084705e-01,7.842725560153724906e-01,7.848082298669981638e-01,7.854973016466373359e-01,7.863625426113408645e-01,7.874327703526281530e-01,7.887435080672084986e-01,7.903368178051325410e-01,7.922574333860628037e-01,7.945265255633717771e-01,7.958728401768796479e-01,7.982917093061441260e-01,8.016500869851829192e-01,8.056148751462389734e-01,8.097359831510302364e-01,8.127140695392085501e-01,8.106869064521757817e-01,7.919868549090788301e-01,7.219886550190349750e-01,5.271853064903830877e-01,2.542688547104245966e-01,1.977898723987893403e-01,2.874221817010948477e-01,3.739680566756781732e-01,4.336083652849895276e-01,4.729048396278103805e-01,4.988971291677315456e-01,5.161473010182306975e-01,5.274414827402416073e-01,5.345046665214929771e-01,5.384378852310449659e-01,5.399673714963617588e-01,5.395873107694121318e-01,5.376437646569005580e-01,5.343855620043235222e-01,5.299961351230408901e-01,5.246140316033041096e-01,5.183464947143517909e-01,5.112786805180628003e-01,5.034800547009232741e-01,4.950089202796907339e-01,4.859156765189032168e-01,4.762451962714614462e-01,4.660385765215013798e-01,4.553344329345210828e-01,4.441698550201076401e-01,4.325811030076126551e-01,4.206041040061288538e-01,4.082747893065758471e-01,3.956293041557134016e-01,3.827041142933229612e-01,3.695360288805070170e-01,3.561621564142275487e-01,3.426198083176079101e-01,3.289463637772149229e-01,3.151791088428258503e-01,3.013550626759922690e-01,2.875108040669737686e-01,2.736823119390408010e-01,2.599048345957700179e-01
9.234848484848485750e-01,2.498288627795204053e-01,2.631377531936405778e-01,2.765218014727226503e-01,2.899487878521628814e-01,3.033856018110956954e-01,3.167983853100155844e-01,3.301526986863200230e-01,3.434136991542467432e-01,3.565463220831916469e-01,3.695154553275405984e-01,3.822860968681491278e-01,3.948234858881482512e-01,4.070931970998800664e-01,4.190611875844977852e-01,4.306937844767936840e-01,4.419576003427115873e-01,4.528193607978672763e-01,4.632456254335898804e-01,4.732023779234952876e-01,4.826544535057738505e-01,4.915647607238015082e-01,4.998932376165610703e-01,5.075954577829984160e-01,5.146207646491584020e-01,5.209097560077737832e-01,5.263908542671875690e-01,5.309755620707647950e-01,5.345517859195350052e-01,5.369742559770219748e-01,5.380504778444739067e-01,5.375196379312928707e-01,5.350201054671943623e-01,5.300379855918913030e-01,5.218233746124669725e-01,5.092504510033432075e-01,4.905796184490424094e-01,4.630574508637858022e-01,4.223156915060514160e-01,3.619840090084895379e-01,2.771229466037199995e-01,1.908763861832131481e-01,2.304638480956966162e-01,4.776503966370719834e-01,6.871973910544371122e-01,7.757238725266587531e-01,8.046134886468321312e-01,8.117176316181309303e-01,8.114221391446250209e-01,8.090229994010859071e-01,8.081406512308488832e-01,8.045059966792913464e-01,8.010728564658270434e-01,7.981412772026872382e-01,7.956872501089928829e-01,7.936559396660223253e-01,7.919905684953032488e-01,7.906405022090048362e-01,7.895633319892865210e-01,7.887248934770930697e-01,7.880986193540454599e-01,7.876647694022426149e-01,7.874097521235577934e-01,7.873256181714447521e-01,7.874097521235595698e-01,7.876647694022473889e-01,7.880986193540491236e-01,7.887248934770950681e-01,7.895633319892813029e-01,7.906405022089989520e-01,7.919905684953028047e-01,7.936559396660215482e-01,7.956872501089908845e-01,7.981412772026880154e-01,8.010728564658369244e-01,8.045059966792973416e-01,8.081406512308438872e-01,8.090229994010805781e-01,8.114221391446221343e-01,8.117176316181289319e-01,8.046134886468379044e-01,7.757238725266329959e-01,6.871973910544704189e-01,4.776503966370488352e-01,2.304638480957004742e-01,1.908763861832176445e-01,2.771229466037278821e-01,3.619840090084907591e-01,4.223156915060615191e-01,4.630574508637934628e-01,4.905796184490329170e-01,5.092504510033480924e-01,5.218233746124725236e-01,5.300379855918866401e-01,5.350201054671873679e-01,5.375196379312885409e-01,5.380504778444730185e-01,5.369742559770208645e-01,5.345517859195340060e-01,5.309755620707682366e-01,5.263908542671861257e-01,5.209097560077760036e-01,5.146207646491610666e-01,5.075954577829980829e-01,4.998932376165614033e-01,4.915647607238001759e-01,4.826544535057719632e-01,4.732023779234973415e-01,4.632456254335901580e-01,4.528193607978662771e-01,4.419576003427099775e-01,4.306937844767929069e-01,4.190611875844968970e-01,4.070931970998789562e-01,3.948234858881480291e-01,3.822860968681484617e-01,3.695154553275393217e-01,3.565463220831913138e-01,3.434136991542471873e-01,3.301526986863195789e-01,3.167983853100150848e-01,3.033856018110953623e-01,2.899487878521643802e-01,2.765218014727229279e-01,2.631377531936405778e-01,2.498288627795205163e-01
9.272727272727273595e-01,2.402238861534615466e-01,2.530882502612888385e-01,2.660462219889358493e-01,2.790684583512362260e-01,2.921246081879200762e-01,3.051834569792214458e-01,3.182130905065154169e-01,3.311810703320081650e-01,3.440546138868386117e-01,3.568007717832433201e-01,3.693865948001312516e-01,3.817792828164301988e-01,3.939463077523377987e-01,4.058555022748062679e-01,4.174751055563084567e-01,4.287737566414027701e-01,4.397204248303295260e-01,4.502842647368360818e-01,4.604343810458866315e-01,4.701394841041248718e-01,4.793674117751988151e-01,4.880844846861381314e-01,4.962546498959949925e-01,5.038383503402847907e-01,5.107910313785194445e-01,5.170611570558832915e-01,5.225875503401246069e-01,5.272957823014686740e-01,5.310931961889102659e-01,5.338619318208219777e-01,5.354489587266089146e-01,5.356515363353016035e-01,5.341955230053437864e-01,5.307022391725517707e-01,5.246365869262251680e-01,5.152238541603548772e-01,5.013136123308328251e-01,4.811554827188401773e-01,4.520413682068259997e-01,4.098277229455377091e-01,3.488690845742448143e-01,2.658969091310163790e-01,1.838224382281610780e-01,2.114006550355906899e-01,4.318343714838582259e-01,6.494060575553745052e-01,7.564082054812015787e-01,7.974431013882584685e-01,8.119057902560203877e-01,8.179400014383074735e-01,8.150242266501641630e-01,8.113098531195095386e-01,8.076579243631797356e-01,8.043740950666862233e-01,8.015443998896811806e-01,7.991678634888870203e-01,7.972119203996037573e-01,7.956359870990206140e-01,7.944013706482153658e-01,7.934752098517938723e-01,7.928318271453062005e-01,7.924530128763672687e-01,7.923279380438410513e-01,7.924530128763690451e-01,7.928318271453063115e-01,7.934752098517873220e-01,7.944013706482174753e-01,7.956359870990207250e-01,7.972119203996044234e-01,7.991678634888779165e-01,8.015443998896915057e-01,8.043740950666903311e-01,8.076579243631806238e-01,8.113098531195158669e-01,8.150242266501598332e-01,8.179400014383098050e-01,8.119057902560231632e-01,7.974431013882649077e-01,7.564082054811770428e-01,6.494060575554512216e-01,4.318343714838795422e-01,2.114006550356239689e-01,1.838224382281562763e-01,2.658969091310190436e-01,3.488690845742432600e-01,4.098277229455443149e-01,4.520413682068299965e-01,4.811554827188432859e-01,5.013136123308301606e-01,5.152238541603570976e-01,5.246365869262239467e-01,5.307022391725492172e-01,5.341955230053450077e-01,5.356515363353036019e-01,5.354489587266082484e-01,5.338619318208214226e-01,5.310931961889102659e-01,5.272957823014705614e-01,5.225875503401229416e-01,5.170611570558807379e-01,5.107910313785181122e-01,5.038383503402893426e-01,4.962546498959951591e-01,4.880844846861341901e-01,4.793674117752009800e-01,4.701394841041260375e-01,4.604343810458850772e-01,4.502842647368365259e-01,4.397204248303291929e-01,4.287737566414029367e-01,4.174751055563071245e-01,4.058555022748030483e-01,3.939463077523394086e-01,3.817792828164291441e-01,3.693865948001317512e-01,3.568007717832434866e-01,3.440546138868390558e-01,3.311810703320068328e-01,3.182130905065173598e-01,3.051834569792220009e-01,2.921246081879192991e-01,2.790684583512368366e-01,2.660462219889349611e-01,2.530882502612875617e-01,2.402238861534627401e-01
9.310606060606061440e-01,2.311002602613575485e-01,2.435412901409575448e-01,2.560898475398425411e-01,2.687192681358288038e-01,2.814017975565070717e-01,2.941087319800126942e-01,3.068105748671448030e-01,3.194772048690836530e-01,3.320780495532917875e-01,3.445822592636436643e-01,3.569588751670789706e-01,3.691769853230273957e-01,3.812058624209599400e-01,3.930150766335127055e-01,4.045745767811770310e-01,4.158547326373521758e-01,4.268263306347467312e-01,4.374605143537420027e-01,4.477286598305485477e-01,4.576021737139769341e-01,4.670521993456481225e-01,4.760492115467791496e-01,4.845624747048283831e-01,4.925593298479912785e-01,5.000042635611282593e-01,5.068576930017347770e-01,5.130743741051867479e-01,5.186012999341852447e-01,5.233748960572603970e-01,5.273172285849319074e-01,5.303307995724886315e-01,5.322912830496312475e-01,5.330372005391911250e-01,5.323549572633847760e-01,5.299567021827792379e-01,5.254468634969793328e-01,5.182704837975086187e-01,5.076319229971917313e-01,4.923653648710561437e-01,4.707299342102224116e-01,4.401051749636056276e-01,3.966526093374992401e-01,3.355634218288394144e-01,2.551992677116211028e-01,1.776541740062562158e-01,1.941210561971239423e-01,3.859061875119162432e-01,6.077255567132885394e-01,7.379655881673240492e-01,7.929133501291558694e-01,8.103252675775726166e-01,8.151296274263533093e-01,8.148611427484911962e-01,8.127085828964605296e-01,8.100242055579724987e-01,8.073817797921855055e-01,8.050167888463146681e-01,8.030156381006203770e-01,8.013997355473782003e-01,8.001640607785789339e-01,7.992952250936897762e-01,7.987800042325033933e-01,7.986093257969468784e-01,7.987800042325089445e-01,7.992952250936913305e-01,8.001640607785777126e-01,8.013997355473784223e-01,8.030156381006168242e-01,8.050167888463183319e-01,8.073817797921879480e-01,8.100242055579780498e-01,8.127085828964722980e-01,8.148611427484874214e-01,8.151296274263545305e-01,8.103252675775712843e-01,7.929133501291578678e-01,7.379655881673305995e-01,6.077255567132533454e-01,3.859061875119653151e-01,1.941210561971483117e-01,1.776541740062545782e-01,2.551992677116168284e-01,3.355634218288739423e-01,3.966526093375138950e-01,4.401051749636018529e-01,4.707299342102257977e-01,4.923653648710530351e-01,5.076319229971920644e-01,5.182704837975029566e-01,5.254468634969760021e-01,5.299567021827752411e-01,5.323549572633861082e-01,5.330372005391903478e-01,5.322912830496315806e-01,5.303307995724892976e-01,5.273172285849315744e-01,5.233748960572612852e-01,5.186012999341860219e-01,5.130743741051844165e-01,5.068576930017338888e-01,5.000042635611285924e-01,4.925593298479950533e-01,4.845624747048300485e-01,4.760492115467792051e-01,4.670521993456484000e-01,4.576021737139758239e-01,4.477286598305503795e-01,4.374605143537444452e-01,4.268263306347473418e-01,4.158547326373535080e-01,4.045745767811751437e-01,3.930150766335148149e-01,3.812058624209608282e-01,3.691769853230241205e-01,3.569588751670770277e-01,3.445822592636438864e-01,3.320780495532922316e-01,3.194772048690833199e-01,3.068105748671452471e-01,2.941087319800159139e-01,2.814017975565078489e-01,2.687192681358284707e-01,2.560898475398424301e-01,2.435412901409576836e-01,2.311002602613567436e-01
9.348484848484849286e-01,2.224157773231023871e-01,2.344511743926629144e-01,2.466043962828354807e-01,2.588512507098411075e-01,2.711664017563056861e-01,2.835235033845497910e-01,2.958953469091317734e-01,3.082540189609306314e-01,3.205710659574116383e-01,3.328176606801284132e-01,3.449647662350776023e-01,3.569832924195810442e-01,3.688442393243793749e-01,3.805188228391370164e-01,3.919785765740483319e-01,4.031954245195876196e-01,4.141417184887774550e-01,4.247902339535678529e-01,4.351141172111338551e-01,4.450867757819920723e-01,4.546817023969778049e-01,4.638722206684249838e-01,4.726311372785047538e-01,4.809302808570551924e-01,4.887399010924877163e-01,4.960278921948340636e-01,5.027587913840444456e-01,5.088924837689674519e-01,5.143825170080499332e-01,5.191738881601595246e-01,5.232001043300535947e-01,5.263792272318179588e-01,5.286084720931367720e-01,5.297567146731527732e-01,5.296539189788911361e-01,5.280759531865815148e-01,5.247223803398169961e-01,5.191833792306220774e-01,5.108896465913383977e-01,4.990355791748368186e-01,4.824613066926398686e-01,4.594762606994203802e-01,4.276229133968016405e-01,3.834920765571320778e-01,3.232407818780799746e-01,2.466463684120010769e-01,1.736439480491249743e-01,1.773263581762037078e-01,3.383361364451431541e-01,5.469883417190628538e-01,6.898142628368066909e-01,7.610668191567474539e-01,7.926689069602632642e-01,8.056823075432038017e-01,8.103024785238586158e-01,8.111947224528959222e-01,8.105124199777110627e-01,8.092711820775860820e-01,8.079589154473775237e-01,8.068118728552953201e-01,8.059437642850331152e-01,8.054078634375411161e-01,8.052271191646058757e-01,8.054078634375350099e-01,8.059437642850274530e-01,8.068118728552944319e-01,8.079589154473825197e-01,8.092711820775940756e-01,8.105124199777050675e-01,8.111947224528995859e-01,8.103024785238537309e-01,8.056823075432000270e-01,7.926689069602677051e-01,7.610668191567554475e-01,6.898142628367939233e-01,5.469883417191073738e-01,3.383361364452205367e-01,1.773263581762148100e-01,1.736439480491223375e-01,2.466463684120263622e-01,3.232407818780396180e-01,3.834920765571304679e-01,4.276229133968125762e-01,4.594762606994255427e-01,4.824613066926465854e-01,4.990355791748395387e-01,5.108896465913376206e-01,5.191833792306235207e-01,5.247223803398171071e-01,5.280759531865802936e-01,5.296539189788959101e-01,5.297567146731503307e-01,5.286084720931397696e-01,5.263792272318195131e-01,5.232001043300529286e-01,5.191738881601585254e-01,5.143825170080521536e-01,5.088924837689657865e-01,5.027587913840442235e-01,4.960278921948360620e-01,4.887399010924876608e-01,4.809302808570565246e-01,4.726311372785042542e-01,4.638722206684240956e-01,4.546817023969764726e-01,4.450867757819904069e-01,4.351141172111343547e-01,4.247902339535690741e-01,4.141417184887764003e-01,4.031954245195852882e-01,3.919785765740494976e-01,3.805188228391380711e-01,3.688442393243803186e-01,3.569832924195806001e-01,3.449647662350776023e-01,3.328176606801299120e-01,3.205710659574112498e-01,3.082540189609294101e-01,2.958953469091311628e-01,2.835235033845487918e-01,2.711664017563043538e-01,2.588512507098404414e-01,2.466043962828356750e-01,2.344511743926636083e-01,2.224157773231028035e-01
9.386363636363637131e-01,2.142058927501115095e-01,2.258552102635754122e-01,2.376297532080625385e-01,2.495075873847986681e-01,2.614656027595413934e-01,2.734796388552006019e-01,2.855246222105700671e-01,2.975747135502088137e-01,3.096034617295542191e-01,3.215839610559728667e-01,3.334890082218606722e-01,3.452912548060540487e-01,3.569633510910668606e-01,3.684780767899504816e-01,3.798084541580031837e-01,3.909278388543793170e-01,4.018099837836756616e-01,4.124290709442364755e-01,4.227597059841347593e-01,4.327768696481992250e-01,4.424558195014814954e-01,4.517719341212271811e-01,4.607004902082560971e-01,4.692163605740883869e-01,4.772936174291046441e-01,4.849050204326919578e-01,4.920213620026512857e-01,4.986106325992107902e-01,5.046369548962211793e-01,5.100592161402206504e-01,5.148292998832125766e-01,5.188897775514317301e-01,5.221708606456112456e-01,5.245863258821392705e-01,5.260279927300692826e-01,5.263581309339165903e-01,5.253988656276166180e-01,5.229171680246236242e-01,5.186032765958281665e-01,5.120392556726939270e-01,5.026527252713497429e-01,4.896486154819522096e-01,4.719100506979041487e-01,4.478628374453239580e-01,4.153253913087345817e-01,3.714880294441646469e-01,3.136318536634103427e-01,2.427756826196148521e-01,1.794787460033578363e-01,1.650193817973855948e-01,2.635672326210826144e-01,4.442610248837399745e-01,6.031624842510049378e-01,7.012623311221537481e-01,7.537467428694487603e-01,7.805672559213193695e-01,7.940703527624326519e-01,8.007686718208406607e-01,8.039938404576278952e-01,8.054634944993911416e-01,8.060750147875972438e-01,8.062945644977207449e-01,8.063456449936410309e-01,8.062945644977257409e-01,8.060750147876013516e-01,8.054634944993900314e-01,8.039938404576296715e-01,8.007686718208414378e-01,7.940703527624330960e-01,7.805672559213123751e-01,7.537467428694557547e-01,7.012623311222112577e-01,6.031624842510306950e-01,4.442610248837476905e-01,2.635672326210569127e-01,1.650193817973809041e-01,1.794787460033705206e-01,2.427756826196077189e-01,3.136318536634153387e-01,3.714880294441655351e-01,4.153253913087419091e-01,4.478628374453198502e-01,4.719100506978993748e-01,4.896486154819403303e-01,5.026527252713532956e-01,5.120392556726945932e-01,5.186032765958280555e-01,5.229171680246248455e-01,5.253988656276160629e-01,5.263581309339173675e-01,5.260279927300705038e-01,5.245863258821445996e-01,5.221708606456109125e-01,5.188897775514340616e-01,5.148292998832124656e-01,5.100592161402192071e-01,5.046369548962228446e-01,4.986106325992116783e-01,4.920213620026525625e-01,4.849050204326905700e-01,4.772936174291023681e-01,4.692163605740884424e-01,4.607004902082574294e-01,4.517719341212260153e-01,4.424558195014819395e-01,4.327768696482001132e-01,4.227597059841356475e-01,4.124290709442342551e-01,4.018099837836756616e-01,3.909278388543796501e-01,3.798084541580021845e-01,3.684780767899508147e-01,3.569633510910671381e-01,3.452912548060554920e-01,3.334890082218593399e-01,3.215839610559713679e-01,3.096034617295533309e-01,2.975747135502077034e-01,2.855246222105685128e-01,2.734796388551993251e-01,2.614656027595415599e-01,2.495075873847990011e-01,2.376297532080614561e-01,2.258552102635741354e-01,2.142058927501114263e-01
9.424242424242424976e-01,2.064305821517174178e-01,2.177120108651858787e-01,2.291237902894250056e-01,2.406460456380909441e-01,2.522577096802873786e-01,2.639366399362121918e-01,2.756597461967651985e-01,2.874031268759039692e-01,2.991422120873402091e-01,3.108519108445292334e-01,3.225067593933649834e-01,3.340810673861560609e-01,3.455490583811253735e-01,3.568850009916236798e-01,3.680633268988210416e-01,3.790587318633826808e-01,3.898462558019514246e-01,4.004013379056969857e-01,4.106998426345840336e-01,4.207180521792839301e-01,4.304326205880007472e-01,4.398204841403663412e-01,4.488587216279553149e-01,4.575243568589237309e-01,4.657940937944380355e-01,4.736439720468492154e-01,4.810489267498637145e-01,4.879822316672156046e-01,4.944147972981668970e-01,5.003142858934133130e-01,5.056439915961704612e-01,5.103614147400142853e-01,5.144164322639941389e-01,5.177489276825809617e-01,5.202856887524269780e-01,5.219363009462910652e-01,5.225876481888326319e-01,5.220964614765344347e-01,5.202791058436051497e-01,5.168974330702094111e-01,5.116390146574651965e-01,5.040893934368095852e-01,4.936932610305070912e-01,4.797012427266191814e-01,4.611013689487298839e-01,4.365469739390611670e-01,4.043470271075516598e-01,3.629480743602155890e-01,3.131393084710164532e-01,2.510707675709132891e-01,1.893867095077184093e-01,1.578631532744852739e-01,1.993733217624988618e-01,3.206198811385697067e-01,4.666362425460446883e-01,5.847789725645369252e-01,6.633083178064852481e-01,7.114062269092260582e-01,7.400638306306196457e-01,7.569309196627785896e-01,7.665749773499412889e-01,7.715308746109981186e-01,7.730565081629389157e-01,7.715308746109645899e-01,7.665749773499491715e-01,7.569309196627742597e-01,7.400638306306253078e-01,7.114062269093329727e-01,6.633083178065384278e-01,5.847789725645620162e-01,4.666362425460797159e-01,3.206198811386171132e-01,1.993733217624822640e-01,1.578631532744856347e-01,1.893867095077247653e-01,2.510707675708765407e-01,3.131393084710209496e-01,3.629480743602086501e-01,4.043470271075428890e-01,4.365469739390577808e-01,4.611013689487248324e-01,4.797012427266153511e-01,4.936932610305101998e-01,5.040893934368089191e-01,5.116390146574647524e-01,5.168974330702126307e-01,5.202791058436069260e-01,5.220964614765351008e-01,5.225876481888303005e-01,5.219363009462902880e-01,5.202856887524256457e-01,5.177489276825804065e-01,5.144164322639905862e-01,5.103614147400183931e-01,5.056439915961699061e-01,5.003142858934133130e-01,4.944147972981724481e-01,4.879822316672163263e-01,4.810489267498634924e-01,4.736439720468492709e-01,4.657940937944386461e-01,4.575243568589236753e-01,4.488587216279574799e-01,4.398204841403683951e-01,4.304326205880006362e-01,4.207180521792862615e-01,4.106998426345852549e-01,4.004013379056964306e-01,3.898462558019521462e-01,3.790587318633820701e-01,3.680633268988221518e-01,3.568850009916244570e-01,3.455490583811269278e-01,3.340810673861548397e-01,3.225067593933650945e-01,3.108519108445296220e-01,2.991422120873415413e-01,2.874031268759045799e-01,2.756597461967657536e-01,2.639366399362128024e-01,2.522577096802884333e-01,2.406460456380924429e-01,2.291237902894261158e-01,2.177120108651853791e-01,2.064305821517178341e-01
9.462121212121212821e-01,1.990930387231169552e-01,2.100249289172065881e-01,2.210904001471418467e-01,2.322714477237138031e-01,2.435488694014568689e-01,2.549023749563251728e-01,2.663107044246000310e-01,2.777517542034634856e-01,2.892027095731265485e-01,3.006401816894114232e-01,3.120403466898832301e-01,3.233790842405614985e-01,3.346321126117166034e-01,3.457751172003559192e-01,3.567838693023257512e-01,3.676343318657954162e-01,3.783027489142609667e-01,3.887657152916429992e-01,3.990002233306537138e-01,4.089836829495915871e-01,4.186939115069543971e-01,4.281090894455267248e-01,4.372076772859092020e-01,4.459682888192874062e-01,4.543695143188675734e-01,4.623896861336096453e-01,4.700065770083485805e-01,4.771970187059721979e-01,4.839364247398355579e-01,4.901981959147150847e-01,4.959529804468003067e-01,5.011677510264181956e-01,5.058046483743341426e-01,5.098195233252538205e-01,5.131600854323405958e-01,5.157635329982531713e-01,5.175534938533065121e-01,5.184360435797692457e-01,5.182944827060020909e-01,5.169824412364344424e-01,5.143147363233642189e-01,5.100552516698377836e-01,5.039010030296181553e-01,4.954617400684842576e-01,4.842357401660714045e-01,4.695882911726583786e-01,4.507714369122107212e-01,4.280532623712671181e-01,3.978469596978450595e-01,3.595843294539738944e-01,3.127842147028882525e-01,2.588234347812226055e-01,2.040798895003159696e-01,1.635028397728251204e-01,1.590123185426030594e-01,2.046717378720636915e-01,2.893395716976820964e-01,3.841429242263323940e-01,4.659778745727235494e-01,5.263951324902078621e-01,5.660375651132768526e-01,5.881019072451071361e-01,5.951507498763705106e-01,5.881019072450078822e-01,5.660375651132890651e-01,5.263951324901813278e-01,4.659778745727181093e-01,3.841429242263018073e-01,2.893395716977258947e-01,2.046717378720579184e-01,1.590123185425880992e-01,1.635028397728250649e-01,2.040798895002786661e-01,2.588234347812128355e-01,3.127842147028944697e-01,3.595843294539765034e-01,3.978469596978427281e-01,4.280532623712733353e-01,4.507714369122057252e-01,4.695882911726630971e-01,4.842357401660786209e-01,4.954617400684827033e-01,5.039010030296184883e-01,5.100552516698402261e-01,5.143147363233614433e-01,5.169824412364336652e-01,5.182944827060012027e-01,5.184360435797693567e-01,5.175534938533059570e-01,5.157635329982538375e-01,5.131600854323371541e-01,5.098195233252539316e-01,5.058046483743334765e-01,5.011677510264160862e-01,4.959529804467956438e-01,4.901981959147127532e-01,4.839364247398356134e-01,4.771970187059707547e-01,4.700065770083494687e-01,4.623896861336097563e-01,4.543695143188693497e-01,4.459682888192891270e-01,4.372076772859090910e-01,4.281090894455258367e-01,4.186939115069556183e-01,4.089836829495920312e-01,3.990002233306534363e-01,3.887657152916433878e-01,3.783027489142622435e-01,3.676343318657941395e-01,3.567838693023260288e-01,3.457751172003551976e-01,3.346321126117168254e-01,3.233790842405605548e-01,3.120403466898821199e-01,3.006401816894110901e-01,2.892027095731269926e-01,2.777517542034625420e-01,2.663107044246006971e-01,2.549023749563252284e-01,2.435488694014568689e-01,2.322714477237141639e-01,2.210904001471435121e-01,2.100249289172060330e-01,1.990930387231188148e-01
9.500000000000000666e-01,1.921503727648353754e-01,2.027492195731900870e-01,2.134833262619114658e-01,2.243363889659881483e-01,2.352909093325806500e-01,2.463282973421507538e-01,2.574289811702453745e-01,2.685725238626344158e-01,2.797377459372259456e-01,2.909028525016848499e-01,3.020455630585899831e-01,3.131432418423620856e-01,3.241730262819663699e-01,3.351119510007555258e-01,3.459370646408641004e-01,3.566255367240323548e-01,3.671547517226186330e-01,3.775023874993725381e-01,3.876464752660129243e-01,3.975654381887947508e-01,4.072381057104364488e-01,4.166437005343779365e-01,4.257617949968498516e-01,4.345722331951060169e-01,4.430550146998038508e-01,4.511901348977556125e-01,4.589573759159485400e-01,4.663360405769926831e-01,4.733046198123631587e-01,4.798403812587245243e-01,4.859188631842701889e-01,4.915132531721664866e-01,4.965936247838952378e-01,5.011259972916970451e-01,5.050711729479495649e-01,5.083832924749206450e-01,5.110080317749352563e-01,5.128803406580074720e-01,5.139215976545289388e-01,5.140360256071262457e-01,5.131061877596768683e-01,5.109873844029529932e-01,5.075008559053157953e-01,5.024260530808475345e-01,4.954935200912764515e-01,4.863853441797009736e-01,4.747881933465277760e-01,4.608022109843374348e-01,4.422020192481241896e-01,4.190925623939189548e-01,3.907700428433785178e-01,3.566934718504358170e-01,3.168956823422697799e-01,2.726744840171149709e-01,2.274966762961295186e-01,1.875332150992455871e-01,1.605731328886823850e-01,1.524828067290004696e-01,1.630995551436144331e-01,1.855755116331221921e-01,2.100770477224796207e-01,2.281453173080425223e-01,2.347073133511260457e-01,2.281453173080557617e-01,2.100770477224974397e-01,1.855755116331335164e-01,1.630995551436013324e-01,1.524828067290010247e-01,1.605731328886864651e-01,1.875332150992258251e-01,2.274966762961287137e-01,2.726744840171181350e-01,3.168956823422591218e-01,3.566934718504377044e-01,3.907700428433792395e-01,4.190925623939150135e-01,4.422020192481260770e-01,4.608022109843370462e-01,4.747881933465268323e-01,4.863853441796997523e-01,4.954935200912780058e-01,5.024260530808453140e-01,5.075008559053132418e-01,5.109873844029519940e-01,5.131061877596767573e-01,5.140360256071265788e-01,5.139215976545309372e-01,5.128803406580032531e-01,5.110080317749334800e-01,5.083832924749192017e-01,5.050711729479482326e-01,5.011259972916971561e-01,4.965936247838941831e-01,4.915132531721673748e-01,4.859188631842682460e-01,4.798403812587244688e-01,4.733046198123616044e-01,4.663360405769937378e-01,4.589573759159491506e-01,4.511901348977586101e-01,4.430550146998031291e-01,4.345722331951052952e-01,4.257617949968497961e-01,4.166437005343777700e-01,4.072381057104370594e-01,3.975654381887970268e-01,3.876464752660123692e-01,3.775023874993750361e-01,3.671547517226192991e-01,3.566255367240323548e-01,3.459370646408641004e-01,3.351119510007548041e-01,3.241730262819667030e-01,3.131432418423636399e-01,3.020455630585887064e-01,2.909028525016852940e-01,2.797377459372263342e-01,2.685725238626339162e-01,2.574289811702439867e-01,2.463282973421510591e-01,2.352909093325810941e-01,2.243363889659880095e-01,2.134833262619111882e-01,2.027492195731884217e-01,1.921503727648350146e-01
9.537878787878788511e-01,1.855720856178290912e-01,1.958531705370045728e-01,2.062698926187793991e-01,2.168074940298569953e-01,2.274500310817766935e-01,2.381804713474825197e-01,2.489807962211073866e-01,2.598321091818142636e-01,2.707147493438211705e-01,2.816084093379611075e-01,2.924922561436038015e-01,3.033450531531373118e-01,3.141452814912200631e-01,3.248712584176776663e-01,3.355012505081390040e-01,3.460135792222103213e-01,3.563867164260091092e-01,3.665993674245345280e-01,3.766305390667101793e-01,3.864595904985897445e-01,3.960662641412935892e-01,4.054306944408884728e-01,4.145333918561255326e-01,4.233551993918004408e-01,4.318772187220927261e-01,4.400807025463372990e-01,4.479469092405395370e-01,4.554569150651632814e-01,4.625913781081468223e-01,4.693302467147275059e-01,4.756524033026195419e-01,4.815352320884423998e-01,4.869540962506842541e-01,4.918817063142315593e-01,4.962873569608417523e-01,5.001360040120408357e-01,5.033871471192756797e-01,5.059934772424773408e-01,5.078992426879737065e-01,5.090382866810033713e-01,5.093317212069180533e-01,5.086852459994537501e-01,5.069862512776718289e-01,5.041012231590014103e-01,4.998752472975042660e-01,4.941412859005662184e-01,4.868080293526392266e-01,4.775873663318088158e-01,4.655562622687222096e-01,4.507928540996040123e-01,4.329265677417074021e-01,4.116246372375553242e-01,3.866828828646272642e-01,3.581715481642905319e-01,3.266330470381492712e-01,2.932821914540542640e-01,2.600835089975201964e-01,2.295263983745634562e-01,2.040079463312790276e-01,1.850337071844370684e-01,1.727466552672530520e-01,1.661903514171000906e-01,1.641782680323084498e-01,1.661903514171134966e-01,1.727466552672768385e-01,1.850337071844568304e-01,2.040079463312813590e-01,2.295263983745640946e-01,2.600835089975273018e-01,2.932821914540499342e-01,3.266330470381528239e-01,3.581715481642757659e-01,3.866828828646102223e-01,4.116246372375538809e-01,4.329265677417006297e-01,4.507928540996050115e-01,4.655562622687197116e-01,4.775873663318151996e-01,4.868080293526376168e-01,4.941412859005670510e-01,4.998752472975044325e-01,5.041012231590024095e-01,5.069862512776714958e-01,5.086852459994525288e-01,5.093317212069158328e-01,5.090382866810030382e-01,5.078992426879737065e-01,5.059934772424765637e-01,5.033871471192752356e-01,5.001360040120393924e-01,4.962873569608415303e-01,4.918817063142316148e-01,4.869540962506858084e-01,4.815352320884389026e-01,4.756524033026197085e-01,4.693302467147273949e-01,4.625913781081483767e-01,4.554569150651610610e-01,4.479469092405395925e-01,4.400807025463386313e-01,4.318772187220908387e-01,4.233551993917995526e-01,4.145333918561256437e-01,4.054306944408889724e-01,3.960662641412934226e-01,3.864595904985891894e-01,3.766305390667081254e-01,3.665993674245345280e-01,3.563867164260063891e-01,3.460135792222091555e-01,3.355012505081406693e-01,3.248712584176763341e-01,3.141452814912199520e-01,3.033450531531378114e-01,2.924922561436041901e-01,2.816084093379631614e-01,2.707147493438213370e-01,2.598321091818148743e-01,2.489807962211089132e-01,2.381804713474827973e-01,2.274500310817767212e-01,2.168074940298560516e-01,2.062698926187797321e-01,1.958531705370043507e-01,1.855720856178298128e-01
9.575757575757576356e-01,1.793516281160910109e-01,1.893305358537261673e-01,1.994444251546746427e-01,2.096799463288554766e-01,2.200225756894957918e-01,2.304567080569301929e-01,2.409657531193638014e-01,2.515322363420404717e-01,2.621379044144047654e-01,2.727638346740700603e-01,2.833905475103809524e-01,2.939981204056402730e-01,3.045663020035344060e-01,3.150746243913919442e-01,3.255025116376358829e-01,3.358293825307780422e-01,3.460347454145443202e-01,3.560982829970746333e-01,3.659999250213918365e-01,3.757199067094713074e-01,3.852388109205853173e-01,3.945375919836833778e-01,4.035975791574346605e-01,4.124004576246726450e-01,4.209282248214784028e-01,4.291631197159255229e-01,4.370875223654519526e-01,4.446838206721761000e-01,4.519342406964669268e-01,4.588206361552040757e-01,4.653242317958986018e-01,4.714253141799109592e-01,4.771028620156511080e-01,4.823341065701742814e-01,4.870940109190809442e-01,4.913546550378128375e-01,4.950845123605352449e-01,4.982476032045594638e-01,5.008025129637071471e-01,5.027012715451062430e-01,5.038881125213092727e-01,5.042981835993584072e-01,5.038564127640765555e-01,5.024771074000180526e-01,5.000661802602346384e-01,4.965350840367470653e-01,4.920462763832051944e-01,4.855848253046320395e-01,4.775181719270301661e-01,4.676368339323730972e-01,4.557564477083850818e-01,4.417231360393247264e-01,4.254500552930575163e-01,4.069721580191344446e-01,3.865162291169520481e-01,3.645740703687657125e-01,3.419524360720185840e-01,3.197618444164599394e-01,2.993132863843897540e-01,2.819302141177779109e-01,2.687399801644119179e-01,2.605358538133651369e-01,2.577559828837753253e-01,2.605358538133564772e-01,2.687399801644142494e-01,2.819302141177720822e-01,2.993132863843792069e-01,3.197618444164677665e-01,3.419524360720110345e-01,3.645740703687714301e-01,3.865162291169585984e-01,4.069721580191392740e-01,4.254500552930595147e-01,4.417231360393277240e-01,4.557564477083823062e-01,4.676368339323726531e-01,4.775181719270273906e-01,4.855848253046346485e-01,4.920462763832066933e-01,4.965350840367470653e-01,5.000661802602385242e-01,5.024771074000190518e-01,5.038564127640782209e-01,5.042981835993545214e-01,5.038881125213078294e-01,5.027012715451056879e-01,5.008025129637079242e-01,4.982476032045583536e-01,4.950845123605355225e-01,4.913546550378088407e-01,4.870940109190838307e-01,4.823341065701773345e-01,4.771028620156520517e-01,4.714253141799077396e-01,4.653242317958991014e-01,4.588206361552016888e-01,4.519342406964673153e-01,4.446838206721770992e-01,4.370875223654541730e-01,4.291631197159261335e-01,4.209282248214785138e-01,4.124004576246729781e-01,4.035975791574341054e-01,3.945375919836836554e-01,3.852388109205859279e-01,3.757199067094694200e-01,3.659999250213927802e-01,3.560982829970741337e-01,3.460347454145455970e-01,3.358293825307779867e-01,3.255025116376367711e-01,3.150746243913933875e-01,3.045663020035345170e-01,2.939981204056408282e-01,2.833905475103812299e-01,2.727638346740702824e-01,2.621379044144052650e-01,2.515322363420399721e-01,2.409657531193630520e-01,2.304567080569304982e-01,2.200225756894961526e-01,2.096799463288560872e-01,1.994444251546736713e-01,1.893305358537261118e-01,1.793516281160908443e-01
9.613636363636364202e-01,1.734873679319809403e-01,1.831800282325848073e-01,1.930061646818913845e-01,2.029537098501135173e-01,2.130094356290050395e-01,2.231590422598737355e-01,2.333872496332891344e-01,2.436778919444092251e-01,2.540140160564456906e-01,2.643779833567115323e-01,2.747515744424007811e-01,2.851160956201576058e-01,2.954524859270159509e-01,3.057414231687921036e-01,3.159634273168570595e-01,3.260989594987921403e-01,3.361285147560655884e-01,3.460327067163154191e-01,3.557923423316374234e-01,3.653884848597563351e-01,3.748025033028883901e-01,3.840161065598020063e-01,3.930113605790850340e-01,4.017706868149109045e-01,4.102768402679289883e-01,4.185128653319447611e-01,4.264620275484699574e-01,4.341077191855070017e-01,4.414333362926047832e-01,4.484221245351716068e-01,4.550569906746296245e-01,4.613202760461130869e-01,4.671934878184904605e-01,4.726569832608073507e-01,4.776896018009227363e-01,4.822682395640707775e-01,4.863673617269841376e-01,4.899584501781019674e-01,4.930093891024356356e-01,4.954838021856406982e-01,4.973403786856926412e-01,4.985322777336885225e-01,4.990068273837479640e-01,4.987061047822844984e-01,4.975704327597855192e-01,4.955569197770173240e-01,4.926407959794333324e-01,4.883232151158767853e-01,4.828122369255621882e-01,4.759935354799609275e-01,4.677745266920304013e-01,4.580905745057995970e-01,4.469253585533016215e-01,4.343394747160935765e-01,4.205049944764117087e-01,4.057406110520498932e-01,3.905373234126533477e-01,3.755607647847429287e-01,3.616170814761569541e-01,3.495780573453387552e-01,3.402765526178528344e-01,3.343968823127480561e-01,3.323854575083045049e-01,3.343968823127649315e-01,3.402765526178593292e-01,3.495780573453294848e-01,3.616170814761517915e-01,3.755607647847311603e-01,3.905373234126560678e-01,4.057406110520487830e-01,4.205049944764107095e-01,4.343394747160903013e-01,4.469253585533022877e-01,4.580905745057992084e-01,4.677745266920367850e-01,4.759935354799634255e-01,4.828122369255623547e-01,4.883232151158782841e-01,4.926407959794313340e-01,4.955569197770176570e-01,4.975704327597825771e-01,4.987061047822827220e-01,4.990068273837480750e-01,4.985322777336892441e-01,4.973403786856942510e-01,4.954838021856418084e-01,4.930093891024340813e-01,4.899584501781021340e-01,4.863673617269839711e-01,4.822682395640732200e-01,4.776896018009247902e-01,4.726569832608064625e-01,4.671934878184924034e-01,4.613202760461163066e-01,4.550569906746311788e-01,4.484221245351746044e-01,4.414333362926046722e-01,4.341077191855066686e-01,4.264620275484712897e-01,4.185128653319443170e-01,4.102768402679315418e-01,4.017706868149091837e-01,3.930113605790849785e-01,3.840161065598014511e-01,3.748025033028903885e-01,3.653884848597570012e-01,3.557923423316363687e-01,3.460327067163167514e-01,3.361285147560646447e-01,3.260989594987900864e-01,3.159634273168583918e-01,3.057414231687915485e-01,2.954524859270150072e-01,2.851160956201571617e-01,2.747515744424005590e-01,2.643779833567113657e-01,2.540140160564443583e-01,2.436778919444094471e-01,2.333872496332903557e-01,2.231590422598733470e-01,2.130094356290047064e-01,2.029537098501134340e-01,1.930061646818905519e-01,1.831800282325847795e-01,1.734873679319803574e-01
9.651515151515152047e-01,1.679491921653687436e-01,1.773704218053767656e-01,1.869229359999058926e-01,1.965958398850821132e-01,2.063770913923363426e-01,2.162535878983607440e-01,2.262112535511159317e-01,2.362351287257814236e-01,2.463094622958997837e-01,2.564178068145234191e-01,2.665431162390179964e-01,2.766678454703858092e-01,2.867740506933899036e-01,2.968434892840465800e-01,3.068577178869728583e-01,3.167981871495412216e-01,3.266463315269083068e-01,3.363836525359136242e-01,3.459917938308444962e-01,3.554526064936541774e-01,3.647482029685213956e-01,3.738609981180862074e-01,3.827737359281965235e-01,3.914695004315558169e-01,3.999317094493786695e-01,4.081440897566891990e-01,4.160906322534801416e-01,4.237555256653106617e-01,4.311230671999080055e-01,4.381775484524466080e-01,4.449031146898256850e-01,4.512835954735470168e-01,4.573023044408781601e-01,4.629418060253716050e-01,4.681836470842681841e-01,4.730080520269872024e-01,4.773935814843600633e-01,4.813167575056954695e-01,4.847516640129994059e-01,4.876695424016784242e-01,4.900384246427974544e-01,4.918228951831659090e-01,4.929841953094335483e-01,4.934812658884064618e-01,4.932750472294525346e-01,4.923556712805577940e-01,4.905419698251906047e-01,4.877136416718931278e-01,4.839420000712853498e-01,4.791617745680832874e-01,4.733262826479930352e-01,4.664132298237341767e-01,4.584379049063975198e-01,4.494706563603130811e-01,4.396569430491538144e-01,4.292367605045959156e-01,4.185580868650759512e-01,4.080772441424649344e-01,3.983392179231199925e-01,3.899343908704643313e-01,3.834348727388297573e-01,3.793206587822344766e-01,3.779117993739334880e-01,3.793206587822370857e-01,3.834348727388263711e-01,3.899343908704637207e-01,3.983392179231342034e-01,4.080772441424688202e-01,4.185580868650756736e-01,4.292367605045980250e-01,4.396569430491527042e-01,4.494706563603163563e-01,4.584379049063979639e-01,4.664132298237338992e-01,4.733262826479930352e-01,4.791617745680838425e-01,4.839420000712835734e-01,4.877136416718914069e-01,4.905419698251915483e-01,4.923556712805588487e-01,4.932750472294515909e-01,4.934812658884047964e-01,4.929841953094326046e-01,4.918228951831653539e-01,4.900384246427950674e-01,4.876695424016767588e-01,4.847516640130007937e-01,4.813167575056938596e-01,4.773935814843600633e-01,4.730080520269879241e-01,4.681836470842686282e-01,4.629418060253725486e-01,4.573023044408767168e-01,4.512835954735457955e-01,4.449031146898245193e-01,4.381775484524457753e-01,4.311230671999081721e-01,4.237555256653116054e-01,4.160906322534800861e-01,4.081440897566881443e-01,3.999317094493788916e-01,3.914695004315575932e-01,3.827737359281981888e-01,3.738609981180849307e-01,3.647482029685236160e-01,3.554526064936549545e-01,3.459917938308454954e-01,3.363836525359154561e-01,3.266463315269080847e-01,3.167981871495424429e-01,3.068577178869733579e-01,2.968434892840478012e-01,2.867740506933902922e-01,2.766678454703856982e-01,2.665431162390171083e-01,2.564178068145262501e-01,2.463094622959009494e-01,2.362351287257822841e-01,2.262112535511159594e-01,2.162535878983601889e-01,2.063770913923371475e-01,1.965958398850820577e-01,1.869229359999065310e-01,1.773704218053766546e-01,1.679491921653687991e-01
9.689393939393939892e-01,1.627151939437218586e-01,1.718790462985865519e-01,1.811714383829722275e-01,1.905825522398725824e-01,2.001014353073413687e-01,2.097160857497761544e-01,2.194135368467454161e-01,2.291799422533591923e-01,2.390006631312197038e-01,2.488603575302200388e-01,2.587430719228077103e-01,2.686323344177106720e-01,2.785112488866675062e-01,2.883625890097663014e-01,2.981688910724363817e-01,3.079125442221907205e-01,3.175758768101951124e-01,3.271412373959965425e-01,3.365910689784981646e-01,3.459079750270031006e-01,3.550747759173451534e-01,3.640745544238714326e-01,3.728906889720679518e-01,3.815068734126901284e-01,3.899071221303863632e-01,3.980757593423473462e-01,4.059973914713103094e-01,4.136568614895523854e-01,4.210391841270561541e-01,4.281294608227576570e-01,4.349127732849490946e-01,4.413740545391045544e-01,4.474979364198619636e-01,4.532685726778862834e-01,4.586694373388343071e-01,4.636830988656471253e-01,4.682909723731618068e-01,4.724730552248752047e-01,4.762076569419574912e-01,4.794711448236837481e-01,4.822377474887220572e-01,4.844795046076441625e-01,4.861665722068339579e-01,4.872685089860976371e-01,4.877594076663209210e-01,4.876850928988604172e-01,4.866467599438624170e-01,4.848937425982032257e-01,4.823574551292431623e-01,4.789992078214151960e-01,4.747959555631400264e-01,4.697454538368713850e-01,4.638755849462277148e-01,4.572560992910462696e-01,4.500114816743576718e-01,4.423327566235055186e-01,4.344848382175696688e-01,4.268051011155070684e-01,4.196889829350511913e-01,4.135603440865804337e-01,4.088279897316287048e-01,4.058350009418165705e-01,4.048104848544519796e-01,4.058350009418160154e-01,4.088279897316238198e-01,4.135603440865815439e-01,4.196889829350538004e-01,4.268051011155076235e-01,4.344848382175724444e-01,4.423327566235056296e-01,4.500114816743586710e-01,4.572560992910508215e-01,4.638755849462280478e-01,4.697454538368720511e-01,4.747959555631395268e-01,4.789992078214186377e-01,4.823574551292419410e-01,4.848937425982031701e-01,4.866467599438595304e-01,4.876850928988605838e-01,4.877594076663199218e-01,4.872685089860991359e-01,4.861665722068327922e-01,4.844795046076440515e-01,4.822377474887210025e-01,4.794711448236849693e-01,4.762076569419568250e-01,4.724730552248752602e-01,4.682909723731611962e-01,4.636830988656473473e-01,4.586694373388331969e-01,4.532685726778870050e-01,4.474979364198626852e-01,4.413740545391039438e-01,4.349127732849484840e-01,4.281294608227593779e-01,4.210391841270553215e-01,4.136568614895502205e-01,4.059973914713110865e-01,3.980757593423482898e-01,3.899071221303861412e-01,3.815068734126925709e-01,3.728906889720695061e-01,3.640745544238710441e-01,3.550747759173441542e-01,3.459079750270038223e-01,3.365910689784979981e-01,3.271412373959966535e-01,3.175758768101949459e-01,3.079125442221905540e-01,2.981688910724364372e-01,2.883625890097660793e-01,2.785112488866655078e-01,2.686323344177105055e-01,2.587430719228088760e-01,2.488603575302205939e-01,2.390006631312188712e-01,2.291799422533603026e-01,2.194135368467456659e-01,2.097160857497764874e-01,2.001014353073427010e-01,1.905825522398712502e-01,1.811714383829721720e-01,1.718790462985871625e-01,1.627151939437218309e-01
9.727272727272727737e-01,1.577624539982799556e-01,1.666820626987698950e-01,1.757270076829535455e-01,1.848884637350067250e-01,1.941564819814791953e-01,2.035200749407285459e-01,2.129672989752176837e-01,2.224853363213289970e-01,2.320605779996971485e-01,2.416787082550796995e-01,2.513247906741821192e-01,2.609833557407612581e-01,2.706384892835447253e-01,2.802739210359010968e-01,2.898731123452941150e-01,2.994193419368702536e-01,3.088957885428211814e-01,3.182856091522950348e-01,3.275720116107779245e-01,3.367383202986620194e-01,3.457680336410875466e-01,3.546448722406200793e-01,3.633528164756774093e-01,3.718761324660445622e-01,3.801993853676838286e-01,3.883074390183844371e-01,3.961854410109799662e-01,4.038187923205631136e-01,4.111931006590141546e-01,4.182941167798740478e-01,4.251076530228746209e-01,4.316194834930388025e-01,4.378152254537031607e-01,4.436802018396808767e-01,4.491992853711375688e-01,4.543567257432004625e-01,4.591359630758445887e-01,4.635194337601976078e-01,4.674883800444407655e-01,4.710226843231258287e-01,4.741007683893413982e-01,4.766996421332145850e-01,4.787953106437548012e-01,4.803642287110448383e-01,4.813897436412192254e-01,4.818265645956985033e-01,4.815065681977634959e-01,4.805533238988313194e-01,4.789238324870327412e-01,4.765942176289978960e-01,4.735538080799438498e-01,4.698096481836799843e-01,4.653935284667651828e-01,4.603704732763955754e-01,4.548476902486005002e-01,4.489823676290388144e-01,4.429859335390650132e-01,4.371218497304806827e-01,4.316941059500484235e-01,4.270250048792784137e-01,4.234233010474858228e-01,4.211470189808754205e-01,4.203681190337055229e-01,4.211470189808806941e-01,4.234233010474862113e-01,4.270250048792781361e-01,4.316941059500504219e-01,4.371218497304787953e-01,4.429859335390660124e-01,4.489823676290433108e-01,4.548476902486016105e-01,4.603704732763995167e-01,4.653935284667685690e-01,4.698096481836747662e-01,4.735538080799474581e-01,4.765942176289998389e-01,4.789238324870342955e-01,4.805533238988266009e-01,4.815065681977661050e-01,4.818265645956987253e-01,4.813897436412235553e-01,4.803642287110445608e-01,4.787953106437553008e-01,4.766996421332154732e-01,4.741007683893397329e-01,4.710226843231264948e-01,4.674883800444382120e-01,4.635194337601988290e-01,4.591359630758433674e-01,4.543567257431999629e-01,4.491992853711362921e-01,4.436802018396761582e-01,4.378152254536999965e-01,4.316194834930392465e-01,4.251076530228762862e-01,4.182941167798743254e-01,4.111931006590123783e-01,4.038187923205638907e-01,3.961854410109793556e-01,3.883074390183878788e-01,3.801993853676823854e-01,3.718761324660457834e-01,3.633528164756784640e-01,3.546448722406191356e-01,3.457680336410886013e-01,3.367383202986620194e-01,3.275720116107770363e-01,3.182856091522913711e-01,3.088957885428212924e-01,2.994193419368687548e-01,2.898731123452950587e-01,2.802739210359020405e-01,2.706384892835462797e-01,2.609833557407615912e-01,2.513247906741823412e-01,2.416787082550797272e-01,2.320605779996959550e-01,2.224853363213300517e-01,2.129672989752169621e-01,2.035200749407287402e-01,1.941564819814799170e-01,1.848884637350078630e-01,1.757270076829532401e-01,1.666820626987687570e-01,1.577624539982788732e-01
9.765151515151515582e-01,1.530819168089060101e-01,1.617702463862234763e-01,1.705803468560031788e-01,1.795043126244889875e-01,1.885331230180705697e-01,1.976567280626634338e-01,2.068641299589713822e-01,2.161434627992566415e-01,2.254820721310200893e-01,2.348665952761129216e-01,2.442830427858973252e-01,2.537168810064097113e-01,2.631531154112130011e-01,2.725763741136045248e-01,2.819709907802770976e-01,2.913210860264427993e-01,3.006106462706005789e-01,3.098235989606370477e-01,3.189438830468701025e-01,3.279555135681235800e-01,3.368426392294220362e-01,3.455895918807910250e-01,3.541809268512722819e-01,3.626014531470787561e-01,3.708362525838855839e-01,3.788706869875903549e-01,3.866903926638166067e-01,3.942812614034280627e-01,4.016294073622825311e-01,4.087211192347510735e-01,4.155427972446212315e-01,4.220808746256456412e-01,4.283217234926996464e-01,4.342515453703114092e-01,4.398562472412920199e-01,4.451213049560992507e-01,4.500316174639929501e-01,4.545713580591657088e-01,4.587238336038126363e-01,4.624713715370406542e-01,4.657952726445019898e-01,4.686759112975619757e-01,4.710931986412196792e-01,4.730282168039258162e-01,4.744724202188406736e-01,4.753119438929351293e-01,4.755426250699296142e-01,4.751985631693912970e-01,4.742523492012534758e-01,4.726884428742640365e-01,4.705025650378195090e-01,4.677056609744752458e-01,4.643294970111450648e-01,4.604332013589860773e-01,4.561099599054682097e-01,4.514926061513727662e-01,4.467563024814880102e-01,4.421161004212108003e-01,4.378174273016331997e-01,4.341183983477989727e-01,4.312648650523456251e-01,4.294615191432096801e-01,4.288444782402817679e-01,4.294615191432113455e-01,4.312648650523442373e-01,4.341183983477991948e-01,4.378174273016319784e-01,4.421161004212091905e-01,4.467563024814876771e-01,4.514926061513728772e-01,4.561099599054658227e-01,4.604332013589803041e-01,4.643294970111431774e-01,4.677056609744755789e-01,4.705025650378210633e-01,4.726884428742645361e-01,4.742523492012568065e-01,4.751985631693914081e-01,4.755426250699280044e-01,4.753119438929364060e-01,4.744724202188379536e-01,4.730282168039291468e-01,4.710931986412184025e-01,4.686759112975597552e-01,4.657952726445021008e-01,4.624713715370392109e-01,4.587238336038139686e-01,4.545713580591664860e-01,4.500316174639919509e-01,4.451213049560995838e-01,4.398562472412912427e-01,4.342515453703131301e-01,4.283217234926993133e-01,4.220808746256456967e-01,4.155427972446194551e-01,4.087211192347507405e-01,4.016294073622806993e-01,3.942812614034261198e-01,3.866903926638160516e-01,3.788706869875899663e-01,3.708362525838853618e-01,3.626014531470795332e-01,3.541809268512735032e-01,3.455895918807916911e-01,3.368426392294222027e-01,3.279555135681222477e-01,3.189438830468693253e-01,3.098235989606349938e-01,3.006106462706015225e-01,2.913210860264427993e-01,2.819709907802784299e-01,2.725763741136034146e-01,2.631531154112131676e-01,2.537168810064085456e-01,2.442830427858975750e-01,2.348665952761128939e-01,2.254820721310203113e-01,2.161434627992566693e-01,2.068641299589714100e-01,1.976567280626632672e-01,1.885331230180703754e-01,1.795043126244892373e-01,1.705803468560034841e-01,1.617702463862251139e-01,1.530819168089050109e-01
9.803030303030304538e-01,1.486640003371134389e-01,1.571337620311700767e-01,1.657214441892934376e-01,1.744199977081127562e-01,1.832212640241462354e-01,1.921160626236994018e-01,2.010942724709735840e-01,2.101449102902733235e-01,2.192562076161015949e-01,2.284156877763654780e-01,2.376102434128427865e-01,2.468262147148141405e-01,2.560494682107989917e-01,2.652654757062694046e-01,2.744593927566643110e-01,2.836161359143208882e-01,2.927204578775328137e-01,3.017570195941646771e-01,3.107104583266490638e-01,3.195654506653263227e-01,3.283067694797171532e-01,3.369193338183142927e-01,3.453882508035525101e-01,3.536988486162725431e-01,3.618366997202902557e-01,3.697876335399026826e-01,3.775377378704033449e-01,3.850733483733763673e-01,3.923810255881223785e-01,3.994475189832440432e-01,4.062597176905203278e-01,4.128045877253866958e-01,4.190690957370263314e-01,4.250401196963719541e-01,4.307043475048100145e-01,4.360481654246576300e-01,4.410575397274203446e-01,4.457178974552022388e-01,4.500140165616430266e-01,4.539299439408739922e-01,4.574489773944621085e-01,4.605537925291455226e-01,4.632269473003700067e-01,4.654527931396367224e-01,4.672360825490157743e-01,4.683947503154554659e-01,4.690536501501769151e-01,4.691826594158253760e-01,4.687622086145815103e-01,4.677813410451490683e-01,4.662388226930501145e-01,4.641466764311716342e-01,4.615348591137578005e-01,4.584566068406117356e-01,4.549938033131208370e-01,4.512613403988015026e-01,4.474089907747162420e-01,4.436190894916737237e-01,4.400983832646678806e-01,4.370632751039362218e-01,4.347191939139340988e-01,4.332367946820372406e-01,4.327294099657585380e-01,4.332367946820367965e-01,4.347191939139362082e-01,4.370632751039355002e-01,4.400983832646697125e-01,4.436190894916751115e-01,4.474089907747131334e-01,4.512613403988030569e-01,4.549938033131205595e-01,4.584566068406107364e-01,4.615348591137593548e-01,4.641466764311726334e-01,4.662388226930522239e-01,4.677813410451525655e-01,4.687622086145808442e-01,4.691826594158275965e-01,4.690536501501784694e-01,4.683947503154536340e-01,4.672360825490188274e-01,4.654527931396341134e-01,4.632269473003689519e-01,4.605537925291419699e-01,4.574489773944594440e-01,4.539299439408750469e-01,4.500140165616450805e-01,4.457178974552025719e-01,4.410575397274215104e-01,4.360481654246566308e-01,4.307043475048088488e-01,4.250401196963715655e-01,4.190690957370242775e-01,4.128045877253864737e-01,4.062597176905172192e-01,3.994475189832439876e-01,3.923810255881226006e-01,3.850733483733780327e-01,3.775377378704031783e-01,3.697876335399040704e-01,3.618366997202895341e-01,3.536988486162755407e-01,3.453882508035541199e-01,3.369193338183148478e-01,3.283067694797159319e-01,3.195654506653258231e-01,3.107104583266492304e-01,3.017570195941648437e-01,2.927204578775318700e-01,2.836161359143217764e-01,2.744593927566635339e-01,2.652654757062685165e-01,2.560494682108002684e-01,2.468262147148141128e-01,2.376102434128424534e-01,2.284156877763669768e-01,2.192562076161025386e-01,2.101449102902739619e-01,2.010942724709741669e-01,1.921160626236994573e-01,1.832212640241462354e-01,1.744199977081129227e-01,1.657214441892934098e-01,1.571337620311705763e-01,1.486640003371135776e-01
9.840909090909091272e-01,1.444950185150724598e-01,1.527583951015916430e-01,1.611356166763823483e-01,1.696204369260485567e-01,1.782055022644524200e-01,1.868824420737272840e-01,1.956419509942120272e-01,2.044738666174725772e-01,2.133672448177484082e-01,2.223104341468704059e-01,2.312911501168524453e-01,2.402965497401283179e-01,2.493133063487119327e-01,2.583276844438351927e-01,2.673256141190676338e-01,2.762927644403344041e-01,2.852146150473352515e-01,2.940765251563923210e-01,3.028637990897799503e-01,3.115617474271811238e-01,3.201557428675004258e-01,3.286312699002629789e-01,3.369739674122882445e-01,3.451696633941108705e-01,3.532044009590267764e-01,3.610644549437778128e-01,3.687363384223124041e-01,3.762067985331212783e-01,3.834628010986871893e-01,3.904915036079878443e-01,3.972802162500531087e-01,4.038163508454759576e-01,4.100873577515916635e-01,4.160806511611037095e-01,4.217835237458938957e-01,4.271830524399414242e-01,4.322659985195691501e-01,4.370187074276784545e-01,4.414270178444379966e-01,4.454761973715999357e-01,4.491509397704262496e-01,4.524355072737818451e-01,4.553142857964610490e-01,4.577742216418270726e-01,4.597851824372796159e-01,4.612508055212198865e-01,4.622491607171958505e-01,4.627516930191292732e-01,4.627429815904022248e-01,4.622143564626330359e-01,4.611656382834837253e-01,4.596083521094637692e-01,4.575698131349096864e-01,4.550977408117516387e-01,4.522648581162437842e-01,4.491725892925326202e-01,4.459526088388087728e-01,4.427647425562350469e-01,4.397898505990673890e-01,4.372169967700749171e-01,4.352255249007154214e-01,4.339643676164391395e-01,4.335324188215189944e-01,4.339643676164378627e-01,4.352255249007169202e-01,4.372169967700755278e-01,4.397898505990659457e-01,4.427647425562341033e-01,4.459526088388084397e-01,4.491725892925330643e-01,4.522648581162428405e-01,4.550977408117510836e-01,4.575698131349139053e-01,4.596083521094623259e-01,4.611656382834881107e-01,4.622143564626334244e-01,4.627429815904023913e-01,4.627516930191274969e-01,4.622491607171972938e-01,4.612508055212173885e-01,4.597851824372811147e-01,4.577742216418270171e-01,4.553142857964659895e-01,4.524355072737780148e-01,4.491509397704246953e-01,4.454761973715980483e-01,4.414270178444386072e-01,4.370187074276793981e-01,4.322659985195680399e-01,4.271830524399413687e-01,4.217835237458932296e-01,4.160806511611067626e-01,4.100873577515939394e-01,4.038163508454749584e-01,3.972802162500529977e-01,3.904915036079880108e-01,3.834628010986886326e-01,3.762067985331218889e-01,3.687363384223110163e-01,3.610644549437782014e-01,3.532044009590265543e-01,3.451696633941112036e-01,3.369739674122900208e-01,3.286312699002619797e-01,3.201557428675004813e-01,3.115617474271818454e-01,3.028637990897794507e-01,2.940765251563924876e-01,2.852146150473332531e-01,2.762927644403345151e-01,2.673256141190684110e-01,2.583276844438350262e-01,2.493133063487115164e-01,2.402965497401288730e-01,2.312911501168512241e-01,2.223104341468699618e-01,2.133672448177484082e-01,2.044738666174724662e-01,1.956419509942119161e-01,1.868824420737268954e-01,1.782055022644522813e-01,1.696204369260482514e-01,1.611356166763820985e-01,1.527583951015913932e-01,1.444950185150732924e-01
9.878787878787880228e-01,1.405595161506889013e-01,1.486280193888741274e-01,1.568061138301211355e-01,1.650883109260831705e-01,1.734680132062621782e-01,1.819376082657175042e-01,1.904885528171548215e-01,1.991114506168543408e-01,2.077961268412976403e-01,2.165317006081997897e-01,2.253066566876001098e-01,2.341089169632567801e-01,2.429259118349411661e-01,2.517446514677030844e-01,2.605517965741963038e-01,2.693337282473556304e-01,2.780766162329962876e-01,2.867664849390254012e-01,2.953892764140289007e-01,3.039309094895120134e-01,3.123773342628793359e-01,3.207145810994435076e-01,3.289288033481842510e-01,3.370063129950200409e-01,3.449336085164112498e-01,3.526973942433852538e-01,3.602845906004075172e-01,3.676823346449529240e-01,3.748779704042066174e-01,3.818590285897440206e-01,3.886131953781083448e-01,3.951282700904177325e-01,4.013921118119521680e-01,4.073925753041390263e-01,4.131174370420383490e-01,4.185543129732172130e-01,4.236905708389233638e-01,4.285132420183540014e-01,4.330089417123003659e-01,4.371638140777178161e-01,4.409635374783321682e-01,4.443934812321838623e-01,4.474393502647566745e-01,4.500908057210787350e-01,4.522860516859033009e-01,4.540077459756662326e-01,4.552795583309652283e-01,4.560815880805835776e-01,4.564004404768227108e-01,4.562282296638727197e-01,4.555645454986361198e-01,4.544194387295537041e-01,4.528171376477211907e-01,4.508002392853689977e-01,4.484339073095072181e-01,4.458092890431798461e-01,4.430450209204649381e-01,4.402854579941188895e-01,4.376943447313216273e-01,4.354432440798561843e-01,4.336952365046222724e-01,4.325859836167112449e-01,4.322056798591221716e-01,4.325859836167080252e-01,4.336952365046234936e-01,4.354432440798550186e-01,4.376943447313245694e-01,4.402854579941167801e-01,4.430450209204631062e-01,4.458092890431779587e-01,4.484339073095055528e-01,4.508002392853675544e-01,4.528171376477194143e-01,4.544194387295559800e-01,4.555645454986383958e-01,4.562282296638765500e-01,4.564004404768216561e-01,4.560815880805852429e-01,4.552795583309653948e-01,4.540077459756695077e-01,4.522860516859066871e-01,4.500908057210767921e-01,4.474393502647545096e-01,4.443934812321834738e-01,4.409635374783298922e-01,4.371638140777168724e-01,4.330089417122985340e-01,4.285132420183541124e-01,4.236905708389226977e-01,4.185543129732164913e-01,4.131174370420392372e-01,4.073925753041366393e-01,4.013921118119525566e-01,3.951282700904166778e-01,3.886131953781103432e-01,3.818590285897444647e-01,3.748779704042078387e-01,3.676823346449535346e-01,3.602845906004067400e-01,3.526973942433852538e-01,3.449336085164108612e-01,3.370063129950200964e-01,3.289288033481844731e-01,3.207145810994437851e-01,3.123773342628790028e-01,3.039309094895101815e-01,2.953892764140280680e-01,2.867664849390250681e-01,2.780766162329965097e-01,2.693337282473551864e-01,2.605517965741973585e-01,2.517446514677024183e-01,2.429259118349401114e-01,2.341089169632550038e-01,2.253066566876012755e-01,2.165317006082000950e-01,2.077961268412975293e-01,1.991114506168542020e-01,1.904885528171550990e-01,1.819376082657177263e-01,1.734680132062627611e-01,1.650883109260828374e-01,1.568061138301213575e-01,1.486280193888741552e-01,1.405595161506895951e-01
9.916666666666666963e-01,1.368362745252186818e-01,1.447204826445299686e-01,1.527098979135097512e-01,1.607997532012454267e-01,1.689841665914378344e-01,1.772562401525552833e-01,1.856081466468905428e-01,1.940312084895399469e-01,2.025159719027820604e-01,2.110522782426092203e-01,2.196293337705000903e-01,2.282357786212773354e-01,2.368597553234154385e-01,2.454889769262297849e-01,2.541107945555960423e-01,2.627122640406657217e-01,2.712802111174753006e-01,2.798012946137478640e-01,2.882620669469232455e-01,2.966490312199597801e-01,3.049486941730840117e-01,3.131476142412113473e-01,3.212324439733370562e-01,3.291899660890017509e-01,3.370071224759158546e-01,3.446710354698254708e-01,3.521690208017667634e-01,3.594885916486485478e-01,3.666174532824970078e-01,3.735434878850633078e-01,3.802547291861918533e-01,3.867393267092430476e-01,3.929854995873580670e-01,3.989814801874717043e-01,4.047154482059048264e-01,4.101754565877335224e-01,4.153493517698988446e-01,4.202246927607111160e-01,4.247886773842807773e-01,4.290280921965347605e-01,4.329293236581664428e-01,4.364785393203926001e-01,4.396625141502173983e-01,4.424758677275316687e-01,4.448310941470154378e-01,4.467603068001461120e-01,4.482564857211818188e-01,4.493029517940306805e-01,4.498869645943561202e-01,4.500003499426952214e-01,4.496415320402643023e-01,4.488183644498988101e-01,4.475516369739790390e-01,4.458790662223479084e-01,4.438593624021686113e-01,4.415756467550384645e-01,4.391371508056611250e-01,4.366778697288224986e-01,4.343508764830318891e-01,4.323175425470878741e-01,4.307320568840001807e-01,4.297232083644244027e-01,4.293768644210695928e-01,4.297232083644244027e-01,4.307320568840004027e-01,4.323175425470893174e-01,4.343508764830323332e-01,4.366778697288227207e-01,4.391371508056575723e-01,4.415756467550370767e-01,4.438593624021659467e-01,4.458790662223512391e-01,4.475516369739801492e-01,4.488183644498990876e-01,4.496415320402672999e-01,4.500003499426951104e-01,4.498869645943560647e-01,4.493029517940325124e-01,4.482564857211849829e-01,4.467603068001433364e-01,4.448310941470143276e-01,4.424758677275319463e-01,4.396625141502176759e-01,4.364785393203934327e-01,4.329293236581657212e-01,4.290280921965344829e-01,4.247886773842826091e-01,4.202246927607098947e-01,4.153493517699000659e-01,4.101754565877330228e-01,4.047154482059049374e-01,3.989814801874705941e-01,3.929854995873609536e-01,3.867393267092425480e-01,3.802547291861920753e-01,3.735434878850624751e-01,3.666174532824982291e-01,3.594885916486486033e-01,3.521690208017668189e-01,3.446710354698289125e-01,3.370071224759149664e-01,3.291899660890010848e-01,3.212324439733358905e-01,3.131476142412119579e-01,3.049486941730840672e-01,2.966490312199598356e-01,2.882620669469208030e-01,2.798012946137468648e-01,2.712802111174770214e-01,2.627122640406657217e-01,2.541107945555954317e-01,2.454889769262301735e-01,2.368597553234159103e-01,2.282357786212774464e-01,2.196293337705012005e-01,2.110522782426087207e-01,2.025159719027816163e-01,1.940312084895411682e-01,1.856081466468896546e-01,1.772562401525548947e-01,1.689841665914379454e-01,1.607997532012462316e-01,1.527098979135102508e-01,1.447204826445301629e-01,1.368362745252197643e-01
9.954545454545455918e-01,1.333119007559413760e-01,1.410217494565682572e-01,1.488323231811406189e-01,1.567395471771801663e-01,1.647382214659529609e-01,1.728221254811823093e-01,1.809841083497433500e-01,1.892161696835510387e-01,1.975095342312258584e-01,2.058547226694791843e-01,2.142416200452736952e-01,2.226595428143474942e-01,2.310973049979581084e-01,2.395432836574576951e-01,2.479854836387787864e-01,2.564116013482961032e-01,2.648090871753279174e-01,2.731652060663638526e-01,2.814670956752912678e-01,2.897018214579368256e-01,2.978564280439973122e-01,3.059179862016946361e-01,3.138736347073595723e-01,3.217106164408783942e-01,3.294163080464397320e-01,3.369782425239616352e-01,3.443841241492635596e-01,3.516218351593881075e-01,3.586794336850039344e-01,3.655451424675274508e-01,3.722073279708807969e-01,3.786544695986690523e-01,3.848751188770680454e-01,3.908578486962051013e-01,3.965911930779026928e-01,4.020635785627702519e-01,4.072632493939177256e-01,4.121781906686300956e-01,4.167960576451186783e-01,4.211041286784001358e-01,4.250893255859438113e-01,4.287384458410619659e-01,4.320393852700256665e-01,4.349878317257640514e-01,4.374883505964122787e-01,4.395912196648910641e-01,4.412755953968189870e-01,4.425258596074887474e-01,4.433289406374478214e-01,4.436755219165104402e-01,4.435620713417862127e-01,4.429935729317728832e-01,4.419869453540771209e-01,4.405750086136266397e-01,4.388106421319554751e-01,4.367704577997179594e-01,4.345569306620094552e-01,4.322976198912422130e-01,4.301400754613418087e-01,4.282415100118375229e-01,4.267534683656772909e-01,4.258034011271382147e-01,4.254766844596949427e-01,4.258034011271384367e-01,4.267534683656784567e-01,4.282415100118419637e-01,4.301400754613425303e-01,4.322976198912417689e-01,4.345569306620084560e-01,4.367704577997192361e-01,4.388106421319526995e-01,4.405750086136286936e-01,4.419869453540777315e-01,4.429935729317727722e-01,4.435620713417874894e-01,4.436755219165117725e-01,4.433289406374490427e-01,4.425258596074886364e-01,4.412755953968212075e-01,4.395912196648908421e-01,4.374883505964133334e-01,4.349878317257626081e-01,4.320393852700250004e-01,4.287384458410613552e-01,4.250893255859442554e-01,4.211041286783986370e-01,4.167960576451191224e-01,4.121781906686300401e-01,4.072632493939162823e-01,4.020635785627696968e-01,3.965911930779031924e-01,3.908578486962064336e-01,3.848751188770696552e-01,3.786544695986677200e-01,3.722073279708802973e-01,3.655451424675276728e-01,3.586794336850047671e-01,3.516218351593898284e-01,3.443841241492649474e-01,3.369782425239596368e-01,3.294163080464396764e-01,3.217106164408790603e-01,3.138736347073571298e-01,3.059179862016957463e-01,2.978564280439973122e-01,2.897018214579380468e-01,2.814670956752915454e-01,2.731652060663639636e-01,2.648090871753274178e-01,2.564116013482958256e-01,2.479854836387792305e-01,2.395432836574569457e-01,2.310973049979590799e-01,2.226595428143469391e-01,2.142416200452743891e-01,2.058547226694794618e-01,1.975095342312268853e-01,1.892161696835513718e-01,1.809841083497409353e-01,1.728221254811816154e-01,1.647382214659527111e-01,1.567395471771804716e-01,1.488323231811404246e-01,1.410217494565672580e-01,1.333119007559410429e-01
9.992424242424242653e-01,1.299873802353790075e-01,1.375327659917170986e-01,1.451743097039440433e-01,1.529086057374695884e-01,1.607311077935399402e-01,1.686362405977663848e-01,1.766174947242975524e-01,1.846675100518898605e-01,1.927781516466035017e-01,2.009405806806261741e-01,2.091453221516440808e-01,2.173823305510509118e-01,2.256410541713179951e-01,2.339104983969043372e-01,2.421792880585128538e-01,2.504357287270637666e-01,2.586678666671655136e-01,2.668635470506903751e-01,2.750104699417645349e-01,2.830962435003373523e-01,2.911084338075522471e-01,2.990346106898020828e-01,3.068623889056876219e-01,3.145794640591367819e-01,3.221736426098631978e-01,3.296328653672583320e-01,3.369452238742968730e-01,3.440989691130338923e-01,3.510825119937069361e-01,3.578844151272589369e-01,3.644933754322431385e-01,3.708981972014623318e-01,3.770877553707118746e-01,3.830509489246182731e-01,3.887766447034393114e-01,3.942536124558204125e-01,3.994704530538505938e-01,4.044155238966880006e-01,4.090768701245179328e-01,4.134421818963874284e-01,4.174988346175920739e-01,4.212342294676904575e-01,4.246379638912679555e-01,4.276953797368483468e-01,4.303378264015890187e-01,4.325907870760629104e-01,4.344376797341670260e-01,4.358627471151277910e-01,4.368517986820055765e-01,4.373936101256824527e-01,4.374819030806526010e-01,4.371180285688593958e-01,4.363143827371626648e-01,4.350984964239191788e-01,4.335175018938504654e-01,4.316423341150458781e-01,4.295705907625588238e-01,4.274265668974926435e-01,4.253568281092512948e-01,4.235200972398264763e-01,4.220714367096917163e-01,4.211426144328421772e-01,4.208225279800327234e-01,4.211426144328416221e-01,4.220714367096937147e-01,4.235200972398233676e-01,4.253568281092492964e-01,4.274265668974981391e-01,4.295705907625576581e-01,4.316423341150484871e-01,4.335175018938502989e-01,4.350984964239180131e-01,4.363143827371634975e-01,4.371180285688602285e-01,4.374819030806541553e-01,4.373936101256824527e-01,4.368517986820061871e-01,4.358627471151302335e-01,4.344376797341682472e-01,4.325907870760618001e-01,4.303378264015869648e-01,4.276953797368481802e-01,4.246379638912686216e-01,4.212342294676907906e-01,4.174988346175941278e-01,4.134421818963881501e-01,4.090768701245171557e-01,4.044155238966873900e-01,3.994704530538522591e-01,3.942536124558194133e-01,3.887766447034399220e-01,3.830509489246182731e-01,3.770877553707120966e-01,3.708981972014601669e-01,3.644933754322450814e-01,3.578844151272596030e-01,3.510825119937064920e-01,3.440989691130347250e-01,3.369452238742969286e-01,3.296328653672567777e-01,3.221736426098637529e-01,3.145794640591390023e-01,3.068623889056868448e-01,2.990346106898011391e-01,2.911084338075531908e-01,2.830962435003383515e-01,2.750104699417666998e-01,2.668635470506878771e-01,2.586678666671659022e-01,2.504357287270634891e-01,2.421792880585141861e-01,2.339104983969043650e-01,2.256410541713195217e-01,2.173823305510501069e-01,2.091453221516442751e-01,2.009405806806260075e-01,1.927781516466032796e-01,1.846675100518898605e-01,1.766174947242967197e-01,1.686362405977665235e-01,1.607311077935400512e-01,1.529086057374697549e-01,1.451743097039442931e-01,1.375327659917175427e-01,1.299873802353793961e-01
1.003030303030303161e+00,1.268548405913287880e-01,1.342450666625946143e-01,1.417267975968374005e-01,1.492972791874914718e-01,1.569525957466482990e-01,1.646877901406327005e-01,1.724969642018647775e-01,1.803733657232088061e-01,1.883094663282209036e-01,1.962970331896069232e-01,2.043271966341582146e-01,2.123905149971304085e-01,2.204770375911242197e-01,2.285763662808804331e-01,2.366777158713018747e-01,2.447699732979249365e-01,2.528417554412656920e-01,2.608814652576204041e-01,2.688773458212311285e-01,2.768175318003166518e-01,2.846900978375462854e-01,2.924831032706785572e-01,3.001846326077319826e-01,3.077828311606802814e-01,3.152659352395500436e-01,3.226222963128010934e-01,3.298403985482044054e-01,3.369088691599678165e-01,3.438164810024899043e-01,3.505521468706478405e-01,3.571049049953557986e-01,3.634638952710258497e-01,3.696183258364645896e-01,3.755574297874886280e-01,3.812704120940759167e-01,3.867463873624878978e-01,3.919743102205953678e-01,3.969429025433917069e-01,4.016405875406347525e-01,4.060554568869769176e-01,4.101753537717144349e-01,4.139884431759988104e-01,4.174880987580545377e-01,4.206522162560775158e-01,4.234194927659783447e-01,4.258076745720180689e-01,4.278007515060631150e-01,4.293820286879935777e-01,4.305355130791987950e-01,4.312472938348420604e-01,4.315074708089874367e-01,4.313127739778996883e-01,4.306700420836029330e-01,4.296005672631615924e-01,4.281450943195890257e-01,4.263688865517007986e-01,4.243657452595365753e-01,4.222593011009209696e-01,4.201995432243719741e-01,4.183528260444458469e-01,4.168848834879574916e-01,4.159387029688347281e-01,4.156117585200018727e-01,4.159387029688329518e-01,4.168848834879587684e-01,4.183528260444456803e-01,4.201995432243723627e-01,4.222593011009229125e-01,4.243657452595373525e-01,4.263688865517007986e-01,4.281450943195911907e-01,4.296005672631607042e-01,4.306700420836029886e-01,4.313127739779000769e-01,4.315074708089866595e-01,4.312472938348436702e-01,4.305355130791990170e-01,4.293820286879914128e-01,4.278007515060627264e-01,4.258076745720160150e-01,4.234194927659793994e-01,4.206522162560780154e-01,4.174880987580551484e-01,4.139884431759970340e-01,4.101753537717154341e-01,4.060554568869770842e-01,4.016405875406340864e-01,3.969429025433937608e-01,3.919743102205927587e-01,3.867463873624866211e-01,3.812704120940754171e-01,3.755574297874887946e-01,3.696183258364638125e-01,3.634638952710258497e-01,3.571049049953567422e-01,3.505521468706478960e-01,3.438164810024901819e-01,3.369088691599675389e-01,3.298403985482034062e-01,3.226222963127999832e-01,3.152659352395510983e-01,3.077828311606811140e-01,3.001846326077320937e-01,2.924831032706778355e-01,2.846900978375458968e-01,2.768175318003157082e-01,2.688773458212324052e-01,2.608814652576214033e-01,2.528417554412671353e-01,2.447699732979246312e-01,2.366777158713020968e-01,2.285763662808803776e-01,2.204770375911243585e-01,2.123905149971316297e-01,2.043271966341587975e-01,1.962970331896080056e-01,1.883094663282206815e-01,1.803733657232086118e-01,1.724969642018643889e-01,1.646877901406338385e-01,1.569525957466483268e-01,1.492972791874913052e-01,1.417267975968371230e-01,1.342450666625944200e-01,1.268548405913280941e-01
1.006818181818181834e+00,1.239049851259024088e-01,1.311489540717416524e-01,1.384797259026676053e-01,1.458951868452881551e-01,1.533920349009254280e-01,1.609659096465046457e-01,1.686114993498387393e-01,1.763226324150214963e-01,1.840923580138289772e-01,1.919130192794560319e-01,1.997763214010377375e-01,2.076733962131390721e-01,2.155948643298032097e-01,2.235308954669541215e-01,2.314712672901785284e-01,2.394054228903120807e-01,2.473225268087982098e-01,2.552115193958445216e-01,2.630611691779538575e-01,2.708601228309768794e-01,2.785969522952201349e-01,2.862601985263593662e-01,2.938384113465426495e-01,3.013201848410276829e-01,3.086941877342641583e-01,3.159491881732854335e-01,3.230740723430711725e-01,3.300578563373219310e-01,3.368896907076510683e-01,3.435588571159904903e-01,3.500547565228782632e-01,3.563668883673482557e-01,3.624848202514302509e-01,3.683981477722426123e-01,3.740964444263297217e-01,3.795692021161345409e-01,3.848057641211516389e-01,3.897952555138393116e-01,3.945265240896556613e-01,3.989881295271902606e-01,4.031685147614148534e-01,4.070570740897707096e-01,4.106721129724654751e-01,4.139243540935687027e-01,4.168106720772152829e-01,4.193288732496960880e-01,4.214623599318498837e-01,4.231929313703732265e-01,4.245021355945256536e-01,4.253725793793391441e-01,4.257896729968666527e-01,4.257441729493662841e-01,4.252357287126457552e-01,4.242775755266832149e-01,4.229023053911739050e-01,4.211682413143097437e-01,4.191652889622425882e-01,4.170183099684584560e-01,4.148853394728198585e-01,4.129479289123213492e-01,4.113922316363550769e-01,4.103824663059766342e-01,4.100323024453407239e-01,4.103824663059772448e-01,4.113922316363576304e-01,4.129479289123192398e-01,4.148853394728185262e-01,4.170183099684574568e-01,4.191652889622411449e-01,4.211682413143091330e-01,4.229023053911729613e-01,4.242775755266841586e-01,4.252357287126433127e-01,4.257441729493661731e-01,4.257896729968675964e-01,4.253725793793380339e-01,4.245021355945239883e-01,4.231929313703728379e-01,4.214623599318485514e-01,4.193288732496963656e-01,4.168106720772166707e-01,4.139243540935697019e-01,4.106721129724644759e-01,4.070570740897703765e-01,4.031685147614151865e-01,3.989881295271891504e-01,3.945265240896559944e-01,3.897952555138397002e-01,3.848057641211529156e-01,3.795692021161298779e-01,3.740964444263310540e-01,3.683981477722423903e-01,3.624848202514314721e-01,3.563668883673485888e-01,3.500547565228794289e-01,3.435588571159912674e-01,3.368896907076514013e-01,3.300578563373215979e-01,3.230740723430707839e-01,3.159491881732861551e-01,3.086941877342652130e-01,3.013201848410264616e-01,2.938384113465441483e-01,2.862601985263588666e-01,2.785969522952209676e-01,2.708601228309782116e-01,2.630611691779539685e-01,2.552115193958452433e-01,2.473225268087985707e-01,2.394054228903109149e-01,2.314712672901776958e-01,2.235308954669553427e-01,2.155948643298048750e-01,2.076733962131399880e-01,1.997763214010376542e-01,1.919130192794568368e-01,1.840923580138296156e-01,1.763226324150218294e-01,1.686114993498395997e-01,1.609659096465059225e-01,1.533920349009259831e-01,1.458951868452880440e-01,1.384797259026677441e-01,1.311489540717417912e-01,1.239049851259027279e-01
1.010606060606060730e+00,1.211271367211383954e-01,1.282331467125873425e-01,1.354212325923479232e-01,1.426899160538598332e-01,1.500364973528814094e-01,1.574571964482929520e-01,1.649472680339403863e-01,1.725010984060447172e-01,1.801122896616837998e-01,1.877737350588868370e-01,1.954776882099046043e-01,2.032158279544802604e-01,2.109793201608676783e-01,2.187588772593413722e-01,2.265448159797506245e-01,2.343271135113806913e-01,2.420954621087968717e-01,2.498393220174586482e-01,2.575479724774952239e-01,2.652105604756187507e-01,2.728161468483421004e-01,2.803537492897585914e-01,2.878123817806487739e-01,2.951810899291552048e-01,3.024489816940107989e-01,3.096052529464523029e-01,3.166392073143922126e-01,3.235402697400893701e-01,3.302979931696666260e-01,3.369020577799676230e-01,3.433422621391183926e-01,3.496085057018039066e-01,3.556907620801473824e-01,3.615790426534967184e-01,3.672633503882059558e-01,3.727336244686426658e-01,3.779796780825647184e-01,3.829911360897041428e-01,3.877573915523293002e-01,3.922676406052686415e-01,3.965112314802970439e-01,4.004798744263646793e-01,4.042087379494503363e-01,4.075643655814450428e-01,4.105738526657707888e-01,4.132274264957053189e-01,4.155074542687394179e-01,4.173938285131388315e-01,4.188651380679982439e-01,4.198996597521558738e-01,4.204768440794877105e-01,4.205796346941422237e-01,4.201979760616686987e-01,4.193338437135853414e-01,4.180079882728963137e-01,4.162681873549619049e-01,4.141980085254065025e-01,4.119238513695781534e-01,4.096166051911456774e-01,4.074834232017821578e-01,4.057461942427090795e-01,4.046073901896909408e-01,4.042104531524383648e-01,4.046073901896915515e-01,4.057461942427084134e-01,4.074834232017824909e-01,4.096166051911467321e-01,4.119238513695817061e-01,4.141980085254043931e-01,4.162681873549615164e-01,4.180079882728964802e-01,4.193338437135826213e-01,4.201979760616722515e-01,4.205796346941410024e-01,4.204768440794871553e-01,4.198996597521572061e-01,4.188651380679966341e-01,4.173938285131376102e-01,4.155074542687399730e-01,4.132274264957054855e-01,4.105738526657701226e-01,4.075643655814444322e-01,4.042087379494495036e-01,4.004798744263659005e-01,3.965112314802988758e-01,3.922676406052685860e-01,3.877573915523287451e-01,3.829911360897031991e-01,3.779796780825651070e-01,3.727336244686435540e-01,3.672633503882052897e-01,3.615790426534963853e-01,3.556907620801482151e-01,3.496085057018028519e-01,3.433422621391181151e-01,3.369020577799683447e-01,3.302979931696672922e-01,3.235402697400894811e-01,3.166392073143921015e-01,3.096052529464519143e-01,3.024489816940119091e-01,2.951810899291566481e-01,2.878123817806482188e-01,2.803537492897607009e-01,2.728161468483425445e-01,2.652105604756203050e-01,2.575479724774946133e-01,2.498393220174580376e-01,2.420954621087970937e-01,2.343271135113812464e-01,2.265448159797514016e-01,2.187588772593408726e-01,2.109793201608680946e-01,2.032158279544797608e-01,1.954776882099067414e-01,1.877737350588871423e-01,1.801122896616842717e-01,1.725010984060451336e-01,1.649472680339401087e-01,1.574571964482916753e-01,1.500364973528816037e-01,1.426899160538596945e-01,1.354212325923484783e-01,1.282331467125874536e-01,1.211271367211384231e-01
1.014393939393939403e+00,1.185032585322481208e-01,1.254785597226287519e-01,1.325312096081535940e-01,1.396603662743599317e-01,1.468639261623976844e-01,1.541386783032782370e-01,1.614804285900548197e-01,1.688841031042255247e-01,1.763438367238590598e-01,1.838530513588639004e-01,1.914045268583821069e-01,1.989904667165370011e-01,2.066025600404558793e-01,2.142320407578604813e-01,2.218697446783187144e-01,2.295061647472411426e-01,2.371315046215507205e-01,2.447357305342545697e-01,2.523086212904340764e-01,2.598398161412065477e-01,2.673188602087503418e-01,2.747352470796515789e-01,2.820784581416103665e-01,2.893379982065393263e-01,2.965034269381991994e-01,3.035643855818663805e-01,3.105106184749019671e-01,3.173319887980903253e-01,3.240184880076694141e-01,3.305602383675029787e-01,3.369474879845377191e-01,3.431705977508404670e-01,3.492200196399936063e-01,3.550862659580937275e-01,3.607598695549271151e-01,3.662313360082169456e-01,3.714910913113499968e-01,3.765294352629991459e-01,3.813365305054017829e-01,3.859025275459638804e-01,3.902182705484018022e-01,3.942804512730410660e-01,3.981337684513531761e-01,4.016111958321714748e-01,4.047596078485146687e-01,4.075672364465416919e-01,4.100154508703750533e-01,4.120822795883338774e-01,4.137431139570549310e-01,4.149712621216062880e-01,4.157389012726903643e-01,4.160188506357870297e-01,4.157876679418652799e-01,4.150306888937478345e-01,4.137496663173502731e-01,4.119734336979500311e-01,4.097712086176050761e-01,4.072664048036291340e-01,4.046460455137377843e-01,4.021579274029732920e-01,4.000870767401418227e-01,3.987082903592554239e-01,3.982237771312182595e-01,3.987082903592567007e-01,4.000870767401425998e-01,4.021579274029736251e-01,4.046460455137363410e-01,4.072664048036272466e-01,4.097712086176059643e-01,4.119734336979492539e-01,4.137496663173499400e-01,4.150306888937473349e-01,4.157876679418663346e-01,4.160188506357870297e-01,4.157389012726905864e-01,4.149712621216007924e-01,4.137431139570539318e-01,4.120822795883359313e-01,4.100154508703742762e-01,4.075672364465432462e-01,4.047596078485162230e-01,4.016111958321732511e-01,3.981337684513531205e-01,3.942804512730411770e-01,3.902182705484008585e-01,3.859025275459636584e-01,3.813365305054008947e-01,3.765294352629978136e-01,3.714910913113516067e-01,3.662313360082148361e-01,3.607598695549296131e-01,3.550862659580943936e-01,3.492200196399942169e-01,3.431705977508394123e-01,3.369474879845372750e-01,3.305602383675030342e-01,3.240184880076695251e-01,3.173319887980887155e-01,3.105106184749022447e-01,3.035643855818674353e-01,2.965034269381996435e-01,2.893379982065387712e-01,2.820784581416092562e-01,2.747352470796517454e-01,2.673188602087518961e-01,2.598398161412076024e-01,2.523086212904339098e-01,2.447357305342540146e-01,2.371315046215501099e-01,2.295061647472412258e-01,2.218697446783194638e-01,2.142320407578604813e-01,2.066025600404556295e-01,1.989904667165381946e-01,1.914045268583816350e-01,1.838530513588634563e-01,1.763438367238585047e-01,1.688841031042264962e-01,1.614804285900543757e-01,1.541386783032780150e-01,1.468639261623978232e-01,1.396603662743602647e-01,1.325312096081538715e-01,1.254785597226287797e-01,1.185032585322486481e-01
1.018181818181818299e+00,1.160430166850024286e-01,1.228950346661314974e-01,1.298196743708069922e-01,1.368167352612797982e-01,1.438847071966495861e-01,1.510209397918152174e-01,1.582217774402349952e-01,1.654826702627382462e-01,1.727982680543754535e-01,1.801625021638171287e-01,1.875686587731173194e-01,1.950094460170433697e-01,2.024770566447748610e-01,2.099632273896992196e-01,2.174592958147784638e-01,2.249562551015263645e-01,2.324448070229472030e-01,2.399154131664252287e-01,2.473583443385017067e-01,2.547637279804645938e-01,2.621215933447436641e-01,2.694219141221130265e-01,2.766546481641646293e-01,2.838097739111534734e-01,2.908773231087066757e-01,2.978474093756373065e-01,3.047102521665926989e-01,3.114561956560859546e-01,3.180757220539570662e-01,3.245594588488522336e-01,3.308981794725633918e-01,3.370827969024562942e-01,3.431043498121949531e-01,3.489539811358595145e-01,3.546229095457976155e-01,3.601023959001612429e-01,3.653837106500186227e-01,3.704581189264199437e-01,3.753169333460935619e-01,3.799518124098570371e-01,3.843561981577108821e-01,3.885407028830879517e-01,3.925366324313996347e-01,3.961623054919635734e-01,3.994805902098589878e-01,4.024792308687064057e-01,4.051395130754588125e-01,4.074384798760255499e-01,4.093490772304432257e-01,4.108399839919870122e-01,4.118756005175547297e-01,4.124166062333950444e-01,4.124216826629089616e-01,4.118513324719570989e-01,4.106751633393400658e-01,4.088843888159259254e-01,4.065111603059333167e-01,4.036546843241017313e-01,4.005094162350726350e-01,3.973822095670270782e-01,3.946764614467865306e-01,3.928228776023291458e-01,3.921615562652395193e-01,3.928228776023273694e-01,3.946764614467870302e-01,3.973822095670250243e-01,4.005094162350718023e-01,4.036546843241027305e-01,4.065111603059302636e-01,4.088843888159217621e-01,4.106751633393405099e-01,4.118513324719553781e-01,4.124216826629055754e-01,4.124166062333944338e-01,4.118756005175571722e-01,4.108399839919867902e-01,4.093490772304422265e-01,4.074384798760258830e-01,4.051395130754573692e-01,4.024792308687081266e-01,3.994805902098584882e-01,3.961623054919665710e-01,3.925366324314009669e-01,3.885407028830880072e-01,3.843561981577108821e-01,3.799518124098571481e-01,3.753169333460937840e-01,3.704581189264193331e-01,3.653837106500165133e-01,3.601023959001607988e-01,3.546229095457978375e-01,3.489539811358591259e-01,3.431043498121946755e-01,3.370827969024566273e-01,3.308981794725630587e-01,3.245594588488522336e-01,3.180757220539576213e-01,3.114561956560844558e-01,3.047102521665925878e-01,2.978474093756355856e-01,2.908773231087072864e-01,2.838097739111545836e-01,2.766546481641647404e-01,2.694219141221126379e-01,2.621215933447437196e-01,2.547637279804650379e-01,2.473583443385029834e-01,2.399154131664258949e-01,2.324448070229483410e-01,2.249562551015261425e-01,2.174592958147772981e-01,2.099632273896989143e-01,2.024770566447745834e-01,1.950094460170427868e-01,1.875686587731177635e-01,1.801625021638169344e-01,1.727982680543747318e-01,1.654826702627384127e-01,1.582217774402350507e-01,1.510209397918156615e-01,1.438847071966501134e-01,1.368167352612802146e-01,1.298196743708082135e-01,1.228950346661311643e-01,1.160430166850022898e-01
1.021969696969696972e+00,1.137410150904681616e-01,1.204765776027865720e-01,1.272800514699991004e-01,1.341518870329353741e-01,1.410911685743321542e-01,1.480958011333465552e-01,1.551626579826525243e-01,1.622877004883564456e-01,1.694660784059641434e-01,1.766922162258855455e-01,1.839598895195247164e-01,1.912622940791885717e-01,1.985921098219930181e-01,2.059415608320476210e-01,2.133024724765839875e-01,2.206663262043081775e-01,2.280243123872043587e-01,2.353673813792523384e-01,2.426862928223322002e-01,2.499716631205806117e-01,2.572140109221178750e-01,2.644038003856578611e-01,2.715314819647010047e-01,2.785875304102772843e-01,2.855624796718342906e-01,2.924469543624607093e-01,2.992316974479872771e-01,3.059075938189592114e-01,3.124656894119788864e-01,3.188972055677677386e-01,3.251935483612186650e-01,3.313463127433673439e-01,3.373472815622928778e-01,3.431884200265625240e-01,3.488618672868579740e-01,3.543599294096280161e-01,3.596750845122629880e-01,3.648000288196421859e-01,3.697278505990890252e-01,3.744526602546804916e-01,3.789726008270853930e-01,3.833810626607478400e-01,3.874910912519500816e-01,3.913093780370128227e-01,3.948512231884814816e-01,3.981064354166532482e-01,4.010588803975947969e-01,4.036878115006672374e-01,4.059674085420055811e-01,4.078657004841749756e-01,4.093431156845909746e-01,4.103508151771362300e-01,4.108291207670882739e-01,4.107067737935317653e-01,4.099026442665255066e-01,4.083331626952112492e-01,4.059314179378964438e-01,4.026869653306415775e-01,3.987152709013738194e-01,3.943520298996456841e-01,3.902252607358187020e-01,3.871966747257450381e-01,3.860742772061026007e-01,3.871966747257450381e-01,3.902252607358199787e-01,3.943520298996476825e-01,3.987152709013754293e-01,4.026869653306422436e-01,4.059314179378947229e-01,4.083331626952114712e-01,4.099026442665241188e-01,4.107067737935303220e-01,4.108291207670878298e-01,4.103508151771359524e-01,4.093431156845904195e-01,4.078657004841759193e-01,4.059674085420036937e-01,4.036878115006695689e-01,4.010588803975920213e-01,3.981064354166515828e-01,3.948512231884815926e-01,3.913093780370132668e-01,3.874910912519493045e-01,3.833810626607471739e-01,3.789726008270847823e-01,3.744526602546787708e-01,3.697278505990889141e-01,3.648000288196417973e-01,3.596750845122633211e-01,3.543599294096280161e-01,3.488618672868563086e-01,3.431884200265625240e-01,3.373472815622932108e-01,3.313463127433675104e-01,3.251935483612161670e-01,3.188972055677657957e-01,3.124656894119788864e-01,3.059075938189592669e-01,2.992316974479863889e-01,2.924469543624609869e-01,2.855624796718337355e-01,2.785875304102780614e-01,2.715314819647010047e-01,2.644038003856579722e-01,2.572140109221177640e-01,2.499716631205803063e-01,2.426862928223310623e-01,2.353673813792512559e-01,2.280243123872034983e-01,2.206663262043078166e-01,2.133024724765845981e-01,2.059415608320467883e-01,1.985921098219936010e-01,1.912622940791882109e-01,1.839598895195240502e-01,1.766922162258859064e-01,1.694660784059639769e-01,1.622877004883563068e-01,1.551626579826526353e-01,1.480958011333470270e-01,1.410911685743326538e-01,1.341518870329349300e-01,1.272800514699994057e-01,1.204765776027863083e-01,1.137410150904679951e-01
1.025757575757575868e+00,1.115946399318981236e-01,1.182200366585453022e-01,1.249086735815482241e-01,1.316616653851676588e-01,1.384786949326873573e-01,1.453582202253493882e-01,1.522976362654982485e-01,1.592934052621754193e-01,1.663411643804827977e-01,1.734358174366238958e-01,1.805716150463083369e-01,1.877422264238947647e-01,1.949408051049616730e-01,2.021600502004996802e-01,2.093922643056329858e-01,2.166294088267587126e-01,2.238631572226463529e-01,2.310849464533680508e-01,2.382860267794990605e-01,2.454575099409623817e-01,2.525904156624386721e-01,2.596757163741181818e-01,2.667043799988313979e-01,2.736674106361544623e-01,2.805558869690020218e-01,2.873609982280546649e-01,2.940740775743100888e-01,3.006866328036345570e-01,3.071903743455245417e-01,3.135772406356575059e-01,3.198394211148165023e-01,3.259693774003552535e-01,3.319598637029460009e-01,3.378039485675661258e-01,3.434950420758011158e-01,3.490269372072760112e-01,3.543938852182199617e-01,3.595907560364315358e-01,3.646134394213282892e-01,3.694601164268839222e-01,3.741379454388423231e-01,3.787829031086627496e-01,3.831052746784645580e-01,3.871883945889137424e-01,3.910438189551346255e-01,3.946688914390679148e-01,3.980571181348364074e-01,4.011994085923482056e-01,4.040838532739683964e-01,4.066948174989957199e-01,4.090113529346601218e-01,4.110046459860278167e-01,4.126339418584630825e-01,4.138399517906427016e-01,4.145340349434140648e-01,4.145803307600358090e-01,4.137667541503939339e-01,4.117617708125542730e-01,4.080695147737306572e-01,4.020760788633151450e-01,3.935577009240444069e-01,3.843750415399816989e-01,3.800060410263648714e-01,3.843750415399795339e-01,3.935577009240500690e-01,4.020760788633139793e-01,4.080695147737316564e-01,4.117617708125633769e-01,4.137667541503918245e-01,4.145803307600374188e-01,4.145340349434123439e-01,4.138399517906400371e-01,4.126339418584601959e-01,4.110046459860309254e-01,4.090113529346587340e-01,4.066948174989917231e-01,4.040838532739691735e-01,4.011994085923498155e-01,3.980571181348393495e-01,3.946688914390691916e-01,3.910438189551307397e-01,3.871883945889142975e-01,3.831052746784642804e-01,3.787829031086629716e-01,3.741379454388436554e-01,3.694601164268834781e-01,3.646134394213292884e-01,3.595907560364317579e-01,3.543938852182215715e-01,3.490269372072725140e-01,3.434950420758001166e-01,3.378039485675672360e-01,3.319598637029440580e-01,3.259693774003543654e-01,3.198394211148170019e-01,3.135772406356570619e-01,3.071903743455258740e-01,3.006866328036346125e-01,2.940740775743102553e-01,2.873609982280533326e-01,2.805558869690024104e-01,2.736674106361555170e-01,2.667043799988331743e-01,2.596757163741170715e-01,2.525904156624388386e-01,2.454575099409627426e-01,2.382860267794984499e-01,2.310849464533686337e-01,2.238631572226460198e-01,2.166294088267605999e-01,2.093922643056335131e-01,2.021600502004989308e-01,1.949408051049615620e-01,1.877422264238951810e-01,1.805716150463095304e-01,1.734358174366235905e-01,1.663411643804825757e-01,1.592934052621751140e-01,1.522976362654977767e-01,1.453582202253499989e-01,1.384786949326874961e-01,1.316616653851677421e-01,1.249086735815480576e-01,1.182200366585448581e-01,1.115946399318987481e-01
1.029545454545454763e+00,1.096006327831484523e-01,1.161214248431141766e-01,1.227008550648070878e-01,1.293407191868266859e-01,1.360413052604164119e-01,1.428016238568312890e-01,1.496195865050685969e-01,1.564921478370116525e-01,1.634154219936317654e-01,1.703847806159680400e-01,1.773949375741315226e-01,1.844400240967693783e-01,1.915136569191034643e-01,1.986090013228808682e-01,2.057188304028050863e-01,2.128355814990449402e-01,2.199514104441939732e-01,2.270582440576250360e-01,2.341478311622264552e-01,2.412117922851045038e-01,2.482416681265231240e-01,2.552289668342567208e-01,2.621652101002555635e-01,2.690419781014068978e-01,2.758509533366701461e-01,2.825839634712417614e-01,2.892330233904756853e-01,2.957903768019902735e-01,3.022485379215307244e-01,3.086003340677808127e-01,3.148389504290675656e-01,3.209579789548969719e-01,3.269514744722234467e-01,3.328140231627074175e-01,3.385408324497456989e-01,3.441278596276878821e-01,3.495720163681664272e-01,3.548715417214289847e-01,3.600268304828669330e-01,3.650429763668873173e-01,3.699466166304979931e-01,3.748958508137367196e-01,3.795292233242507640e-01,3.839951404897758991e-01,3.883164103512112830e-01,3.925108019279716087e-01,3.966000744095988795e-01,4.006145435216327821e-01,4.045986857007860538e-01,4.086202130901200325e-01,4.127864204038652618e-01,4.172760730682436581e-01,4.224073855164621749e-01,4.288003367415840206e-01,4.378293690526228188e-01,4.532102475060206803e-01,4.890349172502485020e-01,6.025267204513768959e-01,2.822997102064479513e-01,3.442250673900111302e-01,3.639674171215388498e-01,3.717986728493915538e-01,3.739858679772960492e-01,3.717986728493904991e-01,3.639674171215382947e-01,3.442250673899910351e-01,2.822997102065217256e-01,6.025267204515064590e-01,4.890349172503017927e-01,4.532102475060040270e-01,4.378293690526117166e-01,4.288003367415731959e-01,4.224073855164645619e-01,4.172760730682484320e-01,4.127864204038693141e-01,4.086202130901165908e-01,4.045986857007856097e-01,4.006145435216330042e-01,3.966000744095984909e-01,3.925108019279707761e-01,3.883164103512101173e-01,3.839951404897749554e-01,3.795292233242518187e-01,3.748958508137371082e-01,3.699466166304964942e-01,3.650429763668872063e-01,3.600268304828674881e-01,3.548715417214284851e-01,3.495720163681663162e-01,3.441278596276892143e-01,3.385408324497451993e-01,3.328140231627064738e-01,3.269514744722215593e-01,3.209579789548953066e-01,3.148389504290670660e-01,3.086003340677799800e-01,3.022485379215307244e-01,2.957903768019889412e-01,2.892330233904739090e-01,2.825839634712419279e-01,2.758509533366699795e-01,2.690419781014075085e-01,2.621652101002548418e-01,2.552289668342573870e-01,2.482416681265235125e-01,2.412117922851058638e-01,2.341478311622271213e-01,2.270582440576242311e-01,2.199514104441939732e-01,2.128355814990455230e-01,2.057188304028055581e-01,1.986090013228808404e-01,1.915136569191031590e-01,1.844400240967706273e-01,1.773949375741301071e-01,1.703847806159693445e-01,1.634154219936329033e-01,1.564921478370118746e-01,1.496195865050691520e-01,1.428016238568321494e-01,1.360413052604156903e-01,1.293407191868268802e-01,1.227008550648079760e-01,1.161214248431141211e-01,1.096006327831483274e-01
1.033333333333333437e+00,1.077553040549933117e-01,1.141761452476389438e-01,1.206511327216633900e-01,1.271827610758863025e-01,1.337719305763046818e-01,1.404182041819382332e-01,1.471200050227011447e-01,1.538747722423692565e-01,1.606790873630947192e-01,1.675287795789648648e-01,1.744190158847715721e-01,1.813443802406599081e-01,1.882989447876873002e-01,1.952763352911784933e-01,2.022697923880730497e-01,2.092722297798012832e-01,2.162762901966895912e-01,2.232743997319952545e-01,2.302588209828198562e-01,2.372217053274051912e-01,2.441551446051217489e-01,2.510512224417995042e-01,2.579020654774706878e-01,2.646998948071521696e-01,2.714370780432345809e-01,2.781061825592129888e-01,2.847000306946311787e-01,2.912117580151270535e-01,2.976348761699755818e-01,3.039633425395058541e-01,3.101916398303474209e-01,3.163148702624367092e-01,3.223288713854627896e-01,3.282303646561532395e-01,3.340171554733108450e-01,3.396884188450928210e-01,3.452451410961273615e-01,3.506908898459294988e-01,3.560334561975734835e-01,3.612900665309301540e-01,3.665602679302822908e-01,3.718861162187155900e-01,3.769816491545381343e-01,3.820279444736128238e-01,3.870818020836909179e-01,3.922138779141890463e-01,3.975263380871289498e-01,4.031765964871589225e-01,4.094209434450138407e-01,4.167047900220564594e-01,4.258715096284806934e-01,4.387206408220694076e-01,4.598366826997662415e-01,5.047021893702596795e-01,6.340589580021687155e-01,2.007704315205069145e-01,2.960014745383974244e-01,3.326139588600414698e-01,3.496749888097349102e-01,3.590043827780823871e-01,3.643405232689609918e-01,3.671461047934798105e-01,3.680252281328814656e-01,3.671461047934818089e-01,3.643405232689612694e-01,3.590043827780784458e-01,3.496749888097347991e-01,3.326139588600563468e-01,2.960014745383919843e-01,2.007704315204842105e-01,6.340589580021085414e-01,5.047021893702519080e-01,4.598366826997403733e-01,4.387206408220769016e-01,4.258715096284758639e-01,4.167047900220487433e-01,4.094209434450162832e-01,4.031765964871588670e-01,3.975263380871292274e-01,3.922138779141851606e-01,3.870818020836905293e-01,3.820279444736149332e-01,3.769816491545383563e-01,3.718861162187163116e-01,3.665602679302802369e-01,3.612900665309299320e-01,3.560334561975733725e-01,3.506908898459316082e-01,3.452451410961264733e-01,3.396884188450948194e-01,3.340171554733096237e-01,3.282303646561543498e-01,3.223288713854618459e-01,3.163148702624383191e-01,3.101916398303480871e-01,3.039633425395059652e-01,2.976348761699755818e-01,2.912117580151254437e-01,2.847000306946308457e-01,2.781061825592124892e-01,2.714370780432348029e-01,2.646998948071532798e-01,2.579020654774727417e-01,2.510512224418007809e-01,2.441551446051206109e-01,2.372217053274064125e-01,2.302588209828197452e-01,2.232743997319958373e-01,2.162762901966890638e-01,2.092722297798004782e-01,2.022697923880729665e-01,1.952763352911793260e-01,1.882989447876870226e-01,1.813443802406604910e-01,1.744190158847720717e-01,1.675287795789641154e-01,1.606790873630941641e-01,1.538747722423693676e-01,1.471200050227013389e-01,1.404182041819382332e-01,1.337719305763044597e-01,1.271827610758863580e-01,1.206511327216628904e-01,1.141761452476385136e-01,1.077553040549931174e-01
