nan,-5.000000000000000000e+00,-4.864864864864864913e+00,-4.729729729729729826e+00,-4.594594594594594739e+00,-4.459459459459459651e+00,-4.324324324324324564e+00,-4.189189189189189477e+00,-4.054054054054054390e+00,-3.918918918918918859e+00,-3.783783783783783772e+00,-3.648648648648648685e+00,-3.513513513513513153e+00,-3.378378378378378066e+00,-3.243243243243242979e+00,-3.108108108108107892e+00,-2.972972972972972805e+00,-2.837837837837837718e+00,-2.702702702702702631e+00,-2.567567567567567544e+00,-2.432432432432432456e+00,-2.297297297297297369e+00,-2.162162162162161838e+00,-2.027027027027026751e+00,-1.891891891891891664e+00,-1.756756756756756577e+00,-1.621621621621621490e+00,-1.486486486486486402e+00,-1.351351351351351315e+00,-1.216216216216215784e+00,-1.081081081081080697e+00,-9.459459459459456099e-01,-8.108108108108105228e-01,-6.756756756756754356e-01,-5.405405405405403485e-01,-4.054054054054052614e-01,-2.702702702702701743e-01,-1.351351351351350871e-01,0.000000000000000000e+00,1.351351351351350871e-01,2.702702702702701743e-01,4.054054054054052614e-01,5.405405405405412367e-01,6.756756756756763238e-01,8.108108108108114109e-01,9.459459459459464981e-01,1.081081081081081585e+00,1.216216216216216672e+00,1.351351351351351759e+00,1.486486486486486847e+00,1.621621621621621934e+00,1.756756756756757021e+00,1.891891891891892108e+00,2.027027027027027195e+00,2.162162162162162282e+00,2.297297297297297369e+00,2.432432432432432456e+00,2.567567567567568432e+00,2.702702702702703519e+00,2.837837837837838606e+00,2.972972972972973693e+00,3.108108108108108780e+00,3.243243243243243867e+00,3.378378378378378954e+00,3.513513513513514042e+00,3.648648648648649129e+00,3.783783783783784216e+00,3.918918918918919303e+00,4.054054054054054390e+00,4.189189189189189477e+00,4.324324324324324564e+00,4.459459459459459651e+00,4.594594594594594739e+00,4.729729729729729826e+00,4.864864864864864913e+00,5.000000000000000000e+00
5.636363636363636020e-01,5.566508044333973171e-01,5.628062852331615629e-01,5.688561508320056914e-01,5.747967393432934502e-01,5.806251320688277096e-01,5.863393231856259824e-01,5.919384042973969695e-01,5.974227643904368446e-01,6.027943052299459259e-01,6.080566715396805710e-01,6.132154943863223906e-01,6.182786450116104504e-01,6.232564949335652749e-01,6.281621766015206276e-01,6.330118376463202967e-01,6.378248818702928480e-01,6.426241940794535923e-01,6.474363594458336646e-01,6.522919245006648659e-01,6.572258367051340144e-01,6.622784163696138204e-01,6.674977465741093186e-01,6.729457439526040918e-01,6.787141256044142423e-01,6.849700196663277563e-01,6.921139144030610257e-01,7.016955909325045537e-01,7.087325806915127924e-01,7.049942819938301852e-01,7.020220173943891862e-01,6.989602831031749286e-01,6.956287134937125805e-01,6.920834032737124275e-01,6.885327453959796395e-01,6.852795078242408522e-01,6.826542606393887214e-01,6.809475952321749626e-01,6.803557219598334038e-01,6.809475952321758507e-01,6.826542606393886103e-01,6.852795078242416293e-01,6.885327453959794175e-01,6.920834032737136488e-01,6.956287134937135797e-01,6.989602831031740404e-01,7.020220173943885200e-01,7.049942819938316285e-01,7.087325806915123483e-01,7.016955909325042207e-01,6.921139144030610257e-01,6.849700196663279783e-01,6.787141256044135762e-01,6.729457439526040918e-01,6.674977465741083194e-01,6.622784163696145976e-01,6.572258367051337924e-01,6.522919245006650879e-01,6.474363594458327764e-01,6.426241940794532592e-01,6.378248818702948464e-01,6.330118376463201857e-01,6.281621766015202946e-01,6.232564949335649418e-01,6.182786450116110055e-01,6.132154943863219465e-01,6.080566715396809041e-01,6.027943052299470361e-01,5.974227643904369556e-01,5.919384042973973026e-01,5.863393231856258714e-01,5.806251320688256001e-01,5.747967393432941163e-01,5.688561508320050253e-01,5.628062852331625621e-01,5.566508044333976502e-01
5.699836199836199047e-01,5.538320677583021823e-01,5.594420370524098018e-01,5.649287808543184131e-01,5.702885610298330521e-01,5.755183973625912497e-01,5.806162598259410057e-01,5.855812821371875199e-01,5.904139992600652143e-01,5.951166117455128912e-01,5.996932801244810873e-01,6.041504530961268049e-01,6.084972341947246788e-01,6.127457933597981743e-01,6.169118331278327094e-01,6.210151254755075234e-01,6.250801475889122827e-01,6.291368689688596749e-01,6.332217909264802325e-01,6.373794406406309010e-01,6.416647413366827202e-01,6.461471853027300760e-01,6.509190011288848998e-01,6.561130777699955008e-01,6.619484832734614521e-01,6.688761153744479104e-01,6.783464871823738918e-01,6.868990203056619670e-01,6.838370222629296391e-01,6.822890615348022880e-01,6.811199927785744901e-01,6.799922731944162413e-01,6.787556376352984477e-01,6.773658534055604363e-01,6.758707464098960838e-01,6.744002214417892382e-01,6.731397466729599488e-01,6.722838205695610414e-01,6.719801374087706058e-01,6.722838205695604863e-01,6.731397466729592827e-01,6.744002214417892382e-01,6.758707464098967499e-01,6.773658534055594371e-01,6.787556376352994469e-01,6.799922731944159082e-01,6.811199927785753783e-01,6.822890615348036203e-01,6.838370222629300832e-01,6.868990203056626331e-01,6.783464871823746689e-01,6.688761153744477994e-01,6.619484832734606750e-01,6.561130777699957228e-01,6.509190011288853439e-01,6.461471853027306311e-01,6.416647413366822761e-01,6.373794406406300128e-01,6.332217909264810096e-01,6.291368689688593419e-01,6.250801475889127268e-01,6.210151254755078565e-01,6.169118331278319323e-01,6.127457933597993955e-01,6.084972341947245678e-01,6.041504530961266939e-01,5.996932801244805322e-01,5.951166117455122251e-01,5.904139992600659914e-01,5.855812821371876309e-01,5.806162598259402285e-01,5.755183973625898064e-01,5.702885610298339403e-01,5.649287808543189682e-01,5.594420370524093578e-01,5.538320677583012941e-01
5.763308763308763183e-01,5.564960439991234464e-01,5.614351301603660582e-01,5.662394467925436770e-01,5.709048447190779862e-01,5.754277246634026399e-01,5.798052438014407173e-01,5.840355502661876974e-01,5.881180498909590604e-01,5.920537102250328365e-01,5.958454079405763881e-01,5.994983274171752363e-01,6.030204209782458191e-01,6.064229457599796813e-01,6.097211000009962190e-01,6.129347954783033181e-01,6.160896284626237174e-01,6.192181603980244642e-01,6.223617163748346170e-01,6.255731117695825239e-01,6.289211691627505374e-01,6.324989903755193765e-01,6.364409915565449882e-01,6.409637327913628724e-01,6.464891976225181081e-01,6.542354552677558388e-01,6.628404474046544204e-01,6.587132655210893306e-01,6.566623465220113864e-01,6.553019815389690139e-01,6.542815826685920433e-01,6.534346052659857351e-01,6.526637451063428408e-01,6.519162842753385423e-01,6.511815463261115822e-01,6.504908019668880215e-01,6.499093407190832394e-01,6.495164604101713035e-01,6.493771332596871559e-01,6.495164604101721917e-01,6.499093407190824623e-01,6.504908019668866892e-01,6.511815463261118042e-01,6.519162842753384313e-01,6.526637451063432849e-01,6.534346052659850690e-01,6.542815826685902669e-01,6.553019815389711233e-01,6.566623465220111644e-01,6.587132655210886645e-01,6.628404474046549755e-01,6.542354552677567270e-01,6.464891976225179970e-01,6.409637327913643157e-01,6.364409915565442111e-01,6.324989903755198206e-01,6.289211691627495382e-01,6.255731117695825239e-01,6.223617163748343950e-01,6.192181603980236870e-01,6.160896284626236064e-01,6.129347954783028740e-01,6.097211000009956638e-01,6.064229457599801254e-01,6.030204209782462632e-01,5.994983274171741261e-01,5.958454079405761661e-01,5.920537102250327255e-01,5.881180498909596155e-01,5.840355502661882525e-01,5.798052438014410503e-01,5.754277246634026399e-01,5.709048447190787634e-01,5.662394467925433439e-01,5.614351301603663913e-01,5.564960439991232244e-01
5.826781326781326209e-01,5.639259117546443489e-01,5.680739170571335039e-01,5.720750287179230398e-01,5.759246175003720492e-01,5.796182975575574492e-01,5.831521378579563875e-01,5.865229079542015889e-01,5.897283639449356629e-01,5.927675816963615674e-01,5.956413461924296993e-01,5.983526086793862220e-01,6.009070277935001370e-01,6.033136184450635930e-01,6.055855453831222590e-01,6.077411219477956150e-01,6.098051183867658764e-01,6.118105693171207449e-01,6.138014444352062338e-01,6.158369291125819212e-01,6.179989779377134118e-01,6.204072803363220867e-01,6.232537119486011301e-01,6.269014174854645738e-01,6.323184676694553197e-01,6.405917046248930102e-01,6.344155867780623126e-01,6.308927768769760913e-01,6.282099642887006841e-01,6.260084818663262940e-01,6.241412005554736186e-01,6.225281063135083004e-01,6.211196300466941267e-01,6.198870813885307696e-01,6.188220393589367596e-01,6.179369739223764535e-01,6.172620167186593232e-01,6.168353725720319147e-01,6.166890035474192899e-01,6.168353725720314706e-01,6.172620167186594342e-01,6.179369739223774527e-01,6.188220393589360935e-01,6.198870813885302145e-01,6.211196300466940157e-01,6.225281063135070792e-01,6.241412005554749509e-01,6.260084818663280704e-01,6.282099642887006841e-01,6.308927768769764244e-01,6.344155867780612024e-01,6.405917046248938984e-01,6.323184676694573181e-01,6.269014174854650179e-01,6.232537119486014632e-01,6.204072803363225308e-01,6.179989779377128567e-01,6.158369291125823652e-01,6.138014444352055676e-01,6.118105693171207449e-01,6.098051183867656544e-01,6.077411219477951709e-01,6.055855453831224811e-01,6.033136184450628159e-01,6.009070277934991378e-01,5.983526086793865550e-01,5.956413461924285890e-01,5.927675816963627886e-01,5.897283639449361070e-01,5.865229079542021440e-01,5.831521378579562764e-01,5.796182975575587815e-01,5.759246175003712720e-01,5.720750287179233728e-01,5.680739170571331709e-01,5.639259117546440159e-01
5.890253890253890345e-01,5.777222321011734607e-01,5.810413150694933027e-01,5.841950852778582393e-01,5.871780964982070694e-01,5.899848521850106220e-01,5.926100242063121470e-01,5.950487124291377050e-01,5.972967527376762398e-01,5.993510828337131890e-01,6.012101778586083078e-01,6.028745721382678946e-01,6.043474903653517361e-01,6.056356234808448757e-01,6.067501055902559948e-01,6.077077868373531588e-01,6.085329709657677499e-01,6.092599351932032059e-01,6.099368712906819701e-01,6.106326431636367458e-01,6.114497575457833456e-01,6.125531777138932821e-01,6.142494502731926653e-01,6.173042559710133492e-01,6.260272399883869410e-01,6.167286070559815370e-01,6.112783467684708150e-01,6.067728232215584550e-01,6.028227229227064443e-01,5.992949125941303690e-01,5.961330769600841073e-01,5.933117498982916072e-01,5.908209183014694332e-01,5.886611105980095182e-01,5.868424761704085224e-01,5.853843691709148533e-01,5.843129719650871357e-01,5.836558089278368611e-01,5.834340882295365738e-01,5.836558089278369721e-01,5.843129719650869136e-01,5.853843691709138541e-01,5.868424761704086334e-01,5.886611105980102954e-01,5.908209183014706545e-01,5.933117498982912741e-01,5.961330769600838853e-01,5.992949125941305910e-01,6.028227229227068884e-01,6.067728232215598982e-01,6.112783467684712591e-01,6.167286070559812039e-01,6.260272399883872740e-01,6.173042559710131272e-01,6.142494502731929984e-01,6.125531777138925049e-01,6.114497575457829015e-01,6.106326431636367458e-01,6.099368712906805268e-01,6.092599351932033169e-01,6.085329709657670838e-01,6.077077868373536029e-01,6.067501055902573270e-01,6.056356234808446537e-01,6.043474903653515140e-01,6.028745721382682277e-01,6.012101778586084189e-01,5.993510828337131890e-01,5.972967527376763508e-01,5.950487124291372609e-01,5.926100242063123691e-01,5.899848521850108440e-01,5.871780964982052931e-01,5.841950852778580172e-01,5.810413150694924145e-01,5.777222321011735717e-01
5.953726453726453371e-01,5.999354365928465382e-01,6.024406087376997787e-01,6.047553878217160062e-01,6.068732002511146861e-01,6.087872199597103018e-01,6.104906093881694584e-01,6.119768084690168086e-01,6.132398811382019366e-01,6.142749314839489605e-01,6.150786057218505798e-01,6.156497028363924207e-01,6.159899279345011358e-01,6.161048418676129401e-01,6.160050959067179255e-01,6.157081066439139549e-01,6.152404581726601540e-01,6.146415985456255004e-01,6.139700447769480540e-01,6.133149860943325482e-01,6.128212415330811513e-01,6.127548121402086601e-01,6.137451330277771122e-01,6.193064089999285038e-01,6.110010276197321843e-01,6.033474820883472090e-01,5.967673799338903962e-01,5.908019466234212258e-01,5.853197823274924882e-01,5.802829290411043450e-01,5.756902951240202571e-01,5.715571487213125801e-01,5.679058799686222958e-01,5.647612638778456429e-01,5.621478102998327397e-01,5.600881069288616843e-01,5.586015567052599051e-01,5.577032088356542738e-01,5.574026581934302671e-01,5.577032088356527195e-01,5.586015567052592390e-01,5.600881069288616843e-01,5.621478102998329618e-01,5.647612638778448657e-01,5.679058799686227399e-01,5.715571487213130242e-01,5.756902951240193689e-01,5.802829290411037899e-01,5.853197823274925993e-01,5.908019466234215589e-01,5.967673799338917284e-01,6.033474820883482082e-01,6.110010276197301859e-01,6.193064089999282817e-01,6.137451330277762240e-01,6.127548121402076609e-01,6.128212415330801521e-01,6.133149860943322151e-01,6.139700447769489422e-01,6.146415985456257225e-01,6.152404581726604871e-01,6.157081066439145101e-01,6.160050959067173704e-01,6.161048418676123850e-01,6.159899279345012468e-01,6.156497028363924207e-01,6.150786057218508018e-01,6.142749314839489605e-01,6.132398811382029358e-01,6.119768084690166976e-01,6.104906093881702356e-01,6.087872199597089695e-01,6.068732002511144641e-01,6.047553878217148959e-01,6.024406087377003338e-01,5.999354365928464272e-01
6.017199017199017508e-01,6.327181205568060962e-01,6.344293434094021578e-01,6.359221279101346935e-01,6.371894715259005526e-01,6.382241377645849756e-01,6.390189353687926177e-01,6.395670503089684322e-01,6.398624421603078538e-01,6.399003205964660657e-01,6.396777245250553356e-01,6.391942377724737501e-01,6.384528948219626576e-01,6.374613649721544428e-01,6.362335679094325291e-01,6.347919998575188849e-01,6.331713125087055083e-01,6.314242833536350963e-01,6.296328246977287435e-01,6.279311041819736205e-01,6.265639349342857489e-01,6.260868199038505111e-01,6.288205571540619321e-01,6.227416162253419651e-01,6.127309121249787660e-01,6.040074052744935917e-01,5.959630708188085046e-01,5.884443048592187253e-01,5.814179742573980514e-01,5.748991962223246599e-01,5.689255358008933339e-01,5.635440951376735619e-01,5.588030054155544990e-01,5.547449618472188870e-01,5.514026037590566975e-01,5.487963423620453307e-01,5.469351462224394389e-01,5.458200020906174288e-01,5.454487110501089475e-01,5.458200020906176508e-01,5.469351462224386617e-01,5.487963423620447756e-01,5.514026037590553653e-01,5.547449618472192201e-01,5.588030054155550541e-01,5.635440951376725627e-01,5.689255358008943331e-01,5.748991962223245489e-01,5.814179742573990506e-01,5.884443048592191694e-01,5.959630708188090598e-01,6.040074052744938138e-01,6.127309121249783219e-01,6.227416162253410770e-01,6.288205571540618211e-01,6.260868199038500670e-01,6.265639349342859710e-01,6.279311041819739536e-01,6.296328246977285215e-01,6.314242833536346522e-01,6.331713125087056193e-01,6.347919998575188849e-01,6.362335679094338614e-01,6.374613649721544428e-01,6.384528948219632127e-01,6.391942377724748603e-01,6.396777245250546695e-01,6.399003205964661767e-01,6.398624421603071877e-01,6.395670503089685432e-01,6.390189353687918405e-01,6.382241377645848646e-01,6.371894715259007747e-01,6.359221279101348046e-01,6.344293434094022688e-01,6.327181205568058742e-01
6.080671580671580534e-01,6.751271340955430356e-01,6.761129262288150255e-01,6.768623541719013259e-01,6.773712066846213631e-01,6.776353584970338240e-01,6.776510607245114226e-01,6.774152801373379829e-01,6.769261026645856383e-01,6.761832241273311173e-01,6.751885637660792749e-01,6.739470573605115256e-01,6.724677237658557294e-01,6.707651659836659785e-01,6.688617967726877556e-01,6.667913424412273971e-01,6.646047642179577775e-01,6.623811834990868119e-01,6.602505114589857227e-01,6.584487604473072686e-01,6.574949942243262235e-01,6.592107326164220460e-01,6.565922739465260838e-01,6.445301324858723202e-01,6.341791421283020647e-01,6.246027974685222084e-01,6.155767633933371119e-01,6.070442894176665272e-01,5.990165679419767741e-01,5.915397643733777411e-01,5.846786760004367700e-01,5.785048780405641633e-01,5.730860373931919716e-01,5.684764206958978772e-01,5.647102358375823972e-01,5.617997525258692226e-01,5.597391199305797871e-01,5.585128579579956565e-01,5.581061045446158442e-01,5.585128579579948793e-01,5.597391199305790099e-01,5.617997525258697777e-01,5.647102358375813980e-01,5.684764206958982102e-01,5.730860373931918605e-01,5.785048780405638302e-01,5.846786760004361039e-01,5.915397643733770749e-01,5.990165679419773292e-01,6.070442894176666382e-01,6.155767633933373340e-01,6.246027974685210982e-01,6.341791421283030639e-01,6.445301324858724312e-01,6.565922739465257507e-01,6.592107326164210468e-01,6.574949942243268897e-01,6.584487604473061584e-01,6.602505114589855006e-01,6.623811834990879222e-01,6.646047642179579995e-01,6.667913424412279522e-01,6.688617967726878666e-01,6.707651659836662006e-01,6.724677237658551743e-01,6.739470573605123027e-01,6.751885637660787198e-01,6.761832241273300070e-01,6.769261026645864154e-01,6.774152801373389821e-01,6.776510607245110895e-01,6.776353584970333799e-01,6.773712066846202529e-01,6.768623541719018810e-01,6.761129262288139152e-01,6.751271340955428135e-01
6.144144144144143560e-01,7.097805408945898620e-01,7.104168504661945160e-01,7.108302434333501063e-01,7.110232646903112963e-01,7.109987134321731350e-01,7.107598704973483450e-01,7.103107722574725225e-01,7.096565545851406531e-01,7.088039030591467560e-01,7.077616664088014486e-01,7.065417257860534539e-01,7.051602758750313837e-01,7.036397930019497871e-01,7.020122042968366394e-01,7.003242910746187988e-01,6.986476085480947118e-01,6.970986369401097615e-01,6.958862294086618494e-01,6.954532542023592612e-01,6.971567561333461560e-01,6.997794279532524309e-01,6.876316360326053534e-01,6.778800539612360732e-01,6.690135356382111986e-01,6.607144301895025995e-01,6.528967048918022931e-01,6.455665550077297477e-01,6.387786139654755280e-01,6.326128336604589508e-01,6.271551937271740984e-01,6.224782774313801781e-01,6.186230153018607014e-01,6.155856766354067533e-01,6.133146306409272830e-01,6.117192599339821291e-01,6.106895758793549067e-01,6.101214879790349821e-01,6.099410275463986730e-01,6.101214879790356482e-01,6.106895758793547957e-01,6.117192599339819070e-01,6.133146306409271720e-01,6.155856766354057541e-01,6.186230153018604794e-01,6.224782774313802891e-01,6.271551937271746535e-01,6.326128336604586178e-01,6.387786139654751949e-01,6.455665550077305248e-01,6.528967048918014049e-01,6.607144301895024885e-01,6.690135356382114207e-01,6.778800539612354070e-01,6.876316360326046873e-01,6.997794279532522088e-01,6.971567561333454899e-01,6.954532542023588171e-01,6.958862294086624045e-01,6.970986369401098726e-01,6.986476085480941567e-01,7.003242910746177996e-01,7.020122042968373055e-01,7.036397930019495650e-01,7.051602758750312727e-01,7.065417257860530098e-01,7.077616664088012266e-01,7.088039030591464229e-01,7.096565545851408752e-01,7.103107722574730776e-01,7.107598704973487891e-01,7.109987134321729130e-01,7.110232646903108522e-01,7.108302434333517716e-01,7.104168504661940720e-01,7.097805408945903061e-01
6.207616707616707696e-01,6.981905477989983622e-01,6.994514986423856495e-01,7.005179532416190291e-01,7.013957252905542727e-01,7.020905513886053217e-01,7.026082796118363616e-01,7.029551181037868579e-01,7.031379752726604204e-01,7.031649398889519009e-01,7.030459771296275751e-01,7.027939646348750902e-01,7.024262801062319816e-01,7.019673217741919657e-01,7.014526999279399044e-01,7.009366662106878421e-01,7.005065335612800093e-01,7.003146973435041556e-01,7.006666463665774947e-01,7.023806145345644625e-01,7.096146246549212000e-01,7.000810588325435679e-01,6.936451220859892741e-01,6.881155058815242587e-01,6.832230815372856148e-01,6.789496904615950346e-01,6.753689727950500377e-01,6.725923057083765810e-01,6.707318809140695448e-01,6.698653128104691268e-01,6.700023484644838101e-01,6.710608399416106984e-01,6.728603883260196872e-01,6.751379075950701969e-01,6.775817666318294519e-01,6.798746390585183041e-01,6.817336597347051219e-01,6.829402495903951209e-01,6.833578663093866634e-01,6.829402495903958981e-01,6.817336597347050109e-01,6.798746390585180821e-01,6.775817666318290078e-01,6.751379075950688646e-01,6.728603883260209084e-01,6.710608399416104763e-01,6.700023484644846983e-01,6.698653128104692378e-01,6.707318809140700999e-01,6.725923057083763590e-01,6.753689727950501487e-01,6.789496904615953676e-01,6.832230815372852817e-01,6.881155058815240366e-01,6.936451220859893851e-01,7.000810588325427908e-01,7.096146246549213110e-01,7.023806145345646845e-01,7.006666463665779387e-01,7.003146973435049327e-01,7.005065335612812305e-01,7.009366662106875090e-01,7.014526999279392383e-01,7.019673217741920768e-01,7.024262801062314265e-01,7.027939646348746461e-01,7.030459771296279081e-01,7.031649398889519009e-01,7.031379752726588661e-01,7.029551181037876351e-01,7.026082796118360285e-01,7.020905513886054328e-01,7.013957252905544948e-01,7.005179532416195842e-01,6.994514986423860936e-01,6.981905477989978070e-01
6.271089271089270722e-01,6.319857594033782000e-01,6.344496825438770138e-01,6.367323328255138914e-01,6.388390714399252435e-01,6.407752353169772208e-01,6.425463678031735348e-01,6.441585322636970146e-01,6.456187499697763066e-01,6.469356254505224113e-01,6.481202588448513602e-01,6.491876083678859155e-01,6.501585843217043692e-01,6.510633943296643134e-01,6.519471892729481466e-01,6.528803951364324787e-01,6.539800852242271256e-01,6.554636321498410467e-01,6.578379521816740683e-01,6.636225136513336231e-01,6.612463541125610522e-01,6.579153503592228835e-01,6.556184208535971170e-01,6.541077307763468740e-01,6.533931226540278248e-01,6.535507310198646058e-01,6.546577373177900894e-01,6.567488080819127161e-01,6.597830442152823327e-01,6.636263924127685510e-01,6.680559104621665023e-01,6.727862289032335852e-01,6.775099168830649443e-01,6.819382582961492911e-01,6.858305547546500458e-01,6.890067815481910607e-01,6.913455855203800571e-01,6.927737227563717237e-01,6.932535679634215242e-01,6.927737227563722788e-01,6.913455855203802791e-01,6.890067815481910607e-01,6.858305547546494907e-01,6.819382582961496242e-01,6.775099168830652774e-01,6.727862289032339183e-01,6.680559104621668354e-01,6.636263924127677738e-01,6.597830442152817776e-01,6.567488080819132712e-01,6.546577373177900894e-01,6.535507310198641617e-01,6.533931226540280468e-01,6.541077307763457638e-01,6.556184208535970059e-01,6.579153503592225505e-01,6.612463541125608302e-01,6.636225136513339562e-01,6.578379521816745124e-01,6.554636321498412688e-01,6.539800852242275697e-01,6.528803951364322566e-01,6.519471892729477025e-01,6.510633943296633142e-01,6.501585843217043692e-01,6.491876083678852494e-01,6.481202588448522484e-01,6.469356254505228554e-01,6.456187499697766397e-01,6.441585322636967925e-01,6.425463678031730907e-01,6.407752353169779980e-01,6.388390714399260206e-01,6.367323328255131143e-01,6.344496825438772358e-01,6.319857594033780890e-01
6.334561834561834859e-01,5.661127659230830167e-01,5.700342335789404524e-01,5.737942099376027727e-01,5.773970724661172671e-01,5.808474543306594295e-01,5.841505377663688270e-01,5.873124589103428939e-01,5.903408795093543215e-01,5.932458113418390688e-01,5.960408309667614146e-01,5.987449157954981560e-01,6.013853141860057150e-01,6.040022515562720740e-01,6.066572158740536347e-01,6.094492231989045994e-01,6.125527289475740655e-01,6.163357895208894099e-01,6.220636984177023709e-01,6.248679863171893167e-01,6.233985919641155116e-01,6.230795405977529455e-01,6.234894785100426606e-01,6.245565556082490755e-01,6.262709114312485781e-01,6.286140706165705971e-01,6.315276524077881870e-01,6.349018367938680241e-01,6.385809356299280148e-01,6.423825981547440778e-01,6.461233605598895036e-01,6.496418010660518494e-01,6.528129823341158877e-01,6.555524007622530736e-01,6.578115433493129105e-01,6.595688467069211747e-01,6.608195714634950146e-01,6.615669005287592164e-01,6.618153627470845235e-01,6.615669005287589943e-01,6.608195714634953477e-01,6.595688467069212857e-01,6.578115433493127995e-01,6.555524007622524074e-01,6.528129823341163318e-01,6.496418010660520714e-01,6.461233605598900587e-01,6.423825981547442998e-01,6.385809356299276818e-01,6.349018367938673579e-01,6.315276524077879650e-01,6.286140706165701530e-01,6.262709114312478009e-01,6.245565556082502967e-01,6.234894785100437709e-01,6.230795405977527235e-01,6.233985919641150675e-01,6.248679863171892057e-01,6.220636984177027040e-01,6.163357895208887438e-01,6.125527289475745096e-01,6.094492231989050435e-01,6.066572158740541898e-01,6.040022515562721850e-01,6.013853141860064921e-01,5.987449157954987111e-01,5.960408309667613036e-01,5.932458113418398460e-01,5.903408795093564310e-01,5.873124589103424498e-01,5.841505377663689380e-01,5.808474543306592075e-01,5.773970724661168230e-01,5.737942099376029947e-01,5.700342335789411186e-01,5.661127659230829057e-01
6.398034398034397885e-01,4.731100764711955176e-01,4.780679455098285624e-01,4.828893770628529536e-01,4.875780120283870200e-01,4.921390888621532955e-01,4.965800062060781728e-01,5.009110631584937634e-01,5.051464520013669857e-01,5.093056172314806007e-01,5.134151628966139302e-01,5.175116197257944028e-01,5.216456559373446877e-01,5.258889610836262607e-01,5.303467952076337255e-01,5.351849858876199795e-01,5.407052546644808277e-01,5.476889245783594928e-01,5.549383138250550962e-01,5.555008929679284835e-01,5.576363192496774923e-01,5.604759326460343472e-01,5.637787142485725100e-01,5.673801412495005358e-01,5.711198413351226133e-01,5.748351954261026187e-01,5.783751580599522102e-01,5.816178640393010468e-01,5.844825492071510364e-01,5.869319295023398553e-01,5.889661528972877091e-01,5.906121113359265040e-01,5.919120030445180758e-01,5.929136676102864101e-01,5.936636467006274342e-01,5.942028418950613400e-01,5.945641503128686889e-01,5.947713793626734358e-01,5.948388627401595130e-01,5.947713793626728807e-01,5.945641503128666905e-01,5.942028418950628943e-01,5.936636467006285445e-01,5.929136676102872983e-01,5.919120030445172986e-01,5.906121113359263930e-01,5.889661528972878202e-01,5.869319295023400773e-01,5.844825492071513695e-01,5.816178640393012689e-01,5.783751580599527653e-01,5.748351954261038399e-01,5.711198413351227243e-01,5.673801412495003138e-01,5.637787142485732872e-01,5.604759326460336810e-01,5.576363192496776033e-01,5.555008929679284835e-01,5.549383138250558734e-01,5.476889245783599369e-01,5.407052546644816049e-01,5.351849858876199795e-01,5.303467952076332814e-01,5.258889610836259276e-01,5.216456559373444657e-01,5.175116197257935147e-01,5.134151628966141523e-01,5.093056172314810448e-01,5.051464520013659865e-01,5.009110631584948736e-01,4.965800062060783948e-01,4.921390888621534065e-01,4.875780120283875196e-01,4.828893770628527315e-01,4.780679455098288955e-01,4.731100764711963502e-01
6.461506961506962021e-01,4.032610856252021869e-01,4.093708707838061844e-01,4.153849982095824678e-01,4.213030045371431997e-01,4.271279549789125940e-01,4.328675595833157419e-01,4.385355251327446857e-01,4.441531817169437346e-01,4.497514304165908805e-01,4.553730875433323333e-01,4.610758021955693176e-01,4.669360454214911416e-01,4.730556662287702663e-01,4.795757982844890410e-01,4.867159225009751733e-01,4.949332947064430388e-01,5.065792636742537658e-01,5.077454370608633916e-01,5.114504572558365991e-01,5.155342150995730899e-01,5.196412172423833242e-01,5.235786203426638918e-01,5.272177583028720971e-01,5.304761586591157929e-01,5.333114466175691293e-01,5.357150547881098790e-01,5.377042768680839746e-01,5.393138313824370478e-01,5.405882707142826149e-01,5.415759836443263531e-01,5.423249327288773847e-01,5.428798930212587193e-01,5.432808173174670241e-01,5.435619607354835736e-01,5.437514711087318986e-01,5.438712381687925701e-01,5.439368685813164017e-01,5.439577081675925907e-01,5.439368685813151805e-01,5.438712381687901276e-01,5.437514711087289010e-01,5.435619607354839067e-01,5.432808173174664690e-01,5.428798930212581642e-01,5.423249327288786059e-01,5.415759836443239106e-01,5.405882707142800614e-01,5.393138313824356045e-01,5.377042768680838636e-01,5.357150547881101010e-01,5.333114466175712387e-01,5.304761586591151268e-01,5.272177583028725412e-01,5.235786203426633367e-01,5.196412172423821030e-01,5.155342150995739781e-01,5.114504572558381534e-01,5.077454370608646128e-01,5.065792636742534327e-01,4.949332947064422061e-01,4.867159225009760615e-01,4.795757982844890965e-01,4.730556662287695446e-01,4.669360454214900868e-01,4.610758021955664865e-01,4.553730875433312786e-01,4.497514304165908250e-01,4.441531817169449559e-01,4.385355251327442416e-01,4.328675595833165746e-01,4.271279549789122054e-01,4.213030045371418675e-01,4.153849982095821902e-01,4.093708707838069616e-01,4.032610856252029641e-01
6.524979524979525047e-01,3.055668440147933929e-01,3.085752624535043620e-01,3.114153888412448667e-01,3.140714803192919957e-01,3.165308613193976162e-01,3.187861559121662469e-01,3.208380092632511227e-01,3.226981845909368540e-01,3.243927899780675861e-01,3.259652654305070785e-01,3.274787491817469087e-01,3.290177769719989653e-01,3.306905344851283068e-01,3.326371965129514274e-01,3.350699864177380527e-01,3.386018718096472924e-01,3.384848270569235651e-01,3.383777436547005801e-01,3.387583598349558356e-01,3.393331821515390145e-01,3.399767298977393604e-01,3.406079578995738766e-01,3.411684565669517166e-01,3.416171102359042422e-01,3.419282235370863510e-01,3.420901065868617863e-01,3.421034265672592833e-01,3.419792774397213408e-01,3.417370783261237110e-01,3.414024181691436288e-01,3.410049333433697871e-01,3.405762751406110622e-01,3.401482057717496454e-01,3.397508539422379181e-01,3.394111600324946632e-01,3.391515423841608978e-01,3.389888167902880278e-01,3.389333992612305613e-01,3.389888167902888605e-01,3.391515423841605092e-01,3.394111600324947742e-01,3.397508539422370855e-01,3.401482057717480356e-01,3.405762751406106736e-01,3.410049333433719521e-01,3.414024181691424631e-01,3.417370783261217126e-01,3.419792774397201751e-01,3.421034265672587837e-01,3.420901065868638957e-01,3.419282235370866285e-01,3.416171102359052414e-01,3.411684565669519942e-01,3.406079578995725998e-01,3.399767298977384722e-01,3.393331821515401248e-01,3.387583598349560021e-01,3.383777436547018569e-01,3.384848270569242867e-01,3.386018718096466262e-01,3.350699864177369425e-01,3.326371965129503727e-01,3.306905344851290840e-01,3.290177769719990764e-01,3.274787491817465757e-01,3.259652654305049135e-01,3.243927899780687518e-01,3.226981845909379087e-01,3.208380092632516778e-01,3.187861559121661914e-01,3.165308613193977827e-01,3.140714803192918847e-01,3.114153888412448112e-01,3.085752624535039734e-01,3.055668440147932263e-01
6.588452088452088073e-01,2.603102471819160324e-01,2.613203780783356911e-01,2.620236090764669346e-01,2.623958039973910972e-01,2.624230275551556746e-01,2.621049923294277439e-01,2.614578142715869857e-01,2.605155342960278064e-01,2.593300093135536000e-01,2.579691023575854114e-01,2.565136133848193722e-01,2.550541664246925300e-01,2.536908778780413987e-01,2.525446982224007764e-01,2.518372625609140991e-01,2.508238036579920061e-01,2.484361562173647564e-01,2.461836837144811829e-01,2.439280212436124584e-01,2.416243805361279473e-01,2.392443118034469629e-01,2.367669215737351063e-01,2.341782475708194811e-01,2.314722989638155759e-01,2.286523272694456488e-01,2.257318726583382729e-01,2.227353882859432477e-01,2.196983263410327014e-01,2.166666037138075540e-01,2.136953932322459282e-01,2.108472232207394825e-01,2.081894181959994816e-01,2.057909752785560820e-01,2.037190380908642517e-01,2.020351931353134844e-01,2.007918617093134295e-01,2.000290826675436839e-01,1.997719700992744429e-01,2.000290826675440725e-01,2.007918617093138181e-01,2.020351931353146502e-01,2.037190380908636411e-01,2.057909752785544444e-01,2.081894181959985934e-01,2.108472232207385388e-01,2.136953932322458449e-01,2.166666037138062773e-01,2.196983263410322018e-01,2.227353882859432199e-01,2.257318726583371349e-01,2.286523272694465092e-01,2.314722989638155481e-01,2.341782475708178712e-01,2.367669215737346899e-01,2.392443118034455751e-01,2.416243805361280028e-01,2.439280212436121253e-01,2.461836837144810719e-01,2.484361562173628968e-01,2.508238036579926167e-01,2.518372625609128224e-01,2.525446982224006098e-01,2.536908778780414542e-01,2.550541664246930296e-01,2.565136133848187061e-01,2.579691023575851339e-01,2.593300093135524897e-01,2.605155342960277509e-01,2.614578142715863196e-01,2.621049923294271888e-01,2.624230275551563407e-01,2.623958039973905421e-01,2.620236090764667680e-01,2.613203780783349695e-01,2.603102471819158104e-01
6.651924651924652210e-01,2.445613526852236097e-01,2.447136501730732550e-01,2.445610572669238980e-01,2.441020679054647369e-01,2.433457193631451410e-01,2.423117933291940029e-01,2.410303851927723395e-01,2.395410084818444807e-01,2.378915193485847679e-01,2.361373136799060357e-01,2.343416185213340608e-01,2.325788367686568991e-01,2.309475295208355261e-01,2.296288794310216985e-01,2.306637535747467771e-01,2.306099911924336943e-01,2.292648660798266291e-01,2.274166719229817613e-01,2.251805326392512796e-01,2.225820734938432355e-01,2.196148839439475142e-01,2.162578955263205760e-01,2.124841114879462145e-01,2.082671520487333339e-01,2.035875600883658154e-01,1.984395146180631675e-01,1.928380211159077262e-01,1.868262397538401620e-01,1.804822386850022942e-01,1.739241159616753407e-01,1.673121831852668606e-01,1.608468497209919468e-01,1.547611009343860811e-01,1.493071027168679232e-01,1.447374690897600402e-01,1.412829437092200380e-01,1.391293757869545011e-01,1.383975523172360500e-01,1.391293757869526693e-01,1.412829437092205098e-01,1.447374690897608729e-01,1.493071027168674791e-01,1.547611009343860256e-01,1.608468497209920023e-01,1.673121831852664165e-01,1.739241159616742582e-01,1.804822386850035987e-01,1.868262397538412722e-01,1.928380211159083646e-01,1.984395146180629732e-01,2.035875600883641778e-01,2.082671520487340278e-01,2.124841114879458814e-01,2.162578955263203817e-01,2.196148839439477640e-01,2.225820734938431800e-01,2.251805326392499196e-01,2.274166719229820943e-01,2.292648660798277394e-01,2.306099911924338608e-01,2.306637535747456114e-01,2.296288794310223369e-01,2.309475295208369139e-01,2.325788367686579539e-01,2.343416185213351155e-01,2.361373136799068129e-01,2.378915193485853230e-01,2.395410084818447027e-01,2.410303851927723395e-01,2.423117933291948078e-01,2.433457193631466398e-01,2.441020679054643205e-01,2.445610572669242033e-01,2.447136501730728386e-01,2.445613526852242203e-01
6.715397215397215236e-01,2.426687568725848509e-01,2.429443944770449115e-01,2.430234248499325289e-01,2.429107359455035531e-01,2.426178775646252173e-01,2.421641562865711472e-01,2.415780045608285076e-01,2.408989470456188164e-01,2.401808042532230236e-01,2.394975521816196107e-01,2.389555022883881330e-01,2.387235272371015238e-01,2.391344815976582105e-01,2.414272355151656502e-01,2.561345647092856948e-01,2.628069165682201946e-01,2.682667207641669660e-01,2.733354798856634238e-01,2.782691247007000324e-01,2.831414642479310184e-01,2.879121456940858526e-01,2.924325581077606984e-01,2.964308591560380068e-01,2.994900956982513018e-01,3.010309834418175012e-01,3.003153213701172941e-01,2.964920461949552832e-01,2.887094923320211448e-01,2.763052219985493996e-01,2.590508734526087986e-01,2.373798454150168880e-01,2.124915789306838221e-01,1.862507087331293221e-01,1.608909019863649092e-01,1.386344619304294701e-01,1.213699700696621309e-01,1.104714519691150781e-01,1.067501148738116412e-01,1.104714519691160080e-01,1.213699700696621447e-01,1.386344619304282211e-01,1.608909019863648537e-01,1.862507087331314037e-01,2.124915789306859870e-01,2.373798454150138904e-01,2.590508734526089651e-01,2.763052219985484004e-01,2.887094923320200901e-01,2.964920461949554498e-01,3.003153213701131308e-01,3.010309834418146702e-01,2.994900956982507467e-01,2.964308591560382844e-01,2.924325581077613090e-01,2.879121456940843538e-01,2.831414642479276877e-01,2.782691247007001989e-01,2.733354798856618140e-01,2.682667207641662444e-01,2.628069165682208053e-01,2.561345647092870270e-01,2.414272355151660387e-01,2.391344815976587657e-01,2.387235272371019956e-01,2.389555022883904922e-01,2.394975521816195552e-01,2.401808042532230514e-01,2.408989470456182891e-01,2.415780045608274251e-01,2.421641562865710640e-01,2.426178775646256058e-01,2.429107359455037751e-01,2.430234248499328897e-01,2.429443944770438568e-01,2.426687568725853228e-01
6.778869778869779372e-01,2.419038738382259524e-01,2.433188260569745520e-01,2.447235220602728689e-01,2.461391486682210916e-01,2.475982018545986318e-01,2.491492861953344129e-01,2.508645910210736130e-01,2.528522315546773980e-01,2.552781966444286899e-01,2.584095284809762028e-01,2.627127188306354055e-01,2.691385063986477255e-01,2.804798035075005136e-01,3.342365234634688820e-01,3.750943195921015993e-01,4.125889932716443331e-01,4.498078092946955486e-01,4.849937815224175108e-01,5.136911834229067608e-01,5.295724868855399281e-01,5.266701481177331612e-01,5.027193355352715942e-01,4.611113350305180991e-01,4.093498739852288737e-01,3.553628537495216455e-01,3.047771989750808208e-01,2.603721739528959134e-01,2.228468346658893928e-01,1.917934276408000682e-01,1.663865140856625180e-01,1.457522635658327625e-01,1.291250091244586506e-01,1.158918507902382267e-01,1.055879444763264535e-01,9.787481657979639482e-02,9.251642511524683921e-02,8.935886222182584659e-02,8.831562959156430415e-02,8.935886222182638783e-02,9.251642511524704737e-02,9.787481657979592298e-02,1.055879444763270364e-01,1.158918507902372275e-01,1.291250091244581233e-01,1.457522635658341503e-01,1.663865140856612690e-01,1.917934276407981253e-01,2.228468346658907528e-01,2.603721739528955803e-01,3.047771989750823751e-01,3.553628537495234219e-01,4.093498739852282631e-01,4.611113350305199310e-01,5.027193355352741477e-01,5.266701481177298305e-01,5.295724868855478107e-01,5.136911834229043183e-01,4.849937815224247273e-01,4.498078092946889983e-01,4.125889932716440556e-01,3.750943195920961037e-01,3.342365234634645521e-01,2.804798035075017903e-01,2.691385063986486692e-01,2.627127188306345729e-01,2.584095284809785342e-01,2.552781966444291339e-01,2.528522315546787858e-01,2.508645910210742791e-01,2.491492861953358284e-01,2.475982018545981878e-01,2.461391486682236174e-01,2.447235220602730077e-01,2.433188260569740802e-01,2.419038738382232878e-01
6.842342342342342398e-01,2.212931940181365187e-01,2.237781903197470224e-01,2.265508680934837094e-01,2.296939685606471659e-01,2.333235855898705691e-01,2.376067466580039922e-01,2.427918339661508662e-01,2.492649175308997711e-01,2.576640779182500784e-01,2.691437162523240278e-01,2.861223371672235727e-01,3.153489852059345178e-01,4.481205081265376977e-01,5.558974165486741947e-01,5.897039706704065853e-01,5.817828646255239766e-01,5.472102300916679152e-01,5.010029127929453985e-01,4.534041588246712218e-01,4.094000692596925228e-01,3.705288884939705873e-01,3.366333854295119332e-01,3.069219500185018101e-01,2.804846008457412831e-01,2.565075684560734204e-01,2.343470262386039837e-01,2.135440979862040511e-01,1.938175224704450361e-01,1.750478501678666143e-01,1.572571736146632371e-01,1.405848349684992171e-01,1.252590550874840558e-01,1.115652516782231762e-01,9.981290258429068030e-02,9.030349668774803606e-02,8.330210075371735634e-02,7.901443229514978905e-02,7.757041615834220361e-02,7.901443229514965028e-02,8.330210075371727307e-02,9.030349668774936833e-02,9.981290258429081907e-02,1.115652516782246195e-01,1.252590550874846109e-01,1.405848349685001053e-01,1.572571736146648747e-01,1.750478501678659482e-01,1.938175224704468680e-01,2.135440979862079369e-01,2.343470262386038172e-01,2.565075684560743641e-01,2.804846008457432260e-01,3.069219500185029204e-01,3.366333854295142647e-01,3.705288884939705873e-01,4.094000692596964086e-01,4.534041588246692234e-01,5.010029127929466197e-01,5.472102300916685813e-01,5.817828646255217562e-01,5.897039706704085837e-01,5.558974165486876284e-01,4.481205081265428047e-01,3.153489852059344623e-01,2.861223371672196314e-01,2.691437162523217519e-01,2.576640779182500784e-01,2.492649175308979392e-01,2.427918339661491454e-01,2.376067466580062126e-01,2.333235855898701805e-01,2.296939685606481096e-01,2.265508680934821828e-01,2.237781903197477440e-01,2.212931940181353530e-01
6.905814905814906535e-01,1.710232897264709340e-01,1.725670803683106158e-01,1.744283116049765436e-01,1.767198703427818596e-01,1.796039608642107099e-01,1.833208310346834402e-01,1.882410321093749006e-01,1.949689541857911879e-01,2.045741479606201785e-01,2.192104450688823758e-01,2.443657707969587589e-01,3.058786891227863736e-01,3.996274052672604826e-01,3.694227908871993149e-01,3.463166179445806847e-01,3.292363319072384442e-01,3.167530088710112102e-01,3.077371321725762554e-01,3.013632043881812050e-01,2.970301449294965312e-01,2.942868284360995457e-01,2.927734055557976722e-01,2.921742884006993668e-01,2.921768640168561637e-01,2.924306881670994951e-01,2.925030952797448291e-01,2.918290498423943280e-01,2.896569327783481418e-01,2.850001578999543650e-01,2.766204842271270947e-01,2.630956755505953204e-01,2.430584825696126550e-01,2.157117850928214620e-01,1.816616519363623006e-01,1.438702788076629269e-01,1.081077936814857643e-01,8.200804450170132154e-02,7.238603909802282521e-02,8.200804450170140480e-02,1.081077936814877627e-01,1.438702788076651751e-01,1.816616519363606908e-01,2.157117850928242930e-01,2.430584825696119333e-01,2.630956755505927669e-01,2.766204842271273723e-01,2.850001578999538654e-01,2.896569327783466985e-01,2.918290498423957713e-01,2.925030952797444961e-01,2.924306881670978298e-01,2.921768640168517228e-01,2.921742884006993668e-01,2.927734055557964510e-01,2.942868284360979914e-01,2.970301449294928675e-01,3.013632043881859790e-01,3.077371321725766995e-01,3.167530088710113212e-01,3.292363319072413308e-01,3.463166179445799076e-01,3.694227908871960397e-01,3.996274052672588173e-01,3.058786891227848748e-01,2.443657707969548176e-01,2.192104450688815986e-01,2.045741479606161817e-01,1.949689541857891617e-01,1.882410321093767602e-01,1.833208310346805814e-01,1.796039608642094887e-01,1.767198703427777240e-01,1.744283116049790416e-01,1.725670803683102827e-01,1.710232897264703789e-01
6.969287469287469561e-01,1.158424677477175313e-01,1.156590366501416556e-01,1.155976389975701124e-01,1.157349688289315282e-01,1.161815821508777047e-01,1.171005615840649827e-01,1.187409866472834974e-01,1.215047431594924454e-01,1.261029430624193703e-01,1.340269569668332272e-01,1.498447857219221691e-01,1.929492255584437932e-01,1.870689949102050664e-01,1.845469627210997166e-01,1.829463208708485555e-01,1.816858346667361013e-01,1.804919486998538547e-01,1.791822135875926758e-01,1.775997040851170494e-01,1.755853194239584414e-01,1.729645628134639512e-01,1.695439672846972279e-01,1.651188187383636485e-01,1.594969194047355932e-01,1.525430861101575442e-01,1.442432010522097241e-01,1.347724784495205608e-01,1.245341594700107302e-01,1.141282664173335903e-01,1.042353609230571021e-01,9.545330691135445189e-02,8.816335394895233324e-02,8.248493394151387714e-02,7.832103237461146561e-02,7.545088181003969940e-02,7.362254387034272707e-02,7.262005545592764566e-02,7.230213737325302814e-02,7.262005545592808975e-02,7.362254387034222747e-02,7.545088181004053207e-02,7.832103237461124356e-02,8.248493394151529268e-02,8.816335394895291611e-02,9.545330691135461842e-02,1.042353609230614597e-01,1.141282664173363381e-01,1.245341594700122845e-01,1.347724784495236139e-01,1.442432010522106678e-01,1.525430861101589874e-01,1.594969194047352601e-01,1.651188187383635375e-01,1.695439672847010582e-01,1.729645628134636182e-01,1.755853194239591630e-01,1.775997040851188258e-01,1.791822135875921207e-01,1.804919486998521894e-01,1.816858346667358792e-01,1.829463208708493327e-01,1.845469627210971630e-01,1.870689949102050109e-01,1.929492255584440707e-01,1.498447857219253609e-01,1.340269569668331995e-01,1.261029430624193148e-01,1.215047431594906135e-01,1.187409866472836362e-01,1.171005615840652880e-01,1.161815821508784541e-01,1.157349688289294187e-01,1.155976389975718610e-01,1.156590366501371314e-01,1.158424677477149500e-01
7.032760032760032587e-01,7.992121269042334886e-02,7.912951890885391859e-02,7.838602973687983089e-02,7.774613928803006391e-02,7.728562931192853314e-02,7.711030216566081008e-02,7.737353316497119771e-02,7.831389370396318883e-02,8.035612624386972991e-02,8.449815756175216297e-02,9.639870767618557990e-02,1.109891001142899736e-01,1.129726151196884798e-01,1.135528790223878648e-01,1.131689767529711621e-01,1.119757051693487382e-01,1.100424393059463157e-01,1.074101454309918102e-01,1.041204172780620385e-01,1.002374307477889581e-01,9.586733484988324561e-02,9.117351100019083221e-02,8.638233079370255529e-02,8.177242488998398562e-02,7.764304544309227896e-02,7.426498382347931915e-02,7.182780926310813885e-02,7.040280153358441373e-02,6.993591051772871103e-02,7.027137901346872106e-02,7.119364063233063478e-02,7.247080681899864540e-02,7.388769033005154752e-02,7.526430578389275983e-02,7.646191212007041882e-02,7.738118829326845471e-02,7.795698292517955208e-02,7.815281445606431232e-02,7.795698292518038475e-02,7.738118829326845471e-02,7.646191212007030780e-02,7.526430578389425863e-02,7.388769033005176956e-02,7.247080681899981114e-02,7.119364063232938578e-02,7.027137901346877658e-02,6.993591051772876654e-02,7.040280153358385862e-02,7.182780926310891600e-02,7.426498382347967997e-02,7.764304544309225120e-02,8.177242488998365255e-02,8.638233079370521983e-02,9.117351100019110977e-02,9.586733484988269050e-02,1.002374307477892912e-01,1.041204172780633153e-01,1.074101454309911441e-01,1.100424393059437622e-01,1.119757051693484606e-01,1.131689767529717727e-01,1.135528790223872542e-01,1.129726151196900341e-01,1.109891001142893074e-01,9.639870767618663461e-02,8.449815756175077519e-02,8.035612624386895275e-02,7.831389370396413252e-02,7.737353316497105893e-02,7.711030216566153173e-02,7.728562931192667351e-02,7.774613928802900920e-02,7.838602973687999742e-02,7.912951890885464024e-02,7.992121269042354315e-02
7.096232596232596723e-01,6.171928029491055567e-02,6.103706687023457977e-02,6.039209080660792872e-02,5.982590740488419323e-02,5.939234856281694341e-02,5.916361801271655119e-02,5.924313238536652038e-02,5.979824324093468979e-02,6.116891493676715474e-02,6.448976437070333412e-02,7.876587599898993153e-02,8.226744990371054334e-02,8.348997895171200723e-02,8.355440706355221625e-02,8.280013343326780850e-02,8.140399615161808544e-02,7.949780636417841384e-02,7.721147763464852876e-02,7.469448512732962397e-02,7.212599162357941074e-02,6.971423107875907021e-02,6.768343907420942829e-02,6.624820441561612983e-02,6.557958952546510956e-02,6.577252155674040424e-02,6.682608482836183139e-02,6.864466992240947363e-02,7.105960668795202606e-02,7.386285684393117945e-02,7.684127077163455111e-02,7.980255318903184403e-02,8.258947845552194744e-02,8.508356044587067624e-02,8.720166362609710342e-02,8.888920109952558324e-02,9.011264270637303619e-02,9.085294397535303990e-02,9.110065188919402868e-02,9.085294397535315092e-02,9.011264270637331375e-02,8.888920109952636039e-02,8.720166362609693689e-02,8.508356044586906641e-02,8.258947845552089273e-02,7.980255318903212158e-02,7.684127077163388497e-02,7.386285684393212314e-02,7.105960668795180402e-02,6.864466992241019527e-02,6.682608482836199792e-02,6.577252155674168099e-02,6.557958952546594222e-02,6.624820441561740658e-02,6.768343907420842909e-02,6.971423107875951430e-02,7.212599162358018789e-02,7.469448512733067869e-02,7.721147763464808467e-02,7.949780636417813628e-02,8.140399615161808544e-02,8.280013343326891873e-02,8.355440706355282687e-02,8.348997895171345052e-02,8.226744990371048782e-02,7.876587599899087522e-02,6.448976437070463863e-02,6.116891493676709923e-02,5.979824324093557797e-02,5.924313238536671467e-02,5.916361801271799448e-02,5.939234856281666586e-02,5.982590740488180625e-02,6.039209080660787321e-02,6.103706687023438549e-02,6.171928029491380308e-02
7.159705159705159749e-01,5.244661070449180285e-02,5.202966020784327572e-02,5.164481559266956290e-02,5.132353151848983996e-02,5.110609328859830325e-02,5.104765848173214993e-02,5.123287777316787306e-02,5.181907242431371685e-02,5.321943190599157103e-02,6.170941970060822568e-02,6.782299407679637238e-02,6.970835487227228233e-02,7.039155872124036595e-02,7.035758979926959311e-02,6.983679932633862775e-02,6.899571531732690000e-02,6.799136714323655850e-02,6.699233670339016511e-02,6.618450268078918119e-02,6.576454264164710573e-02,6.592163821114571665e-02,6.680983591956307643e-02,6.851777835637062886e-02,7.104609692354307837e-02,7.430219387890635296e-02,7.811609003725122902e-02,8.227230483896330604e-02,8.654669407625220634e-02,9.073715106463603464e-02,9.468192757777044166e-02,9.826519804680389214e-02,1.014132883986756384e-01,1.040860042806557306e-01,1.062666653750596879e-01,1.079530272524618084e-01,1.091500377774152764e-01,1.098645954172317030e-01,1.101021119104277357e-01,1.098645954172321471e-01,1.091500377774130559e-01,1.079530272524611423e-01,1.062666653750594659e-01,1.040860042806538432e-01,1.014132883986744171e-01,9.826519804680378112e-02,9.468192757776872082e-02,9.073715106463708935e-02,8.654669407625187327e-02,8.227230483896474933e-02,7.811609003725172862e-02,7.430219387890552030e-02,7.104609692354429962e-02,6.851777835637185010e-02,6.680983591956224377e-02,6.592163821114482847e-02,6.576454264164532937e-02,6.618450268078829302e-02,6.699233670339038715e-02,6.799136714323561481e-02,6.899571531732606733e-02,6.983679932633890530e-02,7.035758979926970413e-02,7.039155872124075453e-02,6.970835487227128313e-02,6.782299407679676095e-02,6.170941970060711546e-02,5.321943190599240370e-02,5.181907242431424421e-02,5.123287777316717917e-02,5.104765848173339893e-02,5.110609328859874734e-02,5.132353151848562112e-02,5.164481559266911881e-02,5.202966020784413614e-02,5.244661070449063711e-02
7.223177723177722775e-01,4.672135077857439422e-02,4.656650160952033324e-02,4.644185544613141370e-02,4.637343009727315502e-02,4.639584773834462550e-02,4.656031371130392449e-02,4.695580682234701264e-02,4.778235909142802829e-02,4.983288639636301864e-02,5.946875794436129459e-02,6.226497129704949840e-02,6.369262633527550399e-02,6.448760069631864766e-02,6.493640384106652563e-02,6.523310649024904873e-02,6.555371746059762694e-02,6.607928595180767584e-02,6.699860778809324513e-02,6.849620513161441826e-02,7.072765410074982606e-02,7.378726412656544387e-02,7.767834923972710692e-02,8.229929983251776937e-02,8.745492485612627043e-02,9.289196989894277223e-02,9.834645453743251498e-02,1.035862224904899875e-01,1.084369828014229986e-01,1.127893448498159534e-01,1.165915796614612754e-01,1.198352960631969832e-01,1.225399809439206011e-01,1.247397892432435818e-01,1.264737463575038579e-01,1.277791983806551013e-01,1.286877982107241802e-01,1.292232392948959863e-01,1.294000850100835986e-01,1.292232392948979847e-01,1.286877982107249574e-01,1.277791983806568776e-01,1.264737463575048571e-01,1.247397892432445810e-01,1.225399809439209342e-01,1.198352960631968722e-01,1.165915796614607203e-01,1.127893448498173967e-01,1.084369828014231096e-01,1.035862224904899875e-01,9.834645453743373622e-02,9.289196989894243917e-02,8.745492485612749167e-02,8.229929983251715875e-02,7.767834923972710692e-02,7.378726412656433364e-02,7.072765410074921544e-02,6.849620513161291946e-02,6.699860778809402229e-02,6.607928595180811993e-02,6.555371746059757143e-02,6.523310649024877117e-02,6.493640384106591501e-02,6.448760069631842562e-02,6.369262633527467132e-02,6.226497129704894329e-02,5.946875794436073948e-02,4.983288639636385131e-02,4.778235909142661275e-02,4.695580682234426484e-02,4.656031371130184282e-02,4.639584773833924092e-02,4.637343009727276644e-02,4.644185544613130268e-02,4.656650160951983364e-02,4.672135077857361707e-02
7.286650286650286912e-01,4.227159411023209690e-02,4.235160414182390087e-02,4.246619766208684088e-02,4.264019887066131109e-02,4.290910617991064435e-02,4.333105016765215201e-02,4.402215184295249495e-02,4.531348028676923656e-02,5.265742876530860039e-02,5.703806002915384754e-02,5.930675089991127580e-02,6.097951045957195060e-02,6.243524564550462230e-02,6.390568348370545548e-02,6.559134490533991002e-02,6.768868944525391340e-02,7.038748899512670132e-02,7.384863811848257908e-02,7.816782750318740369e-02,8.333617494836448314e-02,8.921614097269753296e-02,9.555081998897685391e-02,1.020112682256439918e-01,1.082659126271449113e-01,1.140439570714414375e-01,1.191707447057943625e-01,1.235705528584524204e-01,1.272469004645747637e-01,1.302546305408338601e-01,1.326742575463424334e-01,1.345932061270044278e-01,1.360942977951983268e-01,1.372498846815350948e-01,1.381196603410367318e-01,1.387505233167718455e-01,1.391773783025128663e-01,1.394241939348902504e-01,1.395049376722001799e-01,1.394241939348919157e-01,1.391773783025119782e-01,1.387505233167706242e-01,1.381196603410373980e-01,1.372498846815343176e-01,1.360942977951982158e-01,1.345932061270034286e-01,1.326742575463443208e-01,1.302546305408359695e-01,1.272469004645748747e-01,1.235705528584505331e-01,1.191707447057954727e-01,1.140439570714417705e-01,1.082659126271463546e-01,1.020112682256442138e-01,9.555081998897718698e-02,8.921614097269731092e-02,8.333617494836575990e-02,7.816782750318806983e-02,7.384863811848241255e-02,7.038748899512670132e-02,6.768868944525413545e-02,6.559134490534257456e-02,6.390568348370456730e-02,6.243524564550423372e-02,6.097951045957172855e-02,5.930675089991110926e-02,5.703806002915351447e-02,5.265742876530932204e-02,4.531348028676773776e-02,4.402215184295185657e-02,4.333105016764948747e-02,4.290910617991189335e-02,4.264019887066003434e-02,4.246619766208625801e-02,4.235160414182378985e-02,4.227159411023215241e-02
7.350122850122851048e-01,3.916219697672132516e-02,3.945585192435993593e-02,3.979666360301770123e-02,4.021265320276076749e-02,4.074726365237751891e-02,4.147924806842695489e-02,4.259178540865232732e-02,4.488442288981991934e-02,5.334890746546111506e-02,5.661591476927541056e-02,5.920984740169693561e-02,6.170008475826688210e-02,6.437730149155906911e-02,6.747425159787789894e-02,7.119978857072412071e-02,7.572466082582840485e-02,8.114060723711358225e-02,8.740843271493170530e-02,9.432186105904016848e-02,1.015191426951107534e-01,1.085561175440548087e-01,1.150160215984720180e-01,1.206043441121736892e-01,1.251886301276861069e-01,1.287807993528095052e-01,1.314880691795643486e-01,1.334614013618464767e-01,1.348575487469613199e-01,1.358176829201949154e-01,1.364588381332284550e-01,1.368730482154960626e-01,1.371301525499636353e-01,1.372817986561699621e-01,1.373653749637500088e-01,1.374073471373490340e-01,1.374258573528126526e-01,1.374326157746069699e-01,1.374341674462741247e-01,1.374326157746067478e-01,1.374258573528129856e-01,1.374073471373504773e-01,1.373653749637473442e-01,1.372817986561706283e-01,1.371301525499621921e-01,1.368730482154951744e-01,1.364588381332312306e-01,1.358176829201962477e-01,1.348575487469614309e-01,1.334614013618471429e-01,1.314880691795652368e-01,1.287807993528105044e-01,1.251886301276857738e-01,1.206043441121750215e-01,1.150160215984725731e-01,1.085561175440534765e-01,1.015191426951089770e-01,9.432186105904105666e-02,8.740843271493148325e-02,8.114060723711508105e-02,7.572466082582846036e-02,7.119978857072317702e-02,6.747425159787806548e-02,6.437730149156012383e-02,6.170008475826621597e-02,5.920984740169699112e-02,5.661591476927579913e-02,5.334890746546144813e-02,4.488442288981803197e-02,4.259178540865254936e-02,4.147924806842601120e-02,4.074726365237793524e-02,4.021265320276143362e-02,3.979666360301842287e-02,3.945585192436054656e-02,3.916219697672435052e-02
7.413595413595414074e-01,3.697290360222749150e-02,3.747083541919304928e-02,3.803764584562352447e-02,3.870954700889023270e-02,3.954712492700401816e-02,4.067213411176001658e-02,4.243456515704530085e-02,4.995287174157425625e-02,5.464076024475811311e-02,5.819504849720480433e-02,6.171938180759345416e-02,6.559338984229257097e-02,7.007808253842551238e-02,7.536536189601145130e-02,8.154396588183654426e-02,8.853630274394042043e-02,9.604968643043720888e-02,1.035952657244897379e-01,1.106021123972109610e-01,1.165853792099855735e-01,1.212762197101059369e-01,1.246488441344479892e-01,1.268573527616525531e-01,1.281414689627978776e-01,1.287500786144015752e-01,1.288988474923411509e-01,1.287559353394299722e-01,1.284437622000383916e-01,1.280472674795668508e-01,1.276232700045319968e-01,1.272086189123072808e-01,1.268265107092197974e-01,1.264910825868904576e-01,1.262106249752624754e-01,1.259897696012084456e-01,1.258309467122453729e-01,1.257353290043283778e-01,1.257034123228191191e-01,1.257353290043290439e-01,1.258309467122444847e-01,1.259897696012068913e-01,1.262106249752628084e-01,1.264910825868906796e-01,1.268265107092202415e-01,1.272086189123082800e-01,1.276232700045308865e-01,1.280472674795667398e-01,1.284437622000376145e-01,1.287559353394308603e-01,1.288988474923409289e-01,1.287500786144016862e-01,1.281414689627979886e-01,1.268573527616514429e-01,1.246488441344489884e-01,1.212762197101092676e-01,1.165853792099864616e-01,1.106021123972111830e-01,1.035952657244911812e-01,9.604968643043898524e-02,8.853630274394286293e-02,8.154396588183676631e-02,7.536536189601256153e-02,7.007808253842628954e-02,6.559338984229307057e-02,6.171938180759189985e-02,5.819504849720419370e-02,5.464076024475711391e-02,4.995287174157392318e-02,4.243456515704552290e-02,4.067213411176057170e-02,3.954712492700446225e-02,3.870954700888970534e-02,3.803764584562310813e-02,3.747083541919304928e-02,3.697290360222732497e-02
7.477067977067977100e-01,3.552848112833353889e-02,3.623160064919292433e-02,3.703603671782579321e-02,3.799303767231865248e-02,3.919505026267661174e-02,4.085328827313899902e-02,4.392422472318158189e-02,5.283688964476157546e-02,5.741338034777404564e-02,6.191646189610322537e-02,6.687530135320424174e-02,7.255432728200722492e-02,7.906038631402201311e-02,8.629392652634404470e-02,9.389420457894115390e-02,1.012680243162877858e-01,1.077498520697638407e-01,1.128322775459561500e-01,1.163226353321518136e-01,1.183372878894906055e-01,1.191779209733185851e-01,1.191933944259006006e-01,1.186912283548379188e-01,1.179044537692851558e-01,1.169928592722149219e-01,1.160580094704924958e-01,1.151601298111378791e-01,1.143321162355509513e-01,1.135897243245039823e-01,1.129384646675931636e-01,1.123780670377945157e-01,1.119052847434118814e-01,1.115156158337566872e-01,1.112043377553181278e-01,1.109671160463624462e-01,1.108003535978787646e-01,1.107013847441096210e-01,1.106685779863716412e-01,1.107013847441093990e-01,1.108003535978779874e-01,1.109671160463594486e-01,1.112043377553199042e-01,1.115156158337580194e-01,1.119052847434118814e-01,1.123780670377969582e-01,1.129384646675921644e-01,1.135897243245054256e-01,1.143321162355473986e-01,1.151601298111371019e-01,1.160580094704941612e-01,1.169928592722132565e-01,1.179044537692859329e-01,1.186912283548325897e-01,1.191933944259008227e-01,1.191779209733208056e-01,1.183372878894914937e-01,1.163226353321487050e-01,1.128322775459562610e-01,1.077498520697630635e-01,1.012680243162870086e-01,9.389420457894182004e-02,8.629392652634393368e-02,7.906038631401979266e-02,7.255432728200578163e-02,6.687530135320568503e-02,6.191646189610283679e-02,5.741338034777465626e-02,5.283688964476307426e-02,4.392422472317975002e-02,4.085328827313922107e-02,3.919505026267766645e-02,3.799303767231820839e-02,3.703603671782679241e-02,3.623160064919486723e-02,3.552848112833129068e-02
7.540540540540541237e-01,3.439856368522484220e-02,3.530781934944837719e-02,3.636263673288847587e-02,3.763895255107901905e-02,3.928640291095564230e-02,4.172486958771071119e-02,5.017134256225391775e-02,5.597727384410750018e-02,6.128906762909264172e-02,6.702163212446721197e-02,7.340325419020976572e-02,8.037023557528999440e-02,8.755829983395646554e-02,9.434467615872355051e-02,1.000390723767351497e-01,1.041573189318313331e-01,1.065917937252397474e-01,1.075720043153367556e-01,1.074928824117307169e-01,1.067519985283944539e-01,1.056644230854892896e-01,1.044453747561862045e-01,1.032264091570637143e-01,1.020798750677524014e-01,1.010402536975907317e-01,1.001195251341436832e-01,9.931718893171270768e-02,9.862641167619146110e-02,9.803763452211466944e-02,9.754060650172058367e-02,9.712547778102387230e-02,9.678334799532650745e-02,9.650650834157548097e-02,9.628851871192245504e-02,9.612420224331075236e-02,9.600960465884245121e-02,9.594194523918675443e-02,9.591957431565023562e-02,9.594194523918708750e-02,9.600960465884200712e-02,9.612420224331019725e-02,9.628851871192267708e-02,9.650650834157614710e-02,9.678334799532695154e-02,9.712547778102220697e-02,9.754060650172124980e-02,9.803763452211400331e-02,9.862641167618779736e-02,9.931718893171337381e-02,1.001195251341455705e-01,1.010402536975900656e-01,1.020798750677521793e-01,1.032264091570637143e-01,1.044453747561843171e-01,1.056644230854916211e-01,1.067519985283967854e-01,1.074928824117306059e-01,1.075720043153379768e-01,1.065917937252405245e-01,1.041573189318305559e-01,1.000390723767358159e-01,9.434467615872355051e-02,8.755829983395546634e-02,8.037023557528988338e-02,7.340325419021154207e-02,6.702163212446915486e-02,6.128906762909230865e-02,5.597727384410844387e-02,5.017134256225386224e-02,4.172486958771148835e-02,3.928640291095669701e-02,3.763895255107901905e-02,3.636263673288719911e-02,3.530781934944826617e-02,3.439856368522326013e-02
7.604013104013104263e-01,3.355673518246093945e-02,3.467369921012813938e-02,3.599344437188950474e-02,3.763099546387932426e-02,3.984313849858617251e-02,4.379757994535515842e-02,5.363860593489533368e-02,5.954387593316490257e-02,6.559276575716743718e-02,7.198602275760701552e-02,7.846849527248678235e-02,8.448908958345779929e-02,8.940965409923540275e-02,9.279242954142163935e-02,9.457893785890880700e-02,9.504091354769872435e-02,9.459287699486085277e-02,9.362569090086336754e-02,9.243023023491925283e-02,9.119157143367928597e-02,9.001306699905586850e-02,8.894421457354328986e-02,8.800249558459249943e-02,8.718792108007566988e-02,8.649187725413864936e-02,8.590218015250172812e-02,8.540581109541811600e-02,8.499030422141584662e-02,8.464438039566135608e-02,8.435817548301027813e-02,8.412326099944400504e-02,8.393256724399000834e-02,8.378026870460275610e-02,8.366166325097978973e-02,8.357306100573969054e-02,8.351169035141103869e-02,8.347562414224651839e-02,8.346372705754201426e-02,8.347562414224685146e-02,8.351169035141126074e-02,8.357306100573969054e-02,8.366166325098001177e-02,8.378026870460186792e-02,8.393256724399089652e-02,8.412326099944200664e-02,8.435817548301038915e-02,8.464438039566091199e-02,8.499030422141684582e-02,8.540581109541833804e-02,8.590218015250061789e-02,8.649187725413098882e-02,8.718792108007455965e-02,8.800249558459205534e-02,8.894421457354317884e-02,9.001306699905620157e-02,9.119157143368128438e-02,9.243023023491925283e-02,9.362569090086425572e-02,9.459287699486185197e-02,9.504091354769761413e-02,9.457893785890780780e-02,9.279242954142241651e-02,8.940965409923251617e-02,8.448908958345968667e-02,7.846849527248755951e-02,7.198602275760612734e-02,6.559276575716599389e-02,5.954387593316451399e-02,5.363860593489316875e-02,4.379757994535482535e-02,3.984313849858622802e-02,3.763099546387838057e-02,3.599344437188900514e-02,3.467369921012658507e-02,3.355673518245971820e-02
7.667485667485667289e-01,3.344317242389016620e-02,3.478210429491856992e-02,3.639628392947757973e-02,3.846354052429507009e-02,4.147476533654026465e-02,5.080511644266555438e-02,5.734110085130661449e-02,6.330065909389415157e-02,6.911576516588591179e-02,7.445727715281424963e-02,7.881387132928485695e-02,8.180514144357831086e-02,8.337726891207597468e-02,8.377814399584471161e-02,8.338755963446542463e-02,8.256022883204516827e-02,8.155484507392396498e-02,8.053106592551151355e-02,7.957410794198060966e-02,7.872165020762067478e-02,7.798414905193085112e-02,7.735790870470338199e-02,7.683274944728157863e-02,7.639621596497725431e-02,7.603574241956123636e-02,7.573967215369725725e-02,7.549766211113295711e-02,7.530077190584061331e-02,7.514140218180398456e-02,7.501317015729236370e-02,7.491076771952509539e-02,7.482982432188289845e-02,7.476678463967312283e-02,7.471880459610813485e-02,7.468366626445022138e-02,7.465971078572319897e-02,7.464578799413246202e-02,7.464122146883278575e-02,7.464578799413335020e-02,7.465971078572308794e-02,7.468366626444999934e-02,7.471880459610835690e-02,7.476678463967145749e-02,7.482982432188389765e-02,7.491076771952487334e-02,7.501317015729269677e-02,7.514140218180342945e-02,7.530077190583883695e-02,7.549766211113129177e-02,7.573967215369570294e-02,7.603574241955901591e-02,7.639621596497681022e-02,7.683274944728135658e-02,7.735790870470304892e-02,7.798414905192863067e-02,7.872165020762178500e-02,7.957410794198027659e-02,8.053106592551184661e-02,8.155484507392307680e-02,8.256022883204405804e-02,8.338755963446675690e-02,8.377814399584637695e-02,8.337726891207730695e-02,8.180514144357642348e-02,7.881387132928607819e-02,7.445727715281502679e-02,6.911576516588324726e-02,6.330065909389803736e-02,5.734110085130578183e-02,5.080511644266566540e-02,4.147476533654170794e-02,3.846354052429573622e-02,3.639628392947791280e-02,3.478210429491895850e-02,3.344317242388922251e-02
7.730958230958231425e-01,3.375555511290323496e-02,3.530893832079817773e-02,3.721766260592118680e-02,3.975964423148370397e-02,4.420659036796714680e-02,5.419702456146102687e-02,5.976729671265135213e-02,6.462623161523106674e-02,6.861391402499461556e-02,7.146377506655976486e-02,7.311518848719678054e-02,7.375280479831014535e-02,7.368667929441063968e-02,7.321799670441775376e-02,7.257118558116226748e-02,7.188665136100846897e-02,7.124033013871344799e-02,7.066667698415385335e-02,7.017633753442054090e-02,6.976755885262941881e-02,6.943286859289743429e-02,6.916272278645019256e-02,6.894737171714437896e-02,6.877773390925834285e-02,6.864574158547065430e-02,6.854441756477813730e-02,6.846782493208658504e-02,6.841096411415570344e-02,6.836965539319883600e-02,6.834042519495076018e-02,6.832040411806361568e-02,6.830723937683236269e-02,6.829902176114632795e-02,6.829422609320889848e-02,6.829166378341400279e-02,6.829044608472134570e-02,6.828995681839111764e-02,6.828983359347218229e-02,6.828995681839200582e-02,6.829044608472234490e-02,6.829166378341400279e-02,6.829422609320756621e-02,6.829902176114577284e-02,6.830723937683147451e-02,6.832040411806383773e-02,6.834042519495131529e-02,6.836965539319839191e-02,6.841096411415514833e-02,6.846782493209058185e-02,6.854441756477902548e-02,6.864574158547209759e-02,6.877773390925789876e-02,6.894737171714349078e-02,6.916272278644863825e-02,6.943286859289632407e-02,6.976755885262986290e-02,7.017633753442042988e-02,7.066667698415274312e-02,7.124033013871489128e-02,7.188665136100802489e-02,7.257118558116237850e-02,7.321799670441653252e-02,7.368667929441019560e-02,7.375280479830903513e-02,7.311518848719600339e-02,7.146377506656076406e-02,6.861391402499572578e-02,6.462623161522917936e-02,5.976729671265157418e-02,5.419702456146197056e-02,4.420659036796853458e-02,3.975964423148337090e-02,3.721766260592168640e-02,3.530893832079734507e-02,3.375555511290478927e-02
7.794430794430794451e-01,3.448971544938561617e-02,3.621873073264281206e-02,3.837533109093743677e-02,4.141879024315903157e-02,5.026039748171984289e-02,5.557440387365009116e-02,5.949051752679601623e-02,6.238520033019090416e-02,6.427998051507899380e-02,6.530776532598403517e-02,6.569979681522264414e-02,6.569599669017089916e-02,6.548538305707052309e-02,6.519259627731144313e-02,6.488950130344561806e-02,6.461245248126279428e-02,6.437658447549221563e-02,6.418542678654692857e-02,6.403670632897739967e-02,6.392561368577598380e-02,6.384654021465552276e-02,6.379394509219760145e-02,6.376274729135378294e-02,6.374846791840593774e-02,6.374724755324423509e-02,6.375580577712436359e-02,6.377137812632405200e-02,6.379164826843664038e-02,6.381468383684152368e-02,6.383887944078570076e-02,6.386290786788839657e-02,6.388567929549782143e-02,6.390630781461648091e-02,6.392408441274044506e-02,6.393845558025834652e-02,6.394900680430304352e-02,6.395545034537475360e-02,6.395761683182343837e-02,6.395545034537486462e-02,6.394900680430215534e-02,6.393845558025834652e-02,6.392408441274233244e-02,6.390630781461648091e-02,6.388567929549626712e-02,6.386290786788839657e-02,6.383887944078514565e-02,6.381468383683874812e-02,6.379164826843497504e-02,6.377137812632371894e-02,6.375580577712547381e-02,6.374724755324412406e-02,6.374846791840693694e-02,6.376274729135444908e-02,6.379394509219804554e-02,6.384654021465352436e-02,6.392561368577431846e-02,6.403670632897628945e-02,6.418542678654548528e-02,6.437658447549177154e-02,6.461245248126057383e-02,6.488950130344706135e-02,6.519259627730855655e-02,6.548538305707041207e-02,6.569599669017001098e-02,6.569979681522297721e-02,6.530776532598181472e-02,6.427998051508143629e-02,6.238520033019245847e-02,5.949051752679523908e-02,5.557440387365031320e-02,5.026039748172134169e-02,4.141879024315836544e-02,3.837533109093732575e-02,3.621873073264253451e-02,3.448971544938644884e-02
7.857903357903358588e-01,3.483436599327255356e-02,3.661577426529177837e-02,3.886449007388026455e-02,4.255810972393436753e-02,5.028224010811083167e-02,5.350613471320719849e-02,5.570720898974323987e-02,5.714740118919670042e-02,5.801607268428121689e-02,5.849499211646469465e-02,5.873425353217986977e-02,5.884031822045410198e-02,5.888059138110424140e-02,5.889417729781398769e-02,5.890201412895157418e-02,5.891424749250340209e-02,5.893496717686041997e-02,5.896504222114196114e-02,5.900374196895175061e-02,5.904963051135536656e-02,5.910104262020032806e-02,5.915632490442190861e-02,5.921394822550429815e-02,5.927255133155906464e-02,5.933094910227110219e-02,5.938812372607538137e-02,5.944320867197505631e-02,5.949547061285120897e-02,5.954429186685838982e-02,5.958915451894997162e-02,5.962962664156012949e-02,5.966535065711242591e-02,5.969603370935694375e-02,5.972143984323485810e-02,5.974138378211724110e-02,5.975572610878276958e-02,5.976436968696730023e-02,5.976725719588216190e-02,5.976436968696607899e-02,5.975572610878232549e-02,5.974138378211646394e-02,5.972143984323541321e-02,5.969603370935672171e-02,5.966535065711120467e-02,5.962962664155957437e-02,5.958915451894741810e-02,5.954429186685872288e-02,5.949547061285131999e-02,5.944320867197350200e-02,5.938812372607726875e-02,5.933094910227110219e-02,5.927255133155795441e-02,5.921394822550296588e-02,5.915632490442068736e-02,5.910104262020310362e-02,5.904963051135458940e-02,5.900374196895241674e-02,5.896504222114307137e-02,5.893496717686430575e-02,5.891424749250351312e-02,5.890201412895257338e-02,5.889417729781387667e-02,5.888059138110179891e-02,5.884031822045754367e-02,5.873425353217776035e-02,5.849499211646391750e-02,5.801607268428088382e-02,5.714740118919336975e-02,5.570720898974446111e-02,5.350613471320353476e-02,5.028224010811344069e-02,4.255810972393503366e-02,3.886449007388098620e-02,3.661577426529011303e-02,3.483436599327227601e-02
7.921375921375921614e-01,3.566644002576119243e-02,3.740137421105527160e-02,3.964776707829553715e-02,4.584303348950891088e-02,4.893585238946007721e-02,5.083493736208588576e-02,5.213929464680555625e-02,5.304561400514085090e-02,5.368183223060418729e-02,5.413869981165186918e-02,5.447840820150717800e-02,5.474182419738793381e-02,5.495504762275771338e-02,5.513450291247978807e-02,5.529048147202619834e-02,5.542945140141330995e-02,5.555551048966900218e-02,5.567128413183108915e-02,5.577847662688106833e-02,5.587820991216618793e-02,5.597123284933824827e-02,5.605805168758670742e-02,5.613901232782037010e-02,5.621435290389875661e-02,5.628423791604986182e-02,5.634878077516503048e-02,5.640805897705014615e-02,5.646212452463739151e-02,5.651101123832125150e-02,5.655473999216364955e-02,5.659332253957771730e-02,5.662676435774915973e-02,5.665506679117759958e-02,5.667822867988292490e-02,5.669624759593272501e-02,5.670912077150025432e-02,5.671684577421731710e-02,5.671942096678883605e-02,5.671684577421953755e-02,5.670912077150025432e-02,5.669624759593139274e-02,5.667822867988292490e-02,5.665506679117804367e-02,5.662676435774871564e-02,5.659332253957716219e-02,5.655473999216409364e-02,5.651101123832547035e-02,5.646212452463672538e-02,5.640805897704881389e-02,5.634878077516769501e-02,5.628423791605030591e-02,5.621435290389886763e-02,5.613901232781981498e-02,5.605805168758559720e-02,5.597123284933946952e-02,5.587820991216707611e-02,5.577847662688018016e-02,5.567128413182986790e-02,5.555551048966611560e-02,5.542945140141264382e-02,5.529048147202453301e-02,5.513450291247889989e-02,5.495504762275793542e-02,5.474182419738793381e-02,5.447840820150806618e-02,5.413869981165164713e-02,5.368183223060452036e-02,5.304561400513962965e-02,5.213929464681188453e-02,5.083493736208888336e-02,4.893585238946041027e-02,4.584303348950852230e-02,3.964776707829409386e-02,3.740137421105382831e-02,3.566644002576163652e-02
7.984848484848485750e-01,3.789301149175056116e-02,3.951981567560708397e-02,4.186946010518899364e-02,4.682035228951708650e-02,4.861337162424683722e-02,4.984975350919562676e-02,5.076857195956507862e-02,5.147165349482196728e-02,5.202041948414537487e-02,5.245627298063015864e-02,5.280816480449535000e-02,5.309667501434234271e-02,5.333661744412554473e-02,5.353878060939754047e-02,5.371112371674469088e-02,5.385959509571847104e-02,5.398869595922439757e-02,5.410187202690619479e-02,5.420178855176616128e-02,5.429052591682137496e-02,5.436972064017253636e-02,5.444066844282058337e-02,5.450440062237860150e-02,5.456174139354819097e-02,5.461335147255219624e-02,5.465976158346663727e-02,5.470139848146171602e-02,5.473860534614904960e-02,5.477165788440374605e-02,5.480077712140796198e-02,5.482613960292248567e-02,5.484788554719899345e-02,5.486612535085433340e-02,5.488094475339244660e-02,5.489240889037694249e-02,5.490056540788534889e-02,5.490544676615971564e-02,5.490707182405807352e-02,5.490544676615838338e-02,5.490056540789101103e-02,5.489240889038049520e-02,5.488094475339311273e-02,5.486612535085322317e-02,5.484788554719399745e-02,5.482613960292159749e-02,5.480077712140363211e-02,5.477165788440185867e-02,5.473860534615360152e-02,5.470139848145649797e-02,5.465976158346719238e-02,5.461335147255252931e-02,5.456174139355096653e-02,5.450440062237937866e-02,5.444066844282169360e-02,5.436972064017109307e-02,5.429052591682337336e-02,5.420178855176260857e-02,5.410187202690197594e-02,5.398869595922428655e-02,5.385959509571625059e-02,5.371112371674269248e-02,5.353878060939598615e-02,5.333661744412565575e-02,5.309667501434311987e-02,5.280816480449734840e-02,5.245627298063004762e-02,5.202041948414271033e-02,5.147165349482185626e-02,5.076857195956396840e-02,4.984975350919185200e-02,4.861337162424528291e-02,4.682035228951708650e-02,4.186946010518621808e-02,3.951981567560830522e-02,3.789301149175278161e-02
8.048321048321048776e-01,4.247426615721505705e-02,4.379542316947360181e-02,4.743089260620758640e-02,4.904347448022594591e-02,4.998057419281287661e-02,5.067052842871655471e-02,5.120923768935248255e-02,5.163970497376191293e-02,5.198742957731106173e-02,5.226998429934837098e-02,5.250045819414006498e-02,5.268898973045565981e-02,5.284356847537041713e-02,5.297057128670756843e-02,5.307512470192576881e-02,5.316136064607013267e-02,5.323262242140347489e-02,5.329162274903231911e-02,5.334056755562033292e-02,5.338125372882673858e-02,5.341514678186887188e-02,5.344344288227287354e-02,5.346711863594588721e-02,5.348697122850842867e-02,5.350365093125963867e-02,5.351768752752561475e-02,5.352951187027710223e-02,5.353947351750487638e-02,5.354785518804527911e-02,5.355488462280488804e-02,5.356074431344548525e-02,5.356557946423234906e-02,5.356950447664610149e-02,5.357260818562281646e-02,5.357495802736511603e-02,5.357660327857849403e-02,5.357757747373714796e-02,5.357790007863305615e-02,5.357757747373870227e-02,5.357660327857882709e-02,5.357495802736489399e-02,5.357260818562170623e-02,5.356950447664499126e-02,5.356557946423257111e-02,5.356074431344615139e-02,5.355488462280533213e-02,5.354785518804539013e-02,5.353947351750609762e-02,5.352951187027710223e-02,5.351768752752539271e-02,5.350365093126008276e-02,5.348697122850831764e-02,5.346711863594666436e-02,5.344344288227298456e-02,5.341514678186798371e-02,5.338125372882707165e-02,5.334056755561944474e-02,5.329162274903320728e-02,5.323262242140391898e-02,5.316136064607013267e-02,5.307512470192721210e-02,5.297057128670823456e-02,5.284356847537019508e-02,5.268898973045621492e-02,5.250045819413950987e-02,5.226998429934825996e-02,5.198742957731017356e-02,5.163970497376013657e-02,5.120923768935192744e-02,5.067052842871699880e-02,4.998057419281021208e-02,4.904347448022572387e-02,4.743089260620714231e-02,4.379542316947393488e-02,4.247426615721394683e-02
8.111793611793611802e-01,5.022823941916321200e-02,5.082992770891792134e-02,5.254702829895618876e-02,5.249509118621376036e-02,5.244740370543199415e-02,5.244302588557447908e-02,5.247275952925822828e-02,5.252196648774265508e-02,5.257855693902069305e-02,5.263424246816650331e-02,5.268401878342143796e-02,5.272529676820336686e-02,5.275711608718902657e-02,5.277955025339164941e-02,5.279324730570733593e-02,5.279918515987691574e-02,5.279847670388260195e-02,5.279224757236578025e-02,5.278157246963988136e-02,5.276743945538631131e-02,5.275073359791349059e-02,5.273223274427085716e-02,5.271261052557463245e-02,5.269244341163392686e-02,5.267221977514313647e-02,5.265234968671750337e-02,5.263317466180772453e-02,5.261497690510330560e-02,5.259798780598923251e-02,5.258239556972710282e-02,5.256835194914410980e-02,5.255597808881640187e-02,5.254536951916000120e-02,5.253660034954887870e-02,5.252972671234934499e-02,5.252478950702277327e-02,5.252181648739351338e-02,5.252082372689648171e-02,5.252181648739251418e-02,5.252478950702343941e-02,5.252972671234967805e-02,5.253660034954965585e-02,5.254536951915966814e-02,5.255597808881695698e-02,5.256835194914510900e-02,5.258239556972799100e-02,5.259798780599012069e-02,5.261497690510241743e-02,5.263317466180905679e-02,5.265234968671572702e-02,5.267221977514258135e-02,5.269244341163337175e-02,5.271261052557463245e-02,5.273223274427241147e-02,5.275073359791349059e-02,5.276743945538586722e-02,5.278157246963866012e-02,5.279224757236666843e-02,5.279847670388149172e-02,5.279918515987713779e-02,5.279324730570811308e-02,5.277955025339087225e-02,5.275711608719035883e-02,5.272529676820347788e-02,5.268401878342288125e-02,5.263424246816672536e-02,5.257855693901936078e-02,5.252196648774287713e-02,5.247275952925978260e-02,5.244302588557492317e-02,5.244740370543310437e-02,5.249509118621298320e-02,5.254702829895485650e-02,5.082992770891847645e-02,5.022823941916232382e-02
8.175266175266175939e-01,5.476981231142519224e-02,5.639268613337744540e-02,5.457312703540351251e-02,5.350904811359902258e-02,5.284734679151681380e-02,5.245738290520207681e-02,5.224711280799076984e-02,5.214984824531898600e-02,5.211905389892768081e-02,5.212360750764921669e-02,5.214356311936463317e-02,5.216673998640075638e-02,5.218617234044231612e-02,5.219829358401961716e-02,5.220168673153435801e-02,5.219625402741900899e-02,5.218261279250913098e-02,5.216180954245708268e-02,5.213506192025807451e-02,5.210361852434719498e-02,5.206868101542017069e-02,5.203136038591515966e-02,5.199265628770555203e-02,5.195345074168744581e-02,5.191451045577832879e-02,5.187649399618166068e-02,5.183996140629987259e-02,5.180538475940110743e-02,5.177315871600685071e-02,5.174361053694220836e-02,5.171700924695010748e-02,5.169357379764949467e-02,5.167348017280870565e-02,5.165686743424124927e-02,5.164384273601785313e-02,5.163448534788972477e-02,5.162884973090786644e-02,5.162696770392749546e-02,5.162884973090775542e-02,5.163448534788828148e-02,5.164384273601674291e-02,5.165686743423980598e-02,5.167348017280970485e-02,5.169357379764738525e-02,5.171700924695021850e-02,5.174361053694132018e-02,5.177315871600729480e-02,5.180538475940021925e-02,5.183996140629898441e-02,5.187649399618143864e-02,5.191451045577866186e-02,5.195345074168744581e-02,5.199265628770455283e-02,5.203136038591593682e-02,5.206868101541972660e-02,5.210361852434808316e-02,5.213506192025707531e-02,5.216180954245730472e-02,5.218261279250901996e-02,5.219625402741723263e-02,5.220168673153369188e-02,5.219829358401884001e-02,5.218617234044220510e-02,5.216673998640330989e-02,5.214356311936474420e-02,5.212360750765054895e-02,5.211905389892834695e-02,5.214984824531987417e-02,5.224711280798832735e-02,5.245738290520196578e-02,5.284734679151559256e-02,5.350904811359968871e-02,5.457312703540395660e-02,5.639268613337722336e-02,5.476981231142552531e-02
8.238738738738740075e-01,4.331652490587067916e-02,4.494192190339862947e-02,4.451763899467575669e-02,4.461188515649427977e-02,4.501994990401370078e-02,4.561947687550815811e-02,4.630853929577960493e-02,4.701125034863662400e-02,4.767823250135017066e-02,4.828175423156921831e-02,4.880949687899616141e-02,4.925908433611470016e-02,4.963399875046037302e-02,4.994080249033638896e-02,5.018736951312774419e-02,5.038182373199107111e-02,5.053194512205561040e-02,5.064487810406692603e-02,5.072694200669025655e-02,5.078371342851450976e-02,5.082000388266993962e-02,5.083993035813272332e-02,5.084699318071717045e-02,5.084415301513534047e-02,5.083390366349505030e-02,5.081833830063553492e-02,5.079920821292593924e-02,5.077797397096539544e-02,5.075584943218469647e-02,5.073383918890506106e-02,5.071277015179986858e-02,5.069331795100096016e-02,5.067602878528898458e-02,5.066133727697452738e-02,5.064958080893999792e-02,5.064101073840521217e-02,5.063580080248286652e-02,5.063405295501111070e-02,5.063580080248342163e-02,5.064101073840476808e-02,5.064958080894055303e-02,5.066133727697252898e-02,5.067602878528887356e-02,5.069331795100140425e-02,5.071277015180086778e-02,5.073383918890472799e-02,5.075584943218491851e-02,5.077797397096583953e-02,5.079920821292804867e-02,5.081833830063520185e-02,5.083390366349338496e-02,5.084415301513678376e-02,5.084699318071705942e-02,5.083993035813216821e-02,5.082000388266938451e-02,5.078371342851462078e-02,5.072694200669047859e-02,5.064487810406770318e-02,5.053194512205438915e-02,5.038182373199096009e-02,5.018736951312730010e-02,4.994080249033661101e-02,4.963399875045992893e-02,4.925908433611381199e-02,4.880949687899627243e-02,4.828175423156921831e-02,4.767823250135005964e-02,4.701125034863573582e-02,4.630853929578193640e-02,4.561947687550826913e-02,4.501994990401370078e-02,4.461188515649727737e-02,4.451763899467753305e-02,4.494192190339496573e-02,4.331652490587367677e-02
8.302211302211301991e-01,3.133209589815066920e-02,2.959676507249331401e-02,2.884884821788946674e-02,2.891629353101143884e-02,2.975265062810550365e-02,3.119928640046237822e-02,3.303507136561956159e-02,3.504222829490555302e-02,3.704755381469071462e-02,3.893502092738709841e-02,4.063993074378846604e-02,4.213580706779118668e-02,4.342108686541135132e-02,4.450855728675551237e-02,4.541803839874947180e-02,4.617178038435687526e-02,4.679180880481614846e-02,4.729854518285137033e-02,4.771021098048000564e-02,4.804268026456293139e-02,4.830950073540563050e-02,4.852221723890193239e-02,4.869053758368624418e-02,4.882259490591678297e-02,4.892518152199876180e-02,4.900395630242870837e-02,4.906362450131407371e-02,4.910809097337553997e-02,4.914058908694829420e-02,4.916378817130473422e-02,4.917988237653003747e-02,4.919066361525792352e-02,4.919758093732362614e-02,4.920178833737975932e-02,4.920418265061698992e-02,4.920543287053924519e-02,4.920600193073554340e-02,4.920616172884806350e-02,4.920600193073587647e-02,4.920543287053691373e-02,4.920418265061710095e-02,4.920178833738075852e-02,4.919758093732395920e-02,4.919066361525759046e-02,4.917988237653014849e-02,4.916378817130417911e-02,4.914058908694896033e-02,4.910809097337531792e-02,4.906362450131407371e-02,4.900395630242804224e-02,4.892518152199953896e-02,4.882259490591722706e-02,4.869053758368591112e-02,4.852221723890182137e-02,4.830950073540674072e-02,4.804268026456270935e-02,4.771021098047911746e-02,4.729854518285236953e-02,4.679180880481592641e-02,4.617178038435632015e-02,4.541803839874858362e-02,4.450855728675351397e-02,4.342108686541235052e-02,4.213580706779074259e-02,4.063993074378713377e-02,3.893502092738321263e-02,3.704755381469082565e-02,3.504222829490355462e-02,3.303507136562128244e-02,3.119928640046498725e-02,2.975265062810028560e-02,2.891629353101116129e-02,2.884884821788669118e-02,2.959676507249614508e-02,3.133209589815033613e-02
8.365683865683866127e-01,2.521889662173865121e-02,2.267166942889597969e-02,2.051986228082042230e-02,1.898464709624164692e-02,1.825396830416564642e-02,1.841290638195458573e-02,1.942419880633683427e-02,2.114388097414010570e-02,2.336337924519615861e-02,2.585953734767693080e-02,2.843466586088816417e-02,3.093806549706246134e-02,3.327033061337547615e-02,3.537674620458497454e-02,3.723626491165976660e-02,3.885041914805886787e-02,4.023423065691023037e-02,4.140962368522449477e-02,4.240107148640293033e-02,4.323294950561484828e-02,4.392808166113804091e-02,4.450702643808912562e-02,4.498781871511481345e-02,4.538610716737789819e-02,4.571525174960155979e-02,4.598657705916842087e-02,4.620962445433995924e-02,4.639239347666901381e-02,4.654156138243392693e-02,4.666267607717744514e-02,4.676032169552313267e-02,4.683825813724917797e-02,4.689953679991532010e-02,4.694659502120868133e-02,4.698133165566831249e-02,4.700516593521741893e-02,4.701908140039601225e-02,4.702365629327009966e-02,4.701908140039523509e-02,4.700516593521852915e-02,4.698133165566809044e-02,4.694659502120923644e-02,4.689953679991543112e-02,4.683825813725017717e-02,4.676032169552324369e-02,4.666267607717644594e-02,4.654156138243392693e-02,4.639239347666856972e-02,4.620962445433929311e-02,4.598657705916808780e-02,4.571525174960233695e-02,4.538610716738067374e-02,4.498781871511559061e-02,4.450702643808834846e-02,4.392808166113693069e-02,4.323294950561462624e-02,4.240107148640337442e-02,4.140962368522460579e-02,4.023423065690923117e-02,3.885041914805908991e-02,3.723626491166009966e-02,3.537674620458697294e-02,3.327033061337780762e-02,3.093806549706146214e-02,2.843466586088738701e-02,2.585953734767643120e-02,2.336337924519532594e-02,2.114388097414010570e-02,1.942419880633411422e-02,1.841290638195119955e-02,1.825396830416792238e-02,1.898464709624170244e-02,2.051986228081881247e-02,2.267166942889781156e-02,2.521889662173809610e-02
8.429156429156430264e-01,2.384598839526763658e-02,2.100473368087302228e-02,1.826658808652048549e-02,1.581330474955927601e-02,1.382626655186833253e-02,1.246614636056000980e-02,1.184869415676079174e-02,1.202269342894099480e-02,1.295867741105585780e-02,1.455415480261171290e-02,1.665455217625716466e-02,1.908269411308943786e-02,2.166728100872805651e-02,2.426322075950188006e-02,2.676137803296729789e-02,2.908929443860946984e-02,3.120625087083961358e-02,3.309596130208547482e-02,3.475918703499059070e-02,3.620746338561653399e-02,3.745832461725728812e-02,3.853195739266379594e-02,3.944903675864075421e-02,4.022932945588908460e-02,4.089106061092195876e-02,4.145058076910357325e-02,4.192225085438405774e-02,4.231851295303035165e-02,4.265002492117120347e-02,4.292582633941688375e-02,4.315351074492579375e-02,4.333938952115334864e-02,4.348863963419147272e-02,4.360543156818597055e-02,4.369303622738984760e-02,4.375391086769975235e-02,4.378976471352435951e-02,4.380160507840291650e-02,4.378976471352458155e-02,4.375391086769864213e-02,4.369303622738929249e-02,4.360543156818741384e-02,4.348863963419280498e-02,4.333938952115223842e-02,4.315351074492623784e-02,4.292582633941510739e-02,4.265002492117275779e-02,4.231851295302913041e-02,4.192225085438383569e-02,4.145058076910324019e-02,4.089106061092140365e-02,4.022932945588852949e-02,3.944903675864119830e-02,3.853195739266446207e-02,3.745832461725695506e-02,3.620746338561386946e-02,3.475918703498925844e-02,3.309596130208525278e-02,3.120625087083983562e-02,2.908929443860774899e-02,2.676137803296557705e-02,2.426322075950138046e-02,2.166728100872777896e-02,1.908269411308960439e-02,1.665455217625738671e-02,1.455415480261174066e-02,1.295867741105577453e-02,1.202269342893999560e-02,1.184869415675812721e-02,1.246614636055920489e-02,1.382626655186841580e-02,1.581330474955905396e-02,1.826658808652237287e-02,2.100473368087285575e-02,2.384598839526741454e-02
8.492628992628993290e-01,2.398493994111355887e-02,2.124016008836104863e-02,1.847478592482115767e-02,1.580045371646071617e-02,1.333751627025581143e-02,1.121123676142565806e-02,9.542912953754256744e-03,8.436743201026219996e-03,7.964781337633980440e-03,8.153903482683105830e-03,8.979144496438079548e-03,1.036628336773601222e-02,1.220351113710260726e-02,1.435888253630454581e-02,1.669866509068462790e-02,1.910226505132028851e-02,2.147142973084065209e-02,2.373362825618857697e-02,2.584096658262124979e-02,2.776647195742260044e-02,2.949936172264455703e-02,3.104039523077140039e-02,3.239789187121122627e-02,3.358461902731046944e-02,3.461554304527114656e-02,3.550615241657828491e-02,3.627163058224702752e-02,3.692615131919896321e-02,3.748256496773227919e-02,3.795226229774095739e-02,3.834514926228249632e-02,3.866968814581195346e-02,3.893297288320241023e-02,3.914081727549734158e-02,3.929784252908696818e-02,3.940755572856302624e-02,3.947241423483960343e-02,3.949387314077545952e-02,3.947241423483927036e-02,3.940755572856446953e-02,3.929784252908796738e-02,3.914081727549789669e-02,3.893297288320307636e-02,3.866968814581261960e-02,3.834514926228327347e-02,3.795226229774018023e-02,3.748256496773150204e-02,3.692615131919740890e-02,3.627163058224713854e-02,3.550615241657939514e-02,3.461554304527258985e-02,3.358461902731024740e-02,3.239789187121155933e-02,3.104039523077151141e-02,2.949936172264489009e-02,2.776647195742204532e-02,2.584096658262291513e-02,2.373362825618913208e-02,2.147142973084159578e-02,1.910226505131829011e-02,1.669866509068507199e-02,1.435888253630274169e-02,1.220351113710407831e-02,1.036628336773662284e-02,8.979144496439717127e-03,8.153903482683827475e-03,7.964781337633786151e-03,8.436743201027496752e-03,9.542912953753673877e-03,1.121123676142563030e-02,1.333751627025583919e-02,1.580045371646215946e-02,1.847478592482193482e-02,2.124016008836160374e-02,2.398493994111289274e-02
8.556101556101556316e-01,2.435032557951394283e-02,2.189387693704902826e-02,1.935344052636606138e-02,1.679799148632482586e-02,1.430546318857739418e-02,1.196187501648152129e-02,9.858820616921087909e-03,8.088577584965200851e-03,6.736691523369892076e-03,5.872712981227407036e-03,5.540710583895519514e-03,5.751857357585529740e-03,6.481336332258960664e-03,7.670834334312481850e-03,9.236281561421977315e-03,1.107895119832075226e-02,1.309725191469215955e-02,1.519677989804396612e-02,1.729716244037843298e-02,1.933537067470753046e-02,2.126604643638069225e-02,2.305979771437599579e-02,2.470043272815147795e-02,2.618189437161611011e-02,2.750538381181644176e-02,2.867692622546869075e-02,2.970544642628458742e-02,3.060123900433320276e-02,3.137512153381050162e-02,3.203762166906565234e-02,3.259855718360349375e-02,3.306676933749341796e-02,3.344997556566020602e-02,3.375470070963726421e-02,3.398625619270456699e-02,3.414874539653012242e-02,3.424508027388561970e-02,3.427699926115646001e-02,3.424508027388462050e-02,3.414874539653289798e-02,3.398625619270523313e-02,3.375470070963748626e-02,3.344997556565920682e-02,3.306676933749397307e-02,3.259855718359994103e-02,3.203762166906476416e-02,3.137512153380783708e-02,3.060123900433653343e-02,2.970544642628369925e-02,2.867692622546835768e-02,2.750538381181522052e-02,2.618189437161699828e-02,2.470043272815364288e-02,2.305979771437638437e-02,2.126604643638191350e-02,1.933537067470736392e-02,1.729716244037848849e-02,1.519677989804196772e-02,1.309725191469174321e-02,1.107895119832000286e-02,9.236281561420867092e-03,7.670834334313508807e-03,6.481336332259349242e-03,5.751857357586570574e-03,5.540710583895575025e-03,5.872712981228767060e-03,6.736691523369128798e-03,8.088577584965284117e-03,9.858820616920671576e-03,1.196187501648290907e-02,1.430546318857761623e-02,1.679799148632465933e-02,1.935344052636722711e-02,2.189387693705008298e-02,2.435032557951583021e-02
8.619574119574120452e-01,2.444833810110297323e-02,2.238519513283260265e-02,2.019097205555780983e-02,1.791205534319745274e-02,1.560302785649381185e-02,1.332545179036492833e-02,1.114688812052397338e-02,9.139195282876155790e-03,7.375547913058250193e-03,5.925936965600217543e-03,4.851350331299200680e-03,4.197363162695449956e-03,3.988336164142666784e-03,4.223606928526899007e-03,4.876792393809406545e-03,5.898610202650436674e-03,7.222712702054462364e-03,8.773273945802073648e-03,1.047276581228359649e-02,1.224856361171719477e-02,1.403756553252888395e-02,1.578862821988125109e-02,1.746309850259986085e-02,1.903396950997487957e-02,2.048423003727789515e-02,2.180488567240218556e-02,2.299298865242715983e-02,2.404989266778140289e-02,2.497969736942262653e-02,2.578816650053616932e-02,2.648185328226793089e-02,2.706741278919011506e-02,2.755116375059629696e-02,2.793878044974051900e-02,2.823508913633698825e-02,2.844393849292414789e-02,2.856812069945635635e-02,2.860932617421785285e-02,2.856812069946013111e-02,2.844393849292448095e-02,2.823508913633743234e-02,2.793878044973907571e-02,2.755116375059774025e-02,2.706741278919055915e-02,2.648185328226793089e-02,2.578816650053761261e-02,2.497969736942229346e-02,2.404989266778218004e-02,2.299298865242671575e-02,2.180488567240262965e-02,2.048423003727695146e-02,1.903396950997432446e-02,1.746309850260008290e-02,1.578862821988286091e-02,1.403756553252849537e-02,1.224856361171700048e-02,1.047276581228420711e-02,8.773273945801074447e-03,7.222712702053740719e-03,5.898610202649326451e-03,4.876792393808587756e-03,4.223606928526232873e-03,3.988336164142625151e-03,4.197363162694464633e-03,4.851350331299214558e-03,5.925936965600356321e-03,7.375547913057278748e-03,9.139195282876017012e-03,1.114688812052444522e-02,1.332545179036487282e-02,1.560302785649431145e-02,1.791205534319739723e-02,2.019097205555819841e-02,2.238519513283249163e-02,2.444833810110275119e-02
8.683046683046683478e-01,2.411429022623279295e-02,2.250311484846767573e-02,2.071985113200297546e-02,1.879795179271520622e-02,1.677881654425145141e-02,1.470992432732542987e-02,1.264387630249924621e-02,1.063753529026914557e-02,8.750757327222719040e-03,7.044352310857315835e-03,5.577083001088015135e-03,4.401764180042219698e-03,3.560838751638581434e-03,3.082109253818979266e-03,2.975476509242312717e-03,3.231476147571951674e-03,3.822077138415147513e-03,4.703697807274698217e-03,5.821879845632038641e-03,7.116724469011348475e-03,8.528138712552341127e-03,1.000014129799917106e-02,1.148382091084546031e-02,1.293888785949415254e-02,1.433401583479310126e-02,1.564629974834519377e-02,1.686017491748531549e-02,1.796609241053603867e-02,1.895916736172686967e-02,1.983795189553344551e-02,2.060322998920754989e-02,2.125733448291983185e-02,2.180332893052094878e-02,2.224449772651704293e-02,2.258395768285109684e-02,2.282437784069746289e-02,2.296778645355990189e-02,2.301544652158249438e-02,2.296778645355779247e-02,2.282437784069779596e-02,2.258395768285187399e-02,2.224449772651632129e-02,2.180332893052155940e-02,2.125733448291816652e-02,2.060322998920782744e-02,1.983795189553039240e-02,1.895916736172797989e-02,1.796609241053465089e-02,1.686017491748442731e-02,1.564629974834624848e-02,1.433401583479282371e-02,1.293888785949509623e-02,1.148382091084451662e-02,1.000014129799925433e-02,8.528138712554006462e-03,7.116724469010626830e-03,5.821879845632010886e-03,4.703697807274753728e-03,3.822077138414939346e-03,3.231476147573617008e-03,2.975476509241979650e-03,3.082109253819242944e-03,3.560838751637762645e-03,4.401764180042080921e-03,5.577083001088667391e-03,7.044352310858037480e-03,8.750757327221803106e-03,1.063753529026886802e-02,1.264387630249896866e-02,1.470992432732487476e-02,1.677881654425211755e-02,1.879795179271509520e-02,2.071985113200225381e-02,2.250311484846645449e-02,2.411429022623212681e-02
8.746519246519246504e-01,2.311776625704442534e-02,2.198928691633883492e-02,2.065906771073572346e-02,1.915029102113091630e-02,1.749433563956076521e-02,1.572863826735271253e-02,1.389547803707985585e-02,1.204113837360609729e-02,1.021509879182014302e-02,8.468963908406290653e-03,6.854892269977097552e-03,5.423389220991142734e-03,4.220487659898630728e-03,3.284542179340280144e-03,2.643060276397220243e-03,2.310121943332008043e-03,2.284931566816750248e-03,2.551876121093109295e-03,3.082165372300188499e-03,3.836794588433764530e-03,4.770308754937543916e-03,5.834738721195331657e-03,6.983138775836533751e-03,8.172334928863767001e-03,9.364716589621624454e-03,1.052910141579510572e-02,1.164083393552012291e-02,1.268133601929133381e-02,1.363732652890448094e-02,1.449989216494412814e-02,1.526355055252476278e-02,1.592535202057382415e-02,1.648406686956882528e-02,1.693967816658248360e-02,1.729277071873425164e-02,1.754416654074292259e-02,1.769464208685311846e-02,1.774473667564607782e-02,1.769464208685267437e-02,1.754416654074414383e-02,1.729277071873419613e-02,1.693967816658226155e-02,1.648406686956999101e-02,1.592535202057471233e-02,1.526355055252459625e-02,1.449989216494368405e-02,1.363732652890409236e-02,1.268133601929094523e-02,1.164083393551945678e-02,1.052910141579499470e-02,9.364716589622484877e-03,8.172334928863544956e-03,6.983138775837532952e-03,5.834738721195054101e-03,4.770308754936405937e-03,3.836794588434014330e-03,3.082165372301173822e-03,2.551876121094288907e-03,2.284931566816396364e-03,2.310121943332271721e-03,2.643060276397740660e-03,3.284542179340099732e-03,4.220487659898602972e-03,5.423389220992308468e-03,6.854892269977708175e-03,8.468963908406013097e-03,1.021509879182044833e-02,1.204113837360715200e-02,1.389547803708018892e-02,1.572863826735326764e-02,1.749433563956087623e-02,1.915029102113130488e-02,2.065906771073577897e-02,2.198928691633894594e-02,2.311776625704475840e-02
8.809991809991810641e-01,2.156897395556500729e-02,2.090221183338758504e-02,2.002170534370051325e-02,1.894035361216678259e-02,1.767951402505080205e-02,1.626708831542433842e-02,1.473622776080163455e-02,1.312437883325523469e-02,1.147249244538517399e-02,9.824221091374152337e-03,8.224923627437236151e-03,6.720320885179043024e-03,5.354710982925781071e-03,4.168762293565081434e-03,3.197040295055728065e-03,2.465560435937971806e-03,1.989748941273766780e-03,1.773195798738969042e-03,1.807480070455121102e-03,2.073155536915241570e-03,2.541758655700013247e-03,3.178510344602508697e-03,3.945283285299736042e-03,4.803416080999406423e-03,5.716054325466540798e-03,6.649842054543803060e-03,7.575928574967777385e-03,8.470363053094343009e-03,9.314010170919234666e-03,1.009213857045537788e-02,1.079382232878656200e-02,1.141126925909624612e-02,1.193917937531824291e-02,1.237401733791837488e-02,1.271365866756934970e-02,1.295687181366228513e-02,1.310299995075309143e-02,1.315173827149063168e-02,1.310299995075447921e-02,1.295687181366195206e-02,1.271365866756923868e-02,1.237401733791770875e-02,1.193917937531724371e-02,1.141126925909619061e-02,1.079382232878695058e-02,1.009213857045593299e-02,9.314010170920095089e-03,8.470363053094787098e-03,7.575928574966861451e-03,6.649842054542859371e-03,5.716054325465957930e-03,4.803416080998990090e-03,3.945283285298806231e-03,3.178510344600871118e-03,2.541758655700415703e-03,2.073155536914242369e-03,1.807480070454302312e-03,1.773195798738955165e-03,1.989748941273974947e-03,2.465560435937444450e-03,3.197040295056269299e-03,4.168762293564554078e-03,5.354710982925309226e-03,6.720320885178404646e-03,8.224923627437374929e-03,9.824221091373569470e-03,1.147249244538584012e-02,1.312437883325406895e-02,1.473622776080080188e-02,1.626708831542533762e-02,1.767951402505041347e-02,1.894035361216661606e-02,2.002170534370162347e-02,2.090221183338658584e-02,2.156897395556456321e-02
8.873464373464374777e-01,1.978875120762035866e-02,1.951852995387193257e-02,1.904040179340982242e-02,1.835720581917821281e-02,1.747999634392172208e-02,1.642672917218340745e-02,1.522120221416251029e-02,1.389215216622857740e-02,1.247246148768521579e-02,1.099840976588178920e-02,9.508871972101817782e-03,8.044349095177288911e-03,6.645728162003206041e-03,5.352715366015448062e-03,4.201966250840780126e-03,3.225038045196804148e-03,2.446387104358099807e-03,1.881697486386231521e-03,1.536826529411249032e-03,1.407577673674012542e-03,1.480372848845237788e-03,1.733733551513169657e-03,2.140338702380242819e-03,2.669347189888149341e-03,3.288669016347153806e-03,3.966930314692806991e-03,4.674975879303350235e-03,5.386856281534874169e-03,6.080330911660297710e-03,6.736971892448179178e-03,7.341976729781679589e-03,7.883796839767781561e-03,8.353674230104302101e-03,8.745161852380167744e-03,9.053669468940900300e-03,9.275987394273543796e-03,9.410121020670680902e-03,9.454951478681139498e-03,9.410121020670125791e-03,9.275987394274431974e-03,9.053669468942010523e-03,8.745161852379224054e-03,8.353674230104191079e-03,7.883796839768031361e-03,7.341976729781818367e-03,6.736971892448040400e-03,6.080330911660603022e-03,5.386856281535401525e-03,4.674975879302240012e-03,3.966930314694430693e-03,3.288669016347958718e-03,2.669347189888565675e-03,2.140338702379486480e-03,1.733733551513405580e-03,1.480372848843697353e-03,1.407577673674345609e-03,1.536826529411547404e-03,1.881697486387036433e-03,2.446387104356961828e-03,3.225038045196707004e-03,4.201966250840252770e-03,5.352715366016613796e-03,6.645728162003788908e-03,8.044349095176483999e-03,9.508871972102372894e-03,1.099840976588123409e-02,1.247246148768504925e-02,1.389215216622874394e-02,1.522120221416306540e-02,1.642672917218301887e-02,1.747999634392188861e-02,1.835720581917832384e-02,1.904040179340982242e-02,1.951852995387137746e-02,1.978875120762091377e-02
8.936936936936937803e-01,1.771874131137918251e-02,1.776144736062124085e-02,1.761881706803325454e-02,1.728522570812385251e-02,1.676216880734376913e-02,1.605768934800205772e-02,1.518579716453144490e-02,1.416585819080506958e-02,1.302197117460379694e-02,1.178233545943313532e-02,1.047858167170262478e-02,9.145006915106834722e-03,7.817640528671093714e-03,6.533074802998389830e-03,5.327031743227850225e-03,4.232699698716757553e-03,3.278951375294478221e-03,2.488627724909001082e-03,1.877116271917472767e-03,1.451447014974668881e-03,1.210066646361758480e-03,1.143343864140274752e-03,1.234733267107636367e-03,1.462417635184370956e-03,1.801186324742201639e-03,2.224302161074075135e-03,2.705153012076300101e-03,3.218557001338578916e-03,3.741668873829082087e-03,4.254501223635936968e-03,4.740118782145363863e-03,5.184585698619154082e-03,5.576749087131238625e-03,5.907933593302105990e-03,6.171608101741749008e-03,6.363089707924290961e-03,6.479171517698223415e-03,6.518059944971121844e-03,6.479171517696696858e-03,6.363089707923152982e-03,6.171608101742276364e-03,5.907933593302189257e-03,5.576749087131627203e-03,5.184585698619292859e-03,4.740118782145391618e-03,4.254501223635326346e-03,3.741668873829095965e-03,3.218557001337815637e-03,2.705153012076563779e-03,2.224302161073540840e-03,1.801186324742611033e-03,1.462417635182185205e-03,1.234733267106637167e-03,1.143343864139060445e-03,1.210066646362049914e-03,1.451447014974731331e-03,1.877116271917583790e-03,2.488627724909528438e-03,3.278951375294228421e-03,4.232699698717201642e-03,5.327031743228127780e-03,6.533074802998833919e-03,7.817640528671565558e-03,9.145006915107167789e-03,1.047858167170195864e-02,1.178233545943302429e-02,1.302197117460296427e-02,1.416585819080579123e-02,1.518579716453155593e-02,1.605768934800233527e-02,1.676216880734326953e-02,1.728522570812307535e-02,1.761881706803325454e-02,1.776144736062235108e-02,1.771874131137829433e-02
9.000409500409500829e-01,1.553563941103697221e-02,1.579787149122513501e-02,1.590703327846865189e-02,1.585193749341418101e-02,1.562681401712839868e-02,1.523134569651474202e-02,1.467059207022120004e-02,1.395478632585900325e-02,1.309902835435289292e-02,1.212289780479680612e-02,1.104999334415152079e-02,9.907379432902874150e-03,8.724899953089060300e-03,7.534308126232569514e-03,6.368171555774571058e-03,5.258543385921798929e-03,4.235443019253021246e-03,3.325252672733300385e-03,2.549192583398349199e-03,1.922068383310368556e-03,1.451473589947481491e-03,1.137574156045408069e-03,9.735115121221812884e-04,9.463589154347570864e-04,1.038480597277353923e-03,1.229095223110952817e-03,1.495842142119410689e-03,1.816184201333753689e-03,2.168538676236730911e-03,2.533090261310516622e-03,2.892293141313340143e-03,3.231105639100576021e-03,3.537019780336908559e-03,3.799952434945949586e-03,4.012059307833631960e-03,4.167522760034680918e-03,4.262355802585660047e-03,4.294244239553157705e-03,4.262355802585382492e-03,4.167522760033820495e-03,4.012059307833409916e-03,3.799952434945574886e-03,3.537019780337463670e-03,3.231105639099743354e-03,2.892293141314686289e-03,2.533090261310599889e-03,2.168538676237730112e-03,1.816184201332983472e-03,1.495842142119355178e-03,1.229095223112028346e-03,1.038480597276941059e-03,9.463589154347987198e-04,9.735115121221500634e-04,1.137574156045893792e-03,1.451473589947918641e-03,1.922068383310368556e-03,2.549192583399265133e-03,3.325252672733008952e-03,4.235443019252077557e-03,5.258543385922326285e-03,6.368171555775126169e-03,7.534308126232791558e-03,8.724899953089004789e-03,9.907379432902430061e-03,1.104999334415146528e-02,1.212289780479697265e-02,1.309902835435167168e-02,1.395478632585955836e-02,1.467059207022064493e-02,1.523134569651463099e-02,1.562681401712795459e-02,1.585193749341406999e-02,1.590703327846931803e-02,1.579787149122613421e-02,1.553563941103786039e-02
9.063882063882064966e-01,1.360186065203333738e-02,1.400355858758078886e-02,1.428488594041887882e-02,1.443199964928704171e-02,1.443470852520667425e-02,1.428685684400260447e-02,1.398660302772564146e-02,1.353656719288376387e-02,1.294385234382366967e-02,1.221995390936697623e-02,1.138056784041413527e-02,1.044529352936696132e-02,9.437210176876320578e-03,8.382290790487967325e-03,7.308613908099448331e-03,6.245345348810132924e-03,5.221493508403202144e-03,4.264489251848413431e-03,3.398696008698728899e-03,2.644002295832559302e-03,2.014670902934487251e-03,1.518604177746032957e-03,1.157131460481103380e-03,9.253438168436677047e-04,8.129136678907411540e-04,8.052657260110701598e-04,8.849274616167038254e-04,1.032887153666457725e-03,1.229818881738606318e-03,1.457082989625060887e-03,1.697462872012646395e-03,1.935643205756995555e-03,2.158465235214263034e-03,2.355010705312493569e-03,2.516570034969911607e-03,2.636546097426445412e-03,2.710334128493613326e-03,2.735207381320547970e-03,2.710334128493877004e-03,2.636546097425751523e-03,2.516570034969925485e-03,2.355010705312410302e-03,2.158465235215054068e-03,1.935643205756731877e-03,1.697462872012348023e-03,1.457082989624436387e-03,1.229818881738793668e-03,1.032887153665930369e-03,8.849274616164852503e-04,8.052657260113199600e-04,8.129136678897627699e-04,9.253438168437266853e-04,1.157131460481290730e-03,1.518604177745130901e-03,2.014670902934931340e-03,2.644002295832934002e-03,3.398696008698798288e-03,4.264489251848357920e-03,5.221493508402758055e-03,6.245345348810299457e-03,7.308613908099614864e-03,8.382290790488744481e-03,9.437210176876265066e-03,1.044529352936723887e-02,1.138056784041363567e-02,1.221995390936642112e-02,1.294385234382389172e-02,1.353656719288331978e-02,1.398660302772530839e-02,1.428685684400260447e-02,1.443470852520623016e-02,1.443199964928715273e-02,1.428488594041971149e-02,1.400355858758156602e-02,1.360186065203278227e-02
9.127354627354627992e-01,1.176818132173973463e-02,1.224288573116444345e-02,1.262776466801540654e-02,1.290873955722332544e-02,1.307385295094454225e-02,1.311376082440923740e-02,1.302216897573421628e-02,1.279618285385908383e-02,1.243656071602455837e-02,1.194787040763173325e-02,1.133855183095427988e-02,1.062088130645155726e-02,9.810822713871902856e-03,8.927737380811928691e-03,7.993915458701261745e-03,7.033891888539256509e-03,6.073525009546248965e-03,5.138847447399341739e-03,4.254744160225254479e-03,3.443562391226340225e-03,2.723798876592700702e-03,2.109026154839141465e-03,1.607202221152764787e-03,1.220455998787485508e-03,9.453665340474273759e-04,7.736757969253327261e-04,6.933136235504726297e-04,6.895822771565938980e-04,7.463504107260987563e-04,8.471351766658613558e-04,9.759946052588924781e-04,1.118197538441098593e-03,1.260676080290804024e-03,1.392291155519663481e-03,1.503954754868697119e-03,1.588640847889476182e-03,1.641422487061346136e-03,1.659344114245280000e-03,1.641422487061977575e-03,1.588640847888955765e-03,1.503954754867323218e-03,1.392291155519344292e-03,1.260676080289895029e-03,1.118197538440154903e-03,9.759946052601137234e-04,8.471351766655317583e-04,7.463504107267093790e-04,6.895822771572114596e-04,6.933136235499418043e-04,7.736757969241392363e-04,9.453665340473232925e-04,1.220455998787686736e-03,1.607202221153153365e-03,2.109026154839752087e-03,2.723798876592686824e-03,3.443562391226506758e-03,4.254744160225809591e-03,5.138847447399674806e-03,6.073525009546193454e-03,7.033891888539478554e-03,7.993915458701539301e-03,8.927737380811484602e-03,9.810822713872069389e-03,1.062088130645055806e-02,1.133855183095405783e-02,1.194787040763228836e-02,1.243656071602405877e-02,1.279618285385875076e-02,1.302216897573449383e-02,1.311376082441018109e-02,1.307385295094420918e-02,1.290873955722326993e-02,1.262776466801596165e-02,1.224288573116605328e-02,1.176818132173984566e-02
9.190827190827191018e-01,1.008809270398131064e-02,1.058644809556930078e-02,1.102065054936013366e-02,1.137790096750057600e-02,1.164640567259667137e-02,1.181582899326777403e-02,1.187773388189783397e-02,1.182598506155030371e-02,1.165710060350361177e-02,1.137054497704670375e-02,1.096895937161168622e-02,1.045832288226539175e-02,9.848031122335898502e-03,9.150868469310458053e-03,8.382839529516572519e-03,7.562818999644838058e-03,6.711982050347897744e-03,5.852994024222901714e-03,5.008970199463530504e-03,4.202260403707885894e-03,3.453160461169973994e-03,2.778689556283839290e-03,2.191585950032062802e-03,1.699654559702667989e-03,1.305549815547292491e-03,1.007007544378719921e-03,7.974686943463225874e-04,6.669836245083264614e-04,6.032598707563507912e-04,5.927204246055362002e-04,6.214667392555155156e-04,6.760796156960145742e-04,7.442306684326306654e-04,8.151086007934550681e-04,8.796772953621467828e-04,9.308860398207705056e-04,9.636435369268711582e-04,9.749012363325093578e-04,9.636435369261911466e-04,9.308860398204582554e-04,8.796772953632223113e-04,8.151086007927299537e-04,7.442306684325022959e-04,6.760796156964274384e-04,6.214667392551026515e-04,5.927204246057408976e-04,6.032598707566491636e-04,6.669836245079899251e-04,7.974686943469401490e-04,1.007007544377908070e-03,1.305549815546966363e-03,1.699654559702251655e-03,2.191585950031979535e-03,2.778689556283436835e-03,3.453160461170029505e-03,4.202260403707830383e-03,5.008970199462892126e-03,5.852994024223345804e-03,6.711982050347620188e-03,7.562818999644838058e-03,8.382839529515517807e-03,9.150868469310347031e-03,9.848031122335731968e-03,1.045832288226727913e-02,1.096895937161168622e-02,1.137054497704498290e-02,1.165710060350411137e-02,1.182598506155113638e-02,1.187773388189655721e-02,1.181582899326816261e-02,1.164640567259644932e-02,1.137790096750002089e-02,1.102065054936085531e-02,1.058644809556869015e-02,1.008809270398086655e-02
9.254299754299755154e-01,8.565044486213702069e-03,9.052671533166967155e-03,9.496308811630771451e-03,9.885147708763641905e-03,1.020867857276269719e-02,1.045704430329169599e-02,1.062140612498246872e-02,1.069430472668991827e-02,1.067000558371133945e-02,1.054482134681528072e-02,1.031740622625343384e-02,9.989016402529860006e-03,9.563725992109750607e-03,9.048580084848489857e-03,8.453656128076025844e-03,7.791995155637387871e-03,7.079359073539959191e-03,6.333774114307522130e-03,5.574837653387648695e-03,4.822797157409131064e-03,4.097452793756395373e-03,3.416980416674125776e-03,2.796806484176447838e-03,2.248678145279639495e-03,1.780052740953441681e-03,1.393883142638434325e-03,1.088810344808156805e-03,8.597099094356380755e-04,6.984907255842727480e-04,5.950228421950851110e-04,5.380764490907838371e-04,5.161793984566689919e-04,5.183297688463525676e-04,5.345716589090117321e-04,5.563887545461734807e-04,5.769479032924768047e-04,5.912878086764827845e-04,5.964031122583646205e-04,5.912878086765833985e-04,5.769479032929764051e-04,5.563887545468361451e-04,5.345716589089735682e-04,5.183297688458043950e-04,5.161793984562110249e-04,5.380764490904473007e-04,5.950228421945126522e-04,6.984907255839327422e-04,8.597099094357837923e-04,1.088810344808260888e-03,1.393883142638475958e-03,1.780052740953386170e-03,2.248678145278903973e-03,2.796806484177433161e-03,3.416980416674930687e-03,4.097452793755201883e-03,4.822797157409630664e-03,5.574837653388148295e-03,6.333774114307466618e-03,7.079359073540736347e-03,7.791995155637998494e-03,8.453656128074971132e-03,9.048580084848323324e-03,9.563725992109139984e-03,9.989016402530359606e-03,1.031740622625310078e-02,1.054482134681555827e-02,1.067000558371045127e-02,1.069430472669141707e-02,1.062140612498274628e-02,1.045704430329091883e-02,1.020867857276264168e-02,9.885147708762698215e-03,9.496308811631937186e-03,9.052671533167633289e-03,8.565044486214146158e-03
9.317772317772319290e-01,7.244690078453908111e-03,7.702073236747597473e-03,8.130265380150714094e-03,8.520549956625267374e-03,8.864122947573049860e-03,9.152345001190331786e-03,9.377013304176562425e-03,9.530643820876261163e-03,9.606757238308172298e-03,9.600164233971697492e-03,9.507247125394635567e-03,9.326234759715223976e-03,9.057464819940463929e-03,8.703622027691315655e-03,8.269932141352631660e-03,7.764281346137213990e-03,7.197221068617865036e-03,6.581813150869919582e-03,5.933274102498720115e-03,5.268393597693765695e-03,4.604732724603294303e-03,3.959648481320743318e-03,3.349234153738889219e-03,2.787298230326223925e-03,2.284515298409298123e-03,1.847864125551143544e-03,1.480423151106205482e-03,1.181533339230510238e-03,9.472792102610538834e-04,7.711959219062619608e-04,6.450917236323107373e-04,5.598729153449104323e-04,5.063449089531511793e-04,4.758038822292691428e-04,4.605720019676198818e-04,4.543631856539012692e-04,4.525344050484055025e-04,4.522435558889231766e-04,4.525344050484540748e-04,4.543631856548588366e-04,4.605720019677378430e-04,4.758038822290679148e-04,5.063449089527487235e-04,5.598729153452677854e-04,6.450917236313115366e-04,7.711959219063105331e-04,9.472792102615187892e-04,1.181533339230295132e-03,1.480423151106260993e-03,1.847864125551323955e-03,2.284515298409534045e-03,2.787298230326556991e-03,3.349234153739416575e-03,3.959648481320798830e-03,4.604732724603016747e-03,5.268393597693654673e-03,5.933274102499219715e-03,6.581813150868920381e-03,7.197221068617420947e-03,7.764281346137658080e-03,8.269932141352354105e-03,8.703622027692148322e-03,9.057464819940852507e-03,9.326234759714724376e-03,9.507247125394246989e-03,9.600164233971975047e-03,9.606757238307839231e-03,9.530643820876205652e-03,9.377013304176673447e-03,9.152345001189166052e-03,8.864122947573493949e-03,8.520549956625045329e-03,8.130265380150492049e-03,7.702073236747541962e-03,7.244690078454740778e-03
9.381244881244882317e-01,6.153252424070720927e-03,6.573049983896739334e-03,6.973962743979378320e-03,7.349124804851225878e-03,7.691403780417882530e-03,7.993572802936055322e-03,8.248501047620759863e-03,8.449358209939417108e-03,8.589829728846865020e-03,8.664340966415495782e-03,8.668289741345369670e-03,8.598286979395186602e-03,8.452404053054363153e-03,8.230421931555820247e-03,7.934071111465157422e-03,7.567242580822974851e-03,7.136139842611077810e-03,6.649332550439424061e-03,6.117667080288324843e-03,5.553992570125565464e-03,4.972676248680196753e-03,4.388910460480649478e-03,3.817852588417991466e-03,3.273679934022805105e-03,2.768672804995653269e-03,2.312449136119054671e-03,1.911456740405437227e-03,1.568787310091884768e-03,1.284320654340545542e-03,1.055153369090421067e-03,8.762248276617812248e-04,7.410756311411401120e-04,6.425505662924248240e-04,5.735053835622498652e-04,5.273769955451909630e-04,4.986356287645342389e-04,4.831151120157257950e-04,4.782330029538400806e-04,4.831151120161004953e-04,4.986356287640207607e-04,5.273769955446080959e-04,5.735053835623678264e-04,6.425505662910648008e-04,7.410756311413413400e-04,8.762248276609416187e-04,1.055153369091045568e-03,1.284320654340337375e-03,1.568787310091551701e-03,1.911456740405673149e-03,2.312449136119415494e-03,2.768672804995708780e-03,3.273679934022388771e-03,3.817852588417991466e-03,4.388910460480816011e-03,4.972676248679863686e-03,5.553992570124788308e-03,6.117667080288269332e-03,6.649332550439923661e-03,7.136139842611521900e-03,7.567242580824584675e-03,7.934071111464435777e-03,8.230421931556486381e-03,8.452404053054252131e-03,8.598286979396407848e-03,8.668289741344870070e-03,8.664340966415995382e-03,8.589829728846309909e-03,8.449358209940527331e-03,8.248501047621092930e-03,7.993572802935888788e-03,7.691403780418992753e-03,7.349124804851170367e-03,6.973962743979378320e-03,6.573049983897405468e-03,6.153252424070887461e-03
9.444717444717445343e-01,5.179457296925427112e-03,5.554613776137473646e-03,5.918077125797838178e-03,6.264578648635776847e-03,6.588525670508382781e-03,6.884115594341377875e-03,7.145464027637049576e-03,7.366745096144378113e-03,7.542342744810914823e-03,7.667012778637405379e-03,7.736056430745874568e-03,7.745506978398652986e-03,7.692330822472559504e-03,7.574642877829385057e-03,7.391932494954456256e-03,7.145290068113041571e-03,6.837616095569765129e-03,6.473784682544170277e-03,6.060724374012727012e-03,5.607373990965280885e-03,5.124473737125989636e-03,4.624165681220759883e-03,4.119403969917279085e-03,3.623210897952255927e-03,3.147852605888873390e-03,2.704036728399444867e-03,2.300243228710224797e-03,1.942283442683920280e-03,1.633140938066338088e-03,1.373116462980758512e-03,1.160202867142134942e-03,9.906431694664680210e-04,8.595807436022409598e-04,7.617086539763590070e-04,6.918633702900495175e-04,6.455226494149479688e-04,6.191899655014557191e-04,6.106628509071343469e-04,6.191899655010740799e-04,6.455226494157598194e-04,6.918633702905421790e-04,7.617086539760883901e-04,8.595807436027266824e-04,9.906431694670300714e-04,1.160202867141510441e-03,1.373116462980591979e-03,1.633140938066351966e-03,1.942283442683864769e-03,2.300243228710280308e-03,2.704036728399167311e-03,3.147852605889206457e-03,3.623210897952783283e-03,4.119403969916807240e-03,4.624165681221537039e-03,5.124473737124934924e-03,5.607373990964781285e-03,6.060724374013337634e-03,6.473784682543726188e-03,6.837616095568876950e-03,7.145290068113985260e-03,7.391932494954067678e-03,7.574642877830772836e-03,7.692330822473003593e-03,7.745506978398597475e-03,7.736056430746318657e-03,7.667012778637238846e-03,7.542342744810637267e-03,7.366745096143934024e-03,7.145464027636772020e-03,6.884115594341322364e-03,6.588525670507938692e-03,6.264578648635277247e-03,5.918077125797172044e-03,5.554613776136696490e-03,5.179457296924872001e-03
9.508190008190009479e-01,4.335148823856826983e-03,4.664291652026253399e-03,4.986547563877952172e-03,5.297937107146488689e-03,5.594163024448373100e-03,5.870685780151319033e-03,6.122808511128563502e-03,6.345770844701281721e-03,6.534851332437641158e-03,6.685478882823392421e-03,6.793354432331477621e-03,6.854584944389341405e-03,6.865832321452769449e-03,6.824479500498248363e-03,6.728814349707623599e-03,6.578228483925363523e-03,6.373422436305342664e-03,6.116600857544063352e-03,5.811632394952637171e-03,5.464140482498602847e-03,5.081486377195909565e-03,4.672607987262822338e-03,4.247690492399813778e-03,3.817668484785347038e-03,3.393591627195907678e-03,2.985919538939452167e-03,2.603836729573066888e-03,2.254683174536808998e-03,1.943597731164342646e-03,1.673387201133483271e-03,1.444666489316639990e-03,1.256203347842890783e-03,1.105409182734537477e-03,9.888983762294800695e-04,9.030449395097533971e-04,8.444818249433924673e-04,8.105076954714740545e-04,7.993828827358370748e-04,8.105076954708079207e-04,8.444818249434687951e-04,9.030449395097742138e-04,9.888983762293690472e-04,1.105409182735245244e-03,1.256203347842474449e-03,1.444666489316862035e-03,1.673387201133288982e-03,1.943597731163981823e-03,2.254683174535698775e-03,2.603836729573205666e-03,2.985919538939951767e-03,3.393591627195352567e-03,3.817668484784791927e-03,4.247690492400257867e-03,4.672607987263099893e-03,5.081486377195909565e-03,5.464140482499657558e-03,5.811632394953192282e-03,6.116600857544784997e-03,6.373422436304454486e-03,6.578228483925863124e-03,6.728814349708900355e-03,6.824479500498970008e-03,6.865832321452991494e-03,6.854584944389507939e-03,6.793354432331866199e-03,6.685478882823725488e-03,6.534851332436919513e-03,6.345770844701947855e-03,6.122808511129285147e-03,5.870685780150652899e-03,5.594163024447929011e-03,5.297937107145933577e-03,4.986547563877730127e-03,4.664291652026419932e-03,4.335148823856882494e-03
9.571662571662572505e-01,3.665553839709678741e-03,3.954582920914107014e-03,4.239772094284721682e-03,4.518101184362355305e-03,4.786262042745681455e-03,5.040710321993935317e-03,5.277723019106950186e-03,5.493461856321879555e-03,5.684042627489727106e-03,5.845611030367570127e-03,5.974426161214962949e-03,6.066953637733629723e-03,6.119971030691395697e-03,6.130688624470970183e-03,6.096888104030251387e-03,6.017080128272067618e-03,5.890678455749420728e-03,5.718183048099401145e-03,5.501357480167778924e-03,5.243377793029579959e-03,4.948922327324578596e-03,4.624167739597673243e-03,4.276658581508163692e-03,3.915029305601835929e-03,3.548579144028396470e-03,3.186729254129522237e-03,2.838420148457809766e-03,2.511537891727644300e-03,2.212435419959329908e-03,1.945643439906885597e-03,1.713792425356255866e-03,1.517750088513347695e-03,1.356936158132093784e-03,1.229753483867820907e-03,1.134066797036537011e-03,1.067666353257779033e-03,1.028667676898173400e-03,1.015814727123046102e-03,1.028667676898548100e-03,1.067666353257612499e-03,1.134066797036870078e-03,1.229753483868417652e-03,1.356936158132426851e-03,1.517750088512237472e-03,1.713792425356644444e-03,1.945643439905941907e-03,2.212435419959579708e-03,2.511537891728116145e-03,2.838420148456866077e-03,3.186729254129300193e-03,3.548579144028563004e-03,3.915029305602779619e-03,4.276658581507553070e-03,4.624167739597506710e-03,4.948922327323801440e-03,5.243377793029857514e-03,5.501357480168334035e-03,5.718183048100400345e-03,5.890678455748865616e-03,6.017080128271901085e-03,6.096888104029141164e-03,6.130688624469748937e-03,6.119971030691728764e-03,6.066953637734628924e-03,5.974426161214241304e-03,5.845611030367847682e-03,5.684042627489893640e-03,5.493461856322212622e-03,5.277723019107116720e-03,5.040710321993491227e-03,4.786262042745403900e-03,4.518101184362688372e-03,4.239772094285332305e-03,3.954582920914828659e-03,3.665553839709123629e-03
9.635135135135135531e-01,3.086879162825434397e-03,3.337940861012744787e-03,3.587095029441766947e-03,3.832063400906748907e-03,4.070319132835897857e-03,4.299123609860733275e-03,4.515566351263211597e-03,4.716608394482291189e-03,4.899129419680958719e-03,5.059979079830245752e-03,5.196033455603765727e-03,5.304258190097332903e-03,5.381780556809379057e-03,5.425973295401620433e-03,5.434553259667518343e-03,5.405697429566924672e-03,5.338177257634302286e-03,5.231509270725187566e-03,5.086115090733811517e-03,4.903477677338619056e-03,4.686273345728075856e-03,4.438452524236025099e-03,4.165238706748564113e-03,3.873017500914066602e-03,3.569098360850342377e-03,3.261351174721205393e-03,2.957747635352891979e-03,2.665854641121012669e-03,2.392358460581167634e-03,2.142686535335919240e-03,1.920786265355939326e-03,1.729088392764477344e-03,1.568648230176925007e-03,1.439427721030644980e-03,1.340662472173653752e-03,1.271252608171805076e-03,1.230122182780318818e-03,1.216504181269228990e-03,1.230122182779874729e-03,1.271252608171138943e-03,1.340662472173376196e-03,1.439427721030145380e-03,1.568648230176966640e-03,1.729088392764671633e-03,1.920786265355189926e-03,2.142686535336196796e-03,2.392358460581056612e-03,2.665854641121151447e-03,2.957747635353336069e-03,3.261351174721260904e-03,3.569098360850231355e-03,3.873017500914566202e-03,4.165238706749008202e-03,4.438452524235803054e-03,4.686273345727576256e-03,4.903477677338785590e-03,5.086115090734533162e-03,5.231509270725520633e-03,5.338177257634191264e-03,5.405697429567701828e-03,5.434553259667629366e-03,5.425973295401897989e-03,5.381780556809490079e-03,5.304258190097999037e-03,5.196033455604653906e-03,5.059979079830356774e-03,4.899129419680570141e-03,4.716608394481958122e-03,4.515566351262600975e-03,4.299123609860955320e-03,4.070319132835897857e-03,3.832063400906471351e-03,3.587095029442100014e-03,3.337940861013077853e-03,3.086879162825933998e-03
9.698607698607699668e-01,2.584875172446265967e-03,2.800642159935029518e-03,3.015678519236397737e-03,3.228275545167191840e-03,3.436515793759586934e-03,3.638300412434014586e-03,3.831377744824782106e-03,4.013373743662451698e-03,4.181824507766662702e-03,4.334211314485247879e-03,4.467998800563199868e-03,4.580677406435196275e-03,4.669811775629417738e-03,4.733097390265061932e-03,4.768428172136518484e-03,4.773977869903578419e-03,4.748297503662179952e-03,4.690429619237379555e-03,4.600037298975456768e-03,4.477541598984502436e-03,4.324255470961269054e-03,4.142495970349935330e-03,3.935651086217684114e-03,3.708174926744078892e-03,3.465488428034790847e-03,3.213771962737033139e-03,2.959654926506072314e-03,2.709829201796548626e-03,2.470634139252553263e-03,2.247673772826530580e-03,2.045525975688244902e-03,1.867587476164500604e-03,1.716072021335141029e-03,1.592149275282922494e-03,1.496187418885547293e-03,1.428048228441225476e-03,1.387380789046932517e-03,1.373866597452907956e-03,1.387380789046724350e-03,1.428048228441086698e-03,1.496187418885380760e-03,1.592149275283033516e-03,1.716072021335196540e-03,1.867587476165083471e-03,2.045525975688772258e-03,2.247673772826336291e-03,2.470634139252303463e-03,2.709829201795743714e-03,2.959654926506072314e-03,3.213771962737477228e-03,3.465488428034846358e-03,3.708174926744245425e-03,3.935651086218183714e-03,4.142495970350490442e-03,4.324255470962434789e-03,4.477541598985335103e-03,4.600037298975456768e-03,4.690429619237934666e-03,4.748297503662124441e-03,4.773977869904633131e-03,4.768428172136685017e-03,4.733097390265783577e-03,4.669811775629695294e-03,4.580677406435085253e-03,4.467998800563921513e-03,4.334211314485025834e-03,4.181824507766385146e-03,4.013373743662729254e-03,3.831377744825226195e-03,3.638300412433237430e-03,3.436515793759087334e-03,3.228275545166747751e-03,3.015678519236508759e-03,2.800642159934085829e-03,2.584875172445683100e-03
9.762080262080263804e-01,2.192610061852534598e-03,2.379758804874121392e-03,2.566848327257897910e-03,2.752579285516587593e-03,2.935476355555965977e-03,3.113909882462295720e-03,3.286117591474402300e-03,3.450227005329653540e-03,3.604278919440540019e-03,3.746252240032110770e-03,3.874090641558747272e-03,3.985731814289794617e-03,4.079140512058987422e-03,4.152347116531118765e-03,4.203493918287781739e-03,4.230891642180267809e-03,4.233088724534761482e-03,4.208955236204181549e-03,4.157781854645381525e-03,4.079391658152464739e-03,3.974258619980575169e-03,3.843621702620869662e-03,3.689578085363076632e-03,3.515134676597697627e-03,3.324195667398888165e-03,3.121467350173601218e-03,2.912271595818027858e-03,2.702275446214097432e-03,2.497163359324705567e-03,2.302295426096306885e-03,2.122403332253774977e-03,1.961371890018465125e-03,1.822137611608626306e-03,1.706711481887251969e-03,1.616307895898672076e-03,1.551542396804966861e-03,1.512651313581941936e-03,1.499687039540537059e-03,1.512651313580859469e-03,1.551542396805188906e-03,1.616307895898450031e-03,1.706711481887140947e-03,1.822137611608459773e-03,1.961371890018603903e-03,2.122403332253081087e-03,2.302295426096279130e-03,2.497163359323872900e-03,2.702275446214374988e-03,2.912271595818416436e-03,3.121467350173823263e-03,3.324195667398444076e-03,3.515134676597697627e-03,3.689578085363076632e-03,3.843621702621702330e-03,3.974258619980908236e-03,4.079391658151798605e-03,4.157781854645714592e-03,4.208955236203737460e-03,4.233088724535427616e-03,4.230891642180434342e-03,4.203493918287448672e-03,4.152347116531618365e-03,4.079140512058487822e-03,3.985731814289517061e-03,3.874090641559191361e-03,3.746252240031222591e-03,3.604278919439984907e-03,3.450227005328210250e-03,3.286117591474568833e-03,3.113909882461740608e-03,2.935476355556243533e-03,2.752579285516421059e-03,2.566848327258064444e-03,2.379758804874204658e-03,2.192610061852034997e-03
9.825552825552826830e-01,1.846810406508886393e-03,2.007560165073973835e-03,2.168608501203678207e-03,2.328973261507216730e-03,2.487525103112731006e-03,2.643005356484484647e-03,2.794043129887568977e-03,2.939172383549015777e-03,3.076849358161881653e-03,3.205470626353179586e-03,3.323392091429289152e-03,3.428949454152674381e-03,3.520480979977591574e-03,3.596353793316464653e-03,3.654995351293544026e-03,3.694932127381589382e-03,3.714837745537213909e-03,3.713592679720045808e-03,3.690356956414619916e-03,3.644655828571374823e-03,3.576475920883059878e-03,3.486365799884427741e-03,3.375530758001399345e-03,3.245906448925084398e-03,3.100194139869172361e-03,2.941838349522496454e-03,2.774933081729491491e-03,2.604052263715295190e-03,2.434014498522818482e-03,2.269608139408824110e-03,2.115315171865583821e-03,1.975076576195500255e-03,1.852135115432584911e-03,1.748975001137936802e-03,1.667356344931092416e-03,1.608422027256389830e-03,1.572840973554284760e-03,1.560947484951225039e-03,1.572840973554257005e-03,1.608422027255529407e-03,1.667356344930648326e-03,1.748975001138658447e-03,1.852135115432196333e-03,1.975076576195333722e-03,2.115315171865556065e-03,2.269608139408907377e-03,2.434014498522485415e-03,2.604052263714240478e-03,2.774933081728936379e-03,2.941838349521996854e-03,3.100194139868506227e-03,3.245906448925750531e-03,3.375530758002620590e-03,3.486365799884039163e-03,3.576475920883170900e-03,3.644655828571652378e-03,3.690356956415064005e-03,3.713592679719268652e-03,3.714837745537380442e-03,3.694932127381533871e-03,3.654995351293988115e-03,3.596353793315743008e-03,3.520480979978035663e-03,3.428949454153062959e-03,3.323392091428678530e-03,3.205470626353124075e-03,3.076849358161715120e-03,2.939172383549570888e-03,2.794043129888124088e-03,2.643005356484207091e-03,2.487525103112953051e-03,2.328973261507494286e-03,2.168608501203206362e-03,2.007560165074251390e-03,1.846810406508692104e-03
9.889025389025389856e-01,1.538857450641223368e-03,1.675185696362324617e-03,1.811967277008053046e-03,1.948467550689420014e-03,2.083829560813432735e-03,2.217089212340705995e-03,2.347189144774775027e-03,2.472992091567094430e-03,2.593294142078317321e-03,2.706838161326496905e-03,2.812327612152387690e-03,2.908441133190942107e-03,2.993848433984924728e-03,3.067228355735140966e-03,3.127290284239470086e-03,3.172800444458390157e-03,3.202614882018672837e-03,3.215721037600316468e-03,3.211289596043442884e-03,3.188737547559716834e-03,3.147801914366699094e-03,3.088621877126773718e-03,3.011821658654101341e-03,2.918587026123742323e-03,2.810720069713668057e-03,2.690657764041481936e-03,2.561439493186989935e-03,2.426613776488839580e-03,2.290083863664582609e-03,2.155904464927582698e-03,2.028054435953885459e-03,1.910218476436742474e-03,1.805611185664912632e-03,1.716867974602909186e-03,1.646011527326046719e-03,1.594484516556415876e-03,1.563224535622964595e-03,1.552749701571959351e-03,1.563224535623131128e-03,1.594484516556471387e-03,1.646011527325019763e-03,1.716867974603492053e-03,1.805611185665134677e-03,1.910218476437158808e-03,2.028054435954301793e-03,2.155904464928581898e-03,2.290083863664471586e-03,2.426613776488062424e-03,2.561439493187211980e-03,2.690657764041703981e-03,2.810720069712890901e-03,2.918587026123131700e-03,3.011821658655100542e-03,3.088621877127495363e-03,3.147801914366810117e-03,3.188737547559661323e-03,3.211289596043609418e-03,3.215721037599483800e-03,3.202614882018672837e-03,3.172800444459222824e-03,3.127290284238748441e-03,3.067228355735085454e-03,2.993848433985146773e-03,2.908441133190775574e-03,2.812327612151832579e-03,2.706838161326219350e-03,2.593294142077595676e-03,2.472992091566816875e-03,2.347189144775718717e-03,2.217089212339595772e-03,2.083829560813210691e-03,1.948467550689170213e-03,1.811967277008663668e-03,1.675185696362380128e-03,1.538857450640501723e-03
9.952497952497953992e-01,1.281401357127176510e-03,1.396793479361196910e-03,1.512674819540538174e-03,1.628496850005878294e-03,1.743608664869528146e-03,1.857270279549239067e-03,1.968664258521990451e-03,2.076906512875731359e-03,2.181056715176210581e-03,2.280128589243091142e-03,2.373100277917317147e-03,2.458925039659498601e-03,2.536542656296714160e-03,2.604892135813330345e-03,2.662926548746391564e-03,2.709631118611832701e-03,2.744045952922158360e-03,2.765294984444444104e-03,2.772622558119330893e-03,2.765439656663759571e-03,2.743378743705393585e-03,2.706357389259728130e-03,2.654647842029511651e-03,2.588945498235517562e-03,2.510427840447082559e-03,2.420791948796463533e-03,2.322257703814667451e-03,2.217525514047247182e-03,2.109682798782319679e-03,2.002062349902078431e-03,1.898066353115068772e-03,1.800979123367851820e-03,1.713795955440661212e-03,1.639092550787091263e-03,1.578949439827115331e-03,1.534931639970038564e-03,1.508110087409225697e-03,1.499102529475715428e-03,1.508110087409170186e-03,1.534931639969816519e-03,1.578949439827059820e-03,1.639092550787091263e-03,1.713795955440494678e-03,1.800979123367185686e-03,1.898066353115235305e-03,2.002062349902467009e-03,2.109682798782819280e-03,2.217525514047802293e-03,2.322257703814611940e-03,2.420791948796907622e-03,2.510427840446416425e-03,2.588945498236128184e-03,2.654647842030288807e-03,2.706357389260172219e-03,2.743378743705782163e-03,2.765439656663259971e-03,2.772622558119663960e-03,2.765294984444721660e-03,2.744045952922047338e-03,2.709631118611999234e-03,2.662926548746058497e-03,2.604892135812497678e-03,2.536542656296769671e-03,2.458925039658665934e-03,2.373100277917261636e-03,2.280128589242813586e-03,2.181056715176266092e-03,2.076906512875453803e-03,1.968664258521712895e-03,1.857270279549294578e-03,1.743608664869639169e-03,1.628496850006128094e-03,1.512674819540288373e-03,1.396793479361169155e-03,1.281401357127759377e-03
1.001597051597051813e+00,1.060066429879769068e-03,1.157012917950533959e-03,1.254414046212598555e-03,1.351864265149715916e-03,1.448872076254936747e-03,1.544871901180605578e-03,1.639234034183423283e-03,1.731273558736423634e-03,1.820258702166788201e-03,1.905418894511623495e-03,1.985952715052141659e-03,2.061035916126829903e-03,2.129829790700421555e-03,2.191490286313213520e-03,2.245178452868090702e-03,2.290073030222383732e-03,2.325386208139379463e-03,2.350383488678109423e-03,2.364410753914636398e-03,2.366925482018278348e-03,2.357538266754943823e-03,2.336061246699716598e-03,2.302562851208000971e-03,2.257425536124013643e-03,2.201400509783790760e-03,2.135650973537961406e-03,2.061773570424807467e-03,1.981787616855579248e-03,1.898084256110932344e-03,1.813333340175637964e-03,1.730353945502027813e-03,1.651962960713015960e-03,1.580822256134262194e-03,1.519305900333306480e-03,1.469403678517389178e-03,1.432667151708727493e-03,1.410193084653232898e-03,1.402630319279923876e-03,1.410193084653399431e-03,1.432667151708644226e-03,1.469403678516806311e-03,1.519305900332751369e-03,1.580822256134595261e-03,1.651962960713515560e-03,1.730353945501972301e-03,1.813333340175693476e-03,1.898084256111265411e-03,1.981787616856744982e-03,2.061773570424363378e-03,2.135650973537572828e-03,2.201400509784345871e-03,2.257425536124069154e-03,2.302562851208167505e-03,2.336061246699383531e-03,2.357538266754666267e-03,2.366925482018333859e-03,2.364410753914136798e-03,2.350383488678053912e-03,2.325386208139823552e-03,2.290073030222217199e-03,2.245178452868090702e-03,2.191490286313768632e-03,2.129829790701087688e-03,2.061035916126219281e-03,1.985952715051697570e-03,1.905418894510846339e-03,1.820258702166732689e-03,1.731273558737256302e-03,1.639234034183367772e-03,1.544871901180328022e-03,1.448872076255158792e-03,1.351864265150382050e-03,1.254414046212209977e-03,1.157012917950395181e-03,1.060066429879935601e-03
1.007944307944308004e+00,8.761145199652764504e-04,9.574363895618609455e-04,1.039143916239826382e-03,1.120939406785453896e-03,1.202452319011032555e-03,1.283250050651024710e-03,1.362846642078918702e-03,1.440710306611747704e-03,1.516270284618592701e-03,1.588923298686040209e-03,1.658039786264664528e-03,1.722970064896578446e-03,1.783050624157733743e-03,1.837610827492841548e-03,1.885980438264156511e-03,1.927498547849293420e-03,1.961524259301683504e-03,1.987452532979439024e-03,2.004730148437161574e-03,2.012880802607142083e-03,2.011534681908122568e-03,2.000464846026617227e-03,1.979629809264304985e-03,1.949220423049957684e-03,1.909707322070908209e-03,1.861883047309498274e-03,1.806891004217048291e-03,1.746232396505897899e-03,1.681743066408503129e-03,1.615535431527703736e-03,1.549906413868817889e-03,1.487219322416466483e-03,1.429773971361070206e-03,1.379682446835339693e-03,1.338766238424216048e-03,1.308484115410513127e-03,1.289891367092149688e-03,1.283623215541540574e-03,1.289891367092149688e-03,1.308484115410984971e-03,1.338766238423882982e-03,1.379682446835450715e-03,1.429773971360626117e-03,1.487219322416688527e-03,1.549906413868540334e-03,1.615535431527648225e-03,1.681743066408614151e-03,1.746232396505953410e-03,1.806891004216493180e-03,1.861883047309498274e-03,1.909707322071130253e-03,1.949220423049957684e-03,1.979629809264638052e-03,2.000464846027671939e-03,2.011534681908344613e-03,2.012880802606753505e-03,2.004730148437883219e-03,1.987452532978828401e-03,1.961524259301572481e-03,1.927498547849570976e-03,1.885980438263434866e-03,1.837610827493563193e-03,1.783050624157400676e-03,1.722970064896245379e-03,1.658039786264775550e-03,1.588923298685096519e-03,1.516270284618426167e-03,1.440710306611747704e-03,1.362846642078974213e-03,1.283250050651718599e-03,1.202452319010977044e-03,1.120939406785731451e-03,1.039143916240325982e-03,9.574363895619442122e-04,8.761145199661923844e-04
1.014291564291564418e+00,7.203711213341623676e-04,7.882253682445217180e-04,8.563840429906821594e-04,9.246321163757509343e-04,9.926924295557970623e-04,1.060235593483421779e-03,1.126887692788514084e-03,1.192236731796025850e-03,1.255838334992875893e-03,1.317220988592604503e-03,1.375890997996120912e-03,1.431337296572632312e-03,1.483036254482372751e-03,1.530456691551163040e-03,1.573065387997507614e-03,1.610333025897581205e-03,1.641744054570903888e-03,1.666803866706811910e-03,1.685053743710585028e-03,1.696087526168399418e-03,1.699573405080645472e-03,1.695281137736648347e-03,1.683114714127353917e-03,1.663149584274936643e-03,1.635672190894221778e-03,1.601217835491941521e-03,1.560601111569526189e-03,1.514931775804584380e-03,1.465608699587950259e-03,1.414286142699394677e-03,1.362810341580977802e-03,1.313129862422657279e-03,1.267188948800845871e-03,1.226817186732787057e-03,1.193629430133347213e-03,1.168946518739666374e-03,1.153741084342130296e-03,1.148606256572926032e-03,1.153741084342296830e-03,1.168946518739943929e-03,1.193629430133846814e-03,1.226817186733286658e-03,1.267188948800790360e-03,1.313129862422324212e-03,1.362810341581255358e-03,1.414286142699783255e-03,1.465608699587561681e-03,1.514931775803585179e-03,1.560601111569415167e-03,1.601217835491886010e-03,1.635672190894832401e-03,1.663149584274492554e-03,1.683114714127686984e-03,1.695281137737536525e-03,1.699573405080367916e-03,1.696087526168232884e-03,1.685053743710196450e-03,1.666803866707700088e-03,1.641744054571458999e-03,1.610333025898580406e-03,1.573065387998284770e-03,1.530456691550996506e-03,1.483036254482150706e-03,1.431337296572299245e-03,1.375890997995676823e-03,1.317220988592382458e-03,1.255838334992043226e-03,1.192236731796247895e-03,1.126887692788097750e-03,1.060235593484143424e-03,9.926924295553807287e-04,9.246321163755566452e-04,8.563840429905711371e-04,7.882253682443274290e-04,7.203711213340513453e-04
1.020638820638820832e+00,5.853721973731462747e-04,6.413280997564496655e-04,6.975056934156176336e-04,7.537541459872454386e-04,8.098696676386296645e-04,8.656045931975386853e-04,9.206742190046024454e-04,9.747623418067952183e-04,1.027526018474111957e-03,1.078599837622484792e-03,1.127599876757590103e-03,1.174127468138552732e-03,1.217772892437074539e-03,1.258119148935532561e-03,1.294745482268599979e-03,1.327234202800287033e-03,1.355173103710638483e-03,1.378164717606877865e-03,1.395835216593255268e-03,1.407846631684361860e-03,1.413912741035916465e-03,1.413819233912760875e-03,1.407448451231418929e-03,1.394808389443280561e-03,1.376064687027556133e-03,1.351572999842287626e-03,1.321907651161580155e-03,1.287881043497418609e-03,1.250547569810467330e-03,1.211186285420384756e-03,1.171258869215430209e-03,1.132343380596700921e-03,1.096049200942694757e-03,1.063922820370655220e-03,1.037356119450771885e-03,1.017507539824547003e-03,1.005242474745537962e-03,1.001094146314607247e-03,1.005242474745760006e-03,1.017507539823825358e-03,1.037356119450660863e-03,1.063922820370544198e-03,1.096049200942583735e-03,1.132343380596867455e-03,1.171258869214875098e-03,1.211186285420606801e-03,1.250547569810800397e-03,1.287881043497474121e-03,1.321907651162357311e-03,1.351572999842509670e-03,1.376064687027001021e-03,1.394808389444113228e-03,1.407448451232251596e-03,1.413819233911539630e-03,1.413912741035860954e-03,1.407846631683751237e-03,1.395835216593310779e-03,1.378164717607099909e-03,1.355173103710860527e-03,1.327234202799842944e-03,1.294745482269210601e-03,1.258119148935255005e-03,1.217772892437463117e-03,1.174127468138719266e-03,1.127599876757923170e-03,1.078599837622318258e-03,1.027526018473945424e-03,9.747623418065454182e-04,9.206742190032701778e-04,8.656045931973166407e-04,8.098696676389349758e-04,7.537541459869678828e-04,6.975056934155343669e-04,6.413280997554504648e-04,5.853721973728687189e-04
1.026986076986077023e+00,4.734418343731450207e-04,5.193798700550700254e-04,5.654648775056669852e-04,6.115944429481434685e-04,6.576207349811014069e-04,7.033588774331134275e-04,7.485930608839008737e-04,7.930813430706840084e-04,8.365596579688605594e-04,8.787453257103061688e-04,9.193402354791824216e-04,9.580338167052837584e-04,9.945058959209274185e-04,1.028428992129570840e-03,1.059473636169039334e-03,1.087308324214331101e-03,1.111605828717332489e-03,1.132047839125738253e-03,1.148331640740907211e-03,1.160178951466861452e-03,1.167347523414186128e-03,1.169646093020504374e-03,1.166953083906963062e-03,1.159239073376172602e-03,1.146592360568410296e-03,1.129245991761285151e-03,1.107603361134246178e-03,1.082258212759423799e-03,1.054003899446043224e-03,1.023826626491031178e-03,9.928786269589595648e-04,9.624299865663155096e-04,9.338017771010065360e-04,9.082871991596408456e-04,8.870701322911678233e-04,8.711507111172078766e-04,8.612851901531604071e-04,8.579435811255087252e-04,8.612851901528273402e-04,8.711507111167082762e-04,8.870701322911678233e-04,9.082871991597518679e-04,9.338017771015616475e-04,9.624299865672591991e-04,9.928786269589040536e-04,1.023826626492141401e-03,1.054003899446653847e-03,1.082258212759590332e-03,1.107603361133358000e-03,1.129245991761507195e-03,1.146592360568021718e-03,1.159239073375839535e-03,1.166953083907462663e-03,1.169646093019505173e-03,1.167347523413797550e-03,1.160178951466583896e-03,1.148331640740130055e-03,1.132047839125682742e-03,1.111605828717388000e-03,1.087308324213720478e-03,1.059473636168650756e-03,1.028428992130014930e-03,9.945058959208719074e-04,9.580338167048396691e-04,9.193402354790713993e-04,8.787453257108612803e-04,8.365596579697764934e-04,7.930813430712946310e-04,7.485930608843727185e-04,7.033588774329746496e-04,6.576207349805740510e-04,6.115944429478659128e-04,5.654648775059722965e-04,5.193798700543483804e-04,4.734418343725621536e-04
1.033333333333333437e+00,3.803238517322282686e-04,4.177977967376178547e-04,4.553551777927711264e-04,4.929300222438204315e-04,5.304172675029694695e-04,5.676804890344944177e-04,6.045573815642024673e-04,6.408639389391401764e-04,6.763978476675702733e-04,7.109413834802125187e-04,7.442639801802930499e-04,7.761245768058699923e-04,8.062732543916428796e-04,8.344557743427682972e-04,8.604122790694113121e-04,8.838820999146901336e-04,9.046061641142522092e-04,9.223306614863924224e-04,9.368118489134769078e-04,9.478224328851037050e-04,9.551600400999893381e-04,9.586582934298371050e-04,9.582009212239506191e-04,9.537390852634719529e-04,9.453116540574790783e-04,9.330674260574767231e-04,9.172873271816595064e-04,8.984034769641824347e-04,8.770109964444938733e-04,8.538679306672736224e-04,8.298791568370211813e-04,8.060619789005407654e-04,7.834941816163287776e-04,7.632489363424421747e-04,7.463239341448657527e-04,7.335733097359464772e-04,7.256498559278790061e-04,7.229623419990893751e-04,7.256498559276014504e-04,7.335733097358354549e-04,7.463239341446437081e-04,7.632489363427752416e-04,7.834941816173279783e-04,8.060619788999301427e-04,8.298791568374097594e-04,8.538679306664964663e-04,8.770109964450489848e-04,8.984034769646820351e-04,9.172873271816595064e-04,9.330674260568661005e-04,9.453116540574235671e-04,9.537390852639715533e-04,9.582009212229514183e-04,9.586582934304477277e-04,9.551600400997117823e-04,9.478224328850481939e-04,9.368118489134213966e-04,9.223306614865589559e-04,9.046061641136415865e-04,8.838820999142460444e-04,8.604122790693558009e-04,8.344557743433789199e-04,8.062732543917539019e-04,7.761245768049263027e-04,7.442639801810146949e-04,7.109413834801014964e-04,6.763978476675425178e-04,6.408639389390013985e-04,6.045573815645910454e-04,5.676804890346609511e-04,5.304172675026364026e-04,4.929300222441257429e-04,4.553551777929099043e-04,4.177977967374790769e-04,3.803238517322005130e-04
