nan,-5.000000000000000000e+00,-4.919354838709677047e+00,-4.838709677419354982e+00,-4.758064516129032029e+00,-4.677419354838709964e+00,-4.596774193548387011e+00,-4.516129032258064058e+00,-4.435483870967741993e+00,-4.354838709677419040e+00,-4.274193548387096975e+00,-4.193548387096774022e+00,-4.112903225806451957e+00,-4.032258064516129004e+00,-3.951612903225806495e+00,-3.870967741935483986e+00,-3.790322580645161032e+00,-3.709677419354838968e+00,-3.629032258064516014e+00,-3.548387096774193505e+00,-3.467741935483870996e+00,-3.387096774193548487e+00,-3.306451612903225978e+00,-3.225806451612903025e+00,-3.145161290322580960e+00,-3.064516129032258007e+00,-2.983870967741935498e+00,-2.903225806451612989e+00,-2.822580645161290480e+00,-2.741935483870967971e+00,-2.661290322580645018e+00,-2.580645161290322509e+00,-2.500000000000000000e+00,-2.419354838709677491e+00,-2.338709677419354982e+00,-2.258064516129032473e+00,-2.177419354838709964e+00,-2.096774193548387011e+00,-2.016129032258064502e+00,-1.935483870967741993e+00,-1.854838709677419484e+00,-1.774193548387096975e+00,-1.693548387096774466e+00,-1.612903225806451513e+00,-1.532258064516129004e+00,-1.451612903225806495e+00,-1.370967741935483986e+00,-1.290322580645161477e+00,-1.209677419354838968e+00,-1.129032258064516014e+00,-1.048387096774193505e+00,-9.677419354838709964e-01,-8.870967741935489315e-01,-8.064516129032259784e-01,-7.258064516129030253e-01,-6.451612903225809603e-01,-5.645161290322580072e-01,-4.838709677419359423e-01,-4.032258064516129892e-01,-3.225806451612900361e-01,-2.419354838709679711e-01,-1.612903225806450180e-01,-8.064516129032295311e-02,0.000000000000000000e+00,8.064516129032206493e-02,1.612903225806450180e-01,2.419354838709679711e-01,3.225806451612900361e-01,4.032258064516129892e-01,4.838709677419350541e-01,5.645161290322580072e-01,6.451612903225800721e-01,7.258064516129030253e-01,8.064516129032259784e-01,8.870967741935480433e-01,9.677419354838709964e-01,1.048387096774193061e+00,1.129032258064516014e+00,1.209677419354838968e+00,1.290322580645161032e+00,1.370967741935483986e+00,1.451612903225806051e+00,1.532258064516129004e+00,1.612903225806451069e+00,1.693548387096774022e+00,1.774193548387096975e+00,1.854838709677419040e+00,1.935483870967741993e+00,2.016129032258064058e+00,2.096774193548387011e+00,2.177419354838709076e+00,2.258064516129032029e+00,2.338709677419354982e+00,2.419354838709677047e+00,2.500000000000000000e+00,2.580645161290322065e+00,2.661290322580645018e+00,2.741935483870967971e+00,2.822580645161290036e+00,2.903225806451612989e+00,2.983870967741935054e+00,3.064516129032258007e+00,3.145161290322580072e+00,3.225806451612902137e+00,3.306451612903225978e+00,3.387096774193548043e+00,3.467741935483870108e+00,3.548387096774193949e+00,3.629032258064516014e+00,3.709677419354838079e+00,3.790322580645161921e+00,3.870967741935483986e+00,3.951612903225806051e+00,4.032258064516128115e+00,4.112903225806451957e+00,4.193548387096774022e+00,4.274193548387096087e+00,4.354838709677419928e+00,4.435483870967741993e+00,4.516129032258064058e+00,4.596774193548386123e+00,4.677419354838709964e+00,4.758064516129032029e+00,4.838709677419354094e+00,4.919354838709677935e+00,5.000000000000000000e+00
5.636363636363636020e-01,4.851637979794945488e-01,4.812682552156758997e-01,4.773341520339375310e-01,4.733372538448781253e-01,4.692238496251983082e-01,4.648024002797710996e-01,4.609072085438956634e-01,4.579536988485761739e-01,4.548514950847933336e-01,4.516986305712764604e-01,4.485253519193021510e-01,4.453467312421320878e-01,4.421727676819753872e-01,4.390118755191687594e-01,4.358725749751007350e-01,4.327645377100497459e-01,4.296993220832139304e-01,4.266908698522406951e-01,4.237557212852972599e-01,4.209128494222638683e-01,4.181830028524566312e-01,4.155874885775505123e-01,4.131464300123862676e-01,4.108766880217350481e-01,4.087897913544729089e-01,4.068903170471902531e-01,4.051751258905900155e-01,4.036336752800243621e-01,4.022493568120903973e-01,4.010015462093333705e-01,3.998679097305992136e-01,3.988265240717553395e-01,3.978575019505652399e-01,3.969439975261738751e-01,3.960726235935244643e-01,3.952334085646348472e-01,3.944194533378273526e-01,3.936264348346653619e-01,3.928520674740490493e-01,3.920955942140561534e-01,3.913573451357444943e-01,3.906383774159168376e-01,3.899401955563551736e-01,3.892645428586716250e-01,3.886132520409372182e-01,3.879881426459124705e-01,3.873909541070453266e-01,3.868233051364754482e-01,3.862866719768858759e-01,3.857823797645602570e-01,3.853116026863943611e-01,3.848753697628921611e-01,3.844745739788395511e-01,3.841099831537845288e-01,3.837822514394247930e-01,3.834919306899172153e-01,3.832394812066771683e-01,3.830252815384409537e-01,3.828496371401149956e-01,3.827127877762031560e-01,3.826149136077989232e-01,3.825561399347022218e-01,3.825365405826728349e-01,3.825561399347019442e-01,3.826149136078003665e-01,3.827127877762037111e-01,3.828496371401150511e-01,3.830252815384412868e-01,3.832394812066763912e-01,3.834919306899161606e-01,3.837822514394236828e-01,3.841099831537825304e-01,3.844745739788409389e-01,3.848753697628943260e-01,3.853116026863954713e-01,3.857823797645589803e-01,3.862866719768851542e-01,3.868233051364761144e-01,3.873909541070439944e-01,3.879881426459125260e-01,3.886132520409366076e-01,3.892645428586717915e-01,3.899401955563523980e-01,3.906383774159163935e-01,3.913573451357448829e-01,3.920955942140569306e-01,3.928520674740498264e-01,3.936264348346648623e-01,3.944194533378289069e-01,3.952334085646331818e-01,3.960726235935254635e-01,3.969439975261765396e-01,3.978575019505674604e-01,3.988265240717535631e-01,3.998679097305994357e-01,4.010015462093327043e-01,4.022493568120915075e-01,4.036336752800253613e-01,4.051751258905903486e-01,4.068903170471898645e-01,4.087897913544724093e-01,4.108766880217334938e-01,4.131464300123851019e-01,4.155874885775496241e-01,4.181830028524564646e-01,4.209128494222636463e-01,4.237557212852963162e-01,4.266908698522399734e-01,4.296993220832140414e-01,4.327645377100518553e-01,4.358725749751001244e-01,4.390118755191701472e-01,4.421727676819751651e-01,4.453467312421328095e-01,4.485253519193013738e-01,4.516986305712770711e-01,4.548514950847931670e-01,4.579536988485758964e-01,4.609072085438959965e-01,4.648024002797710441e-01,4.692238496251977531e-01,4.733372538448790134e-01,4.773341520339375865e-01,4.812682552156745119e-01,4.851637979794943267e-01
5.674242424242423866e-01,4.876334970094082233e-01,4.834621994298832770e-01,4.792127265634911759e-01,4.748330571350425910e-01,4.701494513996044011e-01,4.658195647963179198e-01,4.626266543617723048e-01,4.592458624105933418e-01,4.557977002282260770e-01,4.523176981475899305e-01,4.488237680657561346e-01,4.453281284707331089e-01,4.418412412414922108e-01,4.383736075659607767e-01,4.349367693030038451e-01,4.315438971840209748e-01,4.282100537720949229e-01,4.249521102556493291e-01,4.217882641601728433e-01,4.187371265363594719e-01,4.158164160289419264e-01,4.130414001076882502e-01,4.104233295944406112e-01,4.079681759308618760e-01,4.056759598323737004e-01,4.035408429694667953e-01,4.015519733012106185e-01,3.996948952501205299e-01,3.979532237033314157e-01,3.963102678233744181e-01,3.947503636752562883e-01,3.932597904679903666e-01,3.918272572048753788e-01,3.904440248974017091e-01,3.891037662439002509e-01,3.878022674771302580e-01,3.865370596945594261e-01,3.853070420500531168e-01,3.841121351170926901e-01,3.829529835917467873e-01,3.818307142572542334e-01,3.807467470845724011e-01,3.797026531920345560e-01,3.787000518262603199e-01,3.777405385041842645e-01,3.768256372299181867e-01,3.759567707949866833e-01,3.751352443118179392e-01,3.743622381764642459e-01,3.736388075493041749e-01,3.729658861694829519e-01,3.723442928922483519e-01,3.717747397794025077e-01,3.712578409061834117e-01,3.707941212953414500e-01,3.703840255702037232e-01,3.700279260495599742e-01,3.697261301002702227e-01,3.694788866287878615e-01,3.692863916377139843e-01,3.691487928033961863e-01,3.690661930500945265e-01,3.690386531081030763e-01,3.690661930500938048e-01,3.691487928033982402e-01,3.692863916377155942e-01,3.694788866287876949e-01,3.697261301002697231e-01,3.700279260495606959e-01,3.703840255702031681e-01,3.707941212953426158e-01,3.712578409061834117e-01,3.717747397794013420e-01,3.723442928922495732e-01,3.729658861694825078e-01,3.736388075493028982e-01,3.743622381764648566e-01,3.751352443118184943e-01,3.759567707949867943e-01,3.768256372299181867e-01,3.777405385041859853e-01,3.787000518262604865e-01,3.797026531920344450e-01,3.807467470845699586e-01,3.818307142572538448e-01,3.829529835917452329e-01,3.841121351170913023e-01,3.853070420500530058e-01,3.865370596945580939e-01,3.878022674771302580e-01,3.891037662439027489e-01,3.904440248974029859e-01,3.918272572048743241e-01,3.932597904679911993e-01,3.947503636752561218e-01,3.963102678233750287e-01,3.979532237033329700e-01,3.996948952501205299e-01,4.015519733012120618e-01,4.035408429694670174e-01,4.056759598323746996e-01,4.079681759308607103e-01,4.104233295944398341e-01,4.130414001076894159e-01,4.158164160289426481e-01,4.187371265363593609e-01,4.217882641601735649e-01,4.249521102556507723e-01,4.282100537720947009e-01,4.315438971840205307e-01,4.349367693030021798e-01,4.383736075659612763e-01,4.418412412414927659e-01,4.453281284707334975e-01,4.488237680657562456e-01,4.523176981475902081e-01,4.557977002282248002e-01,4.592458624105935083e-01,4.626266543617731375e-01,4.658195647963183639e-01,4.701494513996046232e-01,4.748330571350433127e-01,4.792127265634908428e-01,4.834621994298841097e-01,4.876334970094091115e-01
5.712121212121211711e-01,4.901214237281300012e-01,4.858371627092107903e-01,4.814169966127909706e-01,4.767118757192553291e-01,4.721466283187362167e-01,4.689038983202108435e-01,4.654282521096775871e-01,4.618662674097610554e-01,4.582578483827149940e-01,4.546228700007862722e-01,4.509749986288540402e-01,4.473260501150070900e-01,4.436878742058822378e-01,4.400733102257795015e-01,4.364966452352764259e-01,4.329736868676036243e-01,4.295214614797863151e-01,4.261575349256441214e-01,4.228989919262007291e-01,4.197611807708435672e-01,4.167564076190977129e-01,4.138928159774473148e-01,4.111736815235344511e-01,4.085972784303952832e-01,4.061573479318165703e-01,4.038440647315328369e-01,4.016452984621805555e-01,3.995479344042326963e-01,3.975390497224569608e-01,3.956068146984757505e-01,3.937410711354810133e-01,3.919336074368071632e-01,3.901781904507247156e-01,3.884704287204768791e-01,3.868075376484568229e-01,3.851880630610201584e-01,3.836116027981586463e-01,3.820785505673517379e-01,3.805898743021813857e-01,3.791469329631650953e-01,3.777513305958237755e-01,3.764048037237995303e-01,3.751091370286704363e-01,3.738661021285619168e-01,3.726774146657951259e-01,3.715447055541269417e-01,3.704695029405715712e-01,3.694532221071244460e-01,3.684971611281845361e-01,3.676025005947350377e-01,3.667703061181640800e-01,3.660015326445507089e-01,3.652970298575572983e-01,3.646575481371482907e-01,3.640837446847303704e-01,3.635761895323519899e-01,3.631353712332288652e-01,3.627617020893502686e-01,3.624555228145650010e-01,3.622171065624251729e-01,3.620466622702984139e-01,3.619443372870111975e-01,3.619102192626084125e-01,3.619443372870109754e-01,3.620466622703000237e-01,3.622171065624243957e-01,3.624555228145640018e-01,3.627617020893505462e-01,3.631353712332281991e-01,3.635761895323521009e-01,3.640837446847321468e-01,3.646575481371492344e-01,3.652970298575570207e-01,3.660015326445522077e-01,3.667703061181634694e-01,3.676025005947364810e-01,3.684971611281838699e-01,3.694532221071241684e-01,3.704695029405711271e-01,3.715447055541261090e-01,3.726774146657957920e-01,3.738661021285623054e-01,3.751091370286692150e-01,3.764048037237995858e-01,3.777513305958233314e-01,3.791469329631640961e-01,3.805898743021816077e-01,3.820785505673519045e-01,3.836116027981599230e-01,3.851880630610203249e-01,3.868075376484572669e-01,3.884704287204778228e-01,3.901781904507242160e-01,3.919336074368073297e-01,3.937410711354798476e-01,3.956068146984765832e-01,3.975390497224564612e-01,3.995479344042338621e-01,4.016452984621792233e-01,4.038440647315338361e-01,4.061573479318167923e-01,4.085972784303951166e-01,4.111736815235357279e-01,4.138928159774476478e-01,4.167564076190983235e-01,4.197611807708441223e-01,4.228989919262031716e-01,4.261575349256442879e-01,4.295214614797863706e-01,4.329736868676044015e-01,4.364966452352766479e-01,4.400733102257806117e-01,4.436878742058821268e-01,4.473260501150079782e-01,4.509749986288545953e-01,4.546228700007864942e-01,4.582578483827155491e-01,4.618662674097612775e-01,4.654282521096780867e-01,4.689038983202103994e-01,4.721466283187351620e-01,4.767118757192567169e-01,4.814169966127905265e-01,4.858371627092116229e-01,4.901214237281291131e-01
5.749999999999999556e-01,4.918801328652902538e-01,4.875981002058399350e-01,4.830595745426936038e-01,4.784213747031551556e-01,4.752936299137037746e-01,4.718825842325101161e-01,4.683683278618185897e-01,4.647946895019631208e-01,4.611831391294311522e-01,4.575485760215131092e-01,4.539040599808514820e-01,4.502627454671615514e-01,4.466387625757287094e-01,4.430475270686762279e-01,4.395056219821467658e-01,4.360302997551369075e-01,4.326386533961921188e-01,4.293465486101264994e-01,4.261674663523735695e-01,4.231114485370336409e-01,4.201843434968827729e-01,4.173875000525132384e-01,4.147179680221232401e-01,4.121691560106944818e-01,4.097318087037509771e-01,4.073951212156922130e-01,4.051478138458285971e-01,4.029790349083037237e-01,4.008790205922894145e-01,3.988394986499496087e-01,3.968538645128423248e-01,3.949171806463316892e-01,3.930260554591333277e-01,3.911784525894115294e-01,3.893734705593456802e-01,3.876111208337898462e-01,3.858921216900674800e-01,3.842177170346322002e-01,3.825895235022141461e-01,3.810094054927315455e-01,3.794793757314798288e-01,3.780015179839761874e-01,3.765779283127548838e-01,3.752106714298074630e-01,3.739017490715657033e-01,3.726530777739842093e-01,3.714664738780018016e-01,3.703436440105706828e-01,3.692861796464609880e-01,3.682955546570127470e-01,3.673731249972875257e-01,3.665201298789751982e-01,3.657376939306692387e-01,3.650268299670939576e-01,3.643884420813992553e-01,3.638233288454215675e-01,3.633321864566326775e-01,3.629156117113334634e-01,3.625741047144961926e-01,3.623080712599340836e-01,3.621178248322291515e-01,3.620035881952701762e-01,3.619654945428764092e-01,3.620035881952701207e-01,3.621178248322289295e-01,3.623080712599340281e-01,3.625741047144956930e-01,3.629156117113338520e-01,3.633321864566323445e-01,3.638233288454219561e-01,3.643884420813995328e-01,3.650268299670936245e-01,3.657376939306705155e-01,3.665201298789747542e-01,3.673731249972874147e-01,3.682955546570122474e-01,3.692861796464616542e-01,3.703436440105716265e-01,3.714664738780010245e-01,3.726530777739847644e-01,3.739017490715650371e-01,3.752106714298075740e-01,3.765779283127548838e-01,3.780015179839760764e-01,3.794793757314791627e-01,3.810094054927316565e-01,3.825895235022145346e-01,3.842177170346317006e-01,3.858921216900675910e-01,3.876111208337899572e-01,3.893734705593459577e-01,3.911784525894110853e-01,3.930260554591343269e-01,3.949171806463319112e-01,3.968538645128423803e-01,3.988394986499504413e-01,4.008790205922889149e-01,4.029790349083032241e-01,4.051478138458290967e-01,4.073951212156917689e-01,4.097318087037515877e-01,4.121691560106939267e-01,4.147179680221231290e-01,4.173875000525124612e-01,4.201843434968823288e-01,4.231114485370337519e-01,4.261674663523744022e-01,4.293465486101246675e-01,4.326386533961913416e-01,4.360302997551371296e-01,4.395056219821459886e-01,4.430475270686768940e-01,4.466387625757280988e-01,4.502627454671617735e-01,4.539040599808510379e-01,4.575485760215133868e-01,4.611831391294319848e-01,4.647946895019631208e-01,4.683683278618182566e-01,4.718825842325107267e-01,4.752936299137040521e-01,4.784213747031555442e-01,4.830595745426933818e-01,4.875981002058406566e-01,4.918801328652908089e-01
5.787878787878787401e-01,4.921141546839876701e-01,4.878640106545961697e-01,4.832512499419385210e-01,4.803727661988091424e-01,4.771466252886872317e-01,4.738048221284590911e-01,4.703953022066946765e-01,4.669412238283651706e-01,4.634588897886846581e-01,4.599627959838765712e-01,4.564675540671486731e-01,4.529886451517021739e-01,4.495425457214137777e-01,4.461464087558245639e-01,4.428173948446162411e-01,4.395717514267595827e-01,4.364237730048730057e-01,4.333848077571835211e-01,4.304624825712839442e-01,4.276602865528275621e-01,4.249775853990304109e-01,4.224100534839683174e-01,4.199504323595177335e-01,4.175894753184224983e-01,4.153169271934880613e-01,4.131224121380414060e-01,4.109961458145104940e-01,4.089294362430749841e-01,4.069149774412305076e-01,4.049469661153875522e-01,4.030210838185849798e-01,4.011343882650653669e-01,3.992851520558446388e-01,3.974726786347497209e-01,3.956971164777144390e-01,3.939592847976080003e-01,3.922605180196526153e-01,3.906025319890316094e-01,3.889873120701540232e-01,3.874170216457633042e-01,3.858939286905215260e-01,3.844203477995470353e-01,3.829985950866083844e-01,3.816309535809204179e-01,3.803196470475022628e-01,3.790668204733038116e-01,3.778745257650445444e-01,3.767447114775535622e-01,3.756792156264276428e-01,3.746797608355690867e-01,3.737479512313726104e-01,3.728852706252336890e-01,3.720930816295071608e-01,3.713726254335322219e-01,3.707250220300271071e-01,3.701512707316373385e-01,3.696522508556204789e-01,3.692287224840961612e-01,3.688813272299102386e-01,3.686105889555901238e-01,3.684169144062974799e-01,3.683005937282018971e-01,3.682618008520066599e-01,3.683005937282017861e-01,3.684169144062989232e-01,3.686105889555901793e-01,3.688813272299096280e-01,3.692287224840962723e-01,3.696522508556221442e-01,3.701512707316379491e-01,3.707250220300269961e-01,3.713726254335319443e-01,3.720930816295081045e-01,3.728852706252349658e-01,3.737479512313741092e-01,3.746797608355698639e-01,3.756792156264281979e-01,3.767447114775542838e-01,3.778745257650446554e-01,3.790668204733032010e-01,3.803196470475023183e-01,3.816309535809214171e-01,3.829985950866084954e-01,3.844203477995473128e-01,3.858939286905216925e-01,3.874170216457620830e-01,3.889873120701540232e-01,3.906025319890315539e-01,3.922605180196509500e-01,3.939592847976068901e-01,3.956971164777148831e-01,3.974726786347497209e-01,3.992851520558437506e-01,4.011343882650643122e-01,4.030210838185839251e-01,4.049469661153860534e-01,4.069149774412313958e-01,4.089294362430754837e-01,4.109961458145109936e-01,4.131224121380425718e-01,4.153169271934872842e-01,4.175894753184225539e-01,4.199504323595161792e-01,4.224100534839677623e-01,4.249775853990300223e-01,4.276602865528275066e-01,4.304624825712841663e-01,4.333848077571839097e-01,4.364237730048725061e-01,4.395717514267603598e-01,4.428173948446182395e-01,4.461464087558262293e-01,4.495425457214144438e-01,4.529886451517029511e-01,4.564675540671472853e-01,4.599627959838782920e-01,4.634588897886847136e-01,4.669412238283646155e-01,4.703953022066940659e-01,4.738048221284599792e-01,4.771466252886858994e-01,4.803727661988092534e-01,4.832512499419393537e-01,4.878640106545996669e-01,4.921141546839876146e-01
5.825757575757575246e-01,4.900291215768239894e-01,4.854344766990865145e-01,4.829508632638718768e-01,4.799925965453285537e-01,4.769114278555024455e-01,4.737602713351509731e-01,4.705642890453984317e-01,4.673414033277679680e-01,4.641076385346704636e-01,4.608789813155878545e-01,4.576719715563822288e-01,4.545036397658160365e-01,4.513910236545819465e-01,4.483504043958133067e-01,4.453963972340809208e-01,4.425410450506097604e-01,4.397930662096715126e-01,4.371573846408533526e-01,4.346350193936716622e-01,4.322233436126161066e-01,4.299166567948153328e-01,4.277069664648567859e-01,4.255848558864456233e-01,4.235403230130049823e-01,4.215635044116439745e-01,4.196452348360285023e-01,4.177774281262047196e-01,4.159532916978823658e-01,4.141674028511012073e-01,4.124156814696072759e-01,4.106952930045240091e-01,4.090045108417017516e-01,4.073425606569400781e-01,4.057094628126167168e-01,4.041058831551258002e-01,4.025329980960880016e-01,4.009923766157704184e-01,3.994858796500034281e-01,3.980155759829929196e-01,3.965836730405940536e-01,3.951924606674852569e-01,3.938442659263932111e-01,3.925414170679837333e-01,3.912862150109174264e-01,3.900809108939224945e-01,3.889276884856370797e-01,3.878286504468737017e-01,3.867858076255510369e-01,3.858010707243518800e-01,3.848762438153183196e-01,3.840130192863339675e-01,3.832129738945598274e-01,3.824775656743023555e-01,3.818081315044611346e-01,3.812058851862815678e-01,3.806719159178547640e-01,3.802071870795058484e-01,3.798125352657819032e-01,3.794886695162386081e-01,3.792361707098488299e-01,3.790554910974689440e-01,3.789469539542236753e-01,3.789107533391835037e-01,3.789469539542230647e-01,3.790554910974691105e-01,3.792361707098478862e-01,3.794886695162395518e-01,3.798125352657806264e-01,3.802071870795060149e-01,3.806719159178544309e-01,3.812058851862796804e-01,3.818081315044594137e-01,3.824775656743026886e-01,3.832129738945592723e-01,3.840130192863334124e-01,3.848762438153176535e-01,3.858010707243523241e-01,3.867858076255498156e-01,3.878286504468728690e-01,3.889276884856361916e-01,3.900809108939209402e-01,3.912862150109175929e-01,3.925414170679840664e-01,3.938442659263935441e-01,3.951924606674854790e-01,3.965836730405934984e-01,3.980155759829921980e-01,3.994858796500033171e-01,4.009923766157702518e-01,4.025329980960863363e-01,4.041058831551241903e-01,4.057094628126162172e-01,4.073425606569403556e-01,4.090045108417029174e-01,4.106952930045242867e-01,4.124156814696079976e-01,4.141674028511019845e-01,4.159532916978821437e-01,4.177774281262048861e-01,4.196452348360298346e-01,4.215635044116431418e-01,4.235403230130039831e-01,4.255848558864473996e-01,4.277069664648561198e-01,4.299166567948162765e-01,4.322233436126173833e-01,4.346350193936729389e-01,4.371573846408532416e-01,4.397930662096701249e-01,4.425410450506114257e-01,4.453963972340813093e-01,4.483504043958125296e-01,4.513910236545821686e-01,4.545036397658159255e-01,4.576719715563825064e-01,4.608789813155883541e-01,4.641076385346710742e-01,4.673414033277691337e-01,4.705642890453997640e-01,4.737602713351496408e-01,4.769114278555014463e-01,4.799925965453279986e-01,4.829508632638734866e-01,4.854344766990856819e-01,4.900291215768248776e-01
5.863636363636363091e-01,4.846399412537500950e-01,4.821082817426019518e-01,4.794691940346782477e-01,4.767045331831321064e-01,4.738736736509561176e-01,4.710040571825708233e-01,4.681152015959137436e-01,4.652243948604742330e-01,4.623484959632881974e-01,4.595043858827151939e-01,4.567087756121280817e-01,4.539776531593877062e-01,4.513255419232185539e-01,4.487647173551393420e-01,4.463045182707314762e-01,4.439508680870537516e-01,4.417060826622746794e-01,4.395689898167551846e-01,4.375353322118472610e-01,4.355983824700811469e-01,4.337496759104716437e-01,4.319797642830673912e-01,4.302789095289297761e-01,4.286376623826631538e-01,4.270472986407753413e-01,4.255001101078644821e-01,4.239895644296435284e-01,4.225103576622288304e-01,4.210583866688130672e-01,4.196306671868340055e-01,4.182252195995827537e-01,4.168409396242256926e-01,4.154774663354868225e-01,4.141350557623715289e-01,4.128144649595781868e-01,4.115168489816644626e-01,4.102436714739663981e-01,4.089966284912537886e-01,4.077775845107930452e-01,4.065885192865215103e-01,4.054314840878673887e-01,4.043085658986437236e-01,4.032218582608178004e-01,4.021734375949106988e-01,4.011653439880064620e-01,4.001995655962500842e-01,3.992780259526687581e-01,3.984025735990058270e-01,3.975749735707928001e-01,3.967969003584529419e-01,3.960699320452625294e-01,3.953955453871552117e-01,3.947751116515664238e-01,3.942098930745542851e-01,3.937010398290100022e-01,3.932495874233117306e-01,3.928564544705075989e-01,3.925224407842727303e-01,3.922482257701639385e-01,3.920343670899739119e-01,3.918812995839510704e-01,3.917893344406664369e-01,3.917586586079137567e-01,3.917893344406669365e-01,3.918812995839513480e-01,3.920343670899728017e-01,3.922482257701643826e-01,3.925224407842723973e-01,3.928564544705052675e-01,3.932495874233123967e-01,3.937010398290106683e-01,3.942098930745533969e-01,3.947751116515677006e-01,3.953955453871567660e-01,3.960699320452628069e-01,3.967969003584543852e-01,3.975749735707932442e-01,3.984025735990040507e-01,3.992780259526689801e-01,4.001995655962506948e-01,4.011653439880079608e-01,4.021734375949105322e-01,4.032218582608171342e-01,4.043085658986430575e-01,4.054314840878678328e-01,4.065885192865202336e-01,4.077775845107916575e-01,4.089966284912541772e-01,4.102436714739657320e-01,4.115168489816660724e-01,4.128144649595776317e-01,4.141350557623729722e-01,4.154774663354878217e-01,4.168409396242256371e-01,4.182252195995816990e-01,4.196306671868331728e-01,4.210583866688141774e-01,4.225103576622275536e-01,4.239895644296439725e-01,4.255001101078652592e-01,4.270472986407748417e-01,4.286376623826636534e-01,4.302789095289297761e-01,4.319797642830662254e-01,4.337496759104705335e-01,4.355983824700806473e-01,4.375353322118482047e-01,4.395689898167542964e-01,4.417060826622740133e-01,4.439508680870525859e-01,4.463045182707330305e-01,4.487647173551394530e-01,4.513255419232205523e-01,4.539776531593870956e-01,4.567087756121276376e-01,4.595043858827161931e-01,4.623484959632881974e-01,4.652243948604747326e-01,4.681152015959131329e-01,4.710040571825721556e-01,4.738736736509562286e-01,4.767045331831322175e-01,4.794691940346781367e-01,4.821082817426021183e-01,4.846399412537510387e-01
5.901515151515150936e-01,4.771243738763684128e-01,4.748295421315829046e-01,4.724088741652731627e-01,4.699305444700864753e-01,4.674244194951691078e-01,4.649113102335163950e-01,4.624092055885707930e-01,4.599350898682421640e-01,4.575053360070122643e-01,4.551354862702191584e-01,4.528397414948683863e-01,4.506303429650114212e-01,4.485169836649220976e-01,4.465063565045430671e-01,4.446019145210076684e-01,4.428038785467326988e-01,4.411094861813274481e-01,4.395134397826192529e-01,4.380084871965967963e-01,4.365860601394689899e-01,4.352369004740543335e-01,4.339516199545634390e-01,4.327211589764696775e-01,4.315371295888840719e-01,4.303920441872797764e-01,4.292794424003470999e-01,4.281939347032177046e-01,4.271311831366827461e-01,4.260878384567267640e-01,4.250614503140890399e-01,4.240503636549437516e-01,4.230536111150973722e-01,4.220708081419423108e-01,4.211020550934614914e-01,4.201478486619513730e-01,4.192090035995152952e-01,4.182865847936425574e-01,4.173818491567110045e-01,4.164961964629558810e-01,4.156311281141062963e-01,4.147882127814032094e-01,4.139690579119194025e-01,4.131752861697085555e-01,4.124085159851213489e-01,4.116703454944313778e-01,4.109623392581729373e-01,4.102860172447886367e-01,4.096428456543645402e-01,4.090342292340485297e-01,4.084615048028539253e-01,4.079259357591898394e-01,4.074287073910394241e-01,4.069709228471417584e-01,4.065535996588868217e-01,4.061776667281534747e-01,4.058439617166847424e-01,4.055532287888030107e-01,4.053061166720683395e-01,4.051031770102220819e-01,4.049448629903674712e-01,4.048315282319353559e-01,4.047634259291188474e-01,4.047407082414214985e-01,4.047634259291204573e-01,4.048315282319362995e-01,4.049448629903672492e-01,4.051031770102226925e-01,4.053061166720695607e-01,4.055532287888042320e-01,4.058439617166844648e-01,4.061776667281553621e-01,4.065535996588867107e-01,4.069709228471402596e-01,4.074287073910388690e-01,4.079259357591900059e-01,4.084615048028541473e-01,4.090342292340483077e-01,4.096428456543641516e-01,4.102860172447888032e-01,4.109623392581709944e-01,4.116703454944304896e-01,4.124085159851202387e-01,4.131752861697074453e-01,4.139690579119189029e-01,4.147882127814052078e-01,4.156311281141074065e-01,4.164961964629554925e-01,4.173818491567132249e-01,4.182865847936434456e-01,4.192090035995172936e-01,4.201478486619503183e-01,4.211020550934612694e-01,4.220708081419431990e-01,4.230536111150960399e-01,4.240503636549435296e-01,4.250614503140902056e-01,4.260878384567249877e-01,4.271311831366839673e-01,4.281939347032176491e-01,4.292794424003449349e-01,4.303920441872798874e-01,4.315371295888830727e-01,4.327211589764690669e-01,4.339516199545624953e-01,4.352369004740537783e-01,4.365860601394658258e-01,4.380084871965967963e-01,4.395134397826190864e-01,4.411094861813278922e-01,4.428038785467333094e-01,4.446019145210084456e-01,4.465063565045445104e-01,4.485169836649218200e-01,4.506303429650111991e-01,4.528397414948692190e-01,4.551354862702182702e-01,4.575053360070133190e-01,4.599350898682432187e-01,4.624092055885696273e-01,4.649113102335158954e-01,4.674244194951681086e-01,4.699305444700863643e-01,4.724088741652717194e-01,4.748295421315850140e-01,4.771243738763675801e-01
5.939393939393938782e-01,4.653592545886718890e-01,4.632860772251622961e-01,4.611665057322827388e-01,4.590329764292970793e-01,4.569071841372568943e-01,4.548072047492808800e-01,4.527494661763167838e-01,4.507491922358287662e-01,4.488202546272612725e-01,4.469747839074043050e-01,4.452227211686708985e-01,4.435714271486355664e-01,4.420254269568003602e-01,4.405863348670222557e-01,4.392529707941214556e-01,4.380216505610786681e-01,4.368866097141880234e-01,4.358405081670675973e-01,4.348749608137036926e-01,4.339810457229253404e-01,4.331497535191761727e-01,4.323723556605241214e-01,4.316406826908245620e-01,4.309473143262233519e-01,4.302856906566996931e-01,4.296501578625246953e-01,4.290359632387147348e-01,4.284392137702804915e-01,4.278568107748160765e-01,4.272863708577882003e-01,4.267261410601591032e-01,4.261749138980286955e-01,4.256319461421340100e-01,4.250968837077713225e-01,4.245696939091967992e-01,4.240506055314965939e-01,4.235400566293461289e-01,4.230386496187290013e-01,4.225471130319491952e-01,4.220662692157088336e-01,4.215970072323098061e-01,4.211402602497633652e-01,4.206969867588948309e-01,4.202681550216517126e-01,4.198547302257819580e-01,4.194576638913048439e-01,4.190778851403485494e-01,4.187162935022490373e-01,4.183737529792211363e-01,4.180510871447828958e-01,4.177490750871997172e-01,4.174684480444781909e-01,4.172098866061504929e-01,4.169740183812359335e-01,4.167614160515793476e-01,4.165725957463233819e-01,4.164080156866209470e-01,4.162680750607163915e-01,4.161531130983490145e-01,4.160634083206632972e-01,4.159991779475207818e-01,4.159605774489022467e-01,4.159477002307469529e-01,4.159605774489046892e-01,4.159991779475221696e-01,4.160634083206625755e-01,4.161531130983492921e-01,4.162680750607171687e-01,4.164080156866207805e-01,4.165725957463222717e-01,4.167614160515790700e-01,4.169740183812358780e-01,4.172098866061495492e-01,4.174684480444761925e-01,4.177490750871999392e-01,4.180510871447823962e-01,4.183737529792215248e-01,4.187162935022502031e-01,4.190778851403479943e-01,4.194576638913035116e-01,4.198547302257828462e-01,4.202681550216513240e-01,4.206969867588957745e-01,4.211402602497652525e-01,4.215970072323097506e-01,4.220662692157086116e-01,4.225471130319488067e-01,4.230386496187277801e-01,4.235400566293440749e-01,4.240506055314963163e-01,4.245696939091972988e-01,4.250968837077691576e-01,4.256319461421354533e-01,4.261749138980290286e-01,4.267261410601579374e-01,4.272863708577879782e-01,4.278568107748156879e-01,4.284392137702806025e-01,4.290359632387174549e-01,4.296501578625245843e-01,4.302856906567013029e-01,4.309473143262244066e-01,4.316406826908268934e-01,4.323723556605268969e-01,4.331497535191755621e-01,4.339810457229255625e-01,4.348749608137032485e-01,4.358405081670660985e-01,4.368866097141888005e-01,4.380216505610796673e-01,4.392529707941202344e-01,4.405863348670220336e-01,4.420254269568013594e-01,4.435714271486339566e-01,4.452227211686713981e-01,4.469747839074051377e-01,4.488202546272606064e-01,4.507491922358294878e-01,4.527494661763158956e-01,4.548072047492824899e-01,4.569071841372563947e-01,4.590329764292955250e-01,4.611665057322818506e-01,4.632860772251616299e-01,4.653592545886707232e-01
5.977272727272726627e-01,4.484597024310009727e-01,4.466836818553596156e-01,4.449086714635366868e-01,4.431569731467148165e-01,4.414463132962943570e-01,4.397921489473951562e-01,4.382082658865903979e-01,4.367067681340606744e-01,4.352978418355702983e-01,4.339894710412415813e-01,4.327872047697815527e-01,4.316940331708779000e-01,4.307104004137105036e-01,4.298343569227704442e-01,4.290618335309284159e-01,4.283870062455543692e-01,4.278027134010467525e-01,4.273008866711020537e-01,4.268729623614202495e-01,4.265102476207605076e-01,4.262042256488028924e-01,4.259467929538825470e-01,4.257304291114699657e-01,4.255483047851879586e-01,4.253943369743669600e-01,4.252632018407048742e-01,4.251503154857443900e-01,4.250517921664054288e-01,4.249643880548756858e-01,4.248854370844780681e-01,4.248127838886950891e-01,4.247447174632897338e-01,4.246799080218477407e-01,4.246173485883588672e-01,4.245563021627092870e-01,4.244962547783558415e-01,4.244368744121748693e-01,4.243779754712389551e-01,4.243194884393942101e-01,4.242614341932663957e-01,4.242039024716691142e-01,4.241470339886188601e-01,4.240910057066829553e-01,4.240360188251116602e-01,4.239822890806736466e-01,4.239300390037453736e-01,4.238794918158220737e-01,4.238308666952561587e-01,4.237843751753592181e-01,4.237402184720306941e-01,4.236985855675095558e-01,4.236596519023256846e-01,4.236235785495734429e-01,4.235905117647851270e-01,4.235605828208691692e-01,4.235339080517310784e-01,4.235105890401524298e-01,4.234907128959438660e-01,4.234743525794566477e-01,4.234615672333765235e-01,4.234524024928953967e-01,4.234468907505183899e-01,4.234450513576561437e-01,4.234468907505191115e-01,4.234524024928966734e-01,4.234615672333765790e-01,4.234743525794565366e-01,4.234907128959470857e-01,4.235105890401525408e-01,4.235339080517315224e-01,4.235605828208684476e-01,4.235905117647847384e-01,4.236235785495750528e-01,4.236596519023270724e-01,4.236985855675103330e-01,4.237402184720297504e-01,4.237843751753594956e-01,4.238308666952571580e-01,4.238794918158209080e-01,4.239300390037467614e-01,4.239822890806720923e-01,4.240360188251121043e-01,4.240910057066832883e-01,4.241470339886205254e-01,4.242039024716689477e-01,4.242614341932659516e-01,4.243194884393936550e-01,4.243779754712398988e-01,4.244368744121745363e-01,4.244962547783547313e-01,4.245563021627118405e-01,4.246173485883565912e-01,4.246799080218474631e-01,4.247447174632899003e-01,4.248127838886973651e-01,4.248854370844772910e-01,4.249643880548769626e-01,4.250517921664039855e-01,4.251503154857431688e-01,4.252632018407051517e-01,4.253943369743659608e-01,4.255483047851868483e-01,4.257304291114722417e-01,4.259467929538822140e-01,4.262042256488043912e-01,4.265102476207595084e-01,4.268729623614184732e-01,4.273008866711001663e-01,4.278027134010451982e-01,4.283870062455537031e-01,4.290618335309288045e-01,4.298343569227712768e-01,4.307104004137120579e-01,4.316940331708785661e-01,4.327872047697822744e-01,4.339894710412426915e-01,4.352978418355690771e-01,4.367067681340638940e-01,4.382082658865900093e-01,4.397921489473943790e-01,4.414463132962948566e-01,4.431569731467129847e-01,4.449086714635344664e-01,4.466836818553589494e-01,4.484597024309996405e-01
6.015151515151514472e-01,4.255650681191184281e-01,4.241147066549874611e-01,4.227032889057488196e-01,4.213480864282609373e-01,4.200635017681118577e-01,4.188619168319481223e-01,4.177538557906902428e-01,4.167478990164509844e-01,4.158505311786863112e-01,4.150660153218458381e-01,4.143963415248011484e-01,4.138412720777090992e-01,4.133984857735031326e-01,4.130638095740296056e-01,4.128315162913268610e-01,4.126946619966978536e-01,4.126454362350926997e-01,4.126755009150400166e-01,4.127762987984276988e-01,4.129393186101824043e-01,4.131563098698179393e-01,4.134194458580991438e-01,4.137214372488203784e-01,4.140556017310009218e-01,4.144158965100195879e-01,4.147969211244056931e-01,4.151938978160426563e-01,4.156026360067735514e-01,4.160194864868720921e-01,4.164412898815287312e-01,4.168653229475819399e-01,4.172892453361170539e-01,4.177110486732563688e-01,4.181290091716533541e-01,4.185416444836259076e-01,4.189476751281660527e-01,4.193459905497885498e-01,4.197356196772473180e-01,4.201157057263604222e-01,4.204854849176711262e-01,4.208442687424434059e-01,4.211914293995908665e-01,4.215263880323246171e-01,4.218486054110451300e-01,4.221575747329707751e-01,4.224528162364655226e-01,4.227338733562517881e-01,4.230003101734896021e-01,4.232517099411137185e-01,4.234876744891240552e-01,4.237078243368296304e-01,4.239117993590234557e-01,4.240992598711203487e-01,4.242698880142641849e-01,4.244233893358077547e-01,4.245594944734354392e-01,4.246779608628931668e-01,4.247785743997748442e-01,4.248611509957416765e-01,4.249255379784309672e-01,4.249716152930737567e-01,4.249992964717485000e-01,4.250085293442065759e-01,4.249992964717487220e-01,4.249716152930764768e-01,4.249255379784326325e-01,4.248611509957392340e-01,4.247785743997755659e-01,4.246779608628937219e-01,4.245594944734361609e-01,4.244233893358070886e-01,4.242698880142637408e-01,4.240992598711195161e-01,4.239117993590239553e-01,4.237078243368299080e-01,4.234876744891256650e-01,4.232517099411134409e-01,4.230003101734886584e-01,4.227338733562512885e-01,4.224528162364686312e-01,4.221575747329692763e-01,4.218486054110452965e-01,4.215263880323271706e-01,4.211914293995911995e-01,4.208442687424453488e-01,4.204854849176695719e-01,4.201157057263589789e-01,4.197356196772450976e-01,4.193459905497885498e-01,4.189476751281646649e-01,4.185416444836274064e-01,4.181290091716543533e-01,4.177110486732560357e-01,4.172892453361188303e-01,4.168653229475841049e-01,4.164412898815289532e-01,4.160194864868702602e-01,4.156026360067735514e-01,4.151938978160428784e-01,4.147969211244045828e-01,4.144158965100183112e-01,4.140556017309997006e-01,4.137214372488185465e-01,4.134194458580986997e-01,4.131563098698170511e-01,4.129393186101806834e-01,4.127762987984278098e-01,4.126755009150389619e-01,4.126454362350933658e-01,4.126946619966965213e-01,4.128315162913273606e-01,4.130638095740308269e-01,4.133984857735009122e-01,4.138412720777078224e-01,4.143963415248000381e-01,4.150660153218457826e-01,4.158505311786884207e-01,4.167478990164527608e-01,4.177538557906899097e-01,4.188619168319440145e-01,4.200635017681118022e-01,4.213480864282608818e-01,4.227032889057442122e-01,4.241147066549874056e-01,4.255650681191193718e-01
6.053030303030302317e-01,3.963344964508936918e-01,3.952133541276020567e-01,3.941635838187760310e-01,3.931987382986250057e-01,3.923300232008874455e-01,3.915666669142457423e-01,3.909159755088004173e-01,3.903832822206113606e-01,3.899718887172658466e-01,3.896830474372055542e-01,3.895160085577563103e-01,3.894681385164274201e-01,3.895351053117381279e-01,3.897111177958695882e-01,3.899892014516144201e-01,3.903614914144866166e-01,3.908195242846939643e-01,3.913545129219149765e-01,3.919575921909145833e-01,3.926200278208543670e-01,3.933333845736913248e-01,3.940896533820438252e-01,3.948813397940683090e-01,3.957015178934382704e-01,3.965438549043949767e-01,3.974026120758841762e-01,3.982726273251803173e-01,3.991492846705755326e-01,4.000284748356187081e-01,4.009065506764110665e-01,4.017802803495086339e-01,4.026468004553113711e-01,4.035035707902994706e-01,4.043483318343611410e-01,4.051790656880586150e-01,4.059939608522189491e-01,4.067913809983267348e-01,4.075698377003890149e-01,4.083279669753181462e-01,4.090645093975355806e-01,4.097782935048296937e-01,4.104682221881926218e-01,4.111332617511652687e-01,4.117724333294157657e-01,4.123848063739846692e-01,4.129694939197523507e-01,4.135256493806903633e-01,4.140524646351351756e-01,4.145491691855791028e-01,4.150150301980016776e-01,4.154493532453732985e-01,4.158514835979951196e-01,4.162208079200435118e-01,4.165567562471292340e-01,4.168588041336555583e-01,4.171264748717785631e-01,4.173593416955457824e-01,4.175570298950447290e-01,4.177192187754272257e-01,4.178456434056773694e-01,4.179360961109886419e-01,4.179904276715767919e-01,4.180085481992777408e-01,4.179904276715780131e-01,4.179360961109866990e-01,4.178456434056770918e-01,4.177192187754290575e-01,4.175570298950468939e-01,4.173593416955457269e-01,4.171264748717777859e-01,4.168588041336565020e-01,4.165567562471275131e-01,4.162208079200458433e-01,4.158514835979968405e-01,4.154493532453734650e-01,4.150150301980032319e-01,4.145491691855811012e-01,4.140524646351348426e-01,4.135256493806882538e-01,4.129694939197506853e-01,4.123848063739845027e-01,4.117724333294150996e-01,4.111332617511687659e-01,4.104682221881921222e-01,4.097782935048293607e-01,4.090645093975359137e-01,4.083279669753203112e-01,4.075698377003875161e-01,4.067913809983264573e-01,4.059939608522211141e-01,4.051790656880573382e-01,4.043483318343613075e-01,4.035035707903020241e-01,4.026468004553104829e-01,4.017802803495055253e-01,4.009065506764099562e-01,4.000284748356163766e-01,3.991492846705735342e-01,3.982726273251809279e-01,3.974026120758828440e-01,3.965438549043951433e-01,3.957015178934406574e-01,3.948813397940688086e-01,3.940896533820426040e-01,3.933333845736913248e-01,3.926200278208538674e-01,3.919575921909176919e-01,3.913545129219135332e-01,3.908195242846929096e-01,3.903614914144881154e-01,3.899892014516142535e-01,3.897111177958685335e-01,3.895351053117399598e-01,3.894681385164302512e-01,3.895160085577584197e-01,3.896830474372053321e-01,3.899718887172642368e-01,3.903832822206113606e-01,3.909159755087981414e-01,3.915666669142444101e-01,3.923300232008892219e-01,3.931987382986253388e-01,3.941635838187746987e-01,3.952133541276034445e-01,3.963344964508948021e-01
6.090909090909091272e-01,3.628377350334058282e-01,3.620301997443263753e-01,3.613217898457042332e-01,3.607228137091615938e-01,3.602414017412817748e-01,3.598837121877458967e-01,3.596539690223856667e-01,3.595544513556943045e-01,3.595854937190008371e-01,3.597455276257535139e-01,3.600311778663559115e-01,3.604374155718589878e-01,3.609577619788814085e-01,3.615845313388220128e-01,3.623090982845900698e-01,3.631221739771472445e-01,3.640140761694543037e-01,3.649749804980734758e-01,3.659951433285977829e-01,3.670650898373411519e-01,3.681757642790398632e-01,3.693186422538285441e-01,3.704858070587119800e-01,3.716699938186447394e-01,3.728646060621726988e-01,3.740637098203478672e-01,3.752620103019214115e-01,3.764548158576647707e-01,3.776379934079532874e-01,3.788079188688673327e-01,3.799614254480602193e-01,3.810957520454554270e-01,3.822084934190003724e-01,3.832975532798362783e-01,3.843611010694034658e-01,3.853975328420087831e-01,3.864054364218828530e-01,3.873835608148167853e-01,3.883307897199237968e-01,3.892461188969044139e-01,3.901286370884491927e-01,3.909775101682866905e-01,3.917919681755513972e-01,3.925712949002706509e-01,3.933148196980769118e-01,3.940219112318020800e-01,3.946919728602045208e-01,3.953244394185142507e-01,3.959187751599954619e-01,3.964744726514973783e-01,3.969910524387536555e-01,3.974680633181740252e-01,3.979050830714253584e-01,3.983017195367100638e-01,3.986576119067812840e-01,3.989724321582479583e-01,3.992458865297786597e-01,3.994777169786976612e-01,3.996677025561733987e-01,3.998156606510454569e-01,3.999214480611465450e-01,3.999849618595693324e-01,4.000061400308378978e-01,3.999849618595692213e-01,3.999214480611471001e-01,3.998156606510441802e-01,3.996677025561764518e-01,3.994777169786957183e-01,3.992458865297814352e-01,3.989724321582481248e-01,3.986576119067791746e-01,3.983017195367086205e-01,3.979050830714266351e-01,3.974680633181746914e-01,3.969910524387534334e-01,3.964744726514986550e-01,3.959187751599936300e-01,3.953244394185136401e-01,3.946919728602026889e-01,3.940219112318035788e-01,3.933148196980759681e-01,3.925712949002675978e-01,3.917919681755507311e-01,3.909775101682854137e-01,3.901286370884508026e-01,3.892461188969046915e-01,3.883307897199207437e-01,3.873835608148134546e-01,3.864054364218818538e-01,3.853975328420078394e-01,3.843611010694014674e-01,3.832975532798374996e-01,3.822084934190037031e-01,3.810957520454546499e-01,3.799614254480594977e-01,3.788079188688650567e-01,3.776379934079506229e-01,3.764548158576654924e-01,3.752620103019210229e-01,3.740637098203480893e-01,3.728646060621748082e-01,3.716699938186455721e-01,3.704858070587113694e-01,3.693186422538297653e-01,3.681757642790409735e-01,3.670650898373427617e-01,3.659951433286005584e-01,3.649749804980764734e-01,3.640140761694549698e-01,3.631221739771480217e-01,3.623090982845901253e-01,3.615845313388247328e-01,3.609577619788821301e-01,3.604374155718569339e-01,3.600311778663581874e-01,3.597455276257559009e-01,3.595854937189999490e-01,3.595544513556944710e-01,3.596539690223847785e-01,3.598837121877453415e-01,3.602414017412788882e-01,3.607228137091615383e-01,3.613217898457087851e-01,3.620301997443240993e-01,3.628377350334034412e-01
6.128787878787878007e-01,3.327389544628893137e-01,3.321951153335007678e-01,3.317716082350580797e-01,3.314753305137988493e-01,3.313109628865921197e-01,3.312811035894160927e-01,3.313863091592300081e-01,3.316251214064295794e-01,3.319941225293996934e-01,3.324880397657543618e-01,3.330999075286223410e-01,3.338212851677195281e-01,3.346425212337196253e-01,3.355530501718336778e-01,3.365417046932575595e-01,3.375970265587620589e-01,3.387075598696274725e-01,3.398621137433485151e-01,3.410499849044594800e-01,3.422611346845624292e-01,3.434863187132027318e-01,3.447171708302427251e-01,3.459462452470007388e-01,3.471670226538386417e-01,3.483738868551293222e-01,3.495620787242300631e-01,3.507276339663736864e-01,3.518673105194667361e-01,3.529785105619521746e-01,3.540592011566731645e-01,3.551078366330915892e-01,3.561232849590678651e-01,3.571047596139511615e-01,3.580517578617479213e-01,3.589640058372922105e-01,3.598414104896979770e-01,3.606840181619297980e-01,3.614919794054572977e-01,3.622655195179609877e-01,3.630049142344584090e-01,3.637104699837042099e-01,3.643825081313963876e-01,3.650213526604205727e-01,3.656273207779909273e-01,3.662007159865335315e-01,3.667418232033530789e-01,3.672509055628872532e-01,3.677282025814389566e-01,3.681739294073057001e-01,3.685882769183065344e-01,3.689714124638530102e-01,3.693234810795354983e-01,3.696446070294615027e-01,3.699348955549143780e-01,3.701944347282334347e-01,3.704232973281048613e-01,3.706215426671032875e-01,3.707892183151108023e-01,3.709263616725846924e-01,3.710330013569093088e-01,3.711091583728593490e-01,3.711548470445630854e-01,3.711700756925823130e-01,3.711548470445616421e-01,3.711091583728580168e-01,3.710330013569110852e-01,3.709263616725833601e-01,3.707892183151165200e-01,3.706215426671045643e-01,3.704232973281048613e-01,3.701944347282352110e-01,3.699348955549136009e-01,3.696446070294613362e-01,3.693234810795348877e-01,3.689714124638555637e-01,3.685882769183067564e-01,3.681739294073080315e-01,3.677282025814394006e-01,3.672509055628853658e-01,3.667418232033520797e-01,3.662007159865325878e-01,3.656273207779907053e-01,3.650213526604201841e-01,3.643825081314024383e-01,3.637104699837024890e-01,3.630049142344619617e-01,3.622655195179585452e-01,3.614919794054560209e-01,3.606840181619302976e-01,3.598414104896976995e-01,3.589640058372943754e-01,3.580517578617490870e-01,3.571047596139507729e-01,3.561232849590692529e-01,3.551078366330926994e-01,3.540592011566728314e-01,3.529785105619517860e-01,3.518673105194669026e-01,3.507276339663742415e-01,3.495620787242304517e-01,3.483738868551300438e-01,3.471670226538384196e-01,3.459462452470000726e-01,3.447171708302442794e-01,3.434863187132029538e-01,3.422611346845589320e-01,3.410499849044609788e-01,3.398621137433505690e-01,3.387075598696258072e-01,3.375970265587627805e-01,3.365417046932554501e-01,3.355530501718310132e-01,3.346425212337176269e-01,3.338212851677215265e-01,3.330999075286231736e-01,3.324880397657556386e-01,3.319941225294010811e-01,3.316251214064291908e-01,3.313863091592277321e-01,3.312811035894165923e-01,3.313109628865903988e-01,3.314753305137993489e-01,3.317716082350569140e-01,3.321951153335007123e-01,3.327389544628894247e-01
6.166666666666666963e-01,3.204396765830310745e-01,3.200105641655360267e-01,3.197086537947746998e-01,3.195359878187676306e-01,3.194921816821810756e-01,3.195745461090696016e-01,3.197781888580910614e-01,3.200961504189871465e-01,3.205196004916586738e-01,3.210381039082766952e-01,3.216399511225336849e-01,3.223125382348954737e-01,3.230427746996896721e-01,3.238174935496830331e-01,3.246238391291660363e-01,3.254496105044349941e-01,3.262835441120101598e-01,3.271155257877742528e-01,3.279367290557798631e-01,3.287396825677108558e-01,3.295182742769157125e-01,3.302677030245497192e-01,3.309843897154980952e-01,3.316658603841441955e-01,3.323106125286385826e-01,3.329179744954165465e-01,3.334879657637325190e-01,3.340211639868204685e-01,3.345185827874364026e-01,3.349815626980920946e-01,3.354116763345545427e-01,3.358106479008163836e-01,3.361802864203515817e-01,3.365224316299617602e-01,3.368389112115579564e-01,3.371315079258468406e-01,3.374019352083546530e-01,3.376518198570154783e-01,3.378826905535055047e-01,3.380959710965921183e-01,3.382929773699842602e-01,3.384749172089952518e-01,3.386428924633776982e-01,3.387979026743970223e-01,3.389408498907254819e-01,3.390725442398852540e-01,3.391937099502783104e-01,3.393049915843731612e-01,3.394069602979059574e-01,3.395001199839739470e-01,3.395849131967136891e-01,3.396617267775283722e-01,3.397308971292488100e-01,3.397927151009132452e-01,3.398474304590560213e-01,3.398952559313168087e-01,3.399363708153950725e-01,3.399709241513343971e-01,3.399990374586194797e-01,3.400208070414192374e-01,3.400363058663114502e-01,3.400455850170970296e-01,3.400486747306502577e-01,3.400455850171002492e-01,3.400363058663133375e-01,3.400208070414190153e-01,3.399990374586222552e-01,3.399709241513341196e-01,3.399363708153961272e-01,3.398952559313186406e-01,3.398474304590545780e-01,3.397927151009147995e-01,3.397308971292472002e-01,3.396617267775268734e-01,3.395849131967157986e-01,3.395001199839730588e-01,3.394069602979054023e-01,3.393049915843727171e-01,3.391937099502780883e-01,3.390725442398870304e-01,3.389408498907251488e-01,3.387979026743958011e-01,3.386428924633800852e-01,3.384749172089971392e-01,3.382929773699845932e-01,3.380959710965910636e-01,3.378826905535062264e-01,3.376518198570159779e-01,3.374019352083538759e-01,3.371315079258509484e-01,3.368389112115584005e-01,3.365224316299609275e-01,3.361802864203515262e-01,3.358106479008162726e-01,3.354116763345542096e-01,3.349815626980929273e-01,3.345185827874376794e-01,3.340211639868202464e-01,3.334879657637322414e-01,3.329179744954178233e-01,3.323106125286378609e-01,3.316658603841439179e-01,3.309843897154949866e-01,3.302677030245490530e-01,3.295182742769157125e-01,3.287396825677106893e-01,3.279367290557813064e-01,3.271155257877740308e-01,3.262835441120093272e-01,3.254496105044353271e-01,3.246238391291647041e-01,3.238174935496835882e-01,3.230427746996914484e-01,3.223125382348946966e-01,3.216399511225356278e-01,3.210381039082778609e-01,3.205196004916552877e-01,3.200961504189881457e-01,3.197781888580917276e-01,3.195745461090696571e-01,3.194921816821807981e-01,3.195359878187673530e-01,3.197086537947758655e-01,3.200105641655360822e-01,3.204396765830333504e-01
6.204545454545454808e-01,3.374928592388263260e-01,3.369052483882616911e-01,3.364246302947698219e-01,3.360466234284921749e-01,3.357645123177830926e-01,3.355695251143899771e-01,3.354511611769965818e-01,3.353975866629603786e-01,3.353960921774715165e-01,3.354335901020636945e-01,3.354971192844325434e-01,3.355743212535579056e-01,3.356538546442712767e-01,3.357257219329771170e-01,3.357814930823526667e-01,3.358144221475448665e-01,3.358194633511443761e-01,3.357932011674695794e-01,3.357337138638367136e-01,3.356403917152692706e-01,3.355137302447861458e-01,3.353551161267800396e-01,3.351666196633050765e-01,3.349508037310180986e-01,3.347105553358738494e-01,3.344489427291018613e-01,3.341690985722651774e-01,3.338741278966310677e-01,3.335670385021423656e-01,3.332506908624724984e-01,3.329277644134442382e-01,3.326007371813335389e-01,3.322718759536597011e-01,3.319432345305136089e-01,3.316166579625660082e-01,3.312937910458694235e-01,3.309760896803412011e-01,3.306648339968039640e-01,3.303611424120406204e-01,3.300659859829753739e-01,3.297802026029115208e-01,3.295045107193962375e-01,3.292395223598372223e-01,3.289857553324131434e-01,3.287436445309429578e-01,3.285135523169606664e-01,3.282957779842387014e-01,3.280905663327101096e-01,3.278981153931601056e-01,3.277185833525322334e-01,3.275520947340664346e-01,3.273987458878066525e-01,3.272586098460338322e-01,3.271317405959519586e-01,3.270181768184337034e-01,3.269179451377930978e-01,3.268310629231060416e-01,3.267575406772021962e-01,3.266973840448299526e-01,3.266505954670698153e-01,3.266171755045970682e-01,3.265971238481261696e-01,3.265904400301758437e-01,3.265971238481281125e-01,3.266171755045998992e-01,3.266505954670728129e-01,3.266973840448308963e-01,3.267575406772031399e-01,3.268310629231072628e-01,3.269179451377935974e-01,3.270181768184354798e-01,3.271317405959513480e-01,3.272586098460342208e-01,3.273987458878044321e-01,3.275520947340649913e-01,3.277185833525324554e-01,3.278981153931624370e-01,3.280905663327104982e-01,3.282957779842388124e-01,3.285135523169613880e-01,3.287436445309425692e-01,3.289857553324145867e-01,3.292395223598367227e-01,3.295045107193965150e-01,3.297802026029117983e-01,3.300659859829740417e-01,3.303611424120400653e-01,3.306648339968030204e-01,3.309760896803425889e-01,3.312937910458715329e-01,3.316166579625679511e-01,3.319432345305136089e-01,3.322718759536614219e-01,3.326007371813315405e-01,3.329277644134435166e-01,3.332506908624686681e-01,3.335670385021434203e-01,3.338741278966309012e-01,3.341690985722634011e-01,3.344489427291008066e-01,3.347105553358736274e-01,3.349508037310168773e-01,3.351666196633066863e-01,3.353551161267822600e-01,3.355137302447886993e-01,3.356403917152691041e-01,3.357337138638359919e-01,3.357932011674702455e-01,3.358194633511443761e-01,3.358144221475448665e-01,3.357814930823520561e-01,3.357257219329762288e-01,3.356538546442719428e-01,3.355743212535573505e-01,3.354971192844325434e-01,3.354335901020637500e-01,3.353960921774701287e-01,3.353975866629609892e-01,3.354511611769960822e-01,3.355695251143894220e-01,3.357645123177829261e-01,3.360466234284922860e-01,3.364246302947682676e-01,3.369052483882619686e-01,3.374928592388261595e-01
6.242424242424242653e-01,3.807196875563549909e-01,3.797462035565558058e-01,3.788426844637839408e-01,3.780015382110572530e-01,3.772138625293568470e-01,3.764699117542861240e-01,3.757595853769706840e-01,3.750729154702152623e-01,3.744005199823267627e-01,3.737339883361205928e-01,3.730661726569768910e-01,3.723913695660529544e-01,3.717053907273271673e-01,3.710055323871698785e-01,3.702904629722684193e-01,3.695600525040709239e-01,3.688151682815752896e-01,3.680574588480566844e-01,3.672891438882441850e-01,3.665128225717506627e-01,3.657313078874764312e-01,3.649474902861777892e-01,3.641642307314962301e-01,3.633842810780817389e-01,3.626102284239132723e-01,3.618444595275390196e-01,3.610891413326414168e-01,3.603462139175114265e-01,3.596173926387742359e-01,3.589041767606662159e-01,3.582078623827887331e-01,3.575295579591495354e-01,3.568702011182613987e-01,3.562305758417299573e-01,3.556113293387558882e-01,3.550129881731017845e-01,3.544359733659793732e-01,3.538806143221172595e-01,3.533471615156261736e-01,3.528357979346323225e-01,3.523466493254702181e-01,3.518797933036859615e-01,3.514352674142997568e-01,3.510130762309685570e-01,3.506131975852814775e-01,3.502355880153649736e-01,3.498801875183469856e-01,3.495469236854684691e-01,3.492357152918387220e-01,3.489464754060846996e-01,3.486791140782777854e-01,3.484335406580144623e-01,3.482096657884308777e-01,3.480074031162576076e-01,3.478266707528411827e-01,3.476673925163809575e-01,3.475294989813200175e-01,3.474129283570953630e-01,3.473176272148334465e-01,3.472435510776247236e-01,3.471906648869733103e-01,3.471589433555229975e-01,3.471483712136905764e-01,3.471589433555223869e-01,3.471906648869732548e-01,3.472435510776254453e-01,3.473176272148335575e-01,3.474129283570950300e-01,3.475294989813224045e-01,3.476673925163804579e-01,3.478266707528418489e-01,3.480074031162559978e-01,3.482096657884304891e-01,3.484335406580145733e-01,3.486791140782782294e-01,3.489464754060844220e-01,3.492357152918378338e-01,3.495469236854684691e-01,3.498801875183466525e-01,3.502355880153641410e-01,3.506131975852819216e-01,3.510130762309687236e-01,3.514352674143013111e-01,3.518797933036864611e-01,3.523466493254707732e-01,3.528357979346329332e-01,3.533471615156266177e-01,3.538806143221174816e-01,3.544359733659795397e-01,3.550129881731022286e-01,3.556113293387558882e-01,3.562305758417302348e-01,3.568702011182624534e-01,3.575295579591505901e-01,3.582078623827897879e-01,3.589041767606664379e-01,3.596173926387754571e-01,3.603462139175105938e-01,3.610891413326417498e-01,3.618444595275396303e-01,3.626102284239132723e-01,3.633842810780816834e-01,3.641642307314958971e-01,3.649474902861776782e-01,3.657313078874758205e-01,3.665128225717496080e-01,3.672891438882432968e-01,3.680574588480571840e-01,3.688151682815744015e-01,3.695600525040707574e-01,3.702904629722684193e-01,3.710055323871694899e-01,3.717053907273273894e-01,3.723913695660523993e-01,3.730661726569758363e-01,3.737339883361216475e-01,3.744005199823267072e-01,3.750729154702152068e-01,3.757595853769697403e-01,3.764699117542851803e-01,3.772138625293576797e-01,3.780015382110578082e-01,3.788426844637836077e-01,3.797462035565556948e-01,3.807196875563551575e-01
6.280303030303030498e-01,4.351852800734738458e-01,4.338154801579577891e-01,4.324988657325566366e-01,4.312297658409514622e-01,4.300020635379973033e-01,4.288095648808551430e-01,4.276463312179178411e-01,4.265069550957507616e-01,4.253867642271565441e-01,4.242819462393682683e-01,4.231895962365312958e-01,4.221076971648525800e-01,4.210350481565313108e-01,4.199711580696412483e-01,4.189161207532494657e-01,4.178704860058591319e-01,4.168351367079814462e-01,4.158111789941854597e-01,4.147998491252579134e-01,4.138024382010263014e-01,4.128202340838670326e-01,4.118544788124050560e-01,4.109063392388977998e-01,4.099768884710565664e-01,4.090670958016792147e-01,4.081778230570838883e-01,4.073098256076962964e-01,4.064637566078661557e-01,4.056401733351897576e-01,4.048395447659894342e-01,4.040622597470122090e-01,4.033086353043935368e-01,4.025789247731009768e-01,4.018733255391029879e-01,4.011919862678468562e-01,4.005350135520867605e-01,3.999024779541217045e-01,3.992944194464664864e-01,3.987108522739968852e-01,3.981517692723206547e-01,3.976171456836942175e-01,3.971069425145924980e-01,3.966211094793785086e-01,3.961595875731901972e-01,3.957223113147432247e-01,3.953092106968134067e-01,3.949202128789387478e-01,3.945552436534917051e-01,3.942142287131037981e-01,3.938970947442984039e-01,3.936037703693179290e-01,3.933341869554637382e-01,3.930882793088936178e-01,3.928659862675965564e-01,3.926672512063360543e-01,3.924920224645865319e-01,3.923402537068981233e-01,3.922119042237607323e-01,3.921069391797045722e-01,3.920253298142989951e-01,3.919670536006394368e-01,3.919320943649522992e-01,3.919204423701062590e-01,3.919320943649514111e-01,3.919670536006393813e-01,3.920253298143001608e-01,3.921069391797045167e-01,3.922119042237610653e-01,3.923402537068980678e-01,3.924920224645859212e-01,3.926672512063363873e-01,3.928659862675962788e-01,3.930882793088929517e-01,3.933341869554633496e-01,3.936037703693182066e-01,3.938970947442985704e-01,3.942142287131038536e-01,3.945552436534920382e-01,3.949202128789401356e-01,3.953092106968141284e-01,3.957223113147422255e-01,3.961595875731917515e-01,3.966211094793785641e-01,3.971069425145916099e-01,3.976171456836943841e-01,3.981517692723209323e-01,3.987108522739961081e-01,3.992944194464662644e-01,3.999024779541212604e-01,4.005350135520867050e-01,4.011919862678473003e-01,4.018733255391028214e-01,4.025789247731015319e-01,4.033086353043927041e-01,4.040622597470118205e-01,4.048395447659897117e-01,4.056401733351899797e-01,4.064637566078658781e-01,4.073098256076957968e-01,4.081778230570840549e-01,4.090670958016803249e-01,4.099768884710572880e-01,4.109063392388980218e-01,4.118544788124052225e-01,4.128202340838659223e-01,4.138024382010256352e-01,4.147998491252581910e-01,4.158111789941854042e-01,4.168351367079818903e-01,4.178704860058599646e-01,4.189161207532494657e-01,4.199711580696411373e-01,4.210350481565315883e-01,4.221076971648529685e-01,4.231895962365319619e-01,4.242819462393679353e-01,4.253867642271562666e-01,4.265069550957496514e-01,4.276463312179178411e-01,4.288095648808558646e-01,4.300020635379972478e-01,4.312297658409518508e-01,4.324988657325568586e-01,4.338154801579581776e-01,4.351852800734736793e-01
6.318181818181818343e-01,4.768110106224178746e-01,4.751162697083818331e-01,4.734822354751163087e-01,4.719051093965582755e-01,4.703806059428228825e-01,4.689042244514571300e-01,4.674714922356883462e-01,4.660781649306683927e-01,4.647203756406902975e-01,4.633947310575535217e-01,4.620983585298691909e-01,4.608289120737464883e-01,4.595845472761779793e-01,4.583638752261479099e-01,4.571659045458714710e-01,4.559899788554809819e-01,4.548357150626826662e-01,4.537029460482552845e-01,4.525916697954694423e-01,4.515020058489546684e-01,4.504341591736580330e-01,4.493883909653890729e-01,4.483649956748911314e-01,4.473642833828020415e-01,4.463865666482838557e-01,4.454321510063793954e-01,4.445013283771305224e-01,4.435943727519575663e-01,4.427115376261825941e-01,4.418530547431136490e-01,4.410191338008713213e-01,4.402099628465928061e-01,4.394257091440814667e-01,4.386665203511230793e-01,4.379325258830948919e-01,4.372238383714482368e-01,4.365405551506925108e-01,4.358827597268314369e-01,4.352505231949966857e-01,4.346439055851593070e-01,4.340629571231160999e-01,4.335077194000452327e-01,4.329782264483086895e-01,4.324745057243016277e-01,4.319965790012267326e-01,4.315444631760790850e-01,4.311181709959453490e-01,4.307177117091495200e-01,4.303430916469437872e-01,4.299943147413570199e-01,4.296713829846511290e-01,4.293742968355055423e-01,4.291030555767393895e-01,4.288576576289722664e-01,4.286381008242439727e-01,4.284443826432002833e-01,4.282765004190581259e-01,4.281344515111780158e-01,4.280182334507046660e-01,4.279278440603501155e-01,4.278632815500716946e-01,4.278245445900595856e-01,4.278116323620931305e-01,4.278245445900591970e-01,4.278632815500715836e-01,4.279278440603495604e-01,4.280182334507043329e-01,4.281344515111780158e-01,4.282765004190582370e-01,4.284443826432006164e-01,4.286381008242444168e-01,4.288576576289713227e-01,4.291030555767392229e-01,4.293742968355055423e-01,4.296713829846512955e-01,4.299943147413566313e-01,4.303430916469437872e-01,4.307177117091500751e-01,4.311181709959457931e-01,4.315444631760796956e-01,4.319965790012261220e-01,4.324745057243006841e-01,4.329782264483085230e-01,4.335077194000446221e-01,4.340629571231172101e-01,4.346439055851596400e-01,4.352505231949969078e-01,4.358827597268316589e-01,4.365405551506927329e-01,4.372238383714476262e-01,4.379325258830947254e-01,4.386665203511229683e-01,4.394257091440819107e-01,4.402099628465930281e-01,4.410191338008711548e-01,4.418530547431145372e-01,4.427115376261820945e-01,4.435943727519579549e-01,4.445013283771300783e-01,4.454321510063792289e-01,4.463865666482835781e-01,4.473642833828016530e-01,4.483649956748917420e-01,4.493883909653904052e-01,4.504341591736577555e-01,4.515020058489546129e-01,4.525916697954689427e-01,4.537029460482549514e-01,4.548357150626833323e-01,4.559899788554809819e-01,4.571659045458723036e-01,4.583638752261481319e-01,4.595845472761781458e-01,4.608289120737467659e-01,4.620983585298685803e-01,4.633947310575536327e-01,4.647203756406904085e-01,4.660781649306674490e-01,4.674714922356879576e-01,4.689042244514569080e-01,4.703806059428231601e-01,4.719051093965587196e-01,4.734822354751164752e-01,4.751162697083814446e-01,4.768110106224190403e-01
6.356060606060606188e-01,5.030034324703667181e-01,5.010032722040709263e-01,4.990823574820904551e-01,4.972349633114122591e-01,4.954548101158417484e-01,4.937354519317916912e-01,4.920706020508352485e-01,4.904543818921203724e-01,4.888814903518218236e-01,4.873472998975723613e-01,4.858478913392568765e-01,4.843800416453034607e-01,4.829411791050112202e-01,4.815293184667027715e-01,4.801429862310464536e-01,4.787811436634041296e-01,4.774431126935787528e-01,4.761285078862967368e-01,4.748371761452271911e-01,4.735691447275320876e-01,4.723245774257739393e-01,4.711037383378434140e-01,4.699069624165750914e-01,4.687346319038147580e-01,4.675871577582343952e-01,4.664649652447137584e-01,4.653684829395992040e-01,4.642981345032666241e-01,4.632543326684205875e-01,4.622374749831918428e-01,4.612479409292472576e-01,4.602860901056410325e-01,4.593522612290869001e-01,4.584467717513675544e-01,4.575699179359965507e-01,4.567219752698124524e-01,4.559031991125040428e-01,4.551138255088648665e-01,4.543540721059369791e-01,4.536241391310048554e-01,4.529242103971913846e-01,4.522544543118759974e-01,4.516150248697618497e-01,4.510060626174396403e-01,4.504276955802727356e-01,4.498800401453212916e-01,4.493632018963110153e-01,4.488772763982780689e-01,4.484223499307787297e-01,4.479985001694141711e-01,4.476057968160317979e-01,4.472443021784087147e-01,4.469140717004517760e-01,4.466151544441361310e-01,4.463475935244242132e-01,4.461114264984564204e-01,4.459066857102096937e-01,4.457333985917825703e-01,4.455915879223295017e-01,4.454812720455750275e-01,4.454024650466852919e-01,4.453551768891547136e-01,4.453394135122197839e-01,4.453551768891557683e-01,4.454024650466859581e-01,4.454812720455744723e-01,4.455915879223300569e-01,4.457333985917824593e-01,4.459066857102099712e-01,4.461114264984559763e-01,4.463475935244246573e-01,4.466151544441365195e-01,4.469140717004521646e-01,4.472443021784087147e-01,4.476057968160318534e-01,4.479985001694137825e-01,4.484223499307791738e-01,4.488772763982776803e-01,4.493632018963114594e-01,4.498800401453225128e-01,4.504276955802721250e-01,4.510060626174399179e-01,4.516150248697622938e-01,4.522544543118763860e-01,4.529242103971916067e-01,4.536241391310058546e-01,4.543540721059372012e-01,4.551138255088648110e-01,4.559031991125035432e-01,4.567219752698119528e-01,4.575699179359964397e-01,4.584467717513671103e-01,4.593522612290859564e-01,4.602860901056420873e-01,4.612479409292472021e-01,4.622374749831923424e-01,4.632543326684210871e-01,4.642981345032665130e-01,4.653684829395984268e-01,4.664649652447136474e-01,4.675871577582337291e-01,4.687346319038149800e-01,4.699069624165754244e-01,4.711037383378434695e-01,4.723245774257732732e-01,4.735691447275327537e-01,4.748371761452271911e-01,4.761285078862969034e-01,4.774431126935780867e-01,4.787811436634041296e-01,4.801429862310447882e-01,4.815293184667034931e-01,4.829411791050100544e-01,4.843800416453028501e-01,4.858478913392573206e-01,4.873472998975721948e-01,4.888814903518219346e-01,4.904543818921205944e-01,4.920706020508346934e-01,4.937354519317919133e-01,4.954548101158417484e-01,4.972349633114128697e-01,4.990823574820904551e-01,5.010032722040708153e-01,5.030034324703671622e-01
6.393939393939394034e-01,5.264983680136489097e-01,5.239430728843225138e-01,5.214465695321662819e-01,5.190006073309063606e-01,5.165978220967596402e-01,5.142319358591669332e-01,5.118978382085291878e-01,5.095915755800056735e-01,5.073102759530314643e-01,5.050520338088004824e-01,5.028157755681118557e-01,5.006011205396800889e-01,4.984082475615321806e-01,4.962377734868629320e-01,4.940906465970630879e-01,4.919680558662384851e-01,4.898713556048877038e-01,4.878020041978509691e-01,4.857615152566781003e-01,4.837514193898992954e-01,4.817732348501362338e-01,4.798284454680226685e-01,4.779184844778658348e-01,4.760447230459767254e-01,4.742084625100686512e-01,4.724109295169408584e-01,4.706532734013437191e-01,4.689365652807974683e-01,4.672617984506010624e-01,4.656298897525504299e-01,4.640416816627855323e-01,4.624979449015733102e-01,4.609993814129553225e-01,4.595466275976495263e-01,4.581402577099953355e-01,4.567807873509767691e-01,4.554686770055438871e-01,4.542043355847997788e-01,4.529881239429663919e-01,4.518203583459788342e-01,4.507013138738976132e-01,4.496312277430548066e-01,4.486103025368458619e-01,4.476387093360557068e-01,4.467165907412379289e-01,4.458440637807108420e-01,4.450212226986355324e-01,4.442481416182044174e-01,4.435248770754674497e-01,4.428514704197295537e-01,4.422279500766848614e-01,4.416543336708459999e-01,4.411306300039504191e-01,4.406568408863671960e-01,4.402329628186886223e-01,4.398589885209718831e-01,4.395349083072798146e-01,4.392607113034735500e-01,4.390363865063768301e-01,4.388619236827189796e-01,4.387373141064901394e-01,4.386625511336158523e-01,4.386376306130357339e-01,4.386625511336166849e-01,4.387373141064911386e-01,4.388619236827172032e-01,4.390363865063771631e-01,4.392607113034739386e-01,4.395349083072794816e-01,4.398589885209721051e-01,4.402329628186908983e-01,4.406568408863676956e-01,4.411306300039527506e-01,4.416543336708454448e-01,4.422279500766854721e-01,4.428514704197298868e-01,4.435248770754685599e-01,4.442481416182034182e-01,4.450212226986349218e-01,4.458440637807092322e-01,4.467165907412372627e-01,4.476387093360555958e-01,4.486103025368453068e-01,4.496312277430559168e-01,4.507013138738954483e-01,4.518203583459784456e-01,4.529881239429651152e-01,4.542043355848001118e-01,4.554686770055428324e-01,4.567807873509760475e-01,4.581402577099965567e-01,4.595466275976501924e-01,4.609993814129554890e-01,4.624979449015730326e-01,4.640416816627868091e-01,4.656298897525508740e-01,4.672617984506013400e-01,4.689365652807960250e-01,4.706532734013432751e-01,4.724109295169406364e-01,4.742084625100676520e-01,4.760447230459757262e-01,4.779184844778657792e-01,4.798284454680213362e-01,4.817732348501362338e-01,4.837514193898991843e-01,4.857615152566775452e-01,4.878020041978501919e-01,4.898713556048867601e-01,4.919680558662378189e-01,4.940906465970624772e-01,4.962377734868632095e-01,4.984082475615311258e-01,5.006011205396795338e-01,5.028157755681120777e-01,5.050520338088002603e-01,5.073102759530319084e-01,5.095915755800054514e-01,5.118978382085291878e-01,5.142319358591664891e-01,5.165978220967588630e-01,5.190006073309063606e-01,5.214465695321681693e-01,5.239430728843227358e-01,5.264983680136482436e-01
6.431818181818181879e-01,5.466658745195996927e-01,5.426677510022375195e-01,5.386671785315406691e-01,5.346624855180812652e-01,5.306530319325205580e-01,5.266391089981906637e-01,5.226218177112404994e-01,5.186029412279710149e-01,5.145848212982113701e-01,5.105702448895497181e-01,5.065623440877978778e-01,5.025645102195036573e-01,4.985803217695657930e-01,4.946134848791561844e-01,4.906677848358666494e-01,4.867470468685305418e-01,4.828551046263649393e-01,4.789957748803428950e-01,4.751728371826337005e-01,4.713900174261601017e-01,4.676509744420017101e-01,4.639592889480530502e-01,4.603184543142161966e-01,4.567318687371413888e-01,4.532028285226434861e-01,4.497345222585864000e-01,4.463300257283087102e-01,4.429922974669505686e-01,4.397241749028085178e-01,4.365283710553258811e-01,4.334074717822781198e-01,4.303639335827472712e-01,4.274000819708181353e-01,4.245181104387905080e-01,4.217200800288570806e-01,4.190079195295552394e-01,4.163834263083933673e-01,4.138482677855499503e-01,4.114039835458774830e-01,4.090519880780282835e-01,4.067935741207499567e-01,4.046299165876247605e-01,4.025620770329171871e-01,4.005910086131432846e-01,3.987175614914590938e-01,3.969424886254682705e-01,3.952664518732755816e-01,3.936900283480107565e-01,3.922137169475561347e-01,3.908379449836671959e-01,3.895630748334675819e-01,3.883894105360229387e-01,3.873172042575265817e-01,3.863466625504764496e-01,3.854779523349719517e-01,3.847112065338565423e-01,3.840465292977645051e-01,3.834840007612268509e-01,3.830236812765809851e-01,3.826656150785881505e-01,3.824098333391805493e-01,3.822563565787859274e-01,3.822051964077417541e-01,3.822563565787854278e-01,3.824098333391812155e-01,3.826656150785879285e-01,3.830236812765828169e-01,3.834840007612242974e-01,3.840465292977640055e-01,3.847112065338570419e-01,3.854779523349717851e-01,3.863466625504765606e-01,3.873172042575279139e-01,3.883894105360238824e-01,3.895630748334673599e-01,3.908379449836668629e-01,3.922137169475575225e-01,3.936900283480112006e-01,3.952664518732740828e-01,3.969424886254692142e-01,3.987175614914569843e-01,4.005910086131432291e-01,4.025620770329175757e-01,4.046299165876229287e-01,4.067935741207505673e-01,4.090519880780293382e-01,4.114039835458778716e-01,4.138482677855492287e-01,4.163834263083937004e-01,4.190079195295557390e-01,4.217200800288573581e-01,4.245181104387904525e-01,4.274000819708185239e-01,4.303639335827487700e-01,4.334074717822790634e-01,4.365283710553257701e-01,4.397241749028087399e-01,4.429922974669491254e-01,4.463300257283078221e-01,4.497345222585871216e-01,4.532028285226441522e-01,4.567318687371386132e-01,4.603184543142148644e-01,4.639592889480546045e-01,4.676509744420010994e-01,4.713900174261588805e-01,4.751728371826349218e-01,4.789957748803442827e-01,4.828551046263657165e-01,4.867470468685306528e-01,4.906677848358677041e-01,4.946134848791556293e-01,4.985803217695660705e-01,5.025645102195031022e-01,5.065623440877978778e-01,5.105702448895504952e-01,5.145848212982130354e-01,5.186029412279696826e-01,5.226218177112385010e-01,5.266391089981911078e-01,5.306530319325201139e-01,5.346624855180809321e-01,5.386671785315406691e-01,5.426677510022384077e-01,5.466658745196004698e-01
6.469696969696969724e-01,5.866359269586708391e-01,5.821600254834242705e-01,5.776282727488566415e-01,5.730412427681468301e-01,5.684001433491842059e-01,5.637067530900345957e-01,5.589633583505394521e-01,5.541726935828271694e-01,5.493378868879434940e-01,5.444624115922260810e-01,5.395500439249614200e-01,5.346048264419284157e-01,5.296310366013544657e-01,5.246331597964498661e-01,5.196158661333641904e-01,5.145839902809866695e-01,5.095425137843198060e-01,5.044965493106287058e-01,4.994513263770962719e-01,4.944121781841673835e-01,4.893845292474275355e-01,4.843738835810909027e-01,4.793858132380005022e-01,4.744259470552519287e-01,4.694999594911088980e-01,4.646135594698715399e-01,4.597724791767073826e-01,4.549824627657667042e-01,4.502492549624389495e-01,4.455785895557777265e-01,4.409761777892576839e-01,4.364476966692389381e-01,4.319987772193509268e-01,4.276349927173190291e-01,4.233618469572452137e-01,4.191847625864629223e-01,4.151090695704591216e-01,4.111399938432848677e-01,4.072826462029538463e-01,4.035420115128303675e-01,3.999229382695811408e-01,3.964301285966574939e-01,3.930681287193316664e-01,3.898413199725386247e-01,3.867539103867499994e-01,3.838099268898004790e-01,3.810132081538081805e-01,3.783673981068919057e-01,3.758759401188052074e-01,3.735420718590524158e-01,3.713688208150291437e-01,3.693590004472284138e-01,3.675152069486392614e-01,3.658398165665048829e-01,3.643349834372451856e-01,3.630026378794103947e-01,3.618444850855566663e-01,3.608620041523558086e-01,3.600564473882663652e-01,3.594288398409675733e-01,3.589799789912779815e-01,3.587104345669462901e-01,3.586205484382462005e-01,3.587104345669498429e-01,3.589799789912791472e-01,3.594288398409719587e-01,3.600564473882649219e-01,3.608620041523529220e-01,3.618444850855575545e-01,3.630026378794097286e-01,3.643349834372500151e-01,3.658398165665042723e-01,3.675152069486410378e-01,3.693590004472305233e-01,3.713688208150263126e-01,3.735420718590528599e-01,3.758759401188078719e-01,3.783673981068941816e-01,3.810132081538072368e-01,3.838099268897973149e-01,3.867539103867491113e-01,3.898413199725411782e-01,3.930681287193321105e-01,3.964301285966563837e-01,3.999229382695827506e-01,4.035420115128337537e-01,4.072826462029484063e-01,4.111399938432825363e-01,4.151090695704602318e-01,4.191847625864636440e-01,4.233618469572490994e-01,4.276349927173194732e-01,4.319987772193560338e-01,4.364476966692398263e-01,4.409761777892582946e-01,4.455785895557772269e-01,4.502492549624402263e-01,4.549824627657642617e-01,4.597724791767099362e-01,4.646135594698710403e-01,4.694999594911080654e-01,4.744259470552504299e-01,4.793858132379997805e-01,4.843738835810851295e-01,4.893845292474275355e-01,4.944121781841641083e-01,4.994513263770966049e-01,5.044965493106315924e-01,5.095425137843199170e-01,5.145839902809863364e-01,5.196158661333620810e-01,5.246331597964511984e-01,5.296310366013546878e-01,5.346048264419244189e-01,5.395500439249621971e-01,5.444624115922248597e-01,5.493378868879423838e-01,5.541726935828310552e-01,5.589633583505390080e-01,5.637067530900349288e-01,5.684001433491788768e-01,5.730412427681480514e-01,5.776282727488599722e-01,5.821600254834261579e-01,5.866359269586698399e-01
6.507575757575757569e-01,6.555900337493704155e-01,6.530114160798532463e-01,6.503627659060943200e-01,6.476433267492033297e-01,6.448527194843154398e-01,6.419909208659220212e-01,6.390582434037398452e-01,6.360553174210692440e-01,6.329830756830679972e-01,6.298427406738843493e-01,6.266358143983349338e-01,6.233640704582820158e-01,6.200295480837163531e-01,6.166345477671455466e-01,6.131816281431022864e-01,6.096736037649600481e-01,6.061135434505861008e-01,6.025047688930813550e-01,5.988508532603699086e-01,5.951556195354652523e-01,5.914231383765712335e-01,5.876577253035170090e-01,5.838639370423273078e-01,5.800465668846134237e-01,5.762106389419093810e-01,5.723614011975146632e-01,5.685043172800868794e-01,5.646450569039764833e-01,5.607894849413258553e-01,5.569436491097269348e-01,5.531137662782125153e-01,5.493062074113809201e-01,5.455274811881541952e-01,5.417842163475198314e-01,5.380831428277684791e-01,5.344310717794735766e-01,5.308348745445850003e-01,5.273014607045996005e-01,5.238377553109634377e-01,5.204506754183267914e-01,5.171471060488770366e-01,5.139338757208817832e-01,5.108177316791244760e-01,5.078053149676146072e-01,5.049031354867247190e-01,5.021175471771769372e-01,4.994547234731327445e-01,4.969206331643228891e-01,4.945210168052521227e-01,4.922613638056017593e-01,4.901468903317626746e-01,4.881825181444966466e-01,4.863728544919989627e-01,4.847221731710890658e-01,4.832343968626389152e-01,4.819130808398219279e-01,4.807613981395771341e-01,4.797821262798316333e-01,4.789776355957853782e-01,4.783498792597400406e-01,4.779003850396212338e-01,4.776302488414099767e-01,4.775401300710293007e-01,4.776302488414058689e-01,4.779003850396338904e-01,4.783498792597368210e-01,4.789776355957860443e-01,4.797821262798355191e-01,4.807613981395719716e-01,4.819130808398184307e-01,4.832343968626436892e-01,4.847221731710902870e-01,4.863728544920031815e-01,4.881825181444973683e-01,4.901468903317514614e-01,4.922613638055987062e-01,4.945210168052551203e-01,4.969206331643243879e-01,4.994547234731351870e-01,5.021175471771881504e-01,5.049031354867155041e-01,5.078053149676178268e-01,5.108177316791235878e-01,5.139338757208806729e-01,5.171471060488782578e-01,5.204506754183204631e-01,5.238377553109644369e-01,5.273014607046013769e-01,5.308348745445802264e-01,5.344310717794724663e-01,5.380831428277630391e-01,5.417842163475201644e-01,5.455274811881568597e-01,5.493062074113732596e-01,5.531137662782089626e-01,5.569436491097269348e-01,5.607894849413311844e-01,5.646450569039841438e-01,5.685043172800768874e-01,5.723614011975174387e-01,5.762106389419140440e-01,5.800465668846099820e-01,5.838639370423229780e-01,5.876577253035182302e-01,5.914231383765721217e-01,5.951556195354648082e-01,5.988508532603711298e-01,6.025047688930784684e-01,6.061135434505853237e-01,6.096736037649559403e-01,6.131816281431019533e-01,6.166345477671516528e-01,6.200295480837183515e-01,6.233640704582789072e-01,6.266358143983355999e-01,6.298427406738839052e-01,6.329830756830664429e-01,6.360553174210646921e-01,6.390582434037441750e-01,6.419909208659267952e-01,6.448527194843144406e-01,6.476433267492051060e-01,6.503627659060952082e-01,6.530114160798521361e-01,6.555900337493673069e-01
6.545454545454545414e-01,6.974480441512561635e-01,6.969872942921057080e-01,6.964836574722056417e-01,6.959367082808147753e-01,6.953461684159755185e-01,6.947118976161601456e-01,6.940338855366365856e-01,6.933122447852267944e-01,6.925472052171355308e-01,6.917391095053588845e-01,6.908884099442607063e-01,6.899956664042083965e-01,6.890615453293716941e-01,6.880868196552948346e-01,6.870723695142526566e-01,6.860191835927412773e-01,6.849283610051576376e-01,6.838011135488355485e-01,6.826387682087872166e-01,6.814427697833639330e-01,6.802146835063476171e-01,6.789561975445828068e-01,6.776691252548955324e-01,6.763554070882508151e-01,6.750171120342141062e-01,6.736564385039233160e-01,6.722757145557134439e-01,6.708773973741268826e-01,6.694640719203437396e-01,6.680384486803138122e-01,6.666033604459902229e-01,6.651617580752599013e-01,6.637167051870727086e-01,6.622713717604473693e-01,6.608290266185646855e-01,6.593930287929292700e-01,6.579668177764784742e-01,6.565539026890273577e-01,6.551578503931079211e-01,6.537822726127447970e-01,6.524308121221038537e-01,6.511071280846958409e-01,6.498148806365996455e-01,6.485577148194912045e-01,6.473392439794936060e-01,6.461630327574606758e-01,6.450325798040164038e-01,6.439513003582034711e-01,6.429225088332638505e-01,6.419494015548956600e-01,6.410350397981692261e-01,6.401823332674613232e-01,6.393940241609723518e-01,6.386726719566455657e-01,6.380206390496341307e-01,6.374400773644998131e-01,6.369329160559685787e-01,6.365008504026087310e-01,6.361453319870996603e-01,6.358675602453036646e-01,6.356684754546439997e-01,6.355487532198288436e-01,6.355088005014040142e-01,6.355487532198298428e-01,6.356684754546511051e-01,6.358675602452994458e-01,6.361453319870926659e-01,6.365008504026088421e-01,6.369329160559693559e-01,6.374400773645003682e-01,6.380206390496346858e-01,6.386726719566465649e-01,6.393940241609814557e-01,6.401823332674617673e-01,6.410350397981736670e-01,6.419494015548961041e-01,6.429225088332612970e-01,6.439513003582083561e-01,6.450325798040166259e-01,6.461630327574658939e-01,6.473392439794930509e-01,6.485577148194947572e-01,6.498148806365998675e-01,6.511071280846880693e-01,6.524308121221045198e-01,6.537822726127405781e-01,6.551578503931091424e-01,6.565539026890263585e-01,6.579668177764762538e-01,6.593930287929316014e-01,6.608290266185681272e-01,6.622713717604500339e-01,6.637167051870712653e-01,6.651617580752542391e-01,6.666033604459897788e-01,6.680384486803140343e-01,6.694640719203469592e-01,6.708773973741283259e-01,6.722757145557147762e-01,6.736564385039207625e-01,6.750171120342144393e-01,6.763554070882484837e-01,6.776691252548944222e-01,6.789561975445849162e-01,6.802146835063517250e-01,6.814427697833674857e-01,6.826387682087845521e-01,6.838011135488338832e-01,6.849283610051529747e-01,6.860191835927434978e-01,6.870723695142502141e-01,6.880868196552966110e-01,6.890615453293709169e-01,6.899956664042067311e-01,6.908884099442620386e-01,6.917391095053589956e-01,6.925472052171367521e-01,6.933122447852251291e-01,6.940338855366386950e-01,6.947118976161595905e-01,6.953461684159790712e-01,6.959367082808149974e-01,6.964836574722051976e-01,6.969872942921031544e-01,6.974480441512546092e-01
6.583333333333333259e-01,7.044583502986365708e-01,7.054244098404320873e-01,7.063610351619221683e-01,7.072686400273319185e-01,7.081477133561588921e-01,7.089988071978176043e-01,7.098225260833762595e-01,7.106195176311266293e-01,7.113904642873961626e-01,7.121360760873851614e-01,7.128570843241959221e-01,7.135542360185231914e-01,7.142282890861528788e-01,7.148800081061007505e-01,7.155101605978934076e-01,7.161195137230204066e-01,7.167088313316669623e-01,7.172788712824353929e-01,7.178303829691013993e-01,7.183641049949737178e-01,7.188807629415684408e-01,7.193810671850466854e-01,7.198657107201830163e-01,7.203353669582166496e-01,7.207906874719955947e-01,7.212322996686230114e-01,7.216608043774808134e-01,7.220767733488013818e-01,7.224807466663475397e-01,7.228732300856869353e-01,7.232546923182368026e-01,7.236255622897629358e-01,7.239862264106058376e-01,7.243370259034207503e-01,7.246782542420787676e-01,7.250101547628292620e-01,7.253329185151712322e-01,7.256466824250236147e-01,7.259515278464232502e-01,7.262474795793948390e-01,7.265345054313059325e-01,7.268125163955874157e-01,7.270813675158813716e-01,7.273408594948606032e-01,7.275907410948526666e-01,7.278307123626559516e-01,7.280604286931255942e-01,7.282795057258444338e-01,7.284875250468951791e-01,7.286840406439625273e-01,7.288685860384523929e-01,7.290406819939724281e-01,7.291998446772062215e-01,7.293455941259641140e-01,7.294774628610465328e-01,7.295950044643378929e-01,7.296978019363995482e-01,7.297854756427788470e-01,7.298576906609286485e-01,7.299141633477130853e-01,7.299546669627097195e-01,7.299790362027749335e-01,7.299871705296752111e-01,7.299790362027743784e-01,7.299546669627061668e-01,7.299141633477157498e-01,7.298576906609250958e-01,7.297854756427814005e-01,7.296978019363951073e-01,7.295950044643378929e-01,7.294774628610428691e-01,7.293455941259650022e-01,7.291998446772057774e-01,7.290406819939743155e-01,7.288685860384520598e-01,7.286840406439610840e-01,7.284875250468930696e-01,7.282795057258433236e-01,7.280604286931275926e-01,7.278307123626577280e-01,7.275907410948527776e-01,7.273408594948610473e-01,7.270813675158810385e-01,7.268125163955874157e-01,7.265345054313094852e-01,7.262474795793930626e-01,7.259515278464229171e-01,7.256466824250272785e-01,7.253329185151720093e-01,7.250101547628311494e-01,7.246782542420784345e-01,7.243370259034185299e-01,7.239862264106047274e-01,7.236255622897623807e-01,7.232546923182398002e-01,7.228732300856851589e-01,7.224807466663467626e-01,7.220767733488003826e-01,7.216608043774812575e-01,7.212322996686237886e-01,7.207906874719915979e-01,7.203353669582168717e-01,7.198657107201842376e-01,7.193810671850489058e-01,7.188807629415644440e-01,7.183641049949748281e-01,7.178303829691039528e-01,7.172788712824337276e-01,7.167088313316671844e-01,7.161195137230209617e-01,7.155101605978944068e-01,7.148800081061006395e-01,7.142282890861578748e-01,7.135542360185218591e-01,7.128570843241962551e-01,7.121360760873862716e-01,7.113904642873936091e-01,7.106195176311280726e-01,7.098225260833784800e-01,7.089988071978180484e-01,7.081477133561538961e-01,7.072686400273343610e-01,7.063610351619213912e-01,7.054244098404323093e-01,7.044583502986300205e-01
6.621212121212121104e-01,6.872785209406663265e-01,6.893399058577723837e-01,6.913726604066680048e-01,6.933775322709051503e-01,6.953554117241386168e-01,6.973073031507809327e-01,6.992343001203218389e-01,7.011375634698331361e-01,7.030183019311256887e-01,7.048777549014957344e-01,7.067171770092657290e-01,7.085378241702277036e-01,7.103409408693689420e-01,7.121277484361705490e-01,7.138994341108997332e-01,7.156571407261490547e-01,7.174019568512232103e-01,7.191349072689785515e-01,7.208569436748570869e-01,7.225689355068501962e-01,7.242716608335751927e-01,7.259657972456883268e-01,7.276519127134244425e-01,7.293304563913053373e-01,7.310017493694183077e-01,7.326659753894950722e-01,7.343231715636898693e-01,7.359732191542609492e-01,7.376158344932812749e-01,7.392505601431570428e-01,7.408767564206274470e-01,7.424935934290053385e-01,7.441000437651779098e-01,7.456948760886462635e-01,7.472766497595068058e-01,7.488437107691142680e-01,7.503941892013751280e-01,7.519259984723650758e-01,7.534368366005893547e-01,7.549241897587296579e-01,7.563853383486340842e-01,7.578173658240505706e-01,7.592171704590496839e-01,7.605814802235199013e-01,7.619068708802340106e-01,7.631897873609211347e-01,7.644265684113898951e-01,7.656134744196868569e-01,7.667467182574214668e-01,7.678224988750670388e-01,7.688370372997294089e-01,7.697866145919461944e-01,7.706676112295125503e-01,7.714765473056661715e-01,7.722101228595497080e-01,7.728652576027141841e-01,7.734391292703119980e-01,7.739292098119934238e-01,7.743332986480557789e-01,7.746495522518743737e-01,7.748765093805848325e-01,7.750131113607401367e-01,7.750587169424907330e-01,7.750131113607408029e-01,7.748765093805867199e-01,7.746495522518750398e-01,7.743332986480556679e-01,7.739292098119936458e-01,7.734391292703114429e-01,7.728652576027142951e-01,7.722101228595518174e-01,7.714765473056669487e-01,7.706676112295136605e-01,7.697866145919459724e-01,7.688370372997306301e-01,7.678224988750638191e-01,7.667467182574223550e-01,7.656134744196861908e-01,7.644265684113885628e-01,7.631897873609249094e-01,7.619068708802347878e-01,7.605814802235212335e-01,7.592171704590523484e-01,7.578173658240504595e-01,7.563853383486347504e-01,7.549241897587321004e-01,7.534368366005924633e-01,7.519259984723659640e-01,7.503941892013777926e-01,7.488437107691128247e-01,7.472766497595066948e-01,7.456948760886460414e-01,7.441000437651731358e-01,7.424935934290051165e-01,7.408767564206214518e-01,7.392505601431562656e-01,7.376158344932809419e-01,7.359732191542596169e-01,7.343231715636915347e-01,7.326659753894918525e-01,7.310017493694177526e-01,7.293304563913050043e-01,7.276519127134233322e-01,7.259657972456888819e-01,7.242716608335697526e-01,7.225689355068474207e-01,7.208569436748610837e-01,7.191349072689808830e-01,7.174019568512177703e-01,7.156571407261452800e-01,7.138994341109021757e-01,7.121277484361721033e-01,7.103409408693699412e-01,7.085378241702227076e-01,7.067171770092679495e-01,7.048777549014927368e-01,7.030183019311266879e-01,7.011375634698361337e-01,6.992343001203235042e-01,6.973073031507812658e-01,6.953554117241383947e-01,6.933775322709072597e-01,6.913726604066690040e-01,6.893399058577719396e-01,6.872785209406615525e-01
6.659090909090908950e-01,6.506592026559792075e-01,6.536877604797733943e-01,6.566894142767076836e-01,6.596639312187972948e-01,6.626114785412086094e-01,6.655325615116000071e-01,6.684279687532442837e-01,6.712987239262165895e-01,6.741460428965910801e-01,6.769712956139458671e-01,6.797759719907217058e-01,6.825616511594584379e-01,6.853299735507972779e-01,6.880826152944534702e-01,6.908212644990554541e-01,6.935475990150526959e-01,6.962632653287171847e-01,6.989698582750856204e-01,7.016689012950334536e-01,7.043618269958598077e-01,7.070499578085189807e-01,7.097344865669168446e-01,7.124164568672290976e-01,7.150967430983274919e-01,7.177760300692809237e-01,7.204547921959367773e-01,7.231332722482851638e-01,7.258114597020571823e-01,7.284890687840293033e-01,7.311655163494571452e-01,7.338398997834657544e-01,7.365109751746943267e-01,7.391771360691631321e-01,7.418363931747208317e-01,7.444863554494580704e-01,7.471242130705629814e-01,7.497467228404215422e-01,7.523501966424248621e-01,7.549304936063603311e-01,7.574830166793953268e-01,7.600027143194626467e-01,7.624840880292930168e-01,7.649212064275138223e-01,7.673077265034714545e-01,7.696369226222340432e-01,7.719017237318079871e-01,7.740947590750416607e-01,7.762084125235997334e-01,7.782348854324329102e-01,7.801662676645134686e-01,7.819946161634379056e-01,7.837120401640135237e-01,7.853107918398545273e-01,7.867833609045125076e-01,7.881225714232290569e-01,7.893216788710016862e-01,7.903744653038552448e-01,7.912753304072452920e-01,7.920193761596008297e-01,7.926024829071873778e-01,7.930213747927654655e-01,7.932736727123490539e-01,7.933579332865674516e-01,7.932736727123459453e-01,7.930213747927629120e-01,7.926024829071898203e-01,7.920193761595982762e-01,7.912753304072464022e-01,7.903744653038566881e-01,7.893216788710037957e-01,7.881225714232297230e-01,7.867833609045137289e-01,7.853107918398554155e-01,7.837120401640162992e-01,7.819946161634370174e-01,7.801662676645093608e-01,7.782348854324311338e-01,7.762084125236028420e-01,7.740947590750433260e-01,7.719017237318052116e-01,7.696369226222371518e-01,7.673077265034723426e-01,7.649212064275122680e-01,7.624840880292939049e-01,7.600027143194610924e-01,7.574830166793936614e-01,7.549304936063583327e-01,7.523501966424246401e-01,7.497467228404256501e-01,7.471242130705648687e-01,7.444863554494570712e-01,7.418363931747153917e-01,7.391771360691661297e-01,7.365109751746968803e-01,7.338398997834725268e-01,7.311655163494522602e-01,7.284890687840254175e-01,7.258114597020545178e-01,7.231332722482824993e-01,7.204547921959396639e-01,7.177760300692762607e-01,7.150967430983307116e-01,7.124164568672265441e-01,7.097344865669248382e-01,7.070499578085226444e-01,7.043618269958596967e-01,7.016689012950354520e-01,6.989698582750833999e-01,6.962632653287134099e-01,6.935475990150605785e-01,6.908212644990597839e-01,6.880826152944564678e-01,6.853299735507992763e-01,6.825616511594548852e-01,6.797759719907183751e-01,6.769712956139470883e-01,6.741460428965863061e-01,6.712987239262189210e-01,6.684279687532423964e-01,6.655325615115964544e-01,6.626114785412027253e-01,6.596639312187947413e-01,6.566894142767041309e-01,6.536877604797670660e-01,6.506592026559870900e-01
6.696969696969696795e-01,5.957322455805561523e-01,5.995422077281026274e-01,6.033452212947263416e-01,6.071376024638518443e-01,6.109165708624567648e-01,6.146801414313830536e-01,6.184270271159495458e-01,6.221565513958500215e-01,6.258685696873806936e-01,6.295633986797076753e-01,6.332417526891117587e-01,6.369046861762107659e-01,6.405535416220369260e-01,6.441899019858873254e-01,6.478155470245092751e-01,6.514324127971272693e-01,6.550425537219810579e-01,6.586481065882778818e-01,6.622512559640203467e-01,6.658542004733153385e-01,6.694591194480613572e-01,6.730681394899447056e-01,6.766833005074989194e-01,6.803065208254031049e-01,6.839395609955731814e-01,6.875839859784020902e-01,6.912411254056030074e-01,6.949120316885835091e-01,6.985974357987422279e-01,7.022977006217490104e-01,7.060127718787443385e-01,7.097421267167794978e-01,7.134847201997130961e-01,7.172389300827779479e-01,7.210025004283716621e-01,7.247724848192332869e-01,7.285451901459163437e-01,7.323161221852249048e-01,7.360799344407056299e-01,7.398303819761946620e-01,7.435602822286778713e-01,7.472614850228315175e-01,7.509248542082059830e-01,7.545402634817474086e-01,7.580966090185283779e-01,7.615818414897183031e-01,7.649830198731711883e-01,7.682863891392197608e-01,7.714774834043214291e-01,7.745412554810949812e-01,7.774622329171982926e-01,7.802246996227747422e-01,7.828129010679123478e-01,7.852112698347114561e-01,7.874046670934021774e-01,7.893786344127817767e-01,7.911196492935727020e-01,7.926153770108586016e-01,7.938549108478138994e-01,7.948289926589241494e-01,7.955302059619413502e-01,7.959531344374389805e-01,7.960944797990030519e-01,7.959531344374372042e-01,7.955302059619391297e-01,7.948289926589217069e-01,7.938549108478121230e-01,7.926153770108622654e-01,7.911196492935719249e-01,7.893786344127882160e-01,7.874046670934000680e-01,7.852112698347146758e-01,7.828129010679096833e-01,7.802246996227752973e-01,7.774622329171974044e-01,7.745412554810872097e-01,7.714774834043212071e-01,7.682863891392209821e-01,7.649830198731678577e-01,7.615818414897179700e-01,7.580966090185333739e-01,7.545402634817454102e-01,7.509248542082033184e-01,7.472614850228236349e-01,7.435602822286768721e-01,7.398303819761939959e-01,7.360799344407128464e-01,7.323161221852249048e-01,7.285451901459132351e-01,7.247724848192327318e-01,7.210025004283736605e-01,7.172389300827799463e-01,7.134847201997148725e-01,7.097421267167757231e-01,7.060127718787475581e-01,7.022977006217460128e-01,6.985974357987433381e-01,6.949120316885780690e-01,6.912411254056083365e-01,6.875839859784046437e-01,6.839395609955659650e-01,6.803065208254092111e-01,6.766833005075063578e-01,6.730681394899438175e-01,6.694591194480641327e-01,6.658542004733095654e-01,6.622512559640275631e-01,6.586481065882716646e-01,6.550425537219720651e-01,6.514324127971289347e-01,6.478155470245076097e-01,6.441899019858904341e-01,6.405535416220300426e-01,6.369046861762100997e-01,6.332417526891175319e-01,6.295633986797120052e-01,6.258685696873917959e-01,6.221565513958432492e-01,6.184270271159454380e-01,6.146801414313806111e-01,6.109165708624522129e-01,6.071376024638538427e-01,6.033452212947308935e-01,5.995422077281098439e-01,5.957322455805602601e-01
6.734848484848484640e-01,5.237943276374146251e-01,5.278753286863229199e-01,5.320064471367456083e-01,5.361772523258104828e-01,5.403788596867502569e-01,5.446037952672923010e-01,5.488458687528858793e-01,5.531000553130890340e-01,5.573623863212071594e-01,5.616298487892776858e-01,5.659002932056372837e-01,5.701723493472045101e-01,5.744453495613651706e-01,5.787192589340816040e-01,5.829946117380598869e-01,5.872724535474015406e-01,5.915542883499708138e-01,5.958420299894652272e-01,6.001379572563220188e-01,6.044446719272211777e-01,6.087650590294619857e-01,6.131022485751287388e-01,6.174595779681812946e-01,6.218405542340306180e-01,6.262488151540529513e-01,6.306880883047916164e-01,6.351621469067501025e-01,6.396747612763288293e-01,6.442296445544485328e-01,6.488303912575013044e-01,6.534804070707740387e-01,6.581828281903778777e-01,6.629404284347504284e-01,6.677555123104909063e-01,6.726297922587344269e-01,6.775642484601568372e-01,6.825589698804584993e-01,6.876129757397037023e-01,6.927240173367664733e-01,6.978883612031457906e-01,7.031005559368933566e-01,7.083531868037652446e-01,7.136366242840823659e-01,7.189387751482194666e-01,7.242448472671350057e-01,7.295371420474460189e-01,7.347948908973634952e-01,7.399941541841966730e-01,7.451078023867572231e-01,7.501055992006375739e-01,7.549544048585926648e-01,7.596185145916130033e-01,7.640601418201021788e-01,7.682400483626435905e-01,7.721183149576964500e-01,7.756552352443362164e-01,7.788123058203700877e-01,7.815532750527539596e-01,7.838452050074876665e-01,7.856594952053338465e-01,7.869728147333198143e-01,7.877678910819196911e-01,7.880341100724418402e-01,7.877678910819252422e-01,7.869728147333170387e-01,7.856594952053347347e-01,7.838452050074856681e-01,7.815532750527489636e-01,7.788123058203609839e-01,7.756552352443333298e-01,7.721183149576952287e-01,7.682400483626449228e-01,7.640601418201049544e-01,7.596185145916152237e-01,7.549544048585908884e-01,7.501055992006427919e-01,7.451078023867576672e-01,7.399941541841984494e-01,7.347948908973647164e-01,7.295371420474418001e-01,7.242448472671325632e-01,7.189387751482098077e-01,7.136366242840833651e-01,7.083531868037694634e-01,7.031005559368941338e-01,6.978883612031482331e-01,6.927240173367694709e-01,6.876129757397038134e-01,6.825589698804647165e-01,6.775642484601563931e-01,6.726297922587334277e-01,6.677555123104949031e-01,6.629404284347593102e-01,6.581828281903788769e-01,6.534804070707593837e-01,6.488303912574988619e-01,6.442296445544378747e-01,6.396747612763237223e-01,6.351621469067387782e-01,6.306880883047911723e-01,6.262488151540575032e-01,6.218405542340429415e-01,6.174595779681689711e-01,6.131022485751294049e-01,6.087650590294574338e-01,6.044446719272063007e-01,6.001379572563028120e-01,5.958420299894635619e-01,5.915542883499814719e-01,5.872724535473989871e-01,5.829946117380546688e-01,5.787192589340696136e-01,5.744453495613711658e-01,5.701723493472150572e-01,5.659002932056326207e-01,5.616298487892842362e-01,5.573623863211906171e-01,5.531000553131031339e-01,5.488458687528844360e-01,5.446037952672957427e-01,5.403788596867495908e-01,5.361772523258131473e-01,5.320064471367441650e-01,5.278753286863279159e-01,5.237943276374231738e-01
6.772727272727272485e-01,4.405285929089340913e-01,4.438261841757508153e-01,4.472711012233982486e-01,4.508439391662157347e-01,4.545271346790461520e-01,4.583048668299037898e-01,4.621629527443263941e-01,4.660887406901983998e-01,4.700710026672995645e-01,4.740998281535051539e-01,4.781665202964426875e-01,4.822634955447904770e-01,4.863841874850302616e-01,4.905229554841055162e-01,4.946749986386843045e-01,4.988362754992358150e-01,5.030034300351108323e-01,5.071737244117416887e-01,5.113449793690623135e-01,5.155155231728629772e-01,5.196841504771348985e-01,5.238500928872257267e-01,5.280130035721869453e-01,5.321729589606887245e-01,5.363304813740426003e-01,5.404865873934427967e-01,5.446428678070379670e-01,5.488016060825128273e-01,5.529659433632995169e-01,5.571400988261909770e-01,5.613296545980653862e-01,5.655419139120227978e-01,5.697863392150023243e-01,5.740750727418095778e-01,5.784235346409166700e-01,5.828510818851834197e-01,5.873816936610853912e-01,5.920446246496560150e-01,5.968749362120745472e-01,6.019137780487524569e-01,6.072082529377180737e-01,6.128106617926251110e-01,6.187769070436356378e-01,6.251638450246688183e-01,6.320254405344474247e-01,6.394077040061955097e-01,6.473425878328689098e-01,6.558412672559739143e-01,6.648874900733366955e-01,6.744318809261335979e-01,6.843881534100575426e-01,6.946320581695774043e-01,7.050035673938058745e-01,7.153123214831919041e-01,7.253458545259123813e-01,7.348797038652784552e-01,7.436882984515056361e-01,7.515555472611599175e-01,7.582842750176207458e-01,7.637039885111910342e-01,7.676768005709780907e-01,7.701016086498458924e-01,7.709167778286271089e-01,7.701016086498405633e-01,7.676768005709792009e-01,7.637039885111885917e-01,7.582842750176209679e-01,7.515555472611635812e-01,7.436882984515050810e-01,7.348797038652781222e-01,7.253458545259116041e-01,7.153123214831931254e-01,7.050035673938119807e-01,6.946320581695902829e-01,6.843881534100538788e-01,6.744318809261657943e-01,6.648874900733390270e-01,6.558412672559870149e-01,6.473425878328706862e-01,6.394077040061886263e-01,6.320254405344424287e-01,6.251638450246539414e-01,6.187769070436652807e-01,6.128106617926240007e-01,6.072082529377187399e-01,6.019137780487482381e-01,5.968749362120703283e-01,5.920446246496429143e-01,5.873816936610950501e-01,5.828510818851753150e-01,5.784235346409115630e-01,5.740750727418073573e-01,5.697863392150200879e-01,5.655419139120273497e-01,5.613296545980598351e-01,5.571400988261973053e-01,5.529659433632996279e-01,5.488016060824985054e-01,5.446428678070274199e-01,5.404865873934313614e-01,5.363304813740561450e-01,5.321729589606711830e-01,5.280130035721689596e-01,5.238500928872356077e-01,5.196841504771159137e-01,5.155155231728657528e-01,5.113449793690723055e-01,5.071737244117554555e-01,5.030034300351089449e-01,4.988362754992316517e-01,4.946749986386828057e-01,4.905229554841116224e-01,4.863841874850208247e-01,4.822634955447862581e-01,4.781665202964403005e-01,4.740998281535142578e-01,4.700710026673028397e-01,4.660887406901884078e-01,4.621629527443175123e-01,4.583048668299072870e-01,4.545271346790650258e-01,4.508439391662256157e-01,4.472711012233924754e-01,4.438261841757516479e-01,4.405285929089379771e-01
6.810606060606060330e-01,3.603465286850958127e-01,3.614734672116695080e-01,3.628467816953677705e-01,3.644387440875335171e-01,3.662225464319235346e-01,3.681722076398198928e-01,3.702624342874141772e-01,3.724684327235932568e-01,3.747656678495526750e-01,3.771295615826361636e-01,3.795351211612033038e-01,3.819564839849258209e-01,3.843663615049863758e-01,3.867353596807893146e-01,3.890311476553398595e-01,3.912174396453673153e-01,3.932527479416081384e-01,3.950888582574832442e-01,3.966689743523754141e-01,3.979254805315797783e-01,3.987772853358594882e-01,3.991267501663808837e-01,3.988562940024424908e-01,3.978249366233826412e-01,3.958653553905682188e-01,3.927825695118116189e-01,3.883562390332616077e-01,3.823498701848609960e-01,3.745319269550614338e-01,3.647155438384978576e-01,3.528239214457702388e-01,3.389848032864942740e-01,3.236455229577805404e-01,3.076770562315397917e-01,2.924068442267636070e-01,2.795084709274610058e-01,2.707156105417873881e-01,2.674263713694240985e-01,2.703622353074357498e-01,2.794452704945634691e-01,2.939352893077686324e-01,3.127254617965579131e-01,3.346442585220763544e-01,3.586622677823030347e-01,3.839825992237649865e-01,4.100441964231799075e-01,4.364790473134106397e-01,4.630545762594485693e-01,4.896185475989368041e-01,5.160534418043867255e-01,5.422416340249517352e-01,5.680404548245009400e-01,5.932657796049360943e-01,6.176830966521179578e-01,6.410054429344339555e-01,6.628978823719525737e-01,6.829882200831729477e-01,7.008833869449340170e-01,7.161904500203429835e-01,7.285406175747373148e-01,7.376140592290976183e-01,7.431630065781584804e-01,7.450305638590805080e-01,7.431630065781604788e-01,7.376140592290939546e-01,7.285406175747347612e-01,7.161904500203399859e-01,7.008833869449375698e-01,6.829882200831576267e-01,6.628978823719461344e-01,6.410054429344191895e-01,6.176830966521085209e-01,5.932657796049415344e-01,5.680404548245002738e-01,5.422416340249263111e-01,5.160534418043989380e-01,4.896185475989313085e-01,4.630545762594478476e-01,4.364790473133752235e-01,4.100441964231763547e-01,3.839825992238086738e-01,3.586622677823269045e-01,3.346442585220789634e-01,3.127254617965475325e-01,2.939352893077123996e-01,2.794452704945608601e-01,2.703622353074425222e-01,2.674263713694456368e-01,2.707156105417689029e-01,2.795084709274778811e-01,2.924068442267049317e-01,3.076770562315472857e-01,3.236455229577781534e-01,3.389848032864433702e-01,3.528239214457900008e-01,3.647155438385308868e-01,3.745319269550566599e-01,3.823498701848372927e-01,3.883562390332936376e-01,3.927825695118150606e-01,3.958653553905759903e-01,3.978249366233997386e-01,3.988562940024588666e-01,3.991267501663987582e-01,3.987772853358723113e-01,3.979254805316050914e-01,3.966689743523777456e-01,3.950888582574997310e-01,3.932527479416064176e-01,3.912174396453645397e-01,3.890311476553328096e-01,3.867353596807717730e-01,3.843663615049882076e-01,3.819564839849130533e-01,3.795351211611835418e-01,3.771295615826406600e-01,3.747656678495425164e-01,3.724684327235909254e-01,3.702624342874294427e-01,3.681722076398150079e-01,3.662225464319316393e-01,3.644387440875392903e-01,3.628467816953407921e-01,3.614734672116617364e-01,3.603465286851100791e-01
6.848484848484848175e-01,3.066334243948928284e-01,3.049819105119160878e-01,3.036270389025922389e-01,3.025301403361310149e-01,3.016481697231224723e-01,3.009321251331312785e-01,3.003248141992734821e-01,2.997577283810602955e-01,2.991466948690916228e-01,2.983858584640265432e-01,2.973394048146481561e-01,2.958302940586809426e-01,2.936251982712060893e-01,2.904149983873379748e-01,2.857909813165309121e-01,2.792190728988702686e-01,2.700194755258048529e-01,2.573690455746648897e-01,2.403602449704859423e-01,2.181699347263298949e-01,1.903938369533230146e-01,1.575407918640567839e-01,1.215052318634472217e-01,8.561385455389616816e-02,5.387823298575119407e-02,2.964313432943781537e-02,1.447151579967663124e-02,7.986703708594097839e-03,8.563589242726602629e-03,1.422266438744902196e-02,2.324384875983835641e-02,3.441461125477904281e-02,4.703990187957887703e-02,6.085424097914735042e-02,7.591800145564187030e-02,9.252839812074112325e-02,1.111474173896982998e-01,1.323372597434443465e-01,1.566908997231471479e-01,1.847472118660743179e-01,2.168861870491637645e-01,2.532106342154861744e-01,2.934354779107799516e-01,3.368193353175341631e-01,3.821761947575595397e-01,4.279888976420510582e-01,4.726114086639066625e-01,5.145090584700735548e-01,5.524678553603146192e-01,5.857179132088744522e-01,6.139529260704437164e-01,6.372648569841072863e-01,6.560327177770219897e-01,6.708035805231837845e-01,6.821911198967922640e-01,6.908021980279004381e-01,6.971912633084583755e-01,7.018369292071097165e-01,7.051337255638686630e-01,7.073928125370394504e-01,7.088470009200792399e-01,7.096569523118602119e-01,7.099166353566618293e-01,7.096569523118603229e-01,7.088470009200723565e-01,7.073928125370243514e-01,7.051337255638682189e-01,7.018369292071050536e-01,6.971912633084478284e-01,6.908021980278958862e-01,6.821911198968261258e-01,6.708035805231776783e-01,6.560327177770317597e-01,6.372648569840988486e-01,6.139529260704095215e-01,5.857179132089102014e-01,5.524678553602589970e-01,5.145090584701010883e-01,4.726114086637754896e-01,4.279888976420110347e-01,3.821761947575939566e-01,3.368193353175265581e-01,2.934354779107649636e-01,2.532106342154913925e-01,2.168861870492837240e-01,1.847472118660676565e-01,1.566908997231718226e-01,1.323372597435130416e-01,1.111474173896973006e-01,9.252839812075527859e-02,7.591800145563565305e-02,6.085424097915107661e-02,4.703990187957800273e-02,3.441461125477925792e-02,2.324384875983901907e-02,1.422266438744957881e-02,8.563589242737803739e-03,7.986703708589190306e-03,1.447151579967698859e-02,2.964313432941437579e-02,5.387823298570981745e-02,8.561385455390792265e-02,1.215052318634649575e-01,1.575407918640719940e-01,1.903938369532910124e-01,2.181699347263238442e-01,2.403602449704818067e-01,2.573690455746674988e-01,2.700194755258002455e-01,2.792190728989200621e-01,2.857909813165033786e-01,2.904149983873486884e-01,2.936251982711897135e-01,2.958302940586604590e-01,2.973394048146242863e-01,2.983858584640090017e-01,2.991466948691120509e-01,2.997577283810545778e-01,3.003248141992806985e-01,3.009321251331225078e-01,3.016481697231280235e-01,3.025301403361308483e-01,3.036270389026186622e-01,3.049819105119055407e-01,3.066334243948834470e-01
6.886363636363636020e-01,3.008816923344283523e-01,2.972686274721400568e-01,2.936474754495770889e-01,2.897882852559914846e-01,2.853660218975938023e-01,2.799267619835563714e-01,2.728522776120687610e-01,2.633387679996501696e-01,2.504259605685771883e-01,2.331411623223030305e-01,2.108357109011667063e-01,1.837237085674932879e-01,1.534133151186812261e-01,1.229513506710137316e-01,9.600362463515756117e-02,7.550907230334073794e-02,6.275393945060800394e-02,5.742438733415575203e-02,5.831300178403923257e-02,6.404832949652282392e-02,7.352297708200916659e-02,8.603358572680036565e-02,1.012604890541464603e-01,1.191888439693333107e-01,1.400202821040236467e-01,1.640884304838020336e-01,1.917751672098650939e-01,2.234200835020872244e-01,2.592183904763234459e-01,2.991104613726650596e-01,3.426780175448014831e-01,3.890743573811505929e-01,4.370223038311487618e-01,4.849054828624188573e-01,5.309525219247455130e-01,5.734776327896187187e-01,6.111137216280655426e-01,6.429736310568575641e-01,6.687034308360725321e-01,6.884322511734302097e-01,7.026539735031834821e-01,7.120855046045321268e-01,7.175374100333283822e-01,7.198160312471724165e-01,7.196612274697676837e-01,7.177147284835677654e-01,7.145105934816714521e-01,7.104794346200348221e-01,7.059598591489489872e-01,7.012126852745076411e-01,6.964352645224984872e-01,6.917745198047209332e-01,6.873381256963806418e-01,6.832037299077988735e-01,6.794263572788131755e-01,6.760442395391275117e-01,6.730833372346283205e-01,6.705608034769936499e-01,6.684876053146501240e-01,6.668704799299338681e-01,6.657133656354706774e-01,6.650184142508015483e-01,6.647866624143059511e-01,6.650184142508140939e-01,6.657133656354700113e-01,6.668704799299377539e-01,6.684876053146460162e-01,6.705608034769953152e-01,6.730833372346264332e-01,6.760442395391503823e-01,6.794263572788180605e-01,6.832037299078097536e-01,6.873381256963836394e-01,6.917745198047245969e-01,6.964352645224939353e-01,7.012126852744980932e-01,7.059598591489563146e-01,7.104794346200418165e-01,7.145105934816731175e-01,7.177147284835651009e-01,7.196612274697622436e-01,7.198160312471696409e-01,7.175374100333196115e-01,7.120855046045573289e-01,7.026539735032002465e-01,6.884322511734463079e-01,6.687034308360769730e-01,6.429736310568067159e-01,6.111137216279985962e-01,5.734776327895898529e-01,5.309525219247088756e-01,4.849054828623417523e-01,4.370223038311722985e-01,3.890743573813430500e-01,3.426780175448012056e-01,2.991104613726454642e-01,2.592183904763849522e-01,2.234200835021163678e-01,1.917751672098362559e-01,1.640884304837921248e-01,1.400202821040188728e-01,1.191888439693587903e-01,1.012604890541311808e-01,8.603358572678437843e-02,7.352297708202591708e-02,6.404832949651212415e-02,5.831300178403780315e-02,5.742438733415389240e-02,6.275393945061444323e-02,7.550907230334187592e-02,9.600362463515797751e-02,1.229513506710274429e-01,1.534133151186837241e-01,1.837237085675174630e-01,2.108357109011649577e-01,2.331411623222907625e-01,2.504259605685445478e-01,2.633387679996450070e-01,2.728522776120846371e-01,2.799267619835644205e-01,2.853660218975862528e-01,2.897882852559748867e-01,2.936474754495534412e-01,2.972686274721584310e-01,3.008816923344536098e-01
6.924242424242423866e-01,3.221184720075980779e-01,3.064178554876736404e-01,2.877388579988759409e-01,2.670329062333934855e-01,2.461225607209817645e-01,2.272097730957411688e-01,2.121303279618878546e-01,2.018510686336709159e-01,1.964658371721142716e-01,1.955261436224848270e-01,1.984083774883150519e-01,2.045539013545904228e-01,2.135712312701840421e-01,2.252505587366266382e-01,2.395379266312928912e-01,2.564960242023974213e-01,2.762621822873810307e-01,2.990052137761954887e-01,3.248791926152518883e-01,3.539719694918170290e-01,3.862480979328599129e-01,4.214894693612916132e-01,4.592418659124690716e-01,4.987806332623973549e-01,5.391114284094159492e-01,5.790195060462087762e-01,6.171712468685389696e-01,6.522559036919167719e-01,6.831396298509057052e-01,7.089958986415536568e-01,7.293818125958755338e-01,7.442468527552157376e-01,7.538811667082272461e-01,7.588252997001979638e-01,7.597676175756445938e-01,7.574508750716872907e-01,7.526002304804899623e-01,7.458761558023623284e-01,7.378496735051549571e-01,7.289945481194466392e-01,7.196906511285405816e-01,7.102336065480968630e-01,7.008471518160965807e-01,6.916959138223649495e-01,6.828972943822098074e-01,6.745318496481278459e-01,6.666519804514740022e-01,6.592889943313055001e-01,6.524587186751492629e-01,6.461658868820395751e-01,6.404075195102457707e-01,6.351755015045009722e-01,6.304585275856026128e-01,6.262435577625059535e-01,6.225168971708491261e-01,6.192649904655195270e-01,6.164750010869174401e-01,6.141352296058107951e-01,6.122354125226556754e-01,6.107669327854108321e-01,6.097229653478981604e-01,6.090985748366738450e-01,6.088907774110580151e-01,6.090985748366790631e-01,6.097229653478938305e-01,6.107669327854103880e-01,6.122354125226480148e-01,6.141352296058109062e-01,6.164750010869232133e-01,6.192649904655236348e-01,6.225168971708614496e-01,6.262435577625067307e-01,6.304585275855931759e-01,6.351755015044943109e-01,6.404075195102449936e-01,6.461658868820395751e-01,6.524587186751668044e-01,6.592889943313132717e-01,6.666519804514815517e-01,6.745318496481310655e-01,6.828972943822319008e-01,6.916959138223598424e-01,7.008471518161085712e-01,7.102336065481046345e-01,7.196906511285467989e-01,7.289945481194507471e-01,7.378496735051514044e-01,7.458761558023629945e-01,7.526002304804808585e-01,7.574508750716859584e-01,7.597676175756475914e-01,7.588252997001971867e-01,7.538811667082305767e-01,7.442468527552118518e-01,7.293818125958867471e-01,7.089958986415799691e-01,6.831396298508640719e-01,6.522559036918967879e-01,6.171712468685631725e-01,5.790195060461914567e-01,5.391114284094411513e-01,4.987806332623817562e-01,4.592418659125701574e-01,4.214894693613140952e-01,3.862480979328802300e-01,3.539719694917733972e-01,3.248791926152599374e-01,2.990052137761238238e-01,2.762621822874550270e-01,2.564960242023834880e-01,2.395379266313238387e-01,2.252505587366267492e-01,2.135712312702156002e-01,2.045539013545963347e-01,1.984083774883013684e-01,1.955261436225091687e-01,1.964658371721319241e-01,2.018510686336800475e-01,2.121303279619011495e-01,2.272097730957360895e-01,2.461225607209819033e-01,2.670329062333865466e-01,2.877388579988902073e-01,3.064178554876827443e-01,3.221184720075978558e-01
6.962121212121211711e-01,3.336403543356086243e-01,3.287644052372913350e-01,3.266575540123655697e-01,3.271036594799168196e-01,3.299247097698969622e-01,3.350059572733362634e-01,3.422989184304937038e-01,3.518133900000076086e-01,3.636044907002431992e-01,3.777570950366883618e-01,3.943679426716178993e-01,4.135247346130983548e-01,4.352813186019053870e-01,4.596284815434092397e-01,4.864609180869340910e-01,5.155426723143393675e-01,5.464756574881971529e-01,5.786783168574624048e-01,6.113831876208605243e-01,6.436617579629243524e-01,6.744813342174814652e-01,7.027914107120271092e-01,7.276278525111404827e-01,7.482155106738221928e-01,7.640475678782380209e-01,7.749249162642302124e-01,7.809496356780734061e-01,7.824787107220458893e-01,7.800527220265053296e-01,7.743168620909353095e-01,7.659488222188839401e-01,7.556024015592245346e-01,7.438698180033324059e-01,7.312613680470101407e-01,7.181987774023720350e-01,7.050179677620177499e-01,6.919773946509955032e-01,6.792689958112730908e-01,6.670297326515816083e-01,6.553525071480037489e-01,6.442958283548470000e-01,6.338919967458914728e-01,6.241538118009376523e-01,6.150799342946434711e-01,6.066590887117579989e-01,5.988733022443031295e-01,5.917003647596239535e-01,5.851156715075509496e-01,5.790935845450202457e-01,5.736084238812275693e-01,5.686351770775900372e-01,5.641499971324915874e-01,5.601305429518117496e-01,5.565562042303376922e-01,5.534082427133204529e-01,5.506698741128438490e-01,5.483263090025851660e-01,5.463647664432882411e-01,5.447744705948468491e-01,5.435466379070200693e-01,5.426744604459869947e-01,5.421530893567688691e-01,5.419796212519543133e-01,5.421530893567809706e-01,5.426744604459848853e-01,5.435466379070146292e-01,5.447744705948568411e-01,5.463647664432857987e-01,5.483263090026054831e-01,5.506698741128328578e-01,5.534082427133143467e-01,5.565562042303368040e-01,5.601305429518101953e-01,5.641499971324989149e-01,5.686351770775956993e-01,5.736084238812497738e-01,5.790935845450283503e-01,5.851156715075720438e-01,5.917003647596243976e-01,5.988733022442843668e-01,6.066590887117545572e-01,6.150799342946403625e-01,6.241538118009366531e-01,6.338919967458891414e-01,6.442958283548447795e-01,6.553525071480066355e-01,6.670297326515727265e-01,6.792689958112742010e-01,6.919773946509861773e-01,7.050179677620146412e-01,7.181987774023729232e-01,7.312613680469939315e-01,7.438698180033458396e-01,7.556024015592296417e-01,7.659488222188840512e-01,7.743168620909315347e-01,7.800527220265101036e-01,7.824787107220445570e-01,7.809496356780647464e-01,7.749249162642223299e-01,7.640475678782376878e-01,7.482155106738288541e-01,7.276278525111410378e-01,7.027914107120120102e-01,6.744813342175527415e-01,6.436617579629244634e-01,6.113831876208349891e-01,5.786783168574763936e-01,5.464756574881972639e-01,5.155426723143508028e-01,4.864609180868928462e-01,4.596284815434081295e-01,4.352813186019072189e-01,4.135247346130687673e-01,3.943679426716106273e-01,3.777570950366829217e-01,3.636044907002342064e-01,3.518133899999881797e-01,3.422989184305176291e-01,3.350059572733149471e-01,3.299247097699355979e-01,3.271036594798986119e-01,3.266575540123660693e-01,3.287644052372925008e-01,3.336403543356096790e-01
6.999999999999999556e-01,4.320296438891137458e-01,4.370885001702333184e-01,4.440422203558267999e-01,4.529544421706420687e-01,4.638961923821478539e-01,4.769359929002642828e-01,4.921274246279139786e-01,5.094936307853938917e-01,5.290084915240235164e-01,5.505747423096585269e-01,5.740002147867606652e-01,5.989746693103709108e-01,6.250512394227872859e-01,6.516379574145743092e-01,6.780055267213683790e-01,7.033166158970971527e-01,7.266787924398424581e-01,7.472178211684339377e-01,7.641616317847166329e-01,7.769201419435599609e-01,7.851448371868393616e-01,7.887558376461110132e-01,7.879321183183821686e-01,7.830696016626205180e-01,7.747186091267801444e-01,7.635146086985854508e-01,7.501144230205463170e-01,7.351457427340243322e-01,7.191729870404334202e-01,7.026787546812139906e-01,6.860578950341149618e-01,6.696204686339259915e-01,6.536000904830172598e-01,6.381648618630310077e-01,6.234289290577301745e-01,6.094634514176799911e-01,5.963063331498310582e-01,5.839704663808655827e-01,5.724504767098386182e-01,5.617280960657148325e-01,5.517763476392774091e-01,5.425627424659476006e-01,5.340516770173874272e-01,5.262061990149438095e-01,5.189892825316549940e-01,5.123647277044105497e-01,5.062977771944255911e-01,5.007555217464554342e-01,4.957071508864531739e-01,4.911240916830001968e-01,4.869800681452401414e-01,4.832511057658269160e-01,4.799154995102278831e-01,4.769537588136512074e-01,4.743485395599144616e-01,4.720845703184320952e-01,4.701485781013539644e-01,4.685292174090178174e-01,4.672170052332907386e-01,4.662042638840829811e-01,4.654850729247463903e-01,4.650552310823122815e-01,4.649122286998833009e-01,4.650552310823157232e-01,4.654850729247522190e-01,4.662042638840847020e-01,4.672170052332876855e-01,4.685292174090305295e-01,4.701485781013429177e-01,4.720845703184451958e-01,4.743485395599102428e-01,4.769537588136518180e-01,4.799154995102246635e-01,4.832511057658170350e-01,4.869800681452331470e-01,4.911240916830012515e-01,4.957071508864632214e-01,5.007555217464811914e-01,5.062977771944173755e-01,5.123647277044200976e-01,5.189892825316645419e-01,5.262061990149367041e-01,5.340516770173958649e-01,5.425627424659579257e-01,5.517763476392796296e-01,5.617280960657177191e-01,5.724504767098350655e-01,5.839704663808653606e-01,5.963063331498177355e-01,6.094634514176870965e-01,6.234289290577318399e-01,6.381648618630393344e-01,6.536000904830313596e-01,6.696204686338912415e-01,6.860578950341270632e-01,7.026787546812149898e-01,7.191729870404390823e-01,7.351457427340192252e-01,7.501144230205604169e-01,7.635146086985946656e-01,7.747186091267798114e-01,7.830696016626120803e-01,7.879321183183881638e-01,7.887558376461102361e-01,7.851448371868416931e-01,7.769201419435565192e-01,7.641616317846982032e-01,7.472178211684290527e-01,7.266787924398373510e-01,7.033166158971020376e-01,6.780055267213753734e-01,6.516379574145493292e-01,6.250512394227766277e-01,5.989746693103970010e-01,5.740002147867533377e-01,5.505747423096379878e-01,5.290084915240285124e-01,5.094936307854016633e-01,4.921274246279305209e-01,4.769359929002472964e-01,4.638961923821499633e-01,4.529544421706227508e-01,4.440422203558196390e-01,4.370885001702164430e-01,4.320296438890879887e-01
7.037878787878788511e-01,5.270805957052110413e-01,5.374959137221596572e-01,5.497519443592739918e-01,5.638563871143240647e-01,5.797743797805898769e-01,5.974116021991714431e-01,6.165955104575857604e-01,6.370563038063938865e-01,6.584103828826562976e-01,6.801503016921975897e-01,7.016461596421031954e-01,7.221634232185690783e-01,7.409006397204905836e-01,7.570470083266960248e-01,7.698546361509724933e-01,7.787148872929952059e-01,7.832246807702574198e-01,7.832289144082293930e-01,7.788300133237825440e-01,7.703634981518464597e-01,7.583465069028352268e-01,7.434114726747909074e-01,7.262382317420605915e-01,7.074952198569520734e-01,6.877958740344376487e-01,6.676717984291768992e-01,6.475609168469744770e-01,6.278070969311987382e-01,6.086673454895401569e-01,5.903231392360369645e-01,5.728932902557610785e-01,5.564466172628244056e-01,5.410134273250143400e-01,5.265953507428572378e-01,5.131734241047588574e-01,5.007145215520644177e-01,4.891763353796085845e-01,4.785111416811780316e-01,4.686685827849367270e-01,4.595976747198139423e-01,4.512482167629777718e-01,4.435717480551103487e-01,4.365221668289474000e-01,4.300561024477895788e-01,4.241331095108318849e-01,4.187157364774796164e-01,4.137695080582010076e-01,4.092628504119856792e-01,4.051669804010869513e-01,4.014557742731634238e-01,3.981056267446109742e-01,3.950953082012185202e-01,3.924058253389341999e-01,3.900202888276023683e-01,3.879237903295132961e-01,3.861032903158604923e-01,3.845475175073675422e-01,3.832468803449363137e-01,3.821933906226380184e-01,3.813805992479444851e-01,3.808035440021991791e-01,3.804587091390909670e-01,3.803439966604879041e-01,3.804587091390856934e-01,3.808035440022232154e-01,3.813805992479358808e-01,3.821933906226406830e-01,3.832468803449461392e-01,3.845475175073836960e-01,3.861032903158678198e-01,3.879237903295151835e-01,3.900202888276034230e-01,3.924058253389268169e-01,3.950953082012281237e-01,3.981056267445967634e-01,4.014557742731520995e-01,4.051669804010912812e-01,4.092628504120067179e-01,4.137695080582156071e-01,4.187157364775006552e-01,4.241331095108512583e-01,4.300561024477759231e-01,4.365221668289628876e-01,4.435717480551040759e-01,4.512482167629675023e-01,4.595976747198244894e-01,4.686685827849525476e-01,4.785111416811781981e-01,4.891763353796198532e-01,5.007145215520818482e-01,5.131734241047530842e-01,5.265953507428497993e-01,5.410134273250447601e-01,5.564466172628252938e-01,5.728932902557692941e-01,5.903231392360395180e-01,6.086673454895208391e-01,6.278070969312101735e-01,6.475609168469597110e-01,6.676717984291735686e-01,6.877958740344274347e-01,7.074952198569618433e-01,7.262382317420513766e-01,7.434114726747981239e-01,7.583465069028417771e-01,7.703634981518423519e-01,7.788300133237825440e-01,7.832289144082348331e-01,7.832246807702621938e-01,7.787148872929963161e-01,7.698546361509810421e-01,7.570470083266948036e-01,7.409006397205016858e-01,7.221634232185666358e-01,7.016461596420950908e-01,6.801503016922108014e-01,6.584103828826426419e-01,6.370563038063885575e-01,6.165955104575953083e-01,5.974116021991729975e-01,5.797743797805671173e-01,5.638563871143145168e-01,5.497519443592613353e-01,5.374959137221629879e-01,5.270805957052141499e-01
7.075757575757575246e-01,6.075117749898876207e-01,6.210867869134106822e-01,6.360624409959406700e-01,6.522428949463977554e-01,6.693386753461361138e-01,6.869521516646632797e-01,7.045693239568087129e-01,7.215626587898010813e-01,7.372098528711470422e-01,7.507320641486300294e-01,7.613518426084323609e-01,7.683658989976542841e-01,7.712222012504409419e-01,7.695868644938000935e-01,7.633861612827078647e-01,7.528137142781644586e-01,7.383013178977823054e-01,7.204607641831736187e-01,7.000101417596968911e-01,6.776994692730953229e-01,6.542475998694411432e-01,6.302970797621494370e-01,6.063883349421554936e-01,5.829507158973782355e-01,5.603060156772529110e-01,5.386797790385942086e-01,5.182164103357242979e-01,4.989951713064277872e-01,4.810452357754512742e-01,4.643588381291844369e-01,4.489021633220751095e-01,4.346240045455281309e-01,4.214624167364039997e-01,4.093496775628661655e-01,3.982158794025214554e-01,3.879914496328262241e-01,3.786088538895169275e-01,3.700036905183616276e-01,3.621153409281399060e-01,3.548873028909784177e-01,3.482673028315066421e-01,3.422072584537103057e-01,3.366631439089777245e-01,3.315947951208005340e-01,3.269656819422387395e-01,3.227426657269688581e-01,3.188957549766398558e-01,3.153978674459351761e-01,3.122246040298742864e-01,3.093540376021472471e-01,3.067665184780598575e-01,3.044444971598332383e-01,3.023723643516196269e-01,3.005363078066411453e-01,2.989241853196359378e-01,2.975254130504638161e-01,2.963308683213258243e-01,2.953328060445362113e-01,2.945247879919157818e-01,2.939016241937961738e-01,2.934593258519382908e-01,2.931950692535705838e-01,2.931071702846332339e-01,2.931950692535814085e-01,2.934593258519464509e-01,2.939016241937849605e-01,2.945247879919225542e-01,2.953328060445402636e-01,2.963308683212999006e-01,2.975254130504644268e-01,2.989241853196361043e-01,3.005363078066560223e-01,3.023723643516336157e-01,3.044444971598083693e-01,3.067665184780362098e-01,3.093540376021471916e-01,3.122246040298805037e-01,3.153978674459399500e-01,3.188957549766396893e-01,3.227426657269679700e-01,3.269656819422458449e-01,3.315947951208121358e-01,3.366631439089519673e-01,3.422072584536908213e-01,3.482673028314872687e-01,3.548873028909748650e-01,3.621153409281500091e-01,3.700036905183559655e-01,3.786088538895147626e-01,3.879914496328389362e-01,3.982158794025160709e-01,4.093496775628484574e-01,4.214624167364096063e-01,4.346240045455387335e-01,4.489021633220883767e-01,4.643588381292007017e-01,4.810452357754675945e-01,4.989951713064496586e-01,5.182164103357315144e-01,5.386797790385724483e-01,5.603060156772626810e-01,5.829507158973845637e-01,6.063883349421395064e-01,6.302970797621422205e-01,6.542475998694574635e-01,6.776994692730936576e-01,7.000101417597102138e-01,7.204607641831648479e-01,7.383013178977820834e-01,7.528137142781590185e-01,7.633861612827063103e-01,7.695868644938000935e-01,7.712222012504476032e-01,7.683658989976569487e-01,7.613518426084324719e-01,7.507320641486318058e-01,7.372098528711469312e-01,7.215626587897930877e-01,7.045693239567986099e-01,6.869521516646553971e-01,6.693386753461149086e-01,6.522428949463884296e-01,6.360624409959568792e-01,6.210867869134168995e-01,6.075117749898939490e-01
7.113636363636364202e-01,6.706468686761277720e-01,6.844675035003440211e-01,6.986000073700435742e-01,7.125417980506689730e-01,7.256754832225221774e-01,7.372841984332314524e-01,7.465870160796346244e-01,7.527962871366706832e-01,7.551936077923658841e-01,7.532144736963604092e-01,7.465258548588635801e-01,7.350788835647513730e-01,7.191227113352925970e-01,6.991749150629782417e-01,6.759552602062476323e-01,6.502985284656043197e-01,6.230652040524313762e-01,5.950658180783094942e-01,5.670080479408673435e-01,5.394684824486130070e-01,5.128856545236509801e-01,4.875683356099045906e-01,4.637127815141197096e-01,4.414236972540551140e-01,4.207352704734921844e-01,4.016301300761694892e-01,3.840552521671347641e-01,3.679346090441382167e-01,3.531787988174618920e-01,3.396920975076500593e-01,3.273774303829676269e-01,3.161397319483974511e-01,3.058880991424777207e-01,2.965370666848445302e-01,2.880072613332830267e-01,2.802256293771310247e-01,2.731253808064625366e-01,2.666457537603615924e-01,2.607316725641807831e-01,2.553333501479037038e-01,2.504058692046917667e-01,2.459087646484617029e-01,2.418056215994464908e-01,2.380636973277673596e-01,2.346535715965574198e-01,2.315488272179224427e-01,2.287257609016355997e-01,2.261631233992019430e-01,2.238418873148928512e-01,2.217450406300456311e-01,2.198574038599793445e-01,2.181654687698060258e-01,2.166572566630984020e-01,2.153221943938282423e-01,2.141510064141659286e-01,2.131356213451474635e-01,2.122690917319970949e-01,2.115455258179061993e-01,2.109600303343878991e-01,2.105086634626854025e-01,2.101883972676936163e-01,2.099970890453488892e-01,2.099334611562626296e-01,2.099970890453312922e-01,2.101883972676950041e-01,2.105086634626816278e-01,2.109600303343741601e-01,2.115455258178952080e-01,2.122690917319910719e-01,2.131356213451395532e-01,2.141510064141416980e-01,2.153221943938248006e-01,2.166572566630943220e-01,2.181654687698021122e-01,2.198574038599891700e-01,2.217450406300633670e-01,2.238418873148929622e-01,2.261631233991943379e-01,2.287257609016546955e-01,2.315488272179201668e-01,2.346535715965596958e-01,2.380636973277479584e-01,2.418056215994371927e-01,2.459087646484810763e-01,2.504058692047030910e-01,2.553333501479108092e-01,2.607316725641663502e-01,2.666457537603588168e-01,2.731253808064831312e-01,2.802256293771350215e-01,2.880072613332793074e-01,2.965370666848415326e-01,3.058880991424922646e-01,3.161397319483761348e-01,3.273774303829803944e-01,3.396920975076487825e-01,3.531787988174690529e-01,3.679346090441449890e-01,3.840552521671000696e-01,4.016301300761645487e-01,4.207352704734799720e-01,4.414236972540391268e-01,4.637127815141262044e-01,4.875683356098804433e-01,5.128856545236378794e-01,5.394684824486261077e-01,5.670080479408685648e-01,5.950658180782999462e-01,6.230652040524295998e-01,6.502985284656135345e-01,6.759552602062383064e-01,6.991749150629786858e-01,7.191227113353014788e-01,7.350788835647508179e-01,7.465258548588674659e-01,7.532144736963463094e-01,7.551936077923656621e-01,7.527962871366702391e-01,7.465870160796337363e-01,7.372841984332350052e-01,7.256754832225257301e-01,7.125417980506744131e-01,6.986000073700499025e-01,6.844675035003507935e-01,6.706468686761345444e-01
7.151515151515150936e-01,7.128434917219650391e-01,7.226686949408237526e-01,7.308927325720515622e-01,7.367174316594748973e-01,7.393172925741479107e-01,7.379191386140372400e-01,7.318982626429332283e-01,7.208742743380700535e-01,7.047842611431083260e-01,6.839123141087207758e-01,6.588643762389204683e-01,6.304926823599420471e-01,5.997882599196359132e-01,5.677669035314222290e-01,5.353716494325795328e-01,5.034057404099284705e-01,4.724993851605499007e-01,4.431054330396719254e-01,4.155150845478220445e-01,3.898844254552797373e-01,3.662643967706570858e-01,3.446293338372365955e-01,3.249014956998785286e-01,3.069706750379586624e-01,2.907090026192036825e-01,2.759815753527557480e-01,2.626537152515289741e-01,2.505956529594579596e-01,2.396853251810853180e-01,2.298098419379989155e-01,2.208660497898602137e-01,2.127605054343914559e-01,2.054090845258638998e-01,1.987363820441302442e-01,1.926750099248438486e-01,1.871648612447570637e-01,1.821523846553787240e-01,1.775898951320805941e-01,1.734349352334000893e-01,1.696496932538418545e-01,1.662004796716987087e-01,1.630572602420123363e-01,1.601932423353877588e-01,1.575845102298280287e-01,1.552097047156351939e-01,1.530497424051819044e-01,1.510875703250205981e-01,1.493079516846203825e-01,1.476972791154713971e-01,1.462434120519039982e-01,1.449355353068811081e-01,1.437640362570782038e-01,1.427203983832706913e-01,1.417971092128970101e-01,1.409875809815324954e-01,1.402860825711694237e-01,1.396876814964511382e-01,1.391881949002901631e-01,1.387841486884255904e-01,1.384727440837207335e-01,1.382518310157521968e-01,1.381198878838552913e-01,1.380760073452629022e-01,1.381198878838551525e-01,1.382518310157470343e-01,1.384727440837252299e-01,1.387841486884192066e-01,1.391881949002921615e-01,1.396876814964601865e-01,1.402860825711666204e-01,1.409875809815388514e-01,1.417971092129102495e-01,1.427203983832926459e-01,1.437640362570892227e-01,1.449355353068861596e-01,1.462434120519136294e-01,1.476972791154849696e-01,1.493079516846205490e-01,1.510875703250202373e-01,1.530497424051686373e-01,1.552097047156481002e-01,1.575845102298116529e-01,1.601932423353818746e-01,1.630572602420167494e-01,1.662004796716914645e-01,1.696496932538322233e-01,1.734349352334006444e-01,1.775898951320909191e-01,1.821523846553743387e-01,1.871648612447755211e-01,1.926750099248246417e-01,1.987363820441057638e-01,2.054090845258475795e-01,2.127605054343945923e-01,2.208660497898364272e-01,2.298098419380003032e-01,2.396853251810662500e-01,2.505956529594571269e-01,2.626537152515409645e-01,2.759815753527792292e-01,2.907090026192171162e-01,3.069706750379556093e-01,3.249014956998837467e-01,3.446293338372407589e-01,3.662643967706463166e-01,3.898844254552729649e-01,4.155150845478091104e-01,4.431054330396796970e-01,4.724993851605438500e-01,5.034057404099335775e-01,5.353716494325991837e-01,5.677669035314061308e-01,5.997882599196358022e-01,6.304926823599269481e-01,6.588643762388983749e-01,6.839123141087273261e-01,7.047842611431126558e-01,7.208742743380692763e-01,7.318982626429386684e-01,7.379191386140330211e-01,7.393172925741533508e-01,7.367174316594817807e-01,7.308927325720492307e-01,7.226686949408135385e-01,7.128434917219712563e-01
7.189393939393939892e-01,7.259551042249765551e-01,7.256830926580087882e-01,7.212725309426435416e-01,7.120054207752832820e-01,6.974136531237461467e-01,6.773816866117602364e-01,6.522027284338888231e-01,6.225664136615496336e-01,5.894756678584937015e-01,5.541129967653023458e-01,5.176909315512012721e-01,4.813214856967799604e-01,4.459273648274993396e-01,4.122011289214511653e-01,3.806051916819270797e-01,3.513990195965219776e-01,3.246795522472947781e-01,3.004240718954562239e-01,2.785289280284766189e-01,2.588411051601582358e-01,2.411820519143355324e-01,2.253645272404026789e-01,2.112037677036226191e-01,1.985243546816148341e-01,1.871640018446406317e-01,1.769752423514244499e-01,1.678257527087915757e-01,1.595978418412699051e-01,1.521874697218091876e-01,1.455030376574810713e-01,1.394641049556557266e-01,1.340001262732457565e-01,1.290492633502224040e-01,1.245572983190145616e-01,1.204766590094061701e-01,1.167655564780591959e-01,1.133872291507434932e-01,1.103092849312625606e-01,1.075031313647245579e-01,1.049434837458401576e-01,1.026079414854467881e-01,1.004766237963500980e-01,9.853185665172249641e-02,9.675790389543530157e-02,9.514073627864580440e-02,9.366783302782576148e-02,9.232801129457195166e-02,9.111127949615524524e-02,9.000871117897223106e-02,8.901233647987465136e-02,8.811504872617417772e-02,8.731052409492839894e-02,8.659315256149038853e-02,8.595797864180179659e-02,8.540065066713978248e-02,8.491737753026552815e-02,8.450489201249472559e-02,8.416041994972152385e-02,8.388165462268176720e-02,8.366673586800243978e-02,8.351423350507998500e-02,8.342313476062265809e-02,8.339283545158607258e-02,8.342313476061727351e-02,8.351423350508614674e-02,8.366673586799469597e-02,8.388165462267650752e-02,8.416041994973193219e-02,8.450489201248496951e-02,8.491737753026705471e-02,8.540065066713373176e-02,8.595797864179270664e-02,8.659315256150361406e-02,8.731052409491921185e-02,8.811504872616329753e-02,8.901233647986890596e-02,9.000871117896240559e-02,9.111127949615996369e-02,9.232801129458488576e-02,9.366783302782268061e-02,9.514073627864620686e-02,9.675790389543251213e-02,9.853185665170886842e-02,1.004766237963574810e-01,1.026079414854579458e-01,1.049434837458360636e-01,1.075031313647220182e-01,1.103092849312680840e-01,1.133872291507370678e-01,1.167655564780647609e-01,1.204766590094007161e-01,1.245572983190221805e-01,1.290492633502121900e-01,1.340001262732598564e-01,1.394641049556396006e-01,1.455030376574562023e-01,1.521874697218295325e-01,1.595978418412590527e-01,1.678257527087805567e-01,1.769752423514050488e-01,1.871640018446176501e-01,1.985243546816042037e-01,2.112037677036318339e-01,2.253645272403993483e-01,2.411820519143238195e-01,2.588411051601495760e-01,2.785289280284864999e-01,3.004240718954723777e-01,3.246795522473037710e-01,3.513990195964832863e-01,3.806051916819260805e-01,4.122011289215207208e-01,4.459273648275108304e-01,4.813214856967739652e-01,5.176909315512076004e-01,5.541129967653178889e-01,5.894756678584870402e-01,6.225664136615084443e-01,6.522027284338797193e-01,6.773816866117656765e-01,6.974136531237584702e-01,7.120054207752846143e-01,7.212725309426523124e-01,7.256830926580095653e-01,7.259551042249819952e-01
7.227272727272727737e-01,6.974695767232887977e-01,6.804114059174705131e-01,6.575380543015596491e-01,6.291047464575237891e-01,5.958530261572196896e-01,5.589287906803701578e-01,5.197213786828229765e-01,4.796688410514215462e-01,4.400815682743642876e-01,4.020217087615285401e-01,3.662505443310785647e-01,3.332340707114889167e-01,3.031860240297937215e-01,2.761271201369714934e-01,2.519447628915075232e-01,2.304443394199358897e-01,2.113887873003215123e-01,1.945266007257047958e-01,1.796101163674004852e-01,1.664063993138134023e-01,1.547028949958118293e-01,1.443096053600023132e-01,1.350590993733798706e-01,1.268052756878110809e-01,1.194214887938040148e-01,1.127984268456333206e-01,1.068419748846224232e-01,1.014711945381114588e-01,9.661648553784665805e-02,9.221795391558569588e-02,8.822398796020237965e-02,8.459002999206299833e-02,8.127752568485750728e-02,7.825303038109718279e-02,7.548745189224236041e-02,7.295541056601358154e-02,7.063469928395516018e-02,6.850582812807130828e-02,6.655164050348272298e-02,6.475698941043415979e-02,6.310846426770153061e-02,6.159416018751288219e-02,6.020348289371154488e-02,5.892698357632779327e-02,5.775621890763579097e-02,5.668363222891314307e-02,5.570245257486563378e-02,5.480660875215803002e-02,5.399065614981848199e-02,5.324971432876574040e-02,5.257941376946818207e-02,5.197585045392728170e-02,5.143554710727240437e-02,5.095542016757734910e-02,5.053275169602651495e-02,5.016516556762122547e-02,4.985060739448123057e-02,4.958732772854208132e-02,4.937386817102003278e-02,4.920905008537949932e-02,4.909196567076842127e-02,4.902197120609426417e-02,4.899868232259779743e-02,4.902197120609076003e-02,4.909196567076474366e-02,4.920905008537720254e-02,4.937386817101865888e-02,4.958732772853810533e-02,4.985060739448708700e-02,5.016516556762108670e-02,5.053275169602168548e-02,5.095542016757988873e-02,5.143554710727751833e-02,5.197585045391202307e-02,5.257941376946398404e-02,5.324971432876263178e-02,5.399065614981871097e-02,5.480660875215580957e-02,5.570245257486593216e-02,5.668363222891509290e-02,5.775621890762525079e-02,5.892698357632655815e-02,6.020348289371230815e-02,6.159416018751381894e-02,6.310846426770998219e-02,6.475698941042995482e-02,6.655164050347782412e-02,6.850582812807340383e-02,7.063469928396225173e-02,7.295541056601050067e-02,7.548745189224331797e-02,7.825303038109882037e-02,8.127752568486165674e-02,8.459002999207855533e-02,8.822398796019005618e-02,9.221795391559346744e-02,9.661648553784206450e-02,1.014711945380910724e-01,1.068419748846189954e-01,1.127984268456347500e-01,1.194214887938017527e-01,1.268052756878169929e-01,1.350590993733949974e-01,1.443096053600010364e-01,1.547028949958073885e-01,1.664063993138019670e-01,1.796101163673863021e-01,1.945266007257077656e-01,2.113887873003184315e-01,2.304443394198905093e-01,2.519447628915246762e-01,2.761271201369478456e-01,3.031860240297976627e-01,3.332340707114945788e-01,3.662505443310845599e-01,4.020217087615478024e-01,4.400815682743776103e-01,4.796688410514233780e-01,5.197213786828250859e-01,5.589287906803678263e-01,5.958530261572377862e-01,6.291047464575377779e-01,6.575380543015474366e-01,6.804114059174845019e-01,6.974695767232941268e-01
7.265151515151515582e-01,6.182770262555788987e-01,5.829576858967644437e-01,5.436364198674635828e-01,5.018824654227471704e-01,4.593596360641835075e-01,4.175927027343724340e-01,3.778021504374013406e-01,3.408314433620530104e-01,3.071559283109160376e-01,2.769436336958820410e-01,2.501367259515530628e-01,2.265309584681871879e-01,2.058411835142464896e-01,1.877493774912008251e-01,1.719365031561757018e-01,1.581015545021293989e-01,1.459714194061070558e-01,1.353046754467190360e-01,1.258916761812566287e-01,1.175525700178122745e-01,1.101343239986301570e-01,1.035074121426511617e-01,9.756254794537683184e-02,9.220766005211621097e-02,8.736519898394475014e-02,8.296979776514651350e-02,7.896627367263527042e-02,7.530794077172049683e-02,7.195519602805262871e-02,6.887434092056375634e-02,6.603660275596810736e-02,6.341732359802332297e-02,6.099528889477916216e-02,5.875217198578461947e-02,5.667207443567500585e-02,5.474114546191578140e-02,5.294726658326751045e-02,5.127979003289234727e-02,4.972932150262878576e-02,4.828753946214643655e-02,4.694704468165755012e-02,4.570123472462623432e-02,4.454419911118943920e-02,4.347063161761444139e-02,4.247575680383001290e-02,4.155526837388610201e-02,4.070527739451351018e-02,3.992226874156891425e-02,3.920306442703363342e-02,3.854479269203568703e-02,3.794486194379633609e-02,3.740093877554195173e-02,3.691092940986967497e-02,3.647296406615652825e-02,3.608538382805557415e-02,3.574672961296296997e-02,3.545573296335148561e-02,3.521130841397554501e-02,3.501254723319267154e-02,3.485871237562055552e-02,3.474923451610604369e-02,3.468370906422042765e-02,3.466189408364012819e-02,3.468370906422139910e-02,3.474923451610545388e-02,3.485871237561804364e-02,3.501254723319582873e-02,3.521130841397250577e-02,3.545573296335027824e-02,3.574672961296489898e-02,3.608538382805617090e-02,3.647296406615885278e-02,3.691092940986671206e-02,3.740093877554240970e-02,3.794486194379219357e-02,3.854479269203469477e-02,3.920306442703449384e-02,3.992226874156635380e-02,4.070527739451204607e-02,4.155526837388354849e-02,4.247575680382920105e-02,4.347063161761448302e-02,4.454419911119256864e-02,4.570123472462797598e-02,4.694704468165984690e-02,4.828753946214912190e-02,4.972932150262700940e-02,5.127979003289243054e-02,5.294726658326721902e-02,5.474114546191876512e-02,5.667207443567633118e-02,5.875217198578765176e-02,6.099528889477038446e-02,6.341732359802651486e-02,6.603660275596874574e-02,6.887434092056558821e-02,7.195519602805415527e-02,7.530794077171483469e-02,7.896627367264087705e-02,8.296979776514504246e-02,8.736519898393951822e-02,9.220766005211594729e-02,9.756254794537772002e-02,1.035074121426500793e-01,1.101343239986426609e-01,1.175525700178097072e-01,1.258916761812601537e-01,1.353046754467146784e-01,1.459714194060985903e-01,1.581015545021418889e-01,1.719365031561837232e-01,1.877493774911969393e-01,2.058411835142346658e-01,2.265309584681921562e-01,2.501367259515327457e-01,2.769436336958592815e-01,3.071559283108925564e-01,3.408314433620740491e-01,3.778021504374109996e-01,4.175927027343997455e-01,4.593596360641775123e-01,5.018824654227452831e-01,5.436364198674350501e-01,5.829576858967797648e-01,6.182770262555633556e-01
7.303030303030303427e-01,5.035950506224733392e-01,4.600753062872183219e-01,4.173255319277215381e-01,3.767449266070603264e-01,3.392917143671734803e-01,3.054844880742103586e-01,2.754758360607075796e-01,2.491550818331407235e-01,2.262482223838622186e-01,2.063986239533464051e-01,1.892241452527581858e-01,1.743531467031671778e-01,1.614443864923340299e-01,1.501958943617275333e-01,1.403469679854106589e-01,1.316762746757288993e-01,1.239980279839652672e-01,1.171574491723963302e-01,1.110262035822165566e-01,1.054981687230978626e-01,1.004856891211620556e-01,9.591635769630235675e-02,9.173030234208978673e-02,8.787792772007924080e-02,8.431805215417560728e-02,8.101637936603209300e-02,7.794424954959874863e-02,7.507762103766099648e-02,7.239624098335950553e-02,6.988297026429997338e-02,6.752323386105302250e-02,6.530457315719090383e-02,6.321628097279873015e-02,6.124910375537385987e-02,5.939499831097161398e-02,5.764693286610908518e-02,5.599872420108252535e-02,5.444490417082335082e-02,5.298061020008576483e-02,5.160149536406156978e-02,5.030365449124672012e-02,4.908356339151433850e-02,4.793802885016246185e-02,4.686414746362702055e-02,4.585927174465635747e-02,4.492098221041059686e-02,4.404706439906112131e-02,4.323548994939716006e-02,4.248440103216019614e-02,4.179209754776027491e-02,4.115702660821551895e-02,4.057777390585654009e-02,4.005305664109440333e-02,3.958171774319518138e-02,3.916272116539723513e-02,3.879514802110831106e-02,3.847819348870449435e-02,3.821116432896377174e-02,3.799347689706277648e-02,3.782465558389480620e-02,3.770433162158691454e-02,3.763224220304142720e-02,3.760822987842700471e-02,3.763224220304180884e-02,3.770433162158693535e-02,3.782465558389554866e-02,3.799347689706292913e-02,3.821116432896396603e-02,3.847819348870491069e-02,3.879514802110863719e-02,3.916272116539752657e-02,3.958171774319536873e-02,4.005305664109432007e-02,4.057777390585604049e-02,4.115702660821526915e-02,4.179209754775978225e-02,4.248440103216011982e-02,4.323548994939644535e-02,4.404706439906089233e-02,4.492098221041082584e-02,4.585927174465547623e-02,4.686414746362720790e-02,4.793802885016264226e-02,4.908356339151404707e-02,5.030365449124657440e-02,5.160149536406082732e-02,5.298061020008603544e-02,5.444490417082269856e-02,5.599872420108241433e-02,5.764693286610877293e-02,5.939499831097175969e-02,6.124910375537358925e-02,6.321628097279977099e-02,6.530457315719079281e-02,6.752323386105292535e-02,6.988297026430048686e-02,7.239624098335947777e-02,7.507762103766152384e-02,7.794424954960160745e-02,8.101637936603059420e-02,8.431805215417642607e-02,8.787792772007992081e-02,9.173030234208981448e-02,9.591635769630037223e-02,1.004856891211560188e-01,1.054981687230933940e-01,1.110262035822191518e-01,1.171574491723966632e-01,1.239980279839655447e-01,1.316762746757287328e-01,1.403469679854129903e-01,1.501958943617271725e-01,1.614443864923320870e-01,1.743531467031593229e-01,1.892241452527500811e-01,2.063986239533427691e-01,2.262482223838571671e-01,2.491550818331654260e-01,2.754758360607225676e-01,3.054844880742237367e-01,3.392917143671653202e-01,3.767449266070711511e-01,4.173255319277388575e-01,4.600753062872293686e-01,5.035950506224432521e-01
7.340909090909091272e-01,3.985400371795830843e-01,3.611007484419200275e-01,3.273720830576194452e-01,2.975598270184370842e-01,2.715602588937763295e-01,2.490779528703118417e-01,2.297221628347516642e-01,2.130747367267652181e-01,1.987321483744449446e-01,1.863279070104421897e-01,1.755417960473346917e-01,1.661011356086074808e-01,1.577777272848913392e-01,1.503828275955091109e-01,1.437615386520644800e-01,1.377873686291290478e-01,1.323573213477568788e-01,1.273876459461125710e-01,1.228102540738378601e-01,1.185697515994120627e-01,1.146210074850701893e-01,1.109271776553946709e-01,1.074581065562712073e-01,1.041890381119283254e-01,1.010995779387962867e-01,9.817285845599740823e-02,9.539486727299914537e-02,9.275390671800505527e-02,9.024015860922252052e-02,8.784533348354771343e-02,8.556238763967619065e-02,8.338529468402687550e-02,8.130886093459212260e-02,7.932857616569478909e-02,7.744049287286491889e-02,7.564112858748836543e-02,7.392738684735242205e-02,7.229649328717036028e-02,7.074594399838592118e-02,6.927346385541109652e-02,6.787697294437480822e-02,6.655455958277840811e-02,6.530445870187751023e-02,6.412503459204947631e-02,6.301476719600478116e-02,6.197224128417038597e-02,6.099613796777424851e-02,6.008522810390661689e-02,5.923836722704034496e-02,5.845449170722760712e-02,5.773261588876846262e-02,5.707183000728111716e-02,5.647129871898967646e-02,5.593026010593898228e-02,5.544802504490537604e-02,5.502397684899859587e-02,5.465757112494476488e-02,5.434833575385675242e-02,5.409587091174881263e-02,5.389984921332210965e-02,5.376001584811295614e-02,5.367618870453955138e-02,5.364825847155330063e-02,5.367618870453947505e-02,5.376001584811225531e-02,5.389984921332639095e-02,5.409587091174716811e-02,5.434833575385794591e-02,5.465757112494424447e-02,5.502397684899617419e-02,5.544802504490407152e-02,5.593026010593862840e-02,5.647129871899005116e-02,5.707183000727950734e-02,5.773261588876713729e-02,5.845449170722843285e-02,5.923836722704277358e-02,6.008522810390769242e-02,6.099613796777404034e-02,6.197224128416903982e-02,6.301476719600623833e-02,6.412503459204998979e-02,6.530445870187664981e-02,6.655455958277495254e-02,6.787697294437414208e-02,6.927346385541163776e-02,7.074594399838583791e-02,7.229649328717202561e-02,7.392738684735238042e-02,7.564112858748894830e-02,7.744049287286650096e-02,7.932857616569492787e-02,8.130886093459059605e-02,8.338529468402923472e-02,8.556238763967517758e-02,8.784533348354826854e-02,9.024015860922281196e-02,9.275390671800697040e-02,9.539486727299696656e-02,9.817285845599715843e-02,1.010995779387973414e-01,1.041890381119286307e-01,1.074581065562724008e-01,1.109271776553962946e-01,1.146210074850702032e-01,1.185697515994117573e-01,1.228102540738384985e-01,1.273876459461144306e-01,1.323573213477596544e-01,1.377873686291281874e-01,1.437615386520646743e-01,1.503828275955061966e-01,1.577777272848882861e-01,1.661011356086094237e-01,1.755417960473326378e-01,1.863279070104467972e-01,1.987321483744363126e-01,2.130747367267548653e-01,2.297221628347520528e-01,2.490779528703040147e-01,2.715602588937865991e-01,2.975598270184350858e-01,3.273720830576125618e-01,3.611007484419225255e-01,3.985400371795843610e-01
7.378787878787879118e-01,3.388245192126354555e-01,3.127414425915820972e-01,2.901714470911535559e-01,2.707437244369224616e-01,2.540417993187690793e-01,2.396551176445750886e-01,2.272073812780338875e-01,2.163689554885344646e-01,2.068595193483220851e-01,1.984453841402220309e-01,1.909343351069772154e-01,1.841696859002725506e-01,1.780244585959362136e-01,1.723961237232950472e-01,1.672020592669563877e-01,1.623757402406703632e-01,1.578635994191756875e-01,1.536224719076575984e-01,1.496175312087489606e-01,1.458206305453735863e-01,1.422089738596756803e-01,1.387640526703895205e-01,1.354707961405230421e-01,1.323168915683263225e-01,1.292922408658567501e-01,1.263885254832677885e-01,1.235988578340824207e-01,1.209175017725033774e-01,1.183396482599535643e-01,1.158612352057055428e-01,1.134788027224160750e-01,1.111893768223446155e-01,1.089903759921261178e-01,1.068795362016095457e-01,1.048548507879801528e-01,1.029145223594759295e-01,1.010569244218206958e-01,9.928057087601795117e-02,9.758409189161836028e-02,9.596621494452187151e-02,9.442575003655266641e-02,9.296157829809806317e-02,9.157264332306325194e-02,9.025794470525197455e-02,8.901653334240634818e-02,8.784750815285624626e-02,8.675001391398114159e-02,8.572323998396161326e-02,8.476641971117092333e-02,8.387883037048271540e-02,8.305979349453455896e-02,8.230867549171649866e-02,8.162488846187834768e-02,8.100789113693400434e-02,8.045718988659827930e-02,7.997233974042756988e-02,7.955294538601806464e-02,7.919866210992874966e-02,7.890919666310178271e-02,7.868430806841363034e-02,7.852380820142076945e-02,7.842756229310590688e-02,7.839548933309797851e-02,7.842756229310988980e-02,7.852380820142496054e-02,7.868430806841306135e-02,7.890919666310335090e-02,7.919866210992532185e-02,7.955294538601778709e-02,7.997233974043184423e-02,8.045718988660080506e-02,8.100789113693070143e-02,8.162488846187625213e-02,8.230867549171547171e-02,8.305979349453264382e-02,8.387883037048372847e-02,8.476641971117331031e-02,8.572323998395910138e-02,8.675001391397639539e-02,8.784750815285828629e-02,8.901653334240706983e-02,9.025794470524958757e-02,9.157264332306319643e-02,9.296157829809867379e-02,9.442575003655515054e-02,9.596621494451881840e-02,9.758409189162035868e-02,9.928057087601493969e-02,1.010569244218197937e-01,1.029145223594762903e-01,1.048548507879847463e-01,1.068795362016126821e-01,1.089903759921253268e-01,1.111893768223389117e-01,1.134788027224168105e-01,1.158612352057130507e-01,1.183396482599571170e-01,1.209175017724997275e-01,1.235988578340837390e-01,1.263885254832700644e-01,1.292922408658573330e-01,1.323168915683292646e-01,1.354707961405229588e-01,1.387640526703900479e-01,1.422089738596741537e-01,1.458206305453731144e-01,1.496175312087485998e-01,1.536224719076573486e-01,1.578635994191747438e-01,1.623757402406706130e-01,1.672020592669557770e-01,1.723961237232951305e-01,1.780244585959364634e-01,1.841696859002728837e-01,1.909343351069787420e-01,1.984453841402215590e-01,2.068595193483241668e-01,2.163689554885329935e-01,2.272073812780321944e-01,2.396551176445724241e-01,2.540417993187735757e-01,2.707437244369164109e-01,2.901714470911534449e-01,3.127414425915746587e-01,3.388245192126216332e-01
7.416666666666666963e-01,3.234759107040862114e-01,3.061160063685497978e-01,2.911000742457068857e-01,2.780604586075039464e-01,2.666675427503504836e-01,2.566369117887245532e-01,2.477292795600770925e-01,2.397467175175000964e-01,2.325273667034366554e-01,2.259398665322340238e-01,2.198781304264831593e-01,2.142567401221115997e-01,2.090070319789535946e-01,2.040738475739122815e-01,1.994128760427709701e-01,1.949885015311072223e-01,1.907720706067360383e-01,1.867405030165225077e-01,1.828751801144311295e-01,1.791610562985063715e-01,1.755859487994005375e-01,1.721399697739770251e-01,1.688150718323106758e-01,1.656046839843828000e-01,1.625034197122808832e-01,1.595068426441152154e-01,1.566112783011208154e-01,1.538136627614906660e-01,1.511114209598492797e-01,1.485023688230088512e-01,1.459846346138866102e-01,1.435565957821512972e-01,1.412168283543681346e-01,1.389640664793811431e-01,1.367971702079927576e-01,1.347150999558117956e-01,1.327168963936012080e-01,1.308016647458472570e-01,1.289685626685717068e-01,1.272167910306826744e-01,1.255455870465160273e-01,1.239542193075260507e-01,1.224419843424413984e-01,1.210082044011852459e-01,1.196522262119940477e-01,1.183734205051913402e-01,1.171711821333858428e-01,1.160449306474955478e-01,1.149941112124332754e-01,1.140181957666617230e-01,1.131166843462749899e-01,1.122891065081730588e-01,1.115350227982984943e-01,1.108540262203911303e-01,1.102457436685885944e-01,1.097098372937732602e-01,1.092460057788951777e-01,1.088539855032398945e-01,1.085335515788565935e-01,1.082845187447799978e-01,1.081067421067359730e-01,1.080001177684215274e-01,1.079645832767166247e-01,1.080001177684232344e-01,1.081067421067307827e-01,1.082845187447746965e-01,1.085335515788551919e-01,1.088539855032387149e-01,1.092460057788918609e-01,1.097098372937715394e-01,1.102457436685910092e-01,1.108540262203923793e-01,1.115350227982931375e-01,1.122891065081719070e-01,1.131166843462764471e-01,1.140181957666640267e-01,1.149941112124342052e-01,1.160449306475026671e-01,1.171711821333899506e-01,1.183734205051881483e-01,1.196522262119905922e-01,1.210082044011865504e-01,1.224419843424428278e-01,1.239542193075271886e-01,1.255455870465169987e-01,1.272167910306834515e-01,1.289685626685693198e-01,1.308016647458400405e-01,1.327168963936056767e-01,1.347150999558061335e-01,1.367971702079896767e-01,1.389640664793870273e-01,1.412168283543653591e-01,1.435565957821440530e-01,1.459846346138890805e-01,1.485023688230101557e-01,1.511114209598474201e-01,1.538136627614908047e-01,1.566112783011246179e-01,1.595068426441206555e-01,1.625034197122787738e-01,1.656046839843783036e-01,1.688150718323102040e-01,1.721399697739776080e-01,1.755859487993970680e-01,1.791610562985006538e-01,1.828751801144325451e-01,1.867405030165228963e-01,1.907720706067378702e-01,1.949885015311064729e-01,1.994128760427711367e-01,2.040738475739135027e-01,2.090070319789521514e-01,2.142567401221107393e-01,2.198781304264814107e-01,2.259398665322341349e-01,2.325273667034357117e-01,2.397467175175019560e-01,2.477292795600765651e-01,2.566369117887240536e-01,2.666675427503493179e-01,2.780604586075021145e-01,2.911000742457047763e-01,3.061160063685585131e-01,3.234759107040822146e-01
7.454545454545454808e-01,3.337782750235843698e-01,3.214058989151877266e-01,3.104729333044007333e-01,3.007366650665264096e-01,2.919924631208949961e-01,2.840705506017288662e-01,2.768315792764440286e-01,2.701619917714158658e-01,2.639696747505179131e-01,2.581801205171448954e-01,2.527331560623061746e-01,2.475802175807612637e-01,2.426821122570319011e-01,2.380071974491084208e-01,2.335299082834438600e-01,2.292295713032996840e-01,2.250894504758496617e-01,2.210959806614627432e-01,2.172381516987720307e-01,2.135070132282204658e-01,2.098952762153641627e-01,2.063969919261952057e-01,2.030072929855326336e-01,1.997221842627495969e-01,1.965383738135618730e-01,1.934531360829484792e-01,1.904642011433111126e-01,1.875696649873335176e-01,1.847679168829151619e-01,1.820575805831533556e-01,1.794374668083315860e-01,1.769065349151019984e-01,1.744638620652981531e-01,1.721086185248378031e-01,1.698400479786507655e-01,1.676574519525649287e-01,1.655601775989768987e-01,1.635476082366660033e-01,1.616191561439564717e-01,1.597742571923384258e-01,1.580123669801225539e-01,1.563329581839527360e-01,1.547355188945264692e-01,1.532195517425928577e-01,1.517845736535962387e-01,1.504301160966075301e-01,1.491557257152594240e-01,1.479609652472520520e-01,1.468454146540268956e-01,1.458086723952049524e-01,1.448503567933350777e-01,1.439701074430223826e-01,1.431675866263352748e-01,1.424424807026893613e-01,1.417945014465489817e-01,1.412233873109839666e-01,1.407289045986445941e-01,1.403108485252922977e-01,1.399690441634472982e-01,1.397033472564799539e-01,1.395136448955965891e-01,1.393998560524275232e-01,1.393619319018887248e-01,1.393998560524273844e-01,1.395136448956003083e-01,1.397033472564789547e-01,1.399690441634584837e-01,1.403108485252952953e-01,1.407289045986421794e-01,1.412233873109800808e-01,1.417945014465522846e-01,1.424424807026877793e-01,1.431675866263404651e-01,1.439701074430273786e-01,1.448503567933385194e-01,1.458086723952011499e-01,1.468454146540227601e-01,1.479609652472572145e-01,1.491557257152560934e-01,1.504301160966063644e-01,1.517845736535997081e-01,1.532195517425919140e-01,1.547355188945186422e-01,1.563329581839502935e-01,1.580123669801269393e-01,1.597742571923349009e-01,1.616191561439482838e-01,1.635476082366646156e-01,1.655601775989670454e-01,1.676574519525626528e-01,1.698400479786518202e-01,1.721086185248436873e-01,1.744638620652995964e-01,1.769065349150961974e-01,1.794374668083309754e-01,1.820575805831599892e-01,1.847679168829181040e-01,1.875696649873278554e-01,1.904642011433123894e-01,1.934531360829473967e-01,1.965383738135628722e-01,1.997221842627502908e-01,2.030072929855328834e-01,2.063969919261937902e-01,2.098952762153646345e-01,2.135070132282186894e-01,2.172381516987720029e-01,2.210959806614639644e-01,2.250894504758510772e-01,2.292295713033002391e-01,2.335299082834401685e-01,2.380071974491101694e-01,2.426821122570358702e-01,2.475802175807627903e-01,2.527331560623052864e-01,2.581801205171430635e-01,2.639696747505181906e-01,2.701619917714181418e-01,2.768315792764433625e-01,2.840705506017295878e-01,2.919924631208932198e-01,3.007366650665263541e-01,3.104729333043994566e-01,3.214058989151875045e-01,3.337782750235847584e-01
7.492424242424242653e-01,3.540057970614154392e-01,3.442690916127565948e-01,3.354480943790241754e-01,3.273939992939872146e-01,3.199833126019302476e-01,3.131143221908340712e-01,3.067036694916244755e-01,3.006832482386437855e-01,2.949975119883643804e-01,2.896011957432458872e-01,2.844574196617972173e-01,2.795361277337139461e-01,2.748128111772488169e-01,2.702674691501391613e-01,2.658837647589648578e-01,2.616483404725036821e-01,2.575502629696522217e-01,2.535805727679669719e-01,2.497319185472128833e-01,2.459982599055047237e-01,2.423746254312862669e-01,2.388569155339514971e-01,2.354417415428560756e-01,2.321262942464113188e-01,2.289082363752942828e-01,2.257856145999540542e-01,2.227567874666684378e-01,2.198203663790275764e-01,2.169751672798798381e-01,2.142201711274786258e-01,2.115544916131633923e-01,2.089773488522312095e-01,2.064880480090421355e-01,2.040859620036253874e-01,2.017705175971377107e-01,1.995411842766811328e-01,1.973974654594254086e-01,1.953388916178060986e-01,1.933650149947085672e-01,1.914754056322475750e-01,1.896696484833874652e-01,1.879473414128837727e-01,1.863080939255315482e-01,1.847515264848585692e-01,1.832772703075349063e-01,1.818849675364066221e-01,1.805742717101098682e-01,1.793448484599745596e-01,1.781963763754706997e-01,1.771285479883574487e-01,1.761410708334949227e-01,1.752336685503786684e-01,1.744060819952257257e-01,1.736580703378340085e-01,1.729894121217085690e-01,1.723999062690349526e-01,1.718893730155190425e-01,1.714576547626855130e-01,1.711046168387326816e-01,1.708301481473756822e-01,1.706341615983195115e-01,1.705165947029190776e-01,1.704774099175032365e-01,1.705165947029160245e-01,1.706341615983196225e-01,1.708301481473720185e-01,1.711046168387341249e-01,1.714576547626840697e-01,1.718893730155121313e-01,1.723999062690317330e-01,1.729894121217070979e-01,1.736580703378360901e-01,1.744060819952208408e-01,1.752336685503776692e-01,1.761410708334891773e-01,1.771285479883533687e-01,1.781963763754702557e-01,1.793448484599838855e-01,1.805742717101073425e-01,1.818849675364033469e-01,1.832772703075355725e-01,1.847515264848593741e-01,1.863080939255370438e-01,1.879473414128874087e-01,1.896696484833924334e-01,1.914754056322575948e-01,1.933650149947066799e-01,1.953388916178059043e-01,1.973974654594204958e-01,1.995411842766816324e-01,2.017705175971319098e-01,2.040859620036243050e-01,2.064880480090450776e-01,2.089773488522296552e-01,2.115544916131680830e-01,2.142201711274770715e-01,2.169751672798779507e-01,2.198203663790258555e-01,2.227567874666650238e-01,2.257856145999608821e-01,2.289082363752928395e-01,2.321262942464119294e-01,2.354417415428484428e-01,2.388569155339511363e-01,2.423746254312869053e-01,2.459982599055019203e-01,2.497319185472164915e-01,2.535805727679696919e-01,2.575502629696559409e-01,2.616483404725077899e-01,2.658837647589657460e-01,2.702674691501414372e-01,2.748128111772481508e-01,2.795361277337132244e-01,2.844574196617974948e-01,2.896011957432461648e-01,2.949975119883637142e-01,3.006832482386429528e-01,3.067036694916259187e-01,3.131143221908351260e-01,3.199833126019290264e-01,3.273939992939871590e-01,3.354480943790250635e-01,3.442690916127579270e-01,3.540057970614142735e-01
7.530303030303030498e-01,3.756248886075064242e-01,3.673624071066872165e-01,3.597286968606656088e-01,3.526299625661474813e-01,3.459882338298161941e-01,3.397389462705243113e-01,3.338287633058925064e-01,3.282136809190247528e-01,3.228574143157625920e-01,3.177300440496694800e-01,3.128068905262608168e-01,3.080675840547021371e-01,3.034952993864647453e-01,2.990761270110547376e-01,2.947985572905444385e-01,2.906530572474932406e-01,2.866317232131978532e-01,2.827279954955640995e-01,2.789364237301030225e-01,2.752524736638605196e-01,2.716723678414749710e-01,2.681929540682864710e-01,2.648115966693793677e-01,2.615260864913501737e-01,2.583345663447741414e-01,2.552354691938212294e-01,2.522274668908768835e-01,2.493094276533311393e-01,2.464803808021625298e-01,2.437394875444830189e-01,2.410860167957087907e-01,2.385193252107095097e-01,2.360388407353924412e-01,2.336440491064847857e-01,2.313344828224706828e-01,2.291097121872795739e-01,2.269693380929511117e-01,2.249129862609658692e-01,2.229403027062105691e-01,2.210509502244704660e-01,2.192446057351613575e-01,2.175209583362111565e-01,2.158797079500637817e-01,2.143205644574923963e-01,2.128432472310607948e-01,2.114474849931493872e-01,2.101330159341807113e-01,2.088995880358815171e-01,2.077469595523715462e-01,2.066748996085322754e-01,2.056831888807779396e-01,2.047716203304707494e-01,2.039399999642587946e-01,2.031881475995330477e-01,2.025158976164950775e-01,2.019230996818529300e-01,2.014096194323601596e-01,2.009753390575223508e-01,2.006201577315555595e-01,2.003439924415023887e-01,2.001467782248786964e-01,2.000284684256224965e-01,1.999890349524690303e-01,2.000284684256228018e-01,2.001467782248750882e-01,2.003439924415036932e-01,2.006201577315552542e-01,2.009753390575222676e-01,2.014096194323615752e-01,2.019230996818582313e-01,2.025158976164967151e-01,2.031881475995316322e-01,2.039399999642625694e-01,2.047716203304720817e-01,2.056831888807781894e-01,2.066748996085326084e-01,2.077469595523774026e-01,2.088995880358795465e-01,2.101330159341800174e-01,2.114474849931487765e-01,2.128432472310584633e-01,2.143205644574973368e-01,2.158797079500651139e-01,2.175209583362067156e-01,2.192446057351624955e-01,2.210509502244725755e-01,2.229403027062066001e-01,2.249129862609684505e-01,2.269693380929516946e-01,2.291097121872758824e-01,2.313344828224717931e-01,2.336440491064851743e-01,2.360388407353904427e-01,2.385193252107072892e-01,2.410860167957158406e-01,2.437394875444896247e-01,2.464803808021648057e-01,2.493094276533286968e-01,2.522274668908708883e-01,2.552354691938208409e-01,2.583345663447804696e-01,2.615260864913476202e-01,2.648115966693783130e-01,2.681929540682798652e-01,2.716723678414729726e-01,2.752524736638587433e-01,2.789364237301056870e-01,2.827279954955640995e-01,2.866317232131965764e-01,2.906530572474903540e-01,2.947985572905407192e-01,2.990761270110572356e-01,3.034952993864599158e-01,3.080675840547048017e-01,3.128068905262627042e-01,3.177300440496664269e-01,3.228574143157644794e-01,3.282136809190251969e-01,3.338287633058920068e-01,3.397389462705254215e-01,3.459882338298154725e-01,3.526299625661473147e-01,3.597286968606638324e-01,3.673624071066882713e-01,3.756248886075062021e-01
7.568181818181818343e-01,3.948888522018729752e-01,3.875737402012239263e-01,3.807242349054258956e-01,3.742776739584419698e-01,3.681815431305996977e-01,3.623919280271367671e-01,3.568721502735727191e-01,3.515915914915134777e-01,3.465246933764151160e-01,3.416501154479578140e-01,3.369500299949056976e-01,3.324095342041668011e-01,3.280161611594277771e-01,3.237594735768284937e-01,3.196307264073514065e-01,3.156225865686468346e-01,3.117288999795572169e-01,3.079444977283804508e-01,3.042650346158537467e-01,3.006868544964651502e-01,2.972068778251123478e-01,2.938225076280234216e-01,2.905315507854991375e-01,2.873321520621394121e-01,2.842227387698976759e-01,2.812019743173848063e-01,2.782687192002417098e-01,2.754219982349854767e-01,2.726609730410532451e-01,2.699849189428834006e-01,2.673932056006513291e-01,2.648852807915765273e-01,2.624606568569624043e-01,2.601188994075324112e-01,2.578596179435480029e-01,2.556824580999249585e-01,2.535870952703702108e-01,2.515732294023683702e-01,2.496405807853364356e-01,2.477888866807775592e-01,2.460178986649983190e-01,2.443273805735738935e-01,2.427171069524862168e-01,2.411868619339196107e-01,2.397364384664023851e-01,2.383656378382799090e-01,2.370742694419349927e-01,2.358621507331584433e-01,2.347291073463738387e-01,2.336749733312852573e-01,2.326995914815579158e-01,2.318028137298618618e-01,2.309845015876601515e-01,2.302445266119809986e-01,2.295827708827219982e-01,2.289991273504682068e-01,2.284935002750695388e-01,2.280658060207793603e-01,2.277159731103642337e-01,2.274439425655848668e-01,2.272496682111812549e-01,2.271331169022415275e-01,2.270942686864837190e-01,2.271331169022403340e-01,2.272496682111824484e-01,2.274439425655806202e-01,2.277159731103684803e-01,2.280658060207758631e-01,2.284935002750706490e-01,2.289991273504718428e-01,2.295827708827247182e-01,2.302445266119809708e-01,2.309845015876558216e-01,2.318028137298657199e-01,2.326995914815566946e-01,2.336749733312879218e-01,2.347291073463777522e-01,2.358621507331624123e-01,2.370742694419340213e-01,2.383656378382866259e-01,2.397364384664044390e-01,2.411868619339239406e-01,2.427171069524932112e-01,2.443273805735803883e-01,2.460178986649938782e-01,2.477888866807766433e-01,2.496405807853391556e-01,2.515732294023650950e-01,2.535870952703674353e-01,2.556824580999210172e-01,2.578596179435496127e-01,2.601188994075318006e-01,2.624606568569680665e-01,2.648852807915769159e-01,2.673932056006539382e-01,2.699849189428870644e-01,2.726609730410536891e-01,2.754219982349876972e-01,2.782687192002420984e-01,2.812019743173899133e-01,2.842227387699046703e-01,2.873321520621351377e-01,2.905315507854973056e-01,2.938225076280262527e-01,2.972068778251097387e-01,3.006868544964663159e-01,3.042650346158534136e-01,3.079444977283818385e-01,3.117288999795551074e-01,3.156225865686466681e-01,3.196307264073513510e-01,3.237594735768279941e-01,3.280161611594268889e-01,3.324095342041684664e-01,3.369500299949061417e-01,3.416501154479595903e-01,3.465246933764148385e-01,3.515915914915159202e-01,3.568721502735722195e-01,3.623919280271352683e-01,3.681815431305998088e-01,3.742776739584430246e-01,3.807242349054250075e-01,3.875737402012235377e-01,3.948888522018721980e-01
7.606060606060606188e-01,4.104482150072108482e-01,4.038468218577304647e-01,3.976108959312850688e-01,3.916960051217048266e-01,3.860645538427155410e-01,3.806847741091637927e-01,3.755298409626775524e-01,3.705771085971324430e-01,3.658074574491462227e-01,3.612047399896735067e-01,3.567553124545415622e-01,3.524476403433316474e-01,3.482719666316430596e-01,3.442200329526022284e-01,3.402848453256701600e-01,3.364604772493350326e-01,3.327419040855369436e-01,3.291248636343733214e-01,3.256057386307295021e-01,3.221814576005131991e-01,3.188494111078268300e-01,3.156073809206197400e-01,3.124534800354603070e-01,3.093861018452055966e-01,3.064038770178405535e-01,3.035056368907659285e-01,3.006903823800031739e-01,2.979572575661116884e-01,2.953055272528863351e-01,2.927345579065815384e-01,2.902438014765450491e-01,2.878327816751649615e-01,2.855010823600311887e-01,2.832483377150301074e-01,2.810742239721157887e-01,2.789784524540110944e-01,2.769607637495414276e-01,2.750209228604650891e-01,2.731587151814870995e-01,2.713739431942456259e-01,2.696664237725852620e-01,2.680359860103571634e-01,2.664824694947372508e-01,2.650057229584789065e-01,2.636056032529291437e-01,2.622819745914905520e-01,2.610347080194080904e-01,2.598636810716141166e-01,2.587687775850041061e-01,2.577498876363889524e-01,2.568069075811498236e-01,2.559397401731990374e-01,2.551482947360414477e-01,2.544324871441918656e-01,2.537922403351083878e-01,2.532274847542740903e-01,2.527381582514326985e-01,2.523242063829866377e-01,2.519855826583252134e-01,2.517222487455020863e-01,2.515341746442589232e-01,2.514213388243600744e-01,2.513837283265936695e-01,2.514213388243550784e-01,2.515341746442616433e-01,2.517222487455034186e-01,2.519855826583207725e-01,2.523242063829916337e-01,2.527381582514325320e-01,2.532274847542726470e-01,2.537922403351020595e-01,2.544324871441968616e-01,2.551482947360422249e-01,2.559397401732001476e-01,2.568069075811516000e-01,2.577498876363840674e-01,2.587687775850014416e-01,2.598636810716151713e-01,2.610347080194157510e-01,2.622819745914903300e-01,2.636056032529295878e-01,2.650057229584782958e-01,2.664824694947435790e-01,2.680359860103537772e-01,2.696664237725885926e-01,2.713739431942434610e-01,2.731587151814906522e-01,2.750209228604656997e-01,2.769607637495370422e-01,2.789784524540063759e-01,2.810742239721128466e-01,2.832483377150326609e-01,2.855010823600376835e-01,2.878327816751597434e-01,2.902438014765479357e-01,2.927345579065857573e-01,2.953055272528814501e-01,2.979572575661103007e-01,3.006903823800027853e-01,3.035056368907687041e-01,3.064038770178459936e-01,3.093861018452057632e-01,3.124534800354587527e-01,3.156073809206146330e-01,3.188494111078229443e-01,3.221814576005119224e-01,3.256057386307302792e-01,3.291248636343739320e-01,3.327419040855382204e-01,3.364604772493356433e-01,3.402848453256682171e-01,3.442200329526018399e-01,3.482719666316431706e-01,3.524476403433318139e-01,3.567553124545421173e-01,3.612047399896742839e-01,3.658074574491462227e-01,3.705771085971314993e-01,3.755298409626787182e-01,3.806847741091637372e-01,3.860645538427163181e-01,3.916960051217059924e-01,3.976108959312851798e-01,4.038468218577310198e-01,4.104482150072119029e-01
7.643939393939394034e-01,4.219946874210818155e-01,4.160021671137467125e-01,4.103081327999390515e-01,4.048794414065359781e-01,3.996877971166101218e-01,3.947090653400676663e-01,3.899226705322672570e-01,3.853110737921412454e-01,3.808593233202641759e-01,3.765546697060519477e-01,3.723862379065996375e-01,3.683447482177894527e-01,3.644222792404079869e-01,3.606120666432682809e-01,3.569083323267489560e-01,3.533061393429933195e-01,3.498012686092213941e-01,3.463901140503651832e-01,3.430695933270762610e-01,3.398370717505116434e-01,3.366902973641067720e-01,3.336273454923805448e-01,3.306465713263161965e-01,3.277465693410107073e-01,3.249261385309632488e-01,3.221842526071098112e-01,3.195200344327861486e-01,3.169327340870816689e-01,3.144217100374891993e-01,3.119864129818848975e-01,3.096263719857482166e-01,3.073411825955952303e-01,3.051304966563911369e-01,3.029940135996443407e-01,3.009314730022477624e-01,2.989426482441477906e-01,2.970273411166299282e-01,2.951853772533873932e-01,2.934166022735983925e-01,2.917208785411146699e-01,2.900980824562740534e-01,2.885481022077654445e-01,2.870708359211803229e-01,2.856661901488856681e-01,2.843340786528547603e-01,2.830744214379743440e-01,2.818871439987091776e-01,2.807721767470031105e-01,2.797294545939360555e-01,2.787589166638258509e-01,2.778605060755461320e-01,2.770341695057979003e-01,2.762798577967735536e-01,2.755975258025671892e-01,2.749871321776655719e-01,2.744486395348462726e-01,2.739820145564634268e-01,2.735872280994555705e-01,2.732642552978641337e-01,2.730130756588532437e-01,2.728336731478350208e-01,2.727260362587547449e-01,2.726901580664030655e-01,2.727260362587533571e-01,2.728336731478399058e-01,2.730130756588537988e-01,2.732642552978651329e-01,2.735872280994592343e-01,2.739820145564610954e-01,2.744486395348438856e-01,2.749871321776689026e-01,2.755975258025706864e-01,2.762798577967747193e-01,2.770341695057941811e-01,2.778605060755502953e-01,2.787589166638302918e-01,2.797294545939376653e-01,2.807721767470081065e-01,2.818871439987067351e-01,2.830744214379732338e-01,2.843340786528605890e-01,2.856661901488883881e-01,2.870708359211779359e-01,2.885481022077691637e-01,2.900980824562760518e-01,2.917208785411131711e-01,2.934166022735967827e-01,2.951853772533889475e-01,2.970273411166335920e-01,2.989426482441506772e-01,3.009314730022476514e-01,3.029940135996415651e-01,3.051304966563915810e-01,3.073411825955936760e-01,3.096263719857463848e-01,3.119864129818902820e-01,3.144217100374876450e-01,3.169327340870813359e-01,3.195200344327824848e-01,3.221842526071087565e-01,3.249261385309609729e-01,3.277465693410109293e-01,3.306465713263148642e-01,3.336273454923804338e-01,3.366902973641072161e-01,3.398370717505135308e-01,3.430695933270777043e-01,3.463901140503674037e-01,3.498012686092206724e-01,3.533061393429942632e-01,3.569083323267498442e-01,3.606120666432680033e-01,3.644222792404099853e-01,3.683447482177890087e-01,3.723862379065997485e-01,3.765546697060537240e-01,3.808593233202661188e-01,3.853110737921408568e-01,3.899226705322663689e-01,3.947090653400673887e-01,3.996877971166093446e-01,4.048794414065374769e-01,4.103081327999384964e-01,4.160021671137485444e-01,4.219946874210830923e-01
7.681818181818181879e-01,4.296431807386081880e-01,4.242116084418531829e-01,4.190299488146553841e-01,4.140724808609785867e-01,4.093170780716141599e-01,4.047447198603502105e-01,4.003390616981424288e-01,3.960860604541397434e-01,3.919736499967683141e-01,3.879914615829717639e-01,3.841305835821079984e-01,3.803833553971897041e-01,3.767431909080620756e-01,3.732044272760033365e-01,3.697621954640490927e-01,3.664123093122231278e-01,3.631511704479832292e-01,3.599756867039571318e-01,3.568832020575927744e-01,3.538714364036733007e-01,3.509384337246572727e-01,3.480825174406598221e-01,3.453022519050952810e-01,3.425964091679868373e-01,3.399639402611259187e-01,3.374039503706195431e-01,3.349156773568505718e-01,3.324984731611405064e-01,3.301517877059757522e-01,3.278751549522371245e-01,3.256681808251734589e-01,3.235305327615301541e-01,3.214619306648660579e-01,3.194621390854813781e-01,3.175309604663241192e-01,3.156682293177048848e-01,3.138738072016558633e-01,3.121475784225569150e-01,3.104894463337602439e-01,3.088993301817140047e-01,3.073771624187294216e-01,3.059228864241315127e-01,3.045364545810870793e-01,3.032178266625574770e-01,3.019669684858876102e-01,3.007838508005818423e-01,2.996684483797814047e-01,2.986207392922979875e-01,2.976407042136598458e-01,2.967283256229956145e-01,2.958835884054663024e-01,2.951064790075754729e-01,2.943969851260255788e-01,2.937550956470719177e-01,2.931808005669419015e-01,2.926740909374628830e-01,2.922349588372617490e-01,2.918633973628320111e-01,2.915594006332287713e-01,2.913229638031761271e-01,2.911540830798304280e-01,2.910527557395864995e-01,2.910189801421189104e-01,2.910527557395847786e-01,2.911540830798298174e-01,2.913229638031797908e-01,2.915594006332249410e-01,2.918633973628286249e-01,2.922349588372706308e-01,2.926740909374635491e-01,2.931808005669437334e-01,2.937550956470744157e-01,2.943969851260290205e-01,2.951064790075751954e-01,2.958835884054702992e-01,2.967283256229948374e-01,2.976407042136654524e-01,2.986207392923042603e-01,2.996684483797801835e-01,3.007838508005844513e-01,3.019669684858889425e-01,3.032178266625573659e-01,3.045364545810889667e-01,3.059228864241307910e-01,3.073771624187286444e-01,3.088993301817164472e-01,3.104894463337628530e-01,3.121475784225578032e-01,3.138738072016599157e-01,3.156682293176997778e-01,3.175309604663218987e-01,3.194621390854824883e-01,3.214619306648695551e-01,3.235305327615279891e-01,3.256681808251724597e-01,3.278751549522341269e-01,3.301517877059742534e-01,3.324984731611416722e-01,3.349156773568520151e-01,3.374039503706224852e-01,3.399639402611245309e-01,3.425964091679884471e-01,3.453022519050940597e-01,3.480825174406620981e-01,3.509384337246578278e-01,3.538714364036744109e-01,3.568832020575933850e-01,3.599756867039558550e-01,3.631511704479852276e-01,3.664123093122215180e-01,3.697621954640494257e-01,3.732044272760032810e-01,3.767431909080606878e-01,3.803833553971899817e-01,3.841305835821084425e-01,3.879914615829721525e-01,3.919736499967678700e-01,3.960860604541400765e-01,4.003390616981415406e-01,4.047447198603503216e-01,4.093170780716134383e-01,4.140724808609776431e-01,4.190299488146574380e-01,4.242116084418544597e-01,4.296431807386116852e-01
7.719696969696969724e-01,4.336269667054495347e-01,4.287353435191274542e-01,4.240558884453496380e-01,4.195680346183480736e-01,4.152539807989223952e-01,4.110983283746332817e-01,4.070877614337595762e-01,4.032107669364680125e-01,3.994573912571409702e-01,3.958190291452967635e-01,3.922882412328475565e-01,3.888585964638334169e-01,3.855245361520349134e-01,3.822812567289886609e-01,3.791246085982220571e-01,3.760510088439803500e-01,3.730573658455681452e-01,3.701410141185744740e-01,3.672996579418621454e-01,3.645313225357501019e-01,3.618343117353359784e-01,3.592071712561597518e-01,3.566486567805243202e-01,3.541577062047351343e-01,3.517334154828824500e-01,3.493750175838303274e-01,3.470818641471197785e-01,3.448534094822217067e-01,3.426891966054148586e-01,3.405888450510353715e-01,3.385520402301649412e-01,3.365785241405338524e-01,3.346680872578939869e-01,3.328205614615699637e-01,3.310358138662030658e-01,3.293137414483173764e-01,3.276542663704461456e-01,3.260573319178163287e-01,3.245228989733018321e-01,3.230509429652152487e-01,3.216414512306597917e-01,3.202944207440475144e-01,3.190098561664618804e-01,3.177877681776096752e-01,3.166281720587949544e-01,3.155310865009640642e-01,3.144965323776757748e-01,3.135245316865334364e-01,3.126151079471597427e-01,3.117682847244029887e-01,3.109840851689861241e-01,3.102625316958474988e-01,3.096036456753280541e-01,3.090074471779642451e-01,3.084739547707957552e-01,3.080031853577735457e-01,3.075951540568466758e-01,3.072498741068228623e-01,3.069673567982005857e-01,3.067476114228606110e-01,3.065906452384503655e-01,3.064964634441533775e-01,3.064650691651769066e-01,3.064964634441522673e-01,3.065906452384495329e-01,3.067476114228597783e-01,3.069673567982034723e-01,3.072498741068224737e-01,3.075951540568475084e-01,3.080031853577732681e-01,3.084739547707929797e-01,3.090074471779610810e-01,3.096036456753270549e-01,3.102625316958484980e-01,3.109840851689861241e-01,3.117682847243983257e-01,3.126151079471554683e-01,3.135245316865302723e-01,3.144965323776712784e-01,3.155310865009604560e-01,3.166281720587953985e-01,3.177877681776117846e-01,3.190098561664609367e-01,3.202944207440505120e-01,3.216414512306637330e-01,3.230509429652141384e-01,3.245228989733038305e-01,3.260573319178173834e-01,3.276542663704467007e-01,3.293137414483206515e-01,3.310358138662013450e-01,3.328205614615661889e-01,3.346680872578939869e-01,3.365785241405327977e-01,3.385520402301652187e-01,3.405888450510364263e-01,3.426891966054165239e-01,3.448534094822222618e-01,3.470818641471179467e-01,3.493750175838293281e-01,3.517334154828823944e-01,3.541577062047311930e-01,3.566486567805232100e-01,3.592071712561611396e-01,3.618343117353355343e-01,3.645313225357480480e-01,3.672996579418618124e-01,3.701410141185722535e-01,3.730573658455662578e-01,3.760510088439809606e-01,3.791246085982209468e-01,3.822812567289889940e-01,3.855245361520345804e-01,3.888585964638325843e-01,3.922882412328470569e-01,3.958190291452958198e-01,3.994573912571416918e-01,4.032107669364682900e-01,4.070877614337595762e-01,4.110983283746332817e-01,4.152539807989223952e-01,4.195680346183482401e-01,4.240558884453486388e-01,4.287353435191263995e-01,4.336269667054487575e-01
7.757575757575757569e-01,4.341632361462867684e-01,4.298051838994777496e-01,4.256282379750508382e-01,4.216155852590148245e-01,4.177526033476299805e-01,4.140265812464756778e-01,4.104264730731805866e-01,4.069426821409395378e-01,4.035668724529969942e-01,4.002918045876707742e-01,3.971111930750619301e-01,3.940195825800716922e-01,3.910122404615768987e-01,3.880850635433982787e-01,3.852344971910294791e-01,3.824574650291230338e-01,3.797513078535467712e-01,3.771137304870351703e-01,3.745427554994069652e-01,3.720366828632359901e-01,3.695940547460050962e-01,3.672136247518139052e-01,3.648943310222982905e-01,3.626352726889978673e-01,3.604356892403829393e-01,3.582949424272529049e-01,3.562125003821092206e-01,3.541879236724337354e-01,3.522208530456716336e-01,3.503109986562725764e-01,3.484581305928146633e-01,3.466620705472211461e-01,3.449226844884392129e-01,3.432398762206159137e-01,3.416135817209591807e-01,3.400437641654510679e-01,3.385304095620547127e-01,3.370735229206300310e-01,3.356731248974487714e-01,3.343292488595941414e-01,3.330419383212582796e-01,3.318112447105135976e-01,3.306372254330166016e-01,3.295199422019207125e-01,3.284594592240470123e-01,3.274558419835146283e-01,3.265091572668832876e-01,3.256194711303693756e-01,3.247868482399085543e-01,3.240113512656401795e-01,3.232930403183569834e-01,3.226319724655314913e-01,3.220282013227447337e-01,3.214817767119446112e-01,3.209927443775419942e-01,3.205611457524026875e-01,3.201870177665223638e-01,3.198703926921639407e-01,3.196112980200719877e-01,3.194097563622613212e-01,3.192657853774227283e-01,3.191793977161167528e-01,3.191506009832317248e-01,3.191793977161176410e-01,3.192657853774194532e-01,3.194097563622597669e-01,3.196112980200737086e-01,3.198703926921622198e-01,3.201870177665228079e-01,3.205611457524036312e-01,3.209927443775419942e-01,3.214817767119417802e-01,3.220282013227461770e-01,3.226319724655273835e-01,3.232930403183590373e-01,3.240113512656373485e-01,3.247868482399113854e-01,3.256194711303720957e-01,3.265091572668876174e-01,3.274558419835127965e-01,3.284594592240487332e-01,3.295199422019229329e-01,3.306372254330154359e-01,3.318112447105133200e-01,3.330419383212593343e-01,3.343292488595916989e-01,3.356731248974484383e-01,3.370735229206301975e-01,3.385304095620559339e-01,3.400437641654494580e-01,3.416135817209561831e-01,3.432398762206157472e-01,3.449226844884381027e-01,3.466620705472215902e-01,3.484581305928169392e-01,3.503109986562739642e-01,3.522208530456714115e-01,3.541879236724323476e-01,3.562125003821103864e-01,3.582949424272534045e-01,3.604356892403851598e-01,3.626352726889974232e-01,3.648943310222976244e-01,3.672136247518156815e-01,3.695940547460044856e-01,3.720366828632373779e-01,3.745427554994064101e-01,3.771137304870361140e-01,3.797513078535467157e-01,3.824574650291227007e-01,3.852344971910297011e-01,3.880850635433989448e-01,3.910122404615771763e-01,3.940195825800713036e-01,3.971111930750621521e-01,4.002918045876698305e-01,4.035668724529965501e-01,4.069426821409412032e-01,4.104264730731816968e-01,4.140265812464762885e-01,4.177526033476305356e-01,4.216155852590177111e-01,4.256282379750510048e-01,4.298051838994774720e-01,4.341632361462886003e-01
7.795454545454545414e-01,4.314011744406900384e-01,4.275808631148160233e-01,4.239148027723870227e-01,4.203890273424071844e-01,4.169913453881945453e-01,4.137111194905812583e-01,4.105390717341609319e-01,4.074671129392740676e-01,4.044881931786091789e-01,4.015961711746673934e-01,3.987857003224004049e-01,3.960521292740968868e-01,3.933914152329002212e-01,3.908000483099156042e-01,3.882749854977410320e-01,3.858135929953843690e-01,3.834135957837704889e-01,3.810730334969236743e-01,3.787902217622888812e-01,3.765637182956720341e-01,3.743922931335770254e-01,3.722749024699061882e-01,3.702106656365082293e-01,3.681988448296012462e-01,3.662388272378335197e-01,3.643301092738729929e-01,3.624722826511720952e-01,3.606650220815715846e-01,3.589080743987619893e-01,3.572012489378469935e-01,3.555444090229361032e-01,3.539374644333938558e-01,3.523803647356419377e-01,3.508730933811788355e-01,3.494156624838213876e-01,3.480081081994013670e-01,3.466504866405927254e-01,3.453428702673123629e-01,3.440853447007298227e-01,3.428780059159563520e-01,3.417209577781699648e-01,3.406143098828738336e-01,3.395581751071529708e-01,3.385526683433213724e-01,3.375979060070877225e-01,3.366940035029747924e-01,3.358410743343934191e-01,3.350392292005358597e-01,3.342885751623095314e-01,3.335892149120322503e-01,3.329412461412719626e-01,3.323447609965994309e-01,3.317998456132891238e-01,3.313065797175651639e-01,3.308650362890952490e-01,3.304752812763622205e-01,3.301373733584180292e-01,3.298513637473201587e-01,3.296172960264018292e-01,3.294352060202098142e-01,3.293051216926951574e-01,3.292270630708386547e-01,3.292010421916368168e-01,3.292270630708390988e-01,3.293051216926946023e-01,3.294352060202088150e-01,3.296172960263993867e-01,3.298513637473201032e-01,3.301373733584166970e-01,3.304752812763612213e-01,3.308650362890944163e-01,3.313065797175659410e-01,3.317998456132905671e-01,3.323447609965966554e-01,3.329412461412690760e-01,3.335892149120355255e-01,3.342885751623085877e-01,3.350392292005364703e-01,3.358410743343959171e-01,3.366940035029724054e-01,3.375979060070877780e-01,3.385526683433203177e-01,3.395581751071539145e-01,3.406143098828735005e-01,3.417209577781698537e-01,3.428780059159574622e-01,3.440853447007308774e-01,3.453428702673146389e-01,3.466504866405917262e-01,3.480081081994026992e-01,3.494156624838209990e-01,3.508730933811796127e-01,3.523803647356406610e-01,3.539374644333947995e-01,3.555444090229353815e-01,3.572012489378486033e-01,3.589080743987600464e-01,3.606650220815719732e-01,3.624722826511727614e-01,3.643301092738733815e-01,3.662388272378323539e-01,3.681988448296017458e-01,3.702106656365078408e-01,3.722749024699059661e-01,3.743922931335763593e-01,3.765637182956712570e-01,3.787902217622892698e-01,3.810730334969237298e-01,3.834135957837709885e-01,3.858135929953849241e-01,3.882749854977411985e-01,3.908000483099166034e-01,3.933914152329002212e-01,3.960521292740974975e-01,3.987857003224005714e-01,4.015961711746665053e-01,4.044881931786081242e-01,4.074671129392730684e-01,4.105390717341597662e-01,4.137111194905831457e-01,4.169913453881949339e-01,4.203890273424080726e-01,4.239148027723893541e-01,4.275808631148165229e-01,4.314011744406912041e-01
7.833333333333333259e-01,4.254314746618264587e-01,4.221633559112696332e-01,4.190251647383771427e-01,4.160051732445746442e-01,4.130931158944418646e-01,4.102800121664394450e-01,4.075580101900663776e-01,4.049202492655304964e-01,4.023607392016345097e-01,3.998742545255519198e-01,3.974562417762451116e-01,3.951027382673049648e-01,3.928103008798535800e-01,3.905759436134750850e-01,3.883970827780392487e-01,3.862714888497748578e-01,3.841972441404677419e-01,3.821727055396537676e-01,3.801964716870516736e-01,3.782673540174473215e-01,3.763843511941129538e-01,3.745466265108086112e-01,3.727534878978297495e-01,3.710043702153438816e-01,3.692988195585819033e-01,3.676364793350751503e-01,3.660170779048961265e-01,3.644404176014392482e-01,3.629063649731982255e-01,3.614148421069152128e-01,3.599658189096028305e-01,3.585593062418930832e-01,3.571953498080621681e-01,3.558740247194165374e-01,3.545954306575228587e-01,3.533596875724910880e-01,3.521669318595437859e-01,3.510173129652636725e-01,3.499109903863517612e-01,3.488481310102639621e-01,3.478289059794992255e-01,3.468534894774114030e-01,3.459220576199298347e-01,3.450347854392894487e-01,3.441918457533295062e-01,3.433934079594909150e-01,3.426396369226915040e-01,3.419306919903066233e-01,3.412667261270958541e-01,3.406478851584724410e-01,3.400743071107056315e-01,3.395461216374650593e-01,3.390634495231596990e-01,3.386264022545658614e-01,3.382350816531191628e-01,3.378895795611275288e-01,3.375899775759966803e-01,3.373363468273125609e-01,3.371287477923015641e-01,3.369672301458987995e-01,3.368518326422842990e-01,3.367825830253179387e-01,3.367594979659729870e-01,3.367825830253178832e-01,3.368518326422839659e-01,3.369672301458980779e-01,3.371287477923013975e-01,3.373363468273117838e-01,3.375899775759984567e-01,3.378895795611262520e-01,3.382350816531185522e-01,3.386264022545650287e-01,3.390634495231580892e-01,3.395461216374654478e-01,3.400743071107063531e-01,3.406478851584721634e-01,3.412667261270965757e-01,3.419306919903074005e-01,3.426396369226896721e-01,3.433934079594904709e-01,3.441918457533300058e-01,3.450347854392882274e-01,3.459220576199307784e-01,3.468534894774105704e-01,3.478289059794981708e-01,3.488481310102616861e-01,3.499109903863528714e-01,3.510173129652650603e-01,3.521669318595439524e-01,3.533596875724914210e-01,3.545954306575231918e-01,3.558740247194169259e-01,3.571953498080620015e-01,3.585593062418933608e-01,3.599658189096045513e-01,3.614148421069144357e-01,3.629063649731980590e-01,3.644404176014394703e-01,3.660170779048973477e-01,3.676364793350742066e-01,3.692988195585817923e-01,3.710043702153439926e-01,3.727534878978295274e-01,3.745466265108085557e-01,3.763843511941127318e-01,3.782673540174470439e-01,3.801964716870508965e-01,3.821727055396538786e-01,3.841972441404677419e-01,3.862714888497746357e-01,3.883970827780396928e-01,3.905759436134749185e-01,3.928103008798545237e-01,3.951027382673066857e-01,3.974562417762452227e-01,3.998742545255510317e-01,4.023607392016353979e-01,4.049202492655301078e-01,4.075580101900668772e-01,4.102800121664373356e-01,4.130931158944409765e-01,4.160051732445745887e-01,4.190251647383760325e-01,4.221633559112702994e-01,4.254314746618287901e-01
7.871212121212121104e-01,4.162763359708417377e-01,4.135859576088286027e-01,4.110024009198877115e-01,4.085157652558267238e-01,4.061173698019185374e-01,4.037996098472352857e-01,4.015558298743047150e-01,3.993802116636387955e-01,3.972676757183749019e-01,3.952137944528515412e-01,3.932147157387209102e-01,3.912670955513927740e-01,3.893680386020987316e-01,3.875150459725128504e-01,3.857059688887918836e-01,3.839389678790888771e-01,3.822124766538602114e-01,3.805251701322105995e-01,3.788759361110308199e-01,3.772638501379612652e-01,3.756881532051552508e-01,3.741482319295095227e-01,3.726436009273033645e-01,3.711738871278724705e-01,3.697388158028520055e-01,3.683381981151209739e-01,3.669719200156690286e-01,3.656399323374235344e-01,3.643422419532910128e-01,3.630789038814306036e-01,3.618500142346122717e-01,3.606557039225563033e-01,3.594961330267302246e-01,3.583714857765722961e-01,3.572819660647562068e-01,3.562277934485126307e-01,3.552091995977555983e-01,3.542264251245965112e-01,3.532797157086963735e-01,3.523693210360418493e-01,3.514954929922500804e-01,3.506584821769246352e-01,3.498585365316383422e-01,3.490958998334867114e-01,3.483708103060005334e-01,3.476834993803101237e-01,3.470341905979353880e-01,3.464230986419782887e-01,3.458504284837934373e-01,3.453163746331462947e-01,3.448211204810219255e-01,3.443648377252571113e-01,3.439476858702998907e-01,3.435698117931910156e-01,3.432313493688085027e-01,3.429324191482124307e-01,3.426731280846335714e-01,3.424535693023340044e-01,3.422738219043094388e-01,3.421339508152604902e-01,3.420340066570135007e-01,3.419740256539993695e-01,3.419540295670186469e-01,3.419740256540005907e-01,3.420340066570140558e-01,3.421339508152603792e-01,3.422738219043085506e-01,3.424535693023335603e-01,3.426731280846323502e-01,3.429324191482122086e-01,3.432313493688068373e-01,3.435698117931914597e-01,3.439476858703011675e-01,3.443648377252551129e-01,3.448211204810209263e-01,3.453163746331457395e-01,3.458504284837925491e-01,3.464230986419780112e-01,3.470341905979350550e-01,3.476834993803097351e-01,3.483708103059995898e-01,3.490958998334875441e-01,3.498585365316382312e-01,3.506584821769233584e-01,3.514954929922499693e-01,3.523693210360432926e-01,3.532797157086975393e-01,3.542264251245955675e-01,3.552091995977557093e-01,3.562277934485112985e-01,3.572819660647557627e-01,3.583714857765715744e-01,3.594961330267311683e-01,3.606557039225567474e-01,3.618500142346121606e-01,3.630789038814299374e-01,3.643422419532914014e-01,3.656399323374233679e-01,3.669719200156691397e-01,3.683381981151214180e-01,3.697388158028526162e-01,3.711738871278730256e-01,3.726436009273030869e-01,3.741482319295098558e-01,3.756881532051545847e-01,3.772638501379605436e-01,3.788759361110304313e-01,3.805251701322101554e-01,3.822124766538603224e-01,3.839389678790892102e-01,3.857059688887931048e-01,3.875150459725129060e-01,3.893680386020986761e-01,3.912670955513936621e-01,3.932147157387205771e-01,3.952137944528529290e-01,3.972676757183721263e-01,3.993802116636390731e-01,4.015558298743042154e-01,4.037996098472365625e-01,4.061173698019168721e-01,4.085157652558268349e-01,4.110024009198872674e-01,4.135859576088302125e-01,4.162763359708436250e-01
7.909090909090908950e-01,4.038660238538918645e-01,4.017931485298141814e-01,3.998039275400686599e-01,3.978900412009470644e-01,3.960441894611032021e-01,3.942599770090666755e-01,3.925318111724004910e-01,3.908548112549307119e-01,3.892247280633010509e-01,3.876378724867526326e-01,3.860910521054097821e-01,3.845815149099805486e-01,3.831068993155279934e-01,3.816651897441734054e-01,3.802546771346094756e-01,3.788739238112355801e-01,3.775217322123411989e-01,3.761971170359478811e-01,3.748992804143316260e-01,3.736275897743088215e-01,3.723815580811295489e-01,3.711608261994490121e-01,3.699651471362948585e-01,3.687943719584851898e-01,3.676484372011402102e-01,3.665273536051786851e-01,3.654311960403337500e-01,3.643600944866280389e-01,3.633142259616636283e-01,3.622938072938007292e-01,3.612990886525657142e-01,3.603303477577893266e-01,3.593878846984552289e-01,3.584720173027983181e-01,3.575830770179595497e-01,3.567214052163178994e-01,3.558873485282781357e-01,3.550812580262460716e-01,3.543034866775300329e-01,3.535543853773360778e-01,3.528343013512440507e-01,3.521435763609609970e-01,3.514825450500372317e-01,3.508515334637254401e-01,3.502508577326530759e-01,3.496808229052751904e-01,3.491417219143271855e-01,3.486338346636614904e-01,3.481574272230596456e-01,3.477127511198333520e-01,3.473000427171425430e-01,3.469195226699436363e-01,3.465713954504437422e-01,3.462558489358476543e-01,3.459730540518723418e-01,3.457231644663393832e-01,3.455063163277965477e-01,3.453226280447777019e-01,3.451722001018817099e-01,3.450551149094499004e-01,3.449714366841907243e-01,3.449212113585060080e-01,3.449044665169402890e-01,3.449212113585056749e-01,3.449714366841892810e-01,3.450551149094511771e-01,3.451722001018824870e-01,3.453226280447801999e-01,3.455063163277977134e-01,3.457231644663375514e-01,3.459730540518723974e-01,3.462558489358486535e-01,3.465713954504429095e-01,3.469195226699430257e-01,3.473000427171440418e-01,3.477127511198322973e-01,3.481574272230585909e-01,3.486338346636619345e-01,3.491417219143282957e-01,3.496808229052754680e-01,3.502508577326521322e-01,3.508515334637251626e-01,3.514825450500372872e-01,3.521435763609614966e-01,3.528343013512432735e-01,3.535543853773359668e-01,3.543034866775293668e-01,3.550812580262456275e-01,3.558873485282781912e-01,3.567214052163185101e-01,3.575830770179591611e-01,3.584720173027970969e-01,3.593878846984555064e-01,3.603303477577886049e-01,3.612990886525663248e-01,3.622938072938001741e-01,3.633142259616637393e-01,3.643600944866270952e-01,3.654311960403335280e-01,3.665273536051786851e-01,3.676484372011405988e-01,3.687943719584861335e-01,3.699651471362947475e-01,3.711608261994484015e-01,3.723815580811304926e-01,3.736275897743097651e-01,3.748992804143312374e-01,3.761971170359472705e-01,3.775217322123406438e-01,3.788739238112354135e-01,3.802546771346094201e-01,3.816651897441747932e-01,3.831068993155304359e-01,3.845815149099787167e-01,3.860910521054131128e-01,3.876378724867532988e-01,3.892247280633032158e-01,3.908548112549284359e-01,3.925318111724006576e-01,3.942599770090665090e-01,3.960441894611070879e-01,3.978900412009457321e-01,3.998039275400646075e-01,4.017931485298127936e-01,4.038660238538877567e-01
7.946969696969696795e-01,3.880802219003419706e-01,3.866787422382594319e-01,3.853366921152932556e-01,3.840472061096946166e-01,3.828042550148885170e-01,3.816025615426218431e-01,3.804375232444039412e-01,3.793051423224431673e-01,3.782019619252013909e-01,3.771250084815264136e-01,3.760717396122947864e-01,3.750399971602064730e-01,3.740279648926998490e-01,3.730341304542705849e-01,3.720572511705237395e-01,3.710963233346444290e-01,3.701505546360447374e-01,3.692193394195354417e-01,3.683022364912930668e-01,3.673989492140687374e-01,3.665093076586556919e-01,3.656332526014365314e-01,3.647708211786985788e-01,3.639221340275384242e-01,3.630873837604668419e-01,3.622668246365706168e-01,3.614607633062676406e-01,3.606695505195116058e-01,3.598935736988836953e-01,3.591332502896679713e-01,3.583890218092848357e-01,3.576613485302385098e-01,3.569507047509979936e-01,3.562575745529123483e-01,3.555824462773038985e-01,3.549258120175965980e-01,3.542881643425915827e-01,3.536699917965639983e-01,3.530717771076967715e-01,3.524939951283329043e-01,3.519371109382872231e-01,3.514015781485553269e-01,3.508878373930648942e-01,3.503963149909750663e-01,3.499274217624349093e-01,3.494815519820386740e-01,3.490590824556210614e-01,3.486603717074466258e-01,3.482857592661062207e-01,3.479355650385785315e-01,3.476100887630075298e-01,3.473096095316903775e-01,3.470343853766901243e-01,3.467846529112422194e-01,3.465606270209653506e-01,3.463625005994838135e-01,3.461904443237885931e-01,3.460446064652112352e-01,3.459251127325090880e-01,3.458320661439914234e-01,3.457655469262703174e-01,3.457256124375425177e-01,3.457122971139004464e-01,3.457256124375439055e-01,3.457655469262717607e-01,3.458320661439914234e-01,3.459251127325078667e-01,3.460446064652129561e-01,3.461904443237882045e-01,3.463625005994847017e-01,3.465606270209667383e-01,3.467846529112426635e-01,3.470343853766906239e-01,3.473096095316910437e-01,3.476100887630062530e-01,3.479355650385788645e-01,3.482857592661060542e-01,3.486603717074467368e-01,3.490590824556205063e-01,3.494815519820393956e-01,3.499274217624345762e-01,3.503963149909741781e-01,3.508878373930655048e-01,3.514015781485552714e-01,3.519371109382862239e-01,3.524939951283316830e-01,3.530717771076962719e-01,3.536699917965646645e-01,3.542881643425921379e-01,3.549258120175967091e-01,3.555824462773043426e-01,3.562575745529122928e-01,3.569507047509982711e-01,3.576613485302385653e-01,3.583890218092846136e-01,3.591332502896680268e-01,3.598935736988832512e-01,3.606695505195122720e-01,3.614607633062673075e-01,3.622668246365715050e-01,3.630873837604680632e-01,3.639221340275382577e-01,3.647708211786968580e-01,3.656332526014368645e-01,3.665093076586575793e-01,3.673989492140691815e-01,3.683022364912923452e-01,3.692193394195354417e-01,3.701505546360452925e-01,3.710963233346425416e-01,3.720572511705204644e-01,3.730341304542699188e-01,3.740279648926999045e-01,3.750399971602050297e-01,3.760717396122954526e-01,3.771250084815270798e-01,3.782019619251992260e-01,3.793051423224422236e-01,3.804375232444013877e-01,3.816025615426246742e-01,3.828042550148894052e-01,3.840472061096960044e-01,3.853366921152915903e-01,3.866787422382560457e-01,3.880802219003465225e-01
7.984848484848485750e-01,3.688229039001963416e-01,3.681461264028533797e-01,3.675055815795465475e-01,3.668952729555657322e-01,3.663099514464708273e-01,3.657450527372832494e-01,3.651966354650688085e-01,3.646613217713107202e-01,3.641362411549121103e-01,3.636189781241078167e-01,3.631075238546856987e-01,3.626002318688540393e-01,3.620957776253334037e-01,3.615931218342035014e-01,3.610914772662929817e-01,3.605902788050585617e-01,3.600891564827337077e-01,3.595879112454200555e-01,3.590864932019849909e-01,3.585849821247763525e-01,3.580835699859771792e-01,3.575825453298000500e-01,3.570822792973021298e-01,3.565832131368356084e-01,3.560858470484259963e-01,3.555907302249872726e-01,3.550984519668504702e-01,3.546096337587673064e-01,3.541249222112446415e-01,3.536449827825338121e-01,3.531704942231547739e-01,3.527021436209486493e-01,3.522406198200398464e-01,3.517866131918056527e-01,3.513408116419703964e-01,3.509038953945504691e-01,3.504765350216063058e-01,3.500593891145872827e-01,3.496531021508010317e-01,3.492583025968331589e-01,3.488756012328539380e-01,3.485055896761053984e-01,3.481488390825971946e-01,3.478058990077339541e-01,3.474772964085042770e-01,3.471635347714985276e-01,3.468650933526884472e-01,3.465824265162839035e-01,3.463159631613220157e-01,3.460661062257895382e-01,3.458332322591801122e-01,3.456176910552967163e-01,3.454198053380737043e-01,3.452398704939139695e-01,3.450781543448024347e-01,3.449348969571583434e-01,3.448103104819618125e-01,3.447045790223083328e-01,3.446178585250588289e-01,3.445502766937667549e-01,3.445019329205560865e-01,3.444728982350562241e-01,3.444632152689363069e-01,3.444728982350560575e-01,3.445019329205564196e-01,3.445502766937670880e-01,3.446178585250587179e-01,3.447045790223094430e-01,3.448103104819614795e-01,3.449348969571575663e-01,3.450781543448023791e-01,3.452398704939145246e-01,3.454198053380737043e-01,3.456176910552956616e-01,3.458332322591788910e-01,3.460661062257907039e-01,3.463159631613212941e-01,3.465824265162835705e-01,3.468650933526885027e-01,3.471635347714985276e-01,3.474772964085037219e-01,3.478058990077340651e-01,3.481488390825969725e-01,3.485055896761057870e-01,3.488756012328532718e-01,3.492583025968324373e-01,3.496531021508012538e-01,3.500593891145878378e-01,3.504765350216063058e-01,3.509038953945506911e-01,3.513408116419697858e-01,3.517866131918048200e-01,3.522406198200395688e-01,3.527021436209478167e-01,3.531704942231546074e-01,3.536449827825323688e-01,3.541249222112448636e-01,3.546096337587666403e-01,3.550984519668497486e-01,3.555907302249873281e-01,3.560858470484248861e-01,3.565832131368368851e-01,3.570822792973004645e-01,3.575825453297999945e-01,3.580835699859797883e-01,3.585849821247747982e-01,3.590864932019848244e-01,3.595879112454177240e-01,3.600891564827310432e-01,3.605902788050585062e-01,3.610914772662894290e-01,3.615931218342046116e-01,3.620957776253314608e-01,3.626002318688553161e-01,3.631075238546842554e-01,3.636189781241067065e-01,3.641362411549095568e-01,3.646613217713107757e-01,3.651966354650692526e-01,3.657450527372800853e-01,3.663099514464735473e-01,3.668952729555671199e-01,3.675055815795418290e-01,3.681461264028490499e-01,3.688229039001972298e-01
8.022727272727272485e-01,3.464363376255531479e-01,3.464414656753483368e-01,3.464842359138115002e-01,3.465534040969103224e-01,3.466398275526086925e-01,3.467360658157216391e-01,3.468360717226294243e-01,3.469349485391991506e-01,3.470287562348865484e-01,3.471143549933525252e-01,3.471892774002435234e-01,3.472516230461485942e-01,3.472999708863850898e-01,3.473333058375242532e-01,3.473509569119668239e-01,3.473525447933675236e-01,3.473379372031952239e-01,3.473072107456177671e-01,3.472606181755485966e-01,3.471985602334261012e-01,3.471215613460763016e-01,3.470302486157210153e-01,3.469253336173765412e-01,3.468075966039249614e-01,3.466778727822931727e-01,3.465370403771901309e-01,3.463860102435277755e-01,3.462257168293693121e-01,3.460571103407708571e-01,3.458811499297173020e-01,3.456987950950445865e-01,3.455110047333357359e-01,3.453187324064288521e-01,3.451229194956558777e-01,3.449244927779757663e-01,3.447243615601072175e-01,3.445234150975547971e-01,3.443225203423823100e-01,3.441225199905035836e-01,3.439242307941915988e-01,3.437284421077220764e-01,3.435359146375285833e-01,3.433473793714192368e-01,3.431635366644089635e-01,3.429850554612203783e-01,3.428125726379806504e-01,3.426466924474436127e-01,3.424879860540537835e-01,3.423369911466430104e-01,3.421942116179932381e-01,3.420601173017016605e-01,3.419351437579499775e-01,3.418196921007427558e-01,3.417141288600205606e-01,3.416187858729469728e-01,3.415339601992954388e-01,3.414599140565829360e-01,3.413968747711350615e-01,3.413450347419028086e-01,3.413045514142453163e-01,3.412755472614595331e-01,3.412581097722648948e-01,3.412522914428045007e-01,3.412581097722660051e-01,3.412755472614595886e-01,3.413045514142439840e-01,3.413450347419018649e-01,3.413968747711348395e-01,3.414599140565823254e-01,3.415339601992969931e-01,3.416187858729480831e-01,3.417141288600211713e-01,3.418196921007434219e-01,3.419351437579498110e-01,3.420601173017005503e-01,3.421942116179929050e-01,3.423369911466448423e-01,3.424879860540528398e-01,3.426466924474426690e-01,3.428125726379814275e-01,3.429850554612209890e-01,3.431635366644080753e-01,3.433473793714210132e-01,3.435359146375271400e-01,3.437284421077214103e-01,3.439242307941909327e-01,3.441225199905039167e-01,3.443225203423835312e-01,3.445234150975544640e-01,3.447243615601063293e-01,3.449244927779773762e-01,3.451229194956544344e-01,3.453187324064287411e-01,3.455110047333355139e-01,3.456987950950451971e-01,3.458811499297173575e-01,3.460571103407708571e-01,3.462257168293698117e-01,3.463860102435278865e-01,3.465370403771925178e-01,3.466778727822919515e-01,3.468075966039249614e-01,3.469253336173786506e-01,3.470302486157216815e-01,3.471215613460763572e-01,3.471985602334264898e-01,3.472606181755468202e-01,3.473072107456174340e-01,3.473379372031947798e-01,3.473525447933695220e-01,3.473509569119671014e-01,3.473333058375235871e-01,3.472999708863864221e-01,3.472516230461490383e-01,3.471892774002413584e-01,3.471143549933504158e-01,3.470287562348849941e-01,3.469349485391982069e-01,3.468360717226294243e-01,3.467360658157192521e-01,3.466398275526098027e-01,3.465534040969087681e-01,3.464842359138129990e-01,3.464414656753534438e-01,3.464363376255511495e-01
8.060606060606061440e-01,3.232928723515980374e-01,3.233213712563183240e-01,3.235764123622172361e-01,3.239894635278016688e-01,3.245108690744696878e-01,3.251041720153777237e-01,3.257423214631167130e-01,3.264050863984740425e-01,3.270772580847719491e-01,3.277473783899797488e-01,3.284068253440315388e-01,3.290491455626892714e-01,3.296695600238004342e-01,3.302645934093199065e-01,3.308317927669109371e-01,3.313695115887634879e-01,3.318767423943763117e-01,3.323529856940596328e-01,3.327981465370775105e-01,3.332124521885301838e-01,3.335963861448280054e-01,3.339506348970549543e-01,3.342760447242968391e-01,3.345735864410780414e-01,3.348443265010381809e-01,3.350894032213652673e-01,3.353100071847331387e-01,3.355073650671264729e-01,3.356827230767999160e-01,3.358373400303224510e-01,3.359724790329142174e-01,3.360893952757090242e-01,3.361893308771016775e-01,3.362735095745370550e-01,3.363431321655084849e-01,3.363993726834923481e-01,3.364433752066143257e-01,3.364762512028385277e-01,3.364990773290377768e-01,3.365128936137863902e-01,3.365187019646999622e-01,3.365174649500819459e-01,3.365101048122707827e-01,3.364975026764445709e-01,3.364804979239397476e-01,3.364598877035878677e-01,3.364364265585222391e-01,3.364108261488515939e-01,3.363837550536276089e-01,3.363558386376076514e-01,3.363276589704405350e-01,3.362997547876328541e-01,3.362726214840015548e-01,3.362467111317308244e-01,3.362224325161946026e-01,3.362001511836767431e-01,3.361801894959881576e-01,3.361628266877167981e-01,3.361482989225628160e-01,3.361367993457270997e-01,3.361284781299648250e-01,3.361234425133287074e-01,3.361217568271672729e-01,3.361234425133285408e-01,3.361284781299662128e-01,3.361367993457284875e-01,3.361482989225632600e-01,3.361628266877180748e-01,3.361801894959883241e-01,3.362001511836795742e-01,3.362224325161949356e-01,3.362467111317304913e-01,3.362726214840021655e-01,3.362997547876338533e-01,3.363276589704410346e-01,3.363558386376060971e-01,3.363837550536287746e-01,3.364108261488508167e-01,3.364364265585203517e-01,3.364598877035890334e-01,3.364804979239389149e-01,3.364975026764460697e-01,3.365101048122703387e-01,3.365174649500819459e-01,3.365187019646996291e-01,3.365128936137850579e-01,3.364990773290400528e-01,3.364762512028396935e-01,3.364433752066121053e-01,3.363993726834937359e-01,3.363431321655077633e-01,3.362735095745367220e-01,3.361893308771036759e-01,3.360893952757091352e-01,3.359724790329152166e-01,3.358373400303202860e-01,3.356827230768019144e-01,3.355073650671263619e-01,3.353100071847320840e-01,3.350894032213627138e-01,3.348443265010394021e-01,3.345735864410756544e-01,3.342760447242972277e-01,3.339506348970563976e-01,3.335963861448290046e-01,3.332124521885304058e-01,3.327981465370773995e-01,3.323529856940598548e-01,3.318767423943809192e-01,3.313695115887659304e-01,3.308317927669116587e-01,3.302645934093197955e-01,3.296695600237993240e-01,3.290491455626887163e-01,3.284068253440313723e-01,3.277473783899816917e-01,3.270772580847714495e-01,3.264050863984732653e-01,3.257423214631185449e-01,3.251041720153743375e-01,3.245108690744709645e-01,3.239894635278016133e-01,3.235764123622170141e-01,3.233213712563169917e-01,3.232928723516034220e-01
8.098484848484848175e-01,3.120343536168541099e-01,3.078021834793006617e-01,3.053015824187372829e-01,3.039737097975879765e-01,3.034489899853052841e-01,3.034779553254153828e-01,3.038890428509046782e-01,3.045623000578247530e-01,3.054126520529041877e-01,3.063790316070083009e-01,3.074171782628697946e-01,3.084947796203672543e-01,3.095881363887908466e-01,3.106798366676791212e-01,3.117571099841554561e-01,3.128106464224497119e-01,3.138337386749505686e-01,3.148216513961773488e-01,3.157711526144513781e-01,3.166801620740354317e-01,3.175474848954564777e-01,3.183726081436250022e-01,3.191555442387162267e-01,3.198967095768176505e-01,3.205968298752681633e-01,3.212568660191721936e-01,3.218779520617455758e-01,3.224613524851736024e-01,3.230084288454806996e-01,3.235206034683312804e-01,3.239993377382972550e-01,3.244461133554454868e-01,3.248624170842083214e-01,3.252497284508206743e-01,3.256095098308213753e-01,3.259431984692737760e-01,3.262522000668071076e-01,3.265378836370100846e-01,3.268015773981661765e-01,3.270445655078978442e-01,3.272680854853587951e-01,3.274733261945076968e-01,3.276614262852052262e-01,3.278334730072813286e-01,3.279905013280043358e-01,3.281334932953836603e-01,3.282633775997540471e-01,3.283810292942513920e-01,3.284872696412943771e-01,3.285828660578510862e-01,3.286685321366806800e-01,3.287449277244672285e-01,3.288126590409990446e-01,3.288722788260444729e-01,3.289242865027475204e-01,3.289691283483298645e-01,3.290071976642625629e-01,3.290388349395206857e-01,3.290643280016133931e-01,3.290839121510333309e-01,3.290977702757150736e-01,3.291060329427137332e-01,3.291087784651092196e-01,3.291060329427137887e-01,3.290977702757144630e-01,3.290839121510333865e-01,3.290643280016140038e-01,3.290388349395231282e-01,3.290071976642620633e-01,3.289691283483298090e-01,3.289242865027476870e-01,3.288722788260453056e-01,3.288126590410004324e-01,3.287449277244659518e-01,3.286685321366802359e-01,3.285828660578512528e-01,3.284872696412922677e-01,3.283810292942521691e-01,3.282633775997541026e-01,3.281334932953806072e-01,3.279905013280053350e-01,3.278334730072802183e-01,3.276614262852045045e-01,3.274733261945073082e-01,3.272680854853556309e-01,3.270445655078988434e-01,3.268015773981666205e-01,3.265378836370088078e-01,3.262522000668087174e-01,3.259431984692727768e-01,3.256095098308220970e-01,3.252497284508218955e-01,3.248624170842071002e-01,3.244461133554449317e-01,3.239993377382950346e-01,3.235206034683301146e-01,3.230084288454834751e-01,3.224613524851716040e-01,3.218779520617424672e-01,3.212568660191695291e-01,3.205968298752658874e-01,3.198967095768156521e-01,3.191555442387152830e-01,3.183726081436258903e-01,3.175474848954567553e-01,3.166801620740334888e-01,3.157711526144484915e-01,3.148216513961778484e-01,3.138337386749521229e-01,3.128106464224484906e-01,3.117571099841547344e-01,3.106798366676787881e-01,3.095881363887901250e-01,3.084947796203643677e-01,3.074171782628721261e-01,3.063790316070093556e-01,3.054126520529103495e-01,3.045623000578264739e-01,3.038890428509065655e-01,3.034779553254070006e-01,3.034489899853033967e-01,3.039737097975889202e-01,3.053015824187264027e-01,3.078021834792949440e-01,3.120343536168547760e-01
8.136363636363637131e-01,3.787925579072282112e-01,3.445467783564480913e-01,3.222203012173693315e-01,3.077434691660324018e-01,2.984448564891173383e-01,2.925960321947437270e-01,2.890733495446276002e-01,2.871369361822325161e-01,2.862919098520456673e-01,2.862018578697232418e-01,2.866345325277988021e-01,2.874273193532850268e-01,2.884649314520090213e-01,2.896647611138809530e-01,2.909671005885704487e-01,2.923285090435062683e-01,2.937172451670251316e-01,2.951100772283571372e-01,2.964900254519824419e-01,2.978447443869816080e-01,2.991653504968377342e-01,3.004455633822766814e-01,3.016810705861653341e-01,3.028690536580425086e-01,3.040078277714939325e-01,3.050965729902899715e-01,3.061351358179008608e-01,3.071238597100455769e-01,3.080634649433576788e-01,3.089549535838804206e-01,3.097995350306891327e-01,3.105985676334967471e-01,3.113535127813258918e-01,3.120658987041977084e-01,3.127372918750034314e-01,3.133692743848923157e-01,3.139634260330144699e-01,3.145213101505568432e-01,3.150444623922494802e-01,3.155343818926431010e-01,3.159925243109438231e-01,3.164202963867602802e-01,3.168190517058801503e-01,3.171900874355439992e-01,3.175346418361506551e-01,3.178538923939711047e-01,3.181489544493206201e-01,3.184208802184994580e-01,3.186706581269156402e-01,3.188992123861800754e-01,3.191074027603058028e-01,3.192960244762328426e-01,3.194658082420100964e-01,3.196174203425902749e-01,3.197514627886469674e-01,3.198684734983115452e-01,3.199689264953046175e-01,3.200532321101134392e-01,3.201217371732762995e-01,3.201747251921291948e-01,3.202124165040027282e-01,3.202349684006117747e-01,3.202424752196140201e-01,3.202349684006124964e-01,3.202124165040026726e-01,3.201747251921302495e-01,3.201217371732775208e-01,3.200532321101129396e-01,3.199689264953060608e-01,3.198684734983107125e-01,3.197514627886471339e-01,3.196174203425889426e-01,3.194658082420128165e-01,3.192960244762348965e-01,3.191074027603053587e-01,3.188992123861805195e-01,3.186706581269158067e-01,3.184208802184993470e-01,3.181489544493200650e-01,3.178538923939703831e-01,3.175346418361514322e-01,3.171900874355445543e-01,3.168190517058804834e-01,3.164202963867610574e-01,3.159925243109438231e-01,3.155343818926412136e-01,3.150444623922488696e-01,3.145213101505577868e-01,3.139634260330169124e-01,3.133692743848922047e-01,3.127372918750034314e-01,3.120658987041986521e-01,3.113535127813247816e-01,3.105985676334981904e-01,3.097995350306894102e-01,3.089549535838798100e-01,3.080634649433624528e-01,3.071238597100445777e-01,3.061351358179022486e-01,3.050965729902915258e-01,3.040078277714951538e-01,3.028690536580413428e-01,3.016810705861661668e-01,3.004455633822749605e-01,2.991653504968348476e-01,2.978447443869778888e-01,2.964900254519878264e-01,2.951100772283608564e-01,2.937172451670216344e-01,2.923285090435069344e-01,2.909671005885731132e-01,2.896647611138822298e-01,2.884649314520089103e-01,2.874273193532795312e-01,2.866345325277935285e-01,2.862018578697179128e-01,2.862919098520465555e-01,2.871369361822284083e-01,2.890733495446171086e-01,2.925960321947329579e-01,2.984448564891354350e-01,3.077434691660298482e-01,3.222203012173747161e-01,3.445467783564575281e-01,3.787925579072433102e-01
8.174242424242423866e-01,7.248277765528816641e-01,6.053516631086803823e-01,5.028275166443835209e-01,4.261427876901280887e-01,3.725179644199609341e-01,3.361535875140695406e-01,3.118421294549428291e-01,2.957421381694449458e-01,2.852118962059074225e-01,2.784765385685093464e-01,2.743468066281033457e-01,2.720204241488210495e-01,2.709502349779717156e-01,2.707584268449082510e-01,2.711808546870080883e-01,2.720306645078068297e-01,2.731742704188121484e-01,2.745152876186927049e-01,2.759836420805805712e-01,2.775280898238535743e-01,2.791110111658415271e-01,2.807047430476912186e-01,2.822889607767383180e-01,2.838487912217659281e-01,2.853734562549458120e-01,2.868552466893611874e-01,2.882887768184179134e-01,2.896704248304461382e-01,2.909979105059725679e-01,2.922699746013339150e-01,2.934861339085464982e-01,2.946464930492641021e-01,2.957515991081628992e-01,2.968023288326793185e-01,2.977998007458477758e-01,2.987453064292546756e-01,2.996402566368419618e-01,3.004861389397305294e-01,3.012844843770658421e-01,3.020368411698970967e-01,3.027447539944231880e-01,3.034097476452660702e-01,3.040333141747518786e-01,3.046169027906836524e-01,3.051619119468269581e-01,3.056696831782260149e-01,3.061414963254435739e-01,3.065785658640247102e-01,3.069820381121535213e-01,3.073529891344090048e-01,3.076924231952063438e-01,3.080012716437671161e-01,3.082803921353149956e-01,3.085305681112895382e-01,3.087525084761345573e-01,3.089468474201070847e-01,3.091141443471246419e-01,3.092548838747377071e-01,3.093694758796016742e-01,3.094582555674141311e-01,3.095214835506521767e-01,3.095593459213878407e-01,3.095719543097251725e-01,3.095593459213887844e-01,3.095214835506495676e-01,3.094582555674127433e-01,3.093694758796024513e-01,3.092548838747373185e-01,3.091141443471239758e-01,3.089468474201048087e-01,3.087525084761363336e-01,3.085305681112880949e-01,3.082803921353147181e-01,3.080012716437683373e-01,3.076924231952068989e-01,3.073529891344102261e-01,3.069820381121543540e-01,3.065785658640269862e-01,3.061414963254427968e-01,3.056696831782269586e-01,3.051619119468278463e-01,3.046169027906837634e-01,3.040333141747504908e-01,3.034097476452662367e-01,3.027447539944262411e-01,3.020368411698966526e-01,3.012844843770657866e-01,3.004861389397297522e-01,2.996402566368434051e-01,2.987453064292537319e-01,2.977998007458493301e-01,2.968023288326805398e-01,2.957515991081667850e-01,2.946464930492638246e-01,2.934861339085493293e-01,2.922699746013369126e-01,2.909979105059700144e-01,2.896704248304490248e-01,2.882887768184184130e-01,2.868552466893556918e-01,2.853734562549500309e-01,2.838487912217681486e-01,2.822889607767397058e-01,2.807047430476860561e-01,2.791110111658404169e-01,2.775280898238549065e-01,2.759836420805754642e-01,2.745152876186939817e-01,2.731742704188148130e-01,2.720306645078081620e-01,2.711808546870123071e-01,2.707584268449034215e-01,2.709502349779722152e-01,2.720204241488132224e-01,2.743468066281068429e-01,2.784765385685115668e-01,2.852118962059048135e-01,2.957421381694606555e-01,3.118421294549467704e-01,3.361535875140907459e-01,3.725179644199151929e-01,4.261427876901111023e-01,5.028275166443813005e-01,6.053516631086883759e-01,7.248277765528796657e-01
8.212121212121212821e-01,8.859939122536475420e-01,9.136426201331457886e-01,8.844577732873768472e-01,7.989046429245945102e-01,6.835736273040614597e-01,5.701223762407300333e-01,4.764869330833130245e-01,4.063655907157356362e-01,3.564706923414885931e-01,3.218833828541401987e-01,2.982536517082046146e-01,2.822953079443066282e-01,2.716757767953043023e-01,2.647780947572490606e-01,2.604875632420723952e-01,2.580331519465266510e-01,2.568774552480150852e-01,2.566423407069627349e-01,2.570590878203629637e-01,2.579348824043109500e-01,2.591301412640325541e-01,2.605430148032551463e-01,2.620987229354406756e-01,2.637420641958927447e-01,2.654321496427937688e-01,2.671386442970378750e-01,2.688390566089433054e-01,2.705167651092388326e-01,2.721595684931137904e-01,2.737586110540476958e-01,2.753075798492772841e-01,2.768021003698634686e-01,2.782392784678574538e-01,2.796173509183900174e-01,2.809354172875848654e-01,2.821932330879064477e-01,2.833910494411562286e-01,2.845294882546541282e-01,2.856094446733102865e-01,2.866320105946382202e-01,2.875984145299418926e-01,2.885099742098248821e-01,2.893680591669833824e-01,2.901740611596848041e-01,2.909293707774072146e-01,2.916353589350155762e-01,2.922933622420965105e-01,2.929046714500046500e-01,2.934705223468296320e-01,2.939920886009582124e-01,2.944704761560544282e-01,2.949067188606270262e-01,2.953017750786756657e-01,2.956565250783443344e-01,2.959717690353576014e-01,2.962482255202944503e-01,2.964865303643538508e-01,2.966872358192326753e-01,2.968508099437446868e-01,2.969776361636846662e-01,2.970680129631566024e-01,2.971221536753544390e-01,2.971401863491494044e-01,2.971221536753536063e-01,2.970680129631569910e-01,2.969776361636843331e-01,2.968508099437451309e-01,2.966872358192336745e-01,2.964865303643531291e-01,2.962482255202950610e-01,2.959717690353557695e-01,2.956565250783433352e-01,2.953017750786762208e-01,2.949067188606258050e-01,2.944704761560558715e-01,2.939920886009570467e-01,2.934705223468293545e-01,2.929046714500058712e-01,2.922933622420967881e-01,2.916353589350146325e-01,2.909293707774047166e-01,2.901740611596839714e-01,2.893680591669827717e-01,2.885099742098252706e-01,2.875984145299413930e-01,2.866320105946373875e-01,2.856094446733155601e-01,2.845294882546540727e-01,2.833910494411549519e-01,2.821932330879033390e-01,2.809354172875866418e-01,2.796173509183924599e-01,2.782392784678550668e-01,2.768021003698640792e-01,2.753075798492770621e-01,2.737586110540461970e-01,2.721595684931111259e-01,2.705167651092395542e-01,2.688390566089433054e-01,2.671386442970406505e-01,2.654321496427886617e-01,2.637420641958881373e-01,2.620987229354389547e-01,2.605430148032565341e-01,2.591301412640346635e-01,2.579348824043069532e-01,2.570590878203578011e-01,2.566423407069645668e-01,2.568774552480174167e-01,2.580331519465196011e-01,2.604875632420792786e-01,2.647780947572403454e-01,2.716757767953008051e-01,2.822953079443029645e-01,2.982536517082112204e-01,3.218833828541416420e-01,3.564706923415125184e-01,4.063655907156996094e-01,4.764869330833026440e-01,5.701223762406822937e-01,6.835736273040471378e-01,7.989046429246057235e-01,8.844577732873633025e-01,9.136426201331656616e-01,8.859939122536489853e-01
8.249999999999999556e-01,7.016524474350483986e-01,7.715649507774012816e-01,8.419589659596542486e-01,9.011025292539369680e-01,9.307103668447406219e-01,9.126080243247439716e-01,8.424141869628765100e-01,7.367934593843371571e-01,6.226928487554129754e-01,5.207612298658130801e-01,4.394758799326876630e-01,3.787638810961639901e-01,3.350428374043307733e-01,3.042004111054508741e-01,2.827356495927785818e-01,2.679831943527748450e-01,2.580097362329301647e-01,2.514406109620063723e-01,2.473038684838856638e-01,2.449110448981151877e-01,2.437717842395785428e-01,2.435342273277409098e-01,2.439438665485129110e-01,2.448151506339666383e-01,2.460117973287185289e-01,2.474330480884285588e-01,2.490039897305578176e-01,2.506686771776756584e-01,2.523852008089904619e-01,2.541221157259341279e-01,2.558558335911309545e-01,2.575687010726204207e-01,2.592475724957066241e-01,2.608827413598463485e-01,2.624671346587873488e-01,2.639957012221810784e-01,2.654649444083057030e-01,2.668725629821916967e-01,2.682171736377825244e-01,2.694980955372424658e-01,2.707151822488805815e-01,2.718686901198550943e-01,2.729591748067021761e-01,2.739874096763134093e-01,2.749543212725841235e-01,2.758609381566733965e-01,2.767083502684682395e-01,2.774976765947353985e-01,2.782300394163377266e-01,2.789065437809934989e-01,2.795282611367154169e-01,2.800962162850880732e-01,2.806113769882124243e-01,2.810746456999735354e-01,2.814868530002070379e-01,2.818487523955666707e-01,2.821610162189956972e-01,2.824242324139477067e-01,2.826389020337770064e-01,2.828054373221978168e-01,2.829241602705300784e-01,2.829953015719992027e-01,2.830189999145261148e-01,2.829953015719977594e-01,2.829241602705308001e-01,2.828054373221990381e-01,2.826389020337774505e-01,2.824242324139479288e-01,2.821610162189930326e-01,2.818487523955691132e-01,2.814868530002022640e-01,2.810746456999724807e-01,2.806113769882123132e-01,2.800962162850876291e-01,2.795282611367128078e-01,2.789065437809927217e-01,2.782300394163398360e-01,2.774976765947345658e-01,2.767083502684681284e-01,2.758609381566714536e-01,2.749543212725873986e-01,2.739874096763112443e-01,2.729591748067013990e-01,2.718686901198518191e-01,2.707151822488836346e-01,2.694980955372427989e-01,2.682171736377847449e-01,2.668725629821915857e-01,2.654649444083042598e-01,2.639957012221862964e-01,2.624671346587864607e-01,2.608827413598452383e-01,2.592475724957095662e-01,2.575687010726258053e-01,2.558558335911352288e-01,2.541221157259289654e-01,2.523852008089907950e-01,2.506686771776694411e-01,2.490039897305586503e-01,2.474330480884292527e-01,2.460117973287188065e-01,2.448151506339686367e-01,2.439438665485117730e-01,2.435342273277448233e-01,2.437717842395751844e-01,2.449110448981109134e-01,2.473038684838933798e-01,2.514406109620031526e-01,2.580097362329283328e-01,2.679831943527855032e-01,2.827356495928037838e-01,3.042004111054389948e-01,3.350428374043149526e-01,3.787638810961601599e-01,4.394758799326637932e-01,5.207612298658066408e-01,6.226928487553897718e-01,7.367934593844267521e-01,8.424141869628672952e-01,9.126080243247828294e-01,9.307103668447681555e-01,9.011025292539744935e-01,8.419589659596563580e-01,7.715649507773942872e-01,7.016524474350753771e-01
8.287878787878788511e-01,5.642639925988441885e-01,6.142157639935854618e-01,6.706159407971016284e-01,7.331220577798651661e-01,7.995880501173036059e-01,8.645417621821576137e-01,9.176082295021121826e-01,9.437383833930282906e-01,9.282202712730168725e-01,8.663285080319639286e-01,7.694343882863666773e-01,6.591813390738160416e-01,5.551475099819690451e-01,4.678968360306222651e-01,3.998453691271872668e-01,3.490157593080502885e-01,3.120082371903222795e-01,2.854942175445109309e-01,2.667315157327871944e-01,2.536250093726815091e-01,2.446291372649538054e-01,2.386209377270640253e-01,2.347882215914467441e-01,2.325428465158507485e-01,2.314570563758460431e-01,2.312179008674248304e-01,2.315949242996612478e-01,2.324173037806475661e-01,2.335576296532632656e-01,2.349203370154104575e-01,2.364333984339151151e-01,2.380423133153807824e-01,2.397057246134655650e-01,2.413921968521787198e-01,2.430778292437636434e-01,2.447444740356831960e-01,2.463783969390324347e-01,2.479692629645683100e-01,2.495093635843025626e-01,2.509930241593093525e-01,2.524161469591656437e-01,2.537758568458093333e-01,2.550702251810646470e-01,2.562980536913923024e-01,2.574587045487419235e-01,2.585519662650321848e-01,2.595779474785345764e-01,2.605369925645675822e-01,2.614296143984847220e-01,2.622564406547094884e-01,2.630181708295883936e-01,2.637155417916358657e-01,2.643493001362372530e-01,2.649201799892532683e-01,2.654288851891593581e-01,2.658760750012894025e-01,2.662623526937433205e-01,2.665882564442808023e-01,2.668542521592359718e-01,2.670607278756756964e-01,2.672079894916049581e-01,2.672962576303892224e-01,2.673256654971896684e-01,2.672962576303914983e-01,2.672079894916031262e-01,2.670607278756773617e-01,2.668542521592400796e-01,2.665882564442802471e-01,2.662623526937424323e-01,2.658760750012895691e-01,2.654288851891605239e-01,2.649201799892520470e-01,2.643493001362392514e-01,2.637155417916316469e-01,2.630181708295904475e-01,2.622564406547094329e-01,2.614296143984882748e-01,2.605369925645659723e-01,2.595779474785329666e-01,2.585519662650344608e-01,2.574587045487398695e-01,2.562980536913911367e-01,2.550702251810605947e-01,2.537758568458095554e-01,2.524161469591648110e-01,2.509930241593072431e-01,2.495093635842993429e-01,2.479692629645721957e-01,2.463783969390342110e-01,2.447444740356836679e-01,2.430778292437665855e-01,2.413921968521739458e-01,2.397057246134675912e-01,2.380423133153822812e-01,2.364333984339154482e-01,2.349203370154075154e-01,2.335576296532596574e-01,2.324173037806483155e-01,2.315949242996629132e-01,2.312179008674256908e-01,2.314570563758467647e-01,2.325428465158559388e-01,2.347882215914434134e-01,2.386209377270699650e-01,2.446291372649560258e-01,2.536250093726769572e-01,2.667315157327856956e-01,2.854942175445185915e-01,3.120082371903315499e-01,3.490157593080577270e-01,3.998453691271733890e-01,4.678968360305498231e-01,5.551475099819975778e-01,6.591813390739050815e-01,7.694343882863318163e-01,8.663285080320578535e-01,9.282202712729863414e-01,9.437383833930235166e-01,9.176082295021403823e-01,8.645417621821451792e-01,7.995880501173164845e-01,7.331220577798560623e-01,6.706159407971176156e-01,6.142157639935647007e-01,5.642639925988544025e-01
8.325757575757576356e-01,4.764753927788951682e-01,5.126692320898345034e-01,5.531618496242550753e-01,5.985737054259884227e-01,6.493865026306946397e-01,7.056626740263007846e-01,7.665235678910671258e-01,8.292886633352776204e-01,8.883196529802427355e-01,9.341027608171339480e-01,9.539985339695784550e-01,9.364456400622983567e-01,8.779605315669142263e-01,7.874254755609230161e-01,6.822985552376810148e-01,5.797287116945963881e-01,4.904383261088731127e-01,4.182357567467763770e-01,3.624951402803187062e-01,3.206780744275635198e-01,2.898698262009542503e-01,2.674603901724076915e-01,2.513426934832528881e-01,2.398989620703529668e-01,2.319173392455678162e-01,2.264999506013452291e-01,2.229837378796483138e-01,2.208785075898331562e-01,2.198205681380344390e-01,2.195387694155452318e-01,2.198298571727952677e-01,2.205406304897984116e-01,2.215550034618488928e-01,2.227845852332264454e-01,2.241617841540727296e-01,2.256347280753955575e-01,2.271634975129469824e-01,2.287173133341913189e-01,2.302724228453674749e-01,2.318105002837102802e-01,2.333174287562456983e-01,2.347823669368669097e-01,2.361970297479132896e-01,2.375551308775936954e-01,2.388519484551571981e-01,2.400839850110406681e-01,2.412487000325652664e-01,2.423442987228238699e-01,2.433695645007164510e-01,2.443237257153003938e-01,2.452063492525061728e-01,2.460172553789226890e-01,2.467564494345147463e-01,2.474240669552560667e-01,2.480203295522622753e-01,2.485455094510889140e-01,2.489999010446414252e-01,2.493837981659608460e-01,2.496974760662269144e-01,2.499411773067304610e-01,2.501151009538096770e-01,2.502193946144923298e-01,2.502541489753259407e-01,2.502193946144921077e-01,2.501151009538103986e-01,2.499411773067326537e-01,2.496974760662268589e-01,2.493837981659604019e-01,2.489999010446440064e-01,2.485455094510861940e-01,2.480203295522652451e-01,2.474240669552582317e-01,2.467564494345157455e-01,2.460172553789249650e-01,2.452063492525100863e-01,2.443237257153003661e-01,2.433695645007143415e-01,2.423442987228233703e-01,2.412487000325642394e-01,2.400839850110397800e-01,2.388519484551581140e-01,2.375551308775898374e-01,2.361970297479121794e-01,2.347823669368647448e-01,2.333174287562435334e-01,2.318105002837095863e-01,2.302724228453643385e-01,2.287173133341916242e-01,2.271634975129468437e-01,2.256347280753910056e-01,2.241617841540705647e-01,2.227845852332231702e-01,2.215550034618500863e-01,2.205406304898001879e-01,2.198298571727968775e-01,2.195387694155442604e-01,2.198205681380354937e-01,2.208785075898312134e-01,2.229837378796490632e-01,2.264999506013444797e-01,2.319173392455635141e-01,2.398989620703722014e-01,2.513426934832456716e-01,2.674603901723947019e-01,2.898698262009624105e-01,3.206780744275323780e-01,3.624951402803300304e-01,4.182357567468033555e-01,4.904383261088506307e-01,5.797287116946273633e-01,6.822985552377164309e-01,7.874254755609642054e-01,8.779605315669033461e-01,9.364456400623135668e-01,9.539985339695692401e-01,9.341027608171175167e-01,8.883196529802471764e-01,8.292886633352658521e-01,7.665235678910664596e-01,7.056626740262987862e-01,6.493865026307006350e-01,5.985737054259863132e-01,5.531618496242538541e-01,5.126692320898252886e-01,4.764753927789009413e-01
8.363636363636364202e-01,4.143545155981729344e-01,4.427595499997936668e-01,4.738687284599265026e-01,5.081323029938620284e-01,5.460443081743356908e-01,5.881044689427451511e-01,6.347344238985439535e-01,6.861120411246485196e-01,7.418693104196019128e-01,8.005888934076179630e-01,8.590705262097145800e-01,9.115076781037436682e-01,9.491215914923522012e-01,9.613315267791439078e-01,9.394029506830442466e-01,8.815286092215738334e-01,7.954616404973192667e-01,6.955536973064125883e-01,5.963166692796597612e-01,5.076200065151071916e-01,4.337749505935617478e-01,3.750883096034552944e-01,3.298212494248017879e-01,2.955715930225306654e-01,2.699962117361333624e-01,2.510944584713942218e-01,2.372653065165379882e-01,2.272699439627160478e-01,2.201661300249308784e-01,2.152427199583256123e-01,2.119641563317014310e-01,2.099266645202508552e-01,2.088248989533175171e-01,2.084270019831854226e-01,2.085561082942496980e-01,2.090766647279991286e-01,2.098843027554481988e-01,2.108983180859732021e-01,2.120560617634480449e-01,2.133087352349789245e-01,2.146182202529972882e-01,2.159546750307468621e-01,2.172947007569023814e-01,2.186199350431655142e-01,2.199159668019941838e-01,2.211714945423565726e-01,2.223776700812701845e-01,2.235275843023929176e-01,2.246158623510565722e-01,2.256383436074851090e-01,2.265918276915004637e-01,2.274738721722974755e-01,2.282826309805197074e-01,2.290167250346433758e-01,2.296751385071427454e-01,2.302571356212138043e-01,2.307621939985987913e-01,2.311899514560868951e-01,2.315401638352271863e-01,2.318126719931333513e-01,2.320073765175971192e-01,2.321242190844094722e-01,2.321631696698660263e-01,2.321242190844072795e-01,2.320073765175950375e-01,2.318126719931338786e-01,2.315401638352302671e-01,2.311899514560845637e-01,2.307621939985966542e-01,2.302571356212149423e-01,2.296751385071420515e-01,2.290167250346438754e-01,2.282826309805182641e-01,2.274738721722960599e-01,2.265918276915008522e-01,2.256383436074817783e-01,2.246158623510589036e-01,2.235275843023918352e-01,2.223776700812694906e-01,2.211714945423563228e-01,2.199159668019946834e-01,2.186199350431685118e-01,2.172947007568996058e-01,2.159546750307478891e-01,2.146182202529934302e-01,2.133087352349764543e-01,2.120560617634420775e-01,2.108983180859726192e-01,2.098843027554513352e-01,2.090766647279994894e-01,2.085561082942480882e-01,2.084270019831859777e-01,2.088248989533156852e-01,2.099266645202532422e-01,2.119641563317061772e-01,2.152427199583314688e-01,2.201661300249214692e-01,2.272699439627125229e-01,2.372653065165342690e-01,2.510944584713907246e-01,2.699962117361227598e-01,2.955715930225058519e-01,3.298212494247714233e-01,3.750883096034656194e-01,4.337749505935963867e-01,5.076200065150888729e-01,5.963166692796072477e-01,6.955536973065014061e-01,7.954616404973181565e-01,8.815286092216054747e-01,9.394029506830300358e-01,9.613315267791451291e-01,9.491215914923429864e-01,9.115076781037311227e-01,8.590705262097215744e-01,8.005888934076212937e-01,7.418693104195850374e-01,6.861120411246538486e-01,6.347344238985451748e-01,5.881044689427454841e-01,5.460443081743330263e-01,5.081323029938591418e-01,4.738687284599334415e-01,4.427595499998018269e-01,4.143545155981790407e-01
8.401515151515152047e-01,3.661505486230984263e-01,3.898542002217691427e-01,4.153615866552000657e-01,4.429487415051739374e-01,4.729380443439549220e-01,5.056955201126566157e-01,5.416197219225495907e-01,5.811144853514358388e-01,6.245323974501131303e-01,6.720676424554046235e-01,7.235664325500156258e-01,7.782150208640271627e-01,8.340746460836048204e-01,8.874958759423735577e-01,9.326185160301782018e-01,9.614692454713383851e-01,9.654049756811231564e-01,9.382256109534558020e-01,8.797436468821808742e-01,7.971151995570298077e-01,7.023010661271211763e-01,6.073672643299639073e-01,5.209275631616867575e-01,4.472406597147578489e-01,3.871702198931790129e-01,3.396321887068272094e-01,3.027413245321279311e-01,2.744890235626723518e-01,2.530607344579101081e-01,2.369418632250097079e-01,2.249204429461726384e-01,2.160487323800906745e-01,2.095944739482638597e-01,2.049949639136872392e-01,2.018183856699375944e-01,1.997329915916190579e-01,1.984832402688234132e-01,1.978716001909227029e-01,1.977447775533059671e-01,1.979833204577288175e-01,1.984937691790509273e-01,1.992027156043475744e-01,2.000522918936307459e-01,2.009967300056969275e-01,2.019997256141495834e-01,2.030324084291616760e-01,2.040717716396807102e-01,2.050994506165226550e-01,2.061007686401703787e-01,2.070639878415813373e-01,2.079797186891716443e-01,2.088404526283292317e-01,2.096401909073980774e-01,2.103741489555958355e-01,2.110385204593705211e-01,2.116302889157005152e-01,2.121470772157860729e-01,2.125870279491365866e-01,2.129487087754090013e-01,2.132310385105603556e-01,2.134332306051025807e-01,2.135547515243974570e-01,2.135952922275318189e-01,2.135547515243977901e-01,2.134332306050996664e-01,2.132310385105615214e-01,2.129487087754080854e-01,2.125870279491367809e-01,2.121470772157824369e-01,2.116302889156987665e-01,2.110385204593711872e-01,2.103741489555945310e-01,2.096401909073996594e-01,2.088404526283236529e-01,2.079797186891711447e-01,2.070639878415813651e-01,2.061007686401727657e-01,2.050994506165222664e-01,2.040717716396797665e-01,2.030324084291562081e-01,2.019997256141501107e-01,2.009967300056957895e-01,2.000522918936351868e-01,1.992027156043476022e-01,1.984937691790508718e-01,1.979833204577281236e-01,1.977447775533096863e-01,1.978716001909204825e-01,1.984832402688211928e-01,1.997329915916194465e-01,2.018183856699192480e-01,2.049949639136851853e-01,2.095944739482643038e-01,2.160487323800938109e-01,2.249204429461649224e-01,2.369418632249983836e-01,2.530607344579066664e-01,2.744890235626684660e-01,3.027413245321131097e-01,3.396321887068528000e-01,3.871702198931804562e-01,4.472406597147470242e-01,5.209275631616828717e-01,6.073672643299843354e-01,7.023010661271081867e-01,7.971151995570676663e-01,8.797436468821401290e-01,9.382256109534339306e-01,9.654049756810936245e-01,9.614692454713550385e-01,9.326185160301923016e-01,8.874958759423349219e-01,8.340746460835760656e-01,7.782150208640125078e-01,7.235664325500208438e-01,6.720676424554171691e-01,6.245323974501112430e-01,5.811144853514301767e-01,5.416197219225562520e-01,5.056955201126392963e-01,4.729380443439454296e-01,4.429487415051727717e-01,4.153615866551896851e-01,3.898542002217660896e-01,3.661505486230998696e-01
8.439393939393939892e-01,3.266017835564980487e-01,3.471465234610059403e-01,3.690015861292421095e-01,3.923288260147915207e-01,4.173246866813848932e-01,4.442217728335994265e-01,4.732889231082386683e-01,5.048280110522418429e-01,5.391644000431411454e-01,5.766258572902493995e-01,6.175014169649838403e-01,6.619669529141717357e-01,7.099579835541817152e-01,7.609652478842453549e-01,8.137309137240338330e-01,8.658495356669240195e-01,9.133557303662971361e-01,9.505347477819230395e-01,9.703813493120904132e-01,9.661411836806601539e-01,9.338370063469051408e-01,8.746131007628443754e-01,7.951393214066869719e-01,7.054128815582145773e-01,6.153416741565326253e-01,5.322062414029989919e-01,4.599247748134082103e-01,3.996479504490484946e-01,3.507951233062810426e-01,3.119552632570807837e-01,2.814751554241033404e-01,2.577725323924996981e-01,2.394686253311262003e-01,2.254212313146616298e-01,2.147108646387188846e-01,2.066092223439077169e-01,2.005443915111958519e-01,1.960690082783616284e-01,1.928334336398737914e-01,1.905641123482570698e-01,1.890465273888670417e-01,1.881119514156933958e-01,1.876272198267254221e-01,1.874868585908056051e-01,1.876070259253647676e-01,1.879208429077868503e-01,1.883747851988898936e-01,1.889258855049590347e-01,1.895395565404985327e-01,1.901878902351362977e-01,1.908483237881001271e-01,1.915025894918784000e-01,1.921358850900762028e-01,1.927362164065779537e-01,1.932938753045255753e-01,1.938010246235643275e-01,1.942513682906641947e-01,1.946398898175009662e-01,1.949626462709068420e-01,1.952166078204048971e-01,1.953995353458765627e-01,1.955098904945251903e-01,1.955467741376289148e-01,1.955098904945243576e-01,1.953995353458778950e-01,1.952166078204043698e-01,1.949626462709034003e-01,1.946398898175031034e-01,1.942513682906660266e-01,1.938010246235639389e-01,1.932938753045291003e-01,1.927362164065797023e-01,1.921358850900732052e-01,1.915025894918769289e-01,1.908483237881021533e-01,1.901878902351396838e-01,1.895395565404947302e-01,1.889258855049581742e-01,1.883747851988923916e-01,1.879208429077899867e-01,1.876070259253686812e-01,1.874868585908081586e-01,1.876272198267240621e-01,1.881119514156949502e-01,1.890465273888684572e-01,1.905641123482510191e-01,1.928334336398712934e-01,1.960690082783673738e-01,2.005443915112063158e-01,2.066092223439086051e-01,2.147108646387305420e-01,2.254212313146713720e-01,2.394686253311343049e-01,2.577725323924973666e-01,2.814751554240890741e-01,3.119552632570947726e-01,3.507951233062767682e-01,3.996479504490701995e-01,4.599247748133831193e-01,5.322062414029982147e-01,6.153416741565236325e-01,7.054128815581700573e-01,7.951393214066595494e-01,8.746131007627857556e-01,9.338370063469210169e-01,9.661411836806320652e-01,9.703813493120788669e-01,9.505347477819279245e-01,9.133557303662828142e-01,8.658495356669447807e-01,8.137309137240326118e-01,7.609652478842344747e-01,7.099579835541690587e-01,6.619669529141704034e-01,6.175014169649767348e-01,5.766258572902523971e-01,5.391644000431486949e-01,5.048280110522279651e-01,4.732889231082527681e-01,4.442217728335918769e-01,4.173246866813842826e-01,3.923288260147912987e-01,3.690015861292391119e-01,3.471465234610045525e-01,3.266017835565008243e-01
8.477272727272727737e-01,2.932038798882227182e-01,3.113422655310400522e-01,3.305349973729189150e-01,3.508681077752614508e-01,3.724540297646327658e-01,3.954328300626300807e-01,4.199733250326191381e-01,4.462736176269532229e-01,4.745602447479741470e-01,5.050845947235986788e-01,5.381142966921319548e-01,5.739159557546829049e-01,6.127234891160855401e-01,6.546834066240430072e-01,6.997648322848478708e-01,7.476190058570429953e-01,7.973738358509999680e-01,8.473614897626211562e-01,8.948145368387121490e-01,9.356438601825556312e-01,9.645240788870877990e-01,9.755864191380438921e-01,9.638828389427015475e-01,9.272906649454188965e-01,8.678931211658470479e-01,7.918030606360320078e-01,7.073212483500260772e-01,6.224901926223714854e-01,5.433352888415681203e-01,4.733181411209564926e-01,4.137053803248935124e-01,3.642920828479143114e-01,3.240817700569643134e-01,2.917693757640260621e-01,2.660263249582758283e-01,2.456416618215551129e-01,2.295752157363974977e-01,2.169637159518657543e-01,2.071051563580205424e-01,1.994354019239669706e-01,1.935040278177381778e-01,1.889524522844961418e-01,1.854953851045183788e-01,1.829056420260687099e-01,1.810019696123566779e-01,1.796394004034754799e-01,1.787016630391019822e-01,1.780952283592724672e-01,1.777446429795566663e-01,1.775888697139972605e-01,1.775784131513048480e-01,1.776730572222128268e-01,1.778400803912578709e-01,1.780528445797699977e-01,1.782896776251270965e-01,1.785329874136928063e-01,1.787685599822725624e-01,1.789850048269010230e-01,1.791733191486263033e-01,1.793265493959268764e-01,1.794395336914589578e-01,1.795087129145575278e-01,1.795320016283503961e-01,1.795087129145576110e-01,1.794395336914586525e-01,1.793265493959300683e-01,1.791733191486299115e-01,1.789850048268989691e-01,1.787685599822734783e-01,1.785329874136955541e-01,1.782896776251284843e-01,1.780528445797706361e-01,1.778400803912592587e-01,1.776730572222096349e-01,1.775784131513024056e-01,1.775888697139991756e-01,1.777446429795551119e-01,1.780952283592728280e-01,1.787016630390993177e-01,1.796394004034778946e-01,1.810019696123504884e-01,1.829056420260642413e-01,1.854953851045264002e-01,1.889524522845021093e-01,1.935040278177420636e-01,1.994354019239557851e-01,2.071051563580165455e-01,2.169637159518635339e-01,2.295752157363859236e-01,2.456416618215392922e-01,2.660263249582687228e-01,2.917693757640298369e-01,3.240817700569668669e-01,3.642920828479072060e-01,4.137053803249016171e-01,4.733181411209452794e-01,5.433352888415187154e-01,6.224901926223561643e-01,7.073212483500395109e-01,7.918030606360633161e-01,8.678931211658568179e-01,9.272906649454298877e-01,9.638828389427064325e-01,9.755864191380475559e-01,9.645240788870949045e-01,9.356438601825618484e-01,8.948145368387085963e-01,8.473614897626245979e-01,7.973738358510162882e-01,7.476190058570576502e-01,6.997648322848348812e-01,6.546834066240450056e-01,6.127234891160692198e-01,5.739159557546679169e-01,5.381142966921346193e-01,5.050845947236091149e-01,4.745602447479694286e-01,4.462736176269532784e-01,4.199733250326205813e-01,3.954328300626318571e-01,3.724540297646294351e-01,3.508681077752603406e-01,3.305349973729178048e-01,3.113422655310376097e-01,2.932038798882217745e-01
8.515151515151515582e-01,2.648763257805690219e-01,2.809307013754840932e-01,2.979320134102287909e-01,3.159117821190837727e-01,3.349233729883573374e-01,3.550424723660617343e-01,3.763677001984617743e-01,3.990212376339870026e-01,4.231492269163625863e-01,4.489215420430619496e-01,4.765302708977424695e-01,5.061858255524299688e-01,5.381089734969666249e-01,5.725161393033608714e-01,6.095939789443733936e-01,6.494574343589746279e-01,6.920833931651312332e-01,7.372103966555796362e-01,7.841954003540504425e-01,8.318253214467523637e-01,8.781007325731066127e-01,9.200495849732758247e-01,9.536912848490418648e-01,9.743304021823717687e-01,9.773416376512452652e-01,9.594147886749919696e-01,9.198606111026281784e-01,8.612878648099728807e-01,7.891342160652555782e-01,7.101987867990564585e-01,6.309317168274088949e-01,5.562449000798006526e-01,4.891235157066010086e-01,4.308504508076143047e-01,3.814978455014076397e-01,3.404225716409740032e-01,3.066456574049606365e-01,2.790971057572811387e-01,2.567525496033302712e-01,2.386972493165510356e-01,2.241469213901360058e-01,2.124456236510187945e-01,2.030530703403047033e-01,1.955283103758189422e-01,1.895133251777645911e-01,1.847181592234538872e-01,1.809081493530015350e-01,1.778932947788046393e-01,1.755195751474505073e-01,1.736619414444112997e-01,1.722186967986396866e-01,1.711070096623684145e-01,1.702593388922541973e-01,1.696205884825107701e-01,1.691458445157419388e-01,1.687985767186097330e-01,1.685492116978915822e-01,1.683740049810298067e-01,1.682541551016532022e-01,1.681751158856673867e-01,1.681260734727870743e-01,1.680995630284344844e-01,1.680912070469884056e-01,1.680995630284352060e-01,1.681260734727892669e-01,1.681751158856651940e-01,1.682541551016519810e-01,1.683740049810274475e-01,1.685492116978931365e-01,1.687985767186127861e-01,1.691458445157474066e-01,1.696205884825085775e-01,1.702593388922546691e-01,1.711070096623626691e-01,1.722186967986435724e-01,1.736619414444142973e-01,1.755195751474468990e-01,1.778932947787998098e-01,1.809081493529988149e-01,1.847181592234444503e-01,1.895133251777695038e-01,1.955283103758213292e-01,2.030530703402975978e-01,2.124456236510251783e-01,2.241469213901293445e-01,2.386972493165571974e-01,2.567525496033373766e-01,2.790971057573003455e-01,3.066456574049511996e-01,3.404225716409439162e-01,3.814978455013967595e-01,4.308504508075899353e-01,4.891235157066066708e-01,5.562449000797685672e-01,6.309317168274654053e-01,7.101987867990370296e-01,7.891342160651854121e-01,8.612878648100054102e-01,9.198606111026047527e-01,9.594147886749987419e-01,9.773416376512267245e-01,9.743304021823618877e-01,9.536912848490475270e-01,9.200495849732530651e-01,8.781007325731050583e-01,8.318253214467422607e-01,7.841954003540406726e-01,7.372103966555931809e-01,6.920833931651194648e-01,6.494574343589494259e-01,6.095939789443843848e-01,5.725161393033488810e-01,5.381089734969595195e-01,5.061858255524294137e-01,4.765302708977338653e-01,4.489215420430630044e-01,4.231492269163641406e-01,3.990212376339855593e-01,3.763677001984629955e-01,3.550424723660637327e-01,3.349233729883547839e-01,3.159117821190812747e-01,2.979320134102315110e-01,2.809307013754814841e-01,2.648763257805700211e-01
8.553030303030303427e-01,2.412260799030263858e-01,2.552709251461711126e-01,2.702548344561146454e-01,2.861670758475612919e-01,3.030163283061204638e-01,3.208306401619411830e-01,3.396575217560676707e-01,3.595641421090648993e-01,3.806375699784174671e-01,4.029849279673030082e-01,4.267332441070485483e-01,4.520286482226207325e-01,4.790343550343210133e-01,5.079265688706124937e-01,5.388869939903901951e-01,5.720899913090186084e-01,6.076815458488112887e-01,6.457461045848018610e-01,6.862561506477931061e-01,7.289985468456062767e-01,7.734722760201494518e-01,8.187563306174996391e-01,8.633575767109824550e-01,9.050704727112606207e-01,9.409147827752304405e-01,9.672542670085798600e-01,9.802079489105685051e-01,9.763959445525239866e-01,9.538848742331965669e-01,9.129812498763139050e-01,8.564501581396236629e-01,7.889620683523239641e-01,7.159863650834997761e-01,6.426287963338201958e-01,5.728445200887716249e-01,5.091675112419723481e-01,4.528400714269374960e-01,4.041354086522123135e-01,3.627057470334805744e-01,3.278684358830146750e-01,2.988060700961004956e-01,2.746899977064595211e-01,2.547474389565941855e-01,2.382917860784353192e-01,2.247310388689111871e-01,2.135644574775851234e-01,2.043736731531480000e-01,1.968118543281247024e-01,1.905928505354328173e-01,1.854812381812833977e-01,1.812836285938629610e-01,1.778412995062300939e-01,1.750240655597133377e-01,1.727252434685301319e-01,1.708575529115625158e-01,1.693498020092366885e-01,1.681442237005035256e-01,1.671943497533557310e-01,1.664633292096369677e-01,1.659226163415757627e-01,1.655509692361415708e-01,1.653337139849282988e-01,1.652622414390215178e-01,1.653337139849297976e-01,1.655509692361384066e-01,1.659226163415754296e-01,1.664633292096306949e-01,1.671943497533586176e-01,1.681442237005127960e-01,1.693498020092401024e-01,1.708575529115619607e-01,1.727252434685271065e-01,1.750240655597106176e-01,1.778412995062255975e-01,1.812836285938679848e-01,1.854812381812761257e-01,1.905928505354370084e-01,1.968118543281215660e-01,2.043736731531320128e-01,2.135644574775847071e-01,2.247310388689085781e-01,2.382917860784241060e-01,2.547474389565840269e-01,2.746899977064577447e-01,2.988060700960852856e-01,3.278684358830274981e-01,3.627057470334607570e-01,4.041354086521948830e-01,4.528400714268902560e-01,5.091675112419206117e-01,5.728445200887326560e-01,6.426287963337670162e-01,7.159863650835154303e-01,7.889620683522916567e-01,8.564501581396117835e-01,9.129812498762864825e-01,9.538848742332149966e-01,9.763959445525121073e-01,9.802079489105662846e-01,9.672542670085845229e-01,9.409147827752297744e-01,9.050704727112531822e-01,8.633575767109905597e-01,8.187563306174980848e-01,7.734722760201627745e-01,7.289985468455960627e-01,6.862561506477871109e-01,6.457461045848079673e-01,6.076815458488139532e-01,5.720899913090258249e-01,5.388869939903947470e-01,5.079265688706214865e-01,4.790343550343237888e-01,4.520286482226170688e-01,4.267332441070503246e-01,4.029849279672979567e-01,3.806375699784114719e-01,3.595641421090638445e-01,3.396575217560665605e-01,3.208306401619399617e-01,3.030163283061197421e-01,2.861670758475625131e-01,2.702548344561139793e-01,2.552709251461704465e-01,2.412260799030263858e-01
8.590909090909091272e-01,2.221582461103699391e-01,2.341215550656315092e-01,2.470853221742871086e-01,2.610046497935269438e-01,2.758525374623115867e-01,2.916196339159898843e-01,3.083140422994414820e-01,3.259611949533434139e-01,3.446037945521724377e-01,3.643017892652475886e-01,3.851323117473547386e-01,4.071894588009855598e-01,4.305837123986731019e-01,4.554406921774570849e-01,4.818987692771239950e-01,5.101048417798399459e-01,5.402072496611732833e-01,5.723443692081647827e-01,6.066268623963617657e-01,6.431108930777509336e-01,6.817589776904852128e-01,7.223848195399332761e-01,7.645791255836914546e-01,8.076161823748472246e-01,8.503476238133873544e-01,8.911023020279440487e-01,9.276300540355705282e-01,9.571482474113860439e-01,9.765598260499780414e-01,9.828867991466897491e-01,9.738833688432805280e-01,9.486713306476057816e-01,9.081480678414317609e-01,8.549511376786212979e-01,7.929481034842605913e-01,7.264469578435883701e-01,6.594300254465739197e-01,5.950435559853722856e-01,5.354104233488202746e-01,4.816972125101641744e-01,4.343161920828281231e-01,3.931596845140753471e-01,3.578065532607475063e-01,3.276780109775686567e-01,3.021427036415388900e-01,2.805808221342062647e-01,2.624189508284133221e-01,2.471457791339264354e-01,2.343162205845676083e-01,2.235490718957301726e-01,2.145214786281484931e-01,2.069621695044600862e-01,2.006445674313755145e-01,1.953803536400626206e-01,1.910137450093196687e-01,1.874165654253763247e-01,1.844840969904715244e-01,1.821316518082482516e-01,1.802917886128433678e-01,1.789120977612184138e-01,1.779534854861097026e-01,1.773888995090104892e-01,1.772024508207460936e-01,1.773888995090094345e-01,1.779534854861165027e-01,1.789120977612148611e-01,1.802917886128394820e-01,1.821316518082508884e-01,1.844840969904821548e-01,1.874165654253745206e-01,1.910137450093232492e-01,1.953803536400590124e-01,2.006445674313756533e-01,2.069621695044588927e-01,2.145214786281315900e-01,2.235490718957196254e-01,2.343162205845589763e-01,2.471457791339136123e-01,2.624189508284062167e-01,2.805808221342051545e-01,3.021427036415298417e-01,3.276780109775795369e-01,3.578065532607644372e-01,3.931596845140484797e-01,4.343161920828373379e-01,4.816972125101433022e-01,5.354104233488079512e-01,5.950435559853590739e-01,6.594300254466107791e-01,7.264469578435750474e-01,7.929481034842228437e-01,8.549511376786549377e-01,9.081480678413866858e-01,9.486713306475901275e-01,9.738833688432736446e-01,9.828867991466930798e-01,9.765598260499640526e-01,9.571482474113769401e-01,9.276300540355660873e-01,8.911023020279463802e-01,8.503476238133850229e-01,8.076161823748500002e-01,7.645791255836824618e-01,7.223848195399372729e-01,6.817589776904792176e-01,6.431108930777643673e-01,6.066268623963623208e-01,5.723443692081635614e-01,5.402072496611844965e-01,5.101048417798412782e-01,4.818987692771205533e-01,4.554406921774523664e-01,4.305837123986788195e-01,4.071894588009845606e-01,3.851323117473507973e-01,3.643017892652440914e-01,3.446037945521751578e-01,3.259611949533418596e-01,3.083140422994400387e-01,2.916196339159890516e-01,2.758525374623119197e-01,2.610046497935308296e-01,2.470853221742902173e-01,2.341215550656310096e-01,2.221582461103702999e-01
8.628787878787879118e-01,2.077897224563675649e-01,2.175225641169380442e-01,2.283639096723688033e-01,2.402413660656331496e-01,2.530990068288407335e-01,2.668972121870974989e-01,2.816124474536911282e-01,2.972370258794298503e-01,3.137788847267047876e-01,3.312613846602679990e-01,3.497231211376511384e-01,3.692177102211349204e-01,3.898134770809731919e-01,4.115929292090426128e-01,4.346518323214972335e-01,4.590976175962395156e-01,4.850467247795304804e-01,5.126203156512658676e-01,5.419375650401561106e-01,5.731054445778994699e-01,6.062035630064863678e-01,6.412622518573034558e-01,6.782317845439584936e-01,7.169406012627005387e-01,7.570410751839187213e-01,7.979433399882633893e-01,8.387418869098359764e-01,8.781469014588481059e-01,9.144427475058872767e-01,9.455074781624610569e-01,9.689335473071790661e-01,9.822803579819221476e-01,9.834533360138104641e-01,9.711428800644295034e-01,9.451948161289807082e-01,9.067668961299636399e-01,8.581861137561782593e-01,8.025401057073767719e-01,7.431430850863849358e-01,6.830474391551925040e-01,6.247196318595352738e-01,5.699112523619976889e-01,5.196868685264278698e-01,4.745427403157040369e-01,4.345565290678597425e-01,3.995288621515796224e-01,3.690982579746986403e-01,3.428251938378261698e-01,3.202486202479942201e-01,3.009209607939865028e-01,2.844277314809698365e-01,2.703968910558423033e-01,2.585017509278227932e-01,2.484601183174024175e-01,2.400314436035922150e-01,2.330130926539778491e-01,2.272364218414864023e-01,2.225630442358294547e-01,2.188814938695826939e-01,2.161043856442993460e-01,2.141661061342503836e-01,2.130210380718000895e-01,2.126423072975791861e-01,2.130210380718056407e-01,2.141661061342459427e-01,2.161043856442998456e-01,2.188814938695920198e-01,2.225630442358277339e-01,2.272364218414877624e-01,2.330130926539847325e-01,2.400314436036058985e-01,2.484601183173933414e-01,2.585017509278154657e-01,2.703968910558429140e-01,2.844277314809569579e-01,3.009209607939710152e-01,3.202486202479828958e-01,3.428251938378126251e-01,3.690982579746622805e-01,3.995288621516202565e-01,4.345565290678519710e-01,4.745427403157412294e-01,5.196868685264118826e-01,5.699112523620077919e-01,6.247196318595694686e-01,6.830474391552138202e-01,7.431430850863409709e-01,8.025401057073904276e-01,8.581861137561874742e-01,9.067668961299955033e-01,9.451948161289864814e-01,9.711428800644362758e-01,9.834533360137841518e-01,9.822803579819210373e-01,9.689335473071842841e-01,9.455074781624590585e-01,9.144427475058697352e-01,8.781469014588609845e-01,8.387418869098373087e-01,7.979433399882515099e-01,7.570410751839081742e-01,7.169406012626908797e-01,6.782317845439715942e-01,6.412622518573010133e-01,6.062035630064936953e-01,5.731054445779082407e-01,5.419375650401540012e-01,5.126203156512619818e-01,4.850467247795277603e-01,4.590976175962317996e-01,4.346518323214990653e-01,4.115929292090410585e-01,3.898134770809771887e-01,3.692177102211369188e-01,3.497231211376520821e-01,3.312613846602679990e-01,3.137788847266994585e-01,2.972370258794312381e-01,2.816124474536886857e-01,2.668972121870955561e-01,2.530990068288389572e-01,2.402413660656325667e-01,2.283639096723685813e-01,2.175225641169396540e-01,2.077897224563655387e-01
8.666666666666666963e-01,1.982419073512950713e-01,2.055615142915099003e-01,2.141255706147290605e-01,2.238408558191866682e-01,2.346287265819747558e-01,2.464252920401912850e-01,2.591814031635751303e-01,2.728625203598970539e-01,2.874485092228593053e-01,3.029333994610912129e-01,3.193251263756042846e-01,3.366452571473786404e-01,3.549286845387780720e-01,3.742232467541800056e-01,3.945892018822818592e-01,4.160984455640995283e-01,4.388333074766768704e-01,4.628846912153123383e-01,4.883492278585792046e-01,5.153249905989184532e-01,5.439051626961717290e-01,5.741688652040645158e-01,6.061681476706238803e-01,6.399099606273875862e-01,6.753318405601517194e-01,7.122701899563832484e-01,7.504206653297067486e-01,7.892916428982181820e-01,8.281544353024027361e-01,8.659982147400288044e-01,9.015033217608788840e-01,9.330525673799232589e-01,9.588032501677066222e-01,9.768380852743624443e-01,9.853962622713903219e-01,9.831559520429207222e-01,9.695057113452596464e-01,9.447230054475287409e-01,9.099920293574660368e-01,8.672424085145781225e-01,8.188532976112342654e-01,7.673103446228793922e-01,7.149053165056967751e-01,6.635356643133194510e-01,6.146173498173130856e-01,5.690907386062259432e-01,5.274849818547577840e-01,4.900077652726771982e-01,4.566366423337661629e-01,4.271986689883904842e-01,4.014332435407085287e-01,3.790381094019728558e-01,3.597009388703322208e-01,3.431196880367248236e-01,3.290147802205810046e-01,3.171356643248161578e-01,3.072637014565476332e-01,2.992127972704168859e-01,2.928287669547333660e-01,2.879880973948241718e-01,2.845965409362625209e-01,2.825878165919894491e-01,2.819225879880533081e-01,2.825878165919592511e-01,2.845965409362494203e-01,2.879880973948176215e-01,2.928287669547220973e-01,2.992127972704051730e-01,3.072637014565382518e-01,3.171356643247950635e-01,3.290147802205879990e-01,3.431196880367023971e-01,3.597009388703535371e-01,3.790381094019361630e-01,4.014332435407048649e-01,4.271986689883683908e-01,4.566366423337104297e-01,4.900077652726712585e-01,5.274849818547593383e-01,5.690907386062603601e-01,6.146173498172988747e-01,6.635356643133289989e-01,7.149053165057180914e-01,7.673103446228349833e-01,8.188532976112117279e-01,8.672424085145609141e-01,9.099920293574814689e-01,9.447230054475225236e-01,9.695057113452850706e-01,9.831559520429290489e-01,9.853962622713914321e-01,9.768380852743534515e-01,9.588032501677052899e-01,9.330525673799165975e-01,9.015033217608796612e-01,8.659982147400394625e-01,8.281544353023958527e-01,7.892916428982204025e-01,7.504206653297037510e-01,7.122701899563851358e-01,6.753318405601690388e-01,6.399099606273832563e-01,6.061681476706201055e-01,5.741688652040611851e-01,5.439051626961698416e-01,5.153249905989174540e-01,4.883492278585757074e-01,4.628846912153105064e-01,4.388333074766830322e-01,4.160984455640974744e-01,3.945892018822833025e-01,3.742232467541857233e-01,3.549286845387760181e-01,3.366452571473779187e-01,3.193251263756020641e-01,3.029333994610911573e-01,2.874485092228613037e-01,2.728625203598972204e-01,2.591814031635736315e-01,2.464252920401882596e-01,2.346287265819739232e-01,2.238408558191866682e-01,2.141255706147293936e-01,2.055615142915102056e-01,1.982419073512949048e-01
8.704545454545454808e-01,1.936443655097593586e-01,1.983759617591891733e-01,2.044980630297464907e-01,2.119039146827478293e-01,2.204986965402736809e-01,2.302002153168250242e-01,2.409392949484830126e-01,2.526599367668018736e-01,2.653193116391271422e-01,2.788876347758168506e-01,2.933479615170491717e-01,3.086959292733543747e-01,3.249394567437848824e-01,3.420983960589625283e-01,3.602041157313202735e-01,3.792989710217577470e-01,3.994355919558070234e-01,4.206758857598063006e-01,4.430896076072335377e-01,4.667522987317818672e-01,4.917423218181674049e-01,5.181366387390952122e-01,5.460048762867203420e-01,5.754011178737525878e-01,6.063527592385563603e-01,6.388457064115197204e-01,6.728052327470332994e-01,7.080720431887486122e-01,7.443736564565444080e-01,7.812922857080882855e-01,8.182321504156101488e-01,8.543916602180985365e-01,8.887489612049657151e-01,9.200721671730461848e-01,9.469666982955864398e-01,9.679693643269695613e-01,9.816901902572139349e-01,9.869883723559442767e-01,9.831517373827142192e-01,9.700371563328508140e-01,9.481309054813346071e-01,9.185064537127923812e-01,8.826868732937556139e-01,8.424469639634366569e-01,7.996037376483592363e-01,7.558389671805051391e-01,7.125796273962945460e-01,6.709413739264604715e-01,6.317248523073653033e-01,5.954476020881735998e-01,5.623942873902904038e-01,5.326718329227755344e-01,5.062609452611358529e-01,4.830597587892873079e-01,4.629183381602027247e-01,4.456645268122872983e-01,4.311224583632809471e-01,4.191252833128035760e-01,4.095235776754125312e-01,4.021906732221127156e-01,3.970258854244435032e-01,3.939563668169285271e-01,3.929380999088872839e-01,3.939563668169135946e-01,3.970258854244514968e-01,4.021906732220593139e-01,4.095235776753960999e-01,4.191252833128022437e-01,4.311224583632760066e-01,4.456645268122496617e-01,4.629183381602001157e-01,4.830597587893120659e-01,5.062609452611235294e-01,5.326718329227698723e-01,5.623942873902912920e-01,5.954476020881859233e-01,6.317248523073459854e-01,6.709413739264327159e-01,7.125796273962736738e-01,7.558389671804780496e-01,7.996037376483309256e-01,8.424469639634232232e-01,8.826868732937573903e-01,9.185064537128125872e-01,9.481309054813308324e-01,9.700371563328583635e-01,9.831517373826993422e-01,9.869883723559602640e-01,9.816901902572152672e-01,9.679693643269681180e-01,9.469666982955775580e-01,9.200721671730494045e-01,8.887489612049581655e-01,8.543916602181128583e-01,8.182321504155861680e-01,7.812922857081088246e-01,7.443736564565348601e-01,7.080720431887518318e-01,6.728052327470143146e-01,6.388457064115024009e-01,6.063527592385457021e-01,5.754011178737554744e-01,5.460048762867195649e-01,5.181366387390914374e-01,4.917423218181692923e-01,4.667522987317839211e-01,4.430896076072270429e-01,4.206758857598079104e-01,3.994355919558049695e-01,3.792989710217554156e-01,3.602041157313183306e-01,3.420983960589660255e-01,3.249394567437846049e-01,3.086959292733541527e-01,2.933479615170485610e-01,2.788876347758161289e-01,2.653193116391270312e-01,2.526599367668017626e-01,2.409392949484824853e-01,2.302002153168252463e-01,2.204986965402722654e-01,2.119039146827471354e-01,2.044980630297463242e-01,1.983759617591872859e-01,1.936443655097581373e-01
8.742424242424242653e-01,1.940128203777086724e-01,1.960151551880417176e-01,1.995480584436979954e-01,2.044991456699950527e-01,2.107645103671469677e-01,2.182500258918627090e-01,2.268722581896516766e-01,2.365590563162922877e-01,2.472498845674129808e-01,2.588959536548643414e-01,2.714601998504841962e-01,2.849171511380639843e-01,2.992527086157560356e-01,3.144638598102460492e-01,3.305583280600112306e-01,3.475541483064350512e-01,3.654791438764044553e-01,3.843702603130113027e-01,4.042726899948650421e-01,4.252386940307971153e-01,4.473259945700359119e-01,4.705955702920656125e-01,4.951086401565447659e-01,5.209225666225687501e-01,5.480853532394972527e-01,5.766283610406818250e-01,6.065568390405079446e-01,6.378378825918539219e-01,6.703855402004331721e-01,7.040430425545490811e-01,7.385626002103226062e-01,7.735839848439742816e-01,8.086142218158404171e-01,8.430121422639648143e-01,8.759830643015118490e-01,9.065900287196747565e-01,9.337880469284289831e-01,9.564858091719707911e-01,9.736345657340267357e-01,9.843366218502921372e-01,9.879577277490121379e-01,9.842216863585615538e-01,9.732651602854710537e-01,9.556377114083103308e-01,9.322450447206012125e-01,9.042476222109417927e-01,8.729367847074190889e-01,8.396129053831233868e-01,8.054851965744013187e-01,7.716037959730864815e-01,7.388255919091933910e-01,7.078086518935076121e-01,6.790269757621948399e-01,6.527970482879416059e-01,6.293091528407156465e-01,6.086585257064719423e-01,5.908734461143547723e-01,5.759389237889575019e-01,5.638156923361623551e-01,5.544548151230158650e-01,5.478084804904976846e-01,5.438376198879428802e-01,5.425169142504731035e-01,5.438376198879286694e-01,5.478084804904759242e-01,5.544548151230190847e-01,5.638156923361696826e-01,5.759389237889527280e-01,5.908734461143488881e-01,6.086585257064716092e-01,6.293091528407269708e-01,6.527970482879488223e-01,6.790269757621379965e-01,7.078086518934959548e-01,7.388255919091420987e-01,7.716037959730536189e-01,8.054851965743706765e-01,8.396129053831249411e-01,8.729367847074150921e-01,9.042476222109506745e-01,9.322450447206127588e-01,9.556377114083020041e-01,9.732651602854658357e-01,9.842216863585772080e-01,9.879577277490162457e-01,9.843366218502991316e-01,9.736345657340295112e-01,9.564858091719689037e-01,9.337880469284201013e-01,9.065900287196752005e-01,8.759830643015197316e-01,8.430121422639769158e-01,8.086142218158353101e-01,7.735839848439893807e-01,7.385626002103290455e-01,7.040430425545560755e-01,6.703855402004268438e-01,6.378378825918487038e-01,6.065568390405132737e-01,5.766283610406838234e-01,5.480853532394943661e-01,5.209225666225620888e-01,4.951086401565461537e-01,4.705955702920646133e-01,4.473259945700355233e-01,4.252386940307970598e-01,4.042726899948644315e-01,3.843702603130142448e-01,3.654791438764042333e-01,3.475541483064329418e-01,3.305583280600131180e-01,3.144638598102494909e-01,2.992527086157537042e-01,2.849171511380638178e-01,2.714601998504840852e-01,2.588959536548653406e-01,2.472498845674129253e-01,2.365590563162936755e-01,2.268722581896509827e-01,2.182500258918617930e-01,2.107645103671443310e-01,2.044991456699968013e-01,1.995480584436967186e-01,1.960151551880432441e-01,1.940128203777063964e-01
8.780303030303030498e-01,1.992140082210744068e-01,1.984109728487237212e-01,1.992580415847707009e-01,2.016452461127324625e-01,2.054669926708969918e-01,2.106239584316799140e-01,2.170245594412967549e-01,2.245860385775951817e-01,2.332352272064797394e-01,2.429090345952236440e-01,2.535547159354052393e-01,2.651299641001311769e-01,2.776028628247201313e-01,2.909517304151831296e-01,3.051648736678402307e-01,3.202402615182754486e-01,3.361851169278370910e-01,3.530154133950338946e-01,3.707552488514309075e-01,3.894360540753560862e-01,4.090955746087889255e-01,4.297765440249549096e-01,4.515249420146849046e-01,4.743877033473119509e-01,4.984097143916351724e-01,5.236299050835939717e-01,5.500762208492161465e-01,5.777592493241539007e-01,6.066642938340826019e-01,6.367417486642343860e-01,6.678957659669426672e-01,6.999714419478185734e-01,7.327411222550536118e-01,7.658909536935227802e-01,7.990094806866434585e-01,8.315808293794637596e-01,8.629856770450624603e-01,8.925134963839497226e-01,9.193891335805782772e-01,9.428152774863486352e-01,9.620296544875509559e-01,9.763721152481996679e-01,9.853530130908428886e-01,9.887117188774060539e-01,9.864540857675250241e-01,9.788608039801949268e-01,9.664643080440190603e-01,9.499985042483155562e-01,9.303309191241273535e-01,9.083893248234513607e-01,8.850940905847476392e-01,8.613042677056057528e-01,8.377811926966739486e-01,8.151695531526332861e-01,7.939932170170169723e-01,7.746618649300942572e-01,7.574843351821651805e-01,7.426851622312549139e-01,7.304216560882109688e-01,7.207997430045266496e-01,7.138875115293719098e-01,7.097259281873966597e-01,7.083365123152212117e-01,7.097259281873784520e-01,7.138875115293655815e-01,7.207997430045107734e-01,7.304216560882692555e-01,7.426851622312763412e-01,7.574843351821924919e-01,7.746618649301113546e-01,7.939932170170230785e-01,8.151695531526103045e-01,8.377811926966665101e-01,8.613042677056330643e-01,8.850940905847302087e-01,9.083893248234663487e-01,9.303309191241074805e-01,9.499985042483345410e-01,9.664643080440098455e-01,9.788608039801776073e-01,9.864540857675297980e-01,9.887117188774033893e-01,9.853530130908307871e-01,9.763721152482229826e-01,9.620296544875461819e-01,9.428152774863558516e-01,9.193891335805911558e-01,8.925134963839530533e-01,8.629856770450684555e-01,8.315808293794803019e-01,7.990094806866496757e-01,7.658909536935160078e-01,7.327411222550679337e-01,6.999714419478111349e-01,6.678957659669348956e-01,6.367417486642303892e-01,6.066642938340911506e-01,5.777592493241563432e-01,5.500762208492229188e-01,5.236299050835883095e-01,4.984097143916396688e-01,4.743877033473161697e-01,4.515249420146792425e-01,4.297765440249612379e-01,4.090955746087888700e-01,3.894360540753642463e-01,3.707552488514311850e-01,3.530154133950388351e-01,3.361851169278359253e-01,3.202402615182775580e-01,3.051648736678392870e-01,2.909517304151848505e-01,2.776028628247190211e-01,2.651299641001289564e-01,2.535547159354017421e-01,2.429090345952225061e-01,2.332352272064768806e-01,2.245860385775939327e-01,2.170245594412931744e-01,2.106239584316824676e-01,2.054669926708990457e-01,2.016452461127367368e-01,1.992580415847692021e-01,1.984109728487236102e-01,1.992140082210743235e-01
8.818181818181818343e-01,2.089615105914161552e-01,2.053482439387052660e-01,2.034731034890421009e-01,2.032360738046221915e-01,2.045370827706819994e-01,2.072783756182075832e-01,2.113664790089962719e-01,2.167137742850790694e-01,2.232397125066658827e-01,2.308717117496071058e-01,2.395457803034184152e-01,2.492069089243054147e-01,2.598092720858862226e-01,2.713162730087932961e-01,2.837004607313314830e-01,2.969433400107582277e-01,3.110350866493807875e-01,3.259741719986103958e-01,3.417668908624191815e-01,3.584267766612402872e-01,3.759738763405138795e-01,3.944338449264568336e-01,4.138368057314021353e-01,4.342159070566758428e-01,4.556054902332789536e-01,4.780387679341127072e-01,5.015448977053186264e-01,5.261453266769428039e-01,5.518492842437974222e-01,5.786483172013709986e-01,6.065098060065720054e-01,6.353694836335279650e-01,6.651231135314307208e-01,6.956176829766913539e-01,7.266427390340571835e-01,7.579228286825674399e-01,7.891123699481467080e-01,8.197946088446206314e-01,8.494864973640455785e-01,8.776512159929096279e-01,9.037195118758576395e-01,9.271199378910554012e-01,9.473164993922098542e-01,9.638503852668214300e-01,9.763808251231467228e-01,9.847192293484944292e-01,9.888510953733440356e-01,9.889418416579884852e-01,9.853254446716568360e-01,9.784777949617321502e-01,9.689792143563735749e-01,9.574719423343209801e-01,9.446183870373262570e-01,9.310647753785847858e-01,9.174130410073633168e-01,9.042019183842717744e-01,8.918966834547167322e-01,8.808859940578280812e-01,8.714838376310057866e-01,8.639345711206705136e-01,8.584192792586192722e-01,8.550620394753086773e-01,8.539350641449375834e-01,8.550620394753037923e-01,8.584192792586294862e-01,8.639345711206622980e-01,8.714838376310185541e-01,8.808859940578416259e-01,8.918966834547266131e-01,9.042019183842897601e-01,9.174130410073891850e-01,9.310647753786116532e-01,9.446183870373400238e-01,9.574719423343110991e-01,9.689792143563563664e-01,9.784777949617150528e-01,9.853254446716639414e-01,9.889418416579952575e-01,9.888510953733321562e-01,9.847192293484977599e-01,9.763808251231453905e-01,9.638503852668219851e-01,9.473164993921970867e-01,9.271199378910697231e-01,9.037195118758633017e-01,8.776512159929186208e-01,8.494864973640405825e-01,8.197946088446216306e-01,7.891123699481679132e-01,7.579228286825639982e-01,7.266427390340726156e-01,6.956176829767022340e-01,6.651231135314242815e-01,6.353694836335320728e-01,6.065098060065727825e-01,5.786483172013613396e-01,5.518492842438023072e-01,5.261453266769416937e-01,5.015448977053252877e-01,4.780387679341157048e-01,4.556054902332786760e-01,4.342159070566830037e-01,4.138368057314053550e-01,3.944338449264550572e-01,3.759738763405084394e-01,3.584267766612433403e-01,3.417668908624194035e-01,3.259741719986095077e-01,3.110350866493802324e-01,2.969433400107613918e-01,2.837004607313314275e-01,2.713162730087935737e-01,2.598092720858837246e-01,2.492069089243067748e-01,2.395457803034214128e-01,2.308717117496093818e-01,2.232397125066679922e-01,2.167137742850793192e-01,2.113664790089957723e-01,2.072783756182090820e-01,2.045370827706824990e-01,2.032360738046236903e-01,2.034731034890394086e-01,2.053482439387060710e-01,2.089615105914147952e-01
8.856060606060607299e-01,2.228774062387448573e-01,2.165234859742111995e-01,2.119567642591579093e-01,2.090935669747291115e-01,2.078458049561317245e-01,2.081236299111918209e-01,2.098377551450403000e-01,2.129014254696329211e-01,2.172320404866267263e-01,2.227524498863957814e-01,2.293919489063000750e-01,2.370870072996320022e-01,2.457817668515787091e-01,2.554283414044368206e-01,2.659869502097456651e-01,2.774259107782381939e-01,2.897215116840741733e-01,3.028577793004081364e-01,3.168261453819249951e-01,3.316250148550330956e-01,3.472592251480101089e-01,3.637393798798880806e-01,3.810810307272216590e-01,3.993036718688771081e-01,4.184295017780345072e-01,4.384818977349176916e-01,4.594835400861905228e-01,4.814541173185757916e-01,5.044075414946163072e-01,5.283486094730385219e-01,5.532690626050584815e-01,5.791430313243060013e-01,6.059219070903266724e-01,6.335287683996126962e-01,6.618526044902292016e-01,6.907427304598711126e-01,7.200039639024445881e-01,7.493933173632806310e-01,7.786191190786119209e-01,8.073435561195118071e-01,8.351895762210738150e-01,8.617528243378115294e-01,8.866187866525117034e-01,9.093845784318417280e-01,9.296839286767265564e-01,9.472130524461113144e-01,9.617544860066269408e-01,9.731958095095919470e-01,9.815406267600516044e-01,9.869101843233470950e-01,9.895353912831619247e-01,9.897404247446187631e-01,9.879202390965055036e-01,9.845149018249157447e-01,9.799836843878351189e-01,9.747813379127556743e-01,9.693381815882599062e-01,9.640447531317524188e-01,9.592409995640993614e-01,9.552094300667255400e-01,9.521713417819808178e-01,9.502851398309012376e-01,9.496458529426272666e-01,9.502851398309055675e-01,9.521713417820025782e-01,9.552094300667430815e-01,9.592409995640894804e-01,9.640447531317454244e-01,9.693381815882550212e-01,9.747813379127527877e-01,9.799836843878174664e-01,9.845149018249128581e-01,9.879202390965047265e-01,9.897404247446073278e-01,9.895353912831679200e-01,9.869101843233418769e-01,9.815406267600644830e-01,9.731958095095922801e-01,9.617544860066148393e-01,9.472130524461201961e-01,9.296839286767141219e-01,9.093845784318436154e-01,8.866187866525049310e-01,8.617528243378045349e-01,8.351895762210796992e-01,8.073435561195170251e-01,7.786191190786160288e-01,7.493933173632758571e-01,7.200039639024533589e-01,6.907427304598739992e-01,6.618526044902307559e-01,6.335287683996102537e-01,6.059219070903327786e-01,5.791430313243127737e-01,5.532690626050554838e-01,5.283486094730409643e-01,5.044075414946112002e-01,4.814541173185822309e-01,4.594835400861957408e-01,4.384818977349163038e-01,4.184295017780395032e-01,3.993036718688751097e-01,3.810810307272236019e-01,3.637393798798890243e-01,3.472592251480104419e-01,3.316250148550324295e-01,3.168261453819232742e-01,3.028577793004077479e-01,2.897215116840744509e-01,2.774259107782382494e-01,2.659869502097437777e-01,2.554283414044341005e-01,2.457817668515810683e-01,2.370870072996311140e-01,2.293919489062977435e-01,2.227524498863985014e-01,2.172320404866249777e-01,2.129014254696308395e-01,2.098377551450380241e-01,2.081236299111905996e-01,2.078458049561344445e-01,2.090935669747296388e-01,2.119567642591541345e-01,2.165234859742128648e-01,2.228774062387424426e-01
8.893939393939394034e-01,2.404870107711826466e-01,2.315404351712344322e-01,2.243874514332807324e-01,2.189653776484786485e-01,2.152032441400812401e-01,2.130244941092770128e-01,2.123494666732648750e-01,2.130976135981377806e-01,2.151894236086027701e-01,2.185480468323186543e-01,2.231006263745665130e-01,2.287793543077928649e-01,2.355222758765696811e-01,2.432738689939451526e-01,2.519854267311283369e-01,2.616152690525769819e-01,2.721288070328822251e-01,2.834984786332919171e-01,2.957035701410991591e-01,3.087299318240094848e-01,3.225695903891736549e-01,3.372202545771027515e-01,3.526847037562057530e-01,3.689700428173234847e-01,3.860868001577016928e-01,4.040478393531878876e-01,4.228670496790327138e-01,4.425577766262167034e-01,4.631309519695611110e-01,4.845928851765624046e-01,5.069426858645526002e-01,5.301693029538334656e-01,5.542481928265341473e-01,5.791376689826501778e-01,6.047750417238387799e-01,6.310727292819388046e-01,6.579146098839318002e-01,6.851529815894956688e-01,7.126065915115584737e-01,7.400602693421014511e-01,7.672667263032032503e-01,7.939510301428094330e-01,8.198181122866586845e-01,8.445633893523513125e-01,8.678861958143748723e-01,8.895052681673520922e-01,9.091750685278606747e-01,9.267013867029830765e-01,9.419545146871767249e-01,9.548784157706088349e-01,9.654947215830554930e-01,9.739010214730577930e-01,9.802636358286065388e-01,9.848057381121352316e-01,9.877921773792692761e-01,9.895125766649182086e-01,9.902642363173279616e-01,9.903361107249709638e-01,9.899947438460023896e-01,9.894726412804367710e-01,9.889592037064121044e-01,9.885940970011607432e-01,9.884628053492456878e-01,9.885940970011721785e-01,9.889592037064223184e-01,9.894726412804416560e-01,9.899947438460015015e-01,9.903361107249742945e-01,9.902642363173210782e-01,9.895125766649216503e-01,9.877921773792684990e-01,9.848057381121252396e-01,9.802636358286029861e-01,9.739010214730611237e-01,9.654947215830704810e-01,9.548784157706070586e-01,9.419545146871716179e-01,9.267013867029817442e-01,9.091750685278547905e-01,8.895052681673620842e-01,8.678861958143652133e-01,8.445633893523415425e-01,8.198181122866661230e-01,7.939510301428102101e-01,7.672667263032013629e-01,7.400602693421002298e-01,7.126065915115542548e-01,6.851529815894905617e-01,6.579146098839419032e-01,6.310727292819342527e-01,6.047750417238361154e-01,5.791376689826546187e-01,5.542481928265353686e-01,5.301693029538323554e-01,5.069426858645553757e-01,4.845928851765619050e-01,4.631309519695613885e-01,4.425577766262114854e-01,4.228670496790389866e-01,4.040478393531862222e-01,3.860868001577020814e-01,3.689700428173272040e-01,3.526847037562066967e-01,3.372202545771035287e-01,3.225695903891740990e-01,3.087299318240101509e-01,2.957035701411009354e-01,2.834984786332925277e-01,2.721288070328813924e-01,2.616152690525764823e-01,2.519854267311297802e-01,2.432738689939435150e-01,2.355222758765691815e-01,2.287793543077956959e-01,2.231006263745654861e-01,2.185480468323150183e-01,2.151894236085980794e-01,2.130976135981383912e-01,2.123494666732654579e-01,2.130244941092798716e-01,2.152032441400821561e-01,2.189653776484809244e-01,2.243874514332823145e-01,2.315404351712324338e-01,2.404870107711811200e-01
8.931818181818182989e-01,2.612312445021992557e-01,2.499015957122287801e-01,2.403300083642956608e-01,2.324774368355765897e-01,2.262934796841441221e-01,2.217188927448336677e-01,2.186880238773194762e-01,2.171310954318236563e-01,2.169762818729819298e-01,2.181515496572089263e-01,2.205862434126042437e-01,2.242124162074229932e-01,2.289659120827066130e-01,2.347872162169765686e-01,2.416220924175260798e-01,2.494220295201113324e-01,2.581445181801783617e-01,2.677531778873863400e-01,2.782177512146732923e-01,2.895139786456802922e-01,3.016233630693462286e-01,3.145328283925105661e-01,3.282342718683783356e-01,3.427240048203870626e-01,3.580020716177440554e-01,3.740714322315158991e-01,3.909369897452555920e-01,4.086044412045355956e-01,4.270789287146320445e-01,4.463634684784183460e-01,4.664571394727581866e-01,4.873530218772126332e-01,5.090358895524790261e-01,5.314796822260370313e-01,5.546448127941034922e-01,5.784754039362596245e-01,6.028965955810315913e-01,6.278121183612407341e-01,6.531023831992724960e-01,6.786233855378028812e-01,7.042067531297235838e-01,7.296612647623939019e-01,7.547761192122870444e-01,7.793261273096458996e-01,8.030788308774575723e-01,8.258033284269816754e-01,8.472803324278171955e-01,8.673127357388178416e-01,8.857357744178013803e-01,9.024257889949897082e-01,9.173066404201699608e-01,9.303530376359387954e-01,9.415903558124018025e-01,9.510909135441683038e-01,9.589670638876658382e-01,9.653617708063222391e-01,9.704375420218641635e-01,9.743646539969417208e-01,9.773095476904753998e-01,9.794241299960906311e-01,9.808365302786442586e-01,9.816436763653260122e-01,9.819059003323558077e-01,9.816436763653180186e-01,9.808365302786345996e-01,9.794241299960934066e-01,9.773095476904830603e-01,9.743646539969355036e-01,9.704375420218593895e-01,9.653617708063166880e-01,9.589670638876716113e-01,9.510909135441707463e-01,9.415903558123958073e-01,9.303530376359531173e-01,9.173066404201681845e-01,9.024257889949816036e-01,8.857357744177974945e-01,8.673127357388067393e-01,8.472803324278305181e-01,8.258033284269824525e-01,8.030788308774652329e-01,7.793261273096607766e-01,7.547761192122930396e-01,7.296612647623883507e-01,7.042067531297226957e-01,6.786233855378033253e-01,6.531023831992823769e-01,6.278121183612457301e-01,6.028965955810390298e-01,5.784754039362581812e-01,5.546448127940992734e-01,5.314796822260345888e-01,5.090358895524734750e-01,4.873530218772094691e-01,4.664571394727602405e-01,4.463634684784154594e-01,4.270789287146358748e-01,4.086044412045370944e-01,3.909369897452550924e-01,3.740714322315155105e-01,3.580020716177422235e-01,3.427240048203878398e-01,3.282342718683780025e-01,3.145328283925102886e-01,3.016233630693477830e-01,2.895139786456827902e-01,2.782177512146725151e-01,2.677531778873889490e-01,2.581445181801749755e-01,2.494220295201115545e-01,2.416220924175290496e-01,2.347872162169765964e-01,2.289659120827041427e-01,2.242124162074235760e-01,2.205862434126042437e-01,2.181515496572105917e-01,2.169762818729854825e-01,2.171310954318244613e-01,2.186880238773164509e-01,2.217188927448368041e-01,2.262934796841458429e-01,2.324774368355787824e-01,2.403300083642946616e-01,2.499015957122332210e-01,2.612312445021961471e-01
8.969696969696969724e-01,2.845103561310796669e-01,2.710559000808444585e-01,2.592861224404285347e-01,2.491862315487221036e-01,2.407280071241108266e-01,2.338719362208066532e-01,2.285694087077705661e-01,2.247648847171904163e-01,2.223979633460216598e-01,2.214052993256992174e-01,2.217223310437369255e-01,2.232847982314263569e-01,2.260300402253253016e-01,2.298980756943282966e-01,2.348324720864196913e-01,2.407810179599194911e-01,2.476962141079197266e-01,2.555356003006890586e-01,2.642619339099585574e-01,2.738432349724521653e-01,2.842527096954257093e-01,2.954685612599649569e-01,3.074736932583469473e-01,3.202553074019023338e-01,3.338043934359264941e-01,3.481151056859665416e-01,3.631840175516826696e-01,3.790092428295787630e-01,3.955894113304532778e-01,4.129224863031667470e-01,4.310044132379933779e-01,4.498275943615467898e-01,4.693791912974533687e-01,4.896392707153508494e-01,5.105788249871546780e-01,5.321577222885457426e-01,5.543226680461601497e-01,5.770052910758608489e-01,6.001205008741775648e-01,6.235652934408688619e-01,6.472182061418069177e-01,6.709396303805912343e-01,6.945731763646251222e-01,7.179482397646278491e-01,7.408838409278643011e-01,7.631936938452479335e-01,7.846923217160591824e-01,8.052018842374456531e-01,8.245592413983543478e-01,8.426226760987075570e-01,8.592776580965122424e-01,8.744410710416030685e-01,8.880634453168734233e-01,9.001289284966635940e-01,9.106529546565340638e-01,9.196778076425646820e-01,9.272664762245446113e-01,9.334953437883107830e-01,9.384463285430385548e-01,9.421990935189678007e-01,9.448238920265514817e-01,9.463755231130484002e-01,9.468887625406988695e-01,9.463755231130519530e-01,9.448238920265399354e-01,9.421990935189635819e-01,9.384463285430276747e-01,9.334953437883057870e-01,9.272664762245370618e-01,9.196778076425661252e-01,9.106529546565426125e-01,9.001289284966639270e-01,8.880634453168743114e-01,8.744410710416089527e-01,8.592776580965243438e-01,8.426226760987084452e-01,8.245592413983410252e-01,8.052018842374524255e-01,7.846923217160607367e-01,7.631936938452480446e-01,7.408838409278554193e-01,7.179482397646345104e-01,6.945731763646235679e-01,6.709396303806033357e-01,6.472182061418041421e-01,6.235652934408634218e-01,6.001205008741797853e-01,5.770052910758590725e-01,5.543226680461637024e-01,5.321577222885488512e-01,5.105788249871551221e-01,4.896392707153469637e-01,4.693791912974534242e-01,4.498275943615496764e-01,4.310044132379992066e-01,4.129224863031652482e-01,3.955894113304510018e-01,3.790092428295792626e-01,3.631840175516791169e-01,3.481151056859629889e-01,3.338043934359202769e-01,3.202553074019001134e-01,3.074736932583463922e-01,2.954685612599627365e-01,2.842527096954249322e-01,2.738432349724514991e-01,2.642619339099578912e-01,2.555356003006935550e-01,2.476962141079198099e-01,2.407810179599195188e-01,2.348324720864187753e-01,2.298980756943266590e-01,2.260300402253253016e-01,2.232847982314294100e-01,2.217223310437374528e-01,2.214052993256987734e-01,2.223979633460194394e-01,2.247648847171941910e-01,2.285694087077729253e-01,2.338719362208016572e-01,2.407280071241110486e-01,2.491862315487224366e-01,2.592861224404212073e-01,2.710559000808459018e-01,2.845103561310775575e-01
9.007575757575758679e-01,3.097176116366388565e-01,2.944283711744040133e-01,2.807190967576111418e-01,2.685980876163377440e-01,2.580591817242351982e-01,2.490833913177810388e-01,2.416407151165067269e-01,2.356920383686497977e-01,2.311910422012910804e-01,2.280860565919306804e-01,2.263218052038792616e-01,2.258410041578921834e-01,2.265857896403309923e-01,2.284989604573039179e-01,2.315250308871920071e-01,2.356110963397239355e-01,2.407075194486390235e-01,2.467684474768054304e-01,2.537521735370749654e-01,2.616213544005335234e-01,2.703430968516457034e-01,2.798889229185352878e-01,2.902346220955527301e-01,3.013599961011661499e-01,3.132484989765426664e-01,3.258867726195902592e-01,3.392640753639865059e-01,3.533715991678352264e-01,3.682016696245795639e-01,3.837468226472657840e-01,3.999987526602968857e-01,4.169471298685540894e-01,4.345782891085151478e-01,4.528738003696498038e-01,4.718089416919655776e-01,4.913511090186999941e-01,5.114582146281713149e-01,5.320771454203951922e-01,5.531423733555449473e-01,5.745748306456418542e-01,5.962811788587261130e-01,6.181536099937511297e-01,6.400703143394540495e-01,6.618967301113153345e-01,6.834876500559972090e-01,7.046901992272092130e-01,7.253476182175236930e-01,7.453036938184866012e-01,7.644075853036023105e-01,7.825187135419992002e-01,7.995113272654895686e-01,8.152783492023814027e-01,8.297341421311743570e-01,8.428159208362411281e-01,8.544836612786701480e-01,8.647185064221825090e-01,8.735198183877674882e-01,8.809011585200205996e-01,8.868855744186734391e-01,8.915006268607830187e-01,8.947735982300863977e-01,8.967272923024774967e-01,8.973767715626984609e-01,8.967272923024837139e-01,8.947735982300968338e-01,8.915006268607942319e-01,8.868855744186516787e-01,8.809011585200078320e-01,8.735198183877659339e-01,8.647185064221741824e-01,8.544836612786763652e-01,8.428159208362416832e-01,8.297341421311721366e-01,8.152783492023906176e-01,7.995113272655035574e-01,7.825187135420024198e-01,7.644075853036111923e-01,7.453036938184841587e-01,7.253476182175305764e-01,7.046901992272004422e-01,6.834876500559990964e-01,6.618967301113186652e-01,6.400703143394601558e-01,6.181536099937773310e-01,5.962811788587275563e-01,5.745748306456401888e-01,5.531423733555470568e-01,5.320771454203921946e-01,5.114582146281743125e-01,4.913511090187038799e-01,4.718089416919677426e-01,4.528738003696533565e-01,4.345782891085170907e-01,4.169471298685530347e-01,3.999987526602966081e-01,3.837468226472641741e-01,3.682016696245823395e-01,3.533715991678336166e-01,3.392640753639848961e-01,3.258867726195914805e-01,3.132484989765442762e-01,3.013599961011669270e-01,2.902346220955504541e-01,2.798889229185348992e-01,2.703430968516449262e-01,2.616213544005331348e-01,2.537521735370745213e-01,2.467684474768050973e-01,2.407075194486381353e-01,2.356110963397254343e-01,2.315250308871933671e-01,2.284989604573036681e-01,2.265857896403301597e-01,2.258410041578866323e-01,2.263218052038791228e-01,2.280860565919335392e-01,2.311910422012902477e-01,2.356920383686490483e-01,2.416407151165047285e-01,2.490833913177770698e-01,2.580591817242320340e-01,2.685980876163360231e-01,2.807190967576102536e-01,2.944283711744033472e-01,3.097176116366399667e-01
9.045454545454545414e-01,3.362700386995919333e-01,3.194506973840401387e-01,3.040831550931916150e-01,2.901962778394360232e-01,2.778043953687351353e-01,2.669083856176771574e-01,2.574970203556558590e-01,2.495484921159834557e-01,2.430320460343306510e-01,2.379096473388483124e-01,2.341376248258367487e-01,2.316682415812396922e-01,2.304511554739736567e-01,2.304347427450762487e-01,2.315672677582810701e-01,2.337978902876546583e-01,2.370775084114246922e-01,2.413594401261494049e-01,2.465999502738784321e-01,2.527586314450291916e-01,2.597986483833731319e-01,2.676868552966949477e-01,2.763937945910246996e-01,2.858935841113867671e-01,2.961636981921965672e-01,3.071846458898580545e-01,3.189395478788769056e-01,3.314136118357163818e-01,3.445935049189238764e-01,3.584666214073747303e-01,3.730202439351321120e-01,3.882405983401725491e-01,4.041118052208247935e-01,4.206147361575254262e-01,4.377257894533780891e-01,4.554156093165759311e-01,4.736477836066740332e-01,4.923775682654145114e-01,5.115507006243361632e-01,5.311023776996888213e-01,5.509564875623252922e-01,5.710251895756565110e-01,5.912089400022956243e-01,6.113970503865479023e-01,6.314688448501577511e-01,6.512954477007678600e-01,6.707421850572189426e-01,6.896715264475109519e-01,7.079464300975948365e-01,7.254338968240314767e-01,7.420084913953447492e-01,7.575555660629601507e-01,7.719739256969375685e-01,7.851777106732699130e-01,7.970973403507983779e-01,8.076794494677775882e-01,8.168858508359065906e-01,8.246916570427448301e-01,8.310827786567052122e-01,8.360530764855349517e-01,8.396014746486020197e-01,8.417293379433233858e-01,8.424383834831792317e-01,8.417293379433274936e-01,8.396014746485913616e-01,8.360530764855392816e-01,8.310827786567001052e-01,8.246916570427357263e-01,8.168858508359053694e-01,8.076794494677570491e-01,7.970973403508125887e-01,7.851777106732752420e-01,7.719739256969386787e-01,7.575555660629688104e-01,7.420084913953466366e-01,7.254338968240418017e-01,7.079464300975958357e-01,6.896715264475242746e-01,6.707421850572312660e-01,6.512954477007785181e-01,6.314688448501560858e-01,6.113970503865554518e-01,5.912089400023079477e-01,5.710251895756633944e-01,5.509564875623175206e-01,5.311023776996868229e-01,5.115507006243384946e-01,4.923775682654183972e-01,4.736477836066725344e-01,4.554156093165740993e-01,4.377257894533824190e-01,4.206147361575255372e-01,4.041118052208246825e-01,3.882405983401714389e-01,3.730202439351357757e-01,3.584666214073761736e-01,3.445935049189232102e-01,3.314136118357164373e-01,3.189395478788769056e-01,3.071846458898602195e-01,2.961636981921940137e-01,2.858935841113858234e-01,2.763937945910251437e-01,2.676868552966936710e-01,2.597986483833743532e-01,2.527586314450303018e-01,2.465999502738763782e-01,2.413594401261497935e-01,2.370775084114238596e-01,2.337978902876547138e-01,2.315672677582810424e-01,2.304347427450769425e-01,2.304511554739734625e-01,2.316682415812421347e-01,2.341376248258365267e-01,2.379096473388467026e-01,2.430320460343319833e-01,2.495484921159885627e-01,2.574970203556525283e-01,2.669083856176753811e-01,2.778043953687346912e-01,2.901962778394385212e-01,3.040831550931926142e-01,3.194506973840461894e-01,3.362700386995892687e-01
9.083333333333334370e-01,3.636343408586186765e-01,3.455888063275808775e-01,3.288516190528302796e-01,3.134688204847461135e-01,2.994726277230287392e-01,2.868819806833524666e-01,2.757033983482500838e-01,2.659320799452997153e-01,2.575531845047918100e-01,2.505432237802433515e-01,2.448715082263068499e-01,2.405015927504137729e-01,2.373926773933456025e-01,2.355009271288664718e-01,2.347806839084551622e-01,2.351855523789405100e-01,2.366693479986846371e-01,2.391869023566475516e-01,2.426947252743670014e-01,2.471515267632667379e-01,2.525186042138798381e-01,2.587601014526924592e-01,2.658431466887131722e-01,2.737378760697558033e-01,2.824173487649764835e-01,2.918573583703457652e-01,3.020361441800103464e-01,3.129340046596823521e-01,3.245328144840632922e-01,3.368154459499329012e-01,3.497650956533961963e-01,3.633645182355706438e-01,3.775951709725314243e-01,3.924362762187323384e-01,4.078638133814213029e-01,4.238494583074317590e-01,4.403594956842401542e-01,4.573537390899483079e-01,4.747845032176952751e-01,4.925956827768932511e-01,5.107220015071548547e-01,5.290885011491556211e-01,5.476103423383062996e-01,5.661929853623313136e-01,5.847328068779493737e-01,6.031181879107790911e-01,6.212310786767534232e-01,6.389490082862208098e-01,6.561474652076673131e-01,6.727025320831109267e-01,6.884936219000827862e-01,7.034061378076800208e-01,7.173338714382090364e-01,7.301809679326320968e-01,7.418633205207200154e-01,7.523093106333791358e-01,7.614598751212355854e-01,7.692679519552366729e-01,7.756974206570579344e-01,7.807217051901090832e-01,7.843222386692849657e-01,7.864869974028582122e-01,7.872092959486443053e-01,7.864869974028583233e-01,7.843222386692910719e-01,7.807217051901115257e-01,7.756974206570760311e-01,7.692679519552373391e-01,7.614598751212282579e-01,7.523093106333693658e-01,7.418633205207204595e-01,7.301809679326309865e-01,7.173338714382111458e-01,7.034061378076822413e-01,6.884936219000764579e-01,6.727025320831211408e-01,6.561474652076529912e-01,6.389490082862189224e-01,6.212310786767551996e-01,6.031181879107756494e-01,5.847328068779480414e-01,5.661929853623224318e-01,5.476103423383045232e-01,5.290885011491609502e-01,5.107220015071523012e-01,4.925956827768893098e-01,4.747845032176967184e-01,4.573537390899438670e-01,4.403594956842438179e-01,4.238494583074349231e-01,4.078638133814190270e-01,3.924362762187306730e-01,3.775951709725261507e-01,3.633645182355693115e-01,3.497650956533967515e-01,3.368154459499343445e-01,3.245328144840647910e-01,3.129340046596799652e-01,3.020361441800086255e-01,2.918573583703451546e-01,2.824173487649740966e-01,2.737378760697578017e-01,2.658431466887136163e-01,2.587601014526913490e-01,2.525186042138796161e-01,2.471515267632661272e-01,2.426947252743706374e-01,2.391869023566486896e-01,2.366693479986830551e-01,2.351855523789407876e-01,2.347806839084576602e-01,2.355009271288675821e-01,2.373926773933469903e-01,2.405015927504157158e-01,2.448715082263075160e-01,2.505432237802466822e-01,2.575531845047926982e-01,2.659320799452967177e-01,2.757033983482552464e-01,2.868819806833542985e-01,2.994726277230332911e-01,3.134688204847421167e-01,3.288516190528352756e-01,3.455888063275784350e-01,3.636343408586176218e-01
9.121212121212121104e-01,3.913368609467606229e-01,3.723560211071952342e-01,3.545324762080050984e-01,3.379256556315256566e-01,3.225824492362924234e-01,3.085372784081114594e-01,2.958124903225776148e-01,2.844190299012140377e-01,2.743573373319281306e-01,2.656184159778414711e-01,2.581850157145506586e-01,2.520328796908137825e-01,2.471320075465252009e-01,2.434478945497114966e-01,2.409427132650760195e-01,2.395764116580092473e-01,2.393077084987954017e-01,2.400949732200556019e-01,2.418969827721659249e-01,2.446735524069462986e-01,2.483860406761050632e-01,2.529977313073617506e-01,2.584740961151064664e-01,2.647829438451834161e-01,2.718944599943613483e-01,2.797811423446472934e-01,2.884176363744300198e-01,2.977804740196199340e-01,3.078477186255539344e-01,3.185985185257603214e-01,3.300125716802211340e-01,3.420695043797789547e-01,3.547481683487105908e-01,3.680258628173391222e-01,3.818774914252159869e-01,3.962746682369251983e-01,4.111847927054267937e-01,4.265701199744173500e-01,4.423868601751926866e-01,4.585843478337386370e-01,4.751043294072585521e-01,4.918804223193686265e-01,5.088378014605082766e-01,5.258931676689547752e-01,5.429550459897247716e-01,5.599244486224225215e-01,5.766959181177306881e-01,5.931589411490185704e-01,6.091996937326117356e-01,6.247030478873858428e-01,6.395547411298918572e-01,6.536435881075449705e-01,6.668636021027405381e-01,6.791158961451327913e-01,6.903102503866160866e-01,7.003662633571992036e-01,7.092140465633424151e-01,7.167944695164079061e-01,7.230590094244278010e-01,7.279693000482767573e-01,7.314965021065988893e-01,7.336206293611191587e-01,7.343299586301390569e-01,7.336206293611242657e-01,7.314965021065934492e-01,7.279693000482747589e-01,7.230590094244383481e-01,7.167944695164132352e-01,7.092140465633471891e-01,7.003662633571995366e-01,6.903102503866203055e-01,6.791158961451236875e-01,6.668636021027389837e-01,6.536435881075453036e-01,6.395547411298897478e-01,6.247030478873862869e-01,6.091996937326091821e-01,5.931589411490216790e-01,5.766959181177423455e-01,5.599244486224201900e-01,5.429550459897348746e-01,5.258931676689526657e-01,5.088378014605022814e-01,4.918804223193702363e-01,4.751043294072582746e-01,4.585843478337411350e-01,4.423868601751940188e-01,4.265701199744175720e-01,4.111847927054300689e-01,3.962746682369285844e-01,3.818774914252174857e-01,3.680258628173425639e-01,3.547481683487055393e-01,3.420695043797761237e-01,3.300125716802246867e-01,3.185985185257610985e-01,3.078477186255518250e-01,2.977804740196192124e-01,2.884176363744304084e-01,2.797811423446455170e-01,2.718944599943595164e-01,2.647829438451805295e-01,2.584740961151062444e-01,2.529977313073615286e-01,2.483860406761043971e-01,2.446735524069469370e-01,2.418969827721682286e-01,2.400949732200574060e-01,2.393077084987948466e-01,2.395764116580065273e-01,2.409427132650754921e-01,2.434478945497075830e-01,2.471320075465261723e-01,2.520328796908126723e-01,2.581850157145484381e-01,2.656184159778424703e-01,2.743573373319324604e-01,2.844190299012103185e-01,2.958124903225806124e-01,3.085372784081132913e-01,3.225824492362933671e-01,3.379256556315285431e-01,3.545324762080083736e-01,3.723560211071965109e-01,3.913368609467600123e-01
9.159090909090910060e-01,4.189487567541994584e-01,3.993020819460593729e-01,3.806608414073027191e-01,3.630940523775290640e-01,3.466598308924123684e-01,3.314050758390766904e-01,3.173654636100978199e-01,3.045657261151093476e-01,2.930201759502362724e-01,2.827334363681566765e-01,2.737013304024839000e-01,2.659118828964716630e-01,2.593463909010849111e-01,2.539805214520758359e-01,2.497854005739581496e-01,2.467286629585013769e-01,2.447754376466452775e-01,2.438892508040959028e-01,2.440328320143232144e-01,2.451688152068753623e-01,2.472603292705063682e-01,2.502714765244465900e-01,2.541676995530012806e-01,2.589160385137733722e-01,2.644852820045334174e-01,2.708460150399134014e-01,2.779705677807232655e-01,2.858328685198983088e-01,2.944082042083843165e-01,3.036728916541471257e-01,3.136038626015014152e-01,3.241781663501381305e-01,3.353723945531310591e-01,3.471620344792365476e-01,3.595207594529169493e-01,3.724196684723415363e-01,3.858264911644093687e-01,3.997047791910854908e-01,4.140131107737954896e-01,4.287043408027426672e-01,4.437249345214138718e-01,4.590144273220440052e-01,4.745050558997634393e-01,4.901216059485984933e-01,5.057815178219523533e-01,5.213952833859044622e-01,5.368671543042675687e-01,5.520961644209860797e-01,5.669774476904844152e-01,5.814038099901491785e-01,5.952674905912146430e-01,6.084620299942169463e-01,6.208841482336092676e-01,6.324355341258379726e-01,6.430244527591921777e-01,6.525670958386062814e-01,6.609886256987984599e-01,6.682238957541688507e-01,6.742178636314741791e-01,6.789257435662174878e-01,6.823129675056572863e-01,6.843550364776564976e-01,6.850373434694759789e-01,6.843550364776497252e-01,6.823129675056589516e-01,6.789257435662231499e-01,6.742178636314846152e-01,6.682238957541744018e-01,6.609886256988025677e-01,6.525670958386045051e-01,6.430244527591920667e-01,6.324355341258359742e-01,6.208841482336129314e-01,6.084620299942211652e-01,5.952674905912215264e-01,5.814038099901502887e-01,5.669774476904836380e-01,5.520961644209845254e-01,5.368671543042704553e-01,5.213952833859086811e-01,5.057815178219510210e-01,4.901216059485999366e-01,4.745050558997673806e-01,4.590144273220477800e-01,4.437249345214111518e-01,4.287043408027442215e-01,4.140131107738012628e-01,3.997047791910853798e-01,3.858264911644084805e-01,3.724196684723393158e-01,3.595207594529158945e-01,3.471620344792319401e-01,3.353723945531338901e-01,3.241781663501370758e-01,3.136038626014990283e-01,3.036728916541459045e-01,2.944082042083806527e-01,2.858328685198961439e-01,2.779705677807256525e-01,2.708460150399099042e-01,2.644852820045374142e-01,2.589160385137739273e-01,2.541676995530017247e-01,2.502714765244473671e-01,2.472603292705100597e-01,2.451688152068730309e-01,2.440328320143264895e-01,2.438892508040947094e-01,2.447754376466419746e-01,2.467286629585028757e-01,2.497854005739625349e-01,2.539805214520792220e-01,2.593463909010797486e-01,2.659118828964715520e-01,2.737013304024840665e-01,2.827334363681578977e-01,2.930201759502286118e-01,3.045657261151141215e-01,3.173654636101011506e-01,3.314050758390760798e-01,3.466598308924136451e-01,3.630940523775347817e-01,3.806608414073028857e-01,3.993020819460567639e-01,4.189487567542014013e-01
9.196969696969696795e-01,4.461891827180969883e-01,4.261164574531148830e-01,4.069014755449862353e-01,3.886193557801562726e-01,3.713361180909842685e-01,3.551080783407917218e-01,3.399815229664574501e-01,3.259926520243145998e-01,3.131677695241277815e-01,3.015236921601777698e-01,2.910683419782542081e-01,2.818014852446721896e-01,2.737155787052810707e-01,2.667966852816469614e-01,2.610254236866839661e-01,2.563779200418788706e-01,2.528267339219715804e-01,2.503417359512087881e-01,2.488909187916799326e-01,2.484411278316001059e-01,2.489587019065481188e-01,2.504100178475497929e-01,2.527619354885936032e-01,2.559821419794395814e-01,2.600393958769990910e-01,2.649036726025696953e-01,2.705462135497711529e-01,2.769394815219907713e-01,2.840570253929222133e-01,2.918732570513374314e-01,3.003631439460817676e-01,3.095018210266947123e-01,3.192641267110423731e-01,3.296240688276302899e-01,3.405542283826784034e-01,3.520251115639227990e-01,3.640044636428074742e-01,3.764565623316097898e-01,3.893415125610102390e-01,4.026145693198899811e-01,4.162255197672460327e-01,4.301181597729505368e-01,4.442299027361048536e-01,4.584915592523401418e-01,4.728273242365486628e-01,4.871550028399468379e-01,5.013864975573366634e-01,5.154285663141394691e-01,5.291838455790559559e-01,5.425521147741731998e-01,5.554317601168109464e-01,5.677213796105137211e-01,5.793214584392272215e-01,5.901360375308498663e-01,6.000742989537003469e-01,6.090520005423308847e-01,6.169927079982320262e-01,6.238287937811597406e-01,6.295021955631422417e-01,6.339649495153716341e-01,6.371795319428038562e-01,6.391190541045180806e-01,6.397673578839513375e-01,6.391190541045095319e-01,6.371795319428043003e-01,6.339649495153765191e-01,6.295021955631436850e-01,6.238287937811535233e-01,6.169927079982316931e-01,6.090520005423217809e-01,6.000742989537002359e-01,5.901360375308586370e-01,5.793214584392277766e-01,5.677213796105116117e-01,5.554317601168128338e-01,5.425521147741788619e-01,5.291838455790612850e-01,5.154285663141375817e-01,5.013864975573389948e-01,4.871550028399431742e-01,4.728273242365451101e-01,4.584915592523434169e-01,4.442299027361084618e-01,4.301181597729489825e-01,4.162255197672398710e-01,4.026145693198905362e-01,3.893415125610109606e-01,3.764565623316082910e-01,3.640044636428054203e-01,3.520251115639245199e-01,3.405542283826805128e-01,3.296240688276281805e-01,3.192641267110404302e-01,3.095018210266963776e-01,3.003631439460820451e-01,2.918732570513397628e-01,2.840570253929224354e-01,2.769394815219890504e-01,2.705462135497720966e-01,2.649036726025676414e-01,2.600393958769969260e-01,2.559821419794407471e-01,2.527619354885934366e-01,2.504100178475530680e-01,2.489587019065459816e-01,2.484411278315974414e-01,2.488909187916820143e-01,2.503417359512088436e-01,2.528267339219720244e-01,2.563779200418791482e-01,2.610254236866846878e-01,2.667966852816475720e-01,2.737155787052821254e-01,2.818014852446704133e-01,2.910683419782566506e-01,3.015236921601757714e-01,3.131677695241303350e-01,3.259926520243163206e-01,3.399815229664550631e-01,3.551080783407947195e-01,3.713361180909838799e-01,3.886193557801587706e-01,4.069014755449904541e-01,4.261164574531158267e-01,4.461891827180951564e-01
9.234848484848485750e-01,4.727677686734716445e-01,4.524766257284617565e-01,4.329037018841407902e-01,4.141272033323758484e-01,3.962180494266820951e-01,3.792390718738834487e-01,3.632444531953588629e-01,3.482794052345004610e-01,3.343800793342753264e-01,3.215736916676230073e-01,3.098788405262355439e-01,2.993059874340918136e-01,2.898580708515457460e-01,2.815312199193044651e-01,2.743155359805047322e-01,2.681959112463668804e-01,2.631528566218278020e-01,2.591633140525275159e-01,2.562014324803185694e-01,2.542392903233930412e-01,2.532475511030929383e-01,2.531960422512857800e-01,2.540542501365681827e-01,2.557917268827733515e-01,2.583784066053551043e-01,2.617848302823297391e-01,2.659822796626996610e-01,2.709428214726228856e-01,2.766392638044048446e-01,2.830450270726290740e-01,2.901339324101813721e-01,2.978799109742051865e-01,3.062566384554414323e-01,3.152371002463962846e-01,3.247930943220030398e-01,3.348946809946833914e-01,3.455095913617904357e-01,3.566026094503771948e-01,3.681349466970815221e-01,3.800636313040244296e-01,3.923409389089210775e-01,4.049138945135379308e-01,4.177238782431570430e-01,4.307063687026319032e-01,4.437908568709574286e-01,4.569009601138195320e-01,4.699547596258345505e-01,4.828653753427488149e-01,4.955417803601054327e-01,5.078898428671525522e-01,5.198135687027903851e-01,5.312165033783943224e-01,5.420032404906494072e-01,5.520809755055023915e-01,5.613610412095706437e-01,5.697603643344070212e-01,5.772027917620724535e-01,5.836202482188334040e-01,5.889537035832843603e-01,5.931539445028600754e-01,5.961821594628465837e-01,5.980103566696206574e-01,5.986216387207780043e-01,5.980103566696224338e-01,5.961821594628424759e-01,5.931539445028579660e-01,5.889537035832845824e-01,5.836202482188275198e-01,5.772027917620760062e-01,5.697603643344123503e-01,5.613610412095697555e-01,5.520809755055097190e-01,5.420032404906535151e-01,5.312165033783977641e-01,5.198135687027913843e-01,5.078898428671527743e-01,4.955417803601094295e-01,4.828653753427424866e-01,4.699547596258361604e-01,4.569009601138164789e-01,4.437908568709575396e-01,4.307063687026317367e-01,4.177238782431579867e-01,4.049138945135402623e-01,3.923409389089250743e-01,3.800636313040233194e-01,3.681349466970857409e-01,3.566026094503781385e-01,3.455095913617923231e-01,3.348946809946828918e-01,3.247930943220014299e-01,3.152371002463987271e-01,3.062566384554398224e-01,2.978799109742056861e-01,2.901339324101827044e-01,2.830450270726295181e-01,2.766392638044057328e-01,2.709428214726231077e-01,2.659822796627018260e-01,2.617848302823299611e-01,2.583784066053544382e-01,2.557917268827761270e-01,2.540542501365614658e-01,2.531960422512871123e-01,2.532475511030950477e-01,2.542392903233932078e-01,2.562014324803183474e-01,2.591633140525266832e-01,2.631528566218273579e-01,2.681959112463671580e-01,2.743155359805017901e-01,2.815312199193041320e-01,2.898580708515466342e-01,2.993059874340883164e-01,3.098788405262329904e-01,3.215736916676204538e-01,3.343800793342792677e-01,3.482794052345002389e-01,3.632444531953571421e-01,3.792390718738864464e-01,3.962180494266805963e-01,4.141272033323791790e-01,4.329037018841387363e-01,4.524766257284640880e-01,4.727677686734704787e-01
9.272727272727273595e-01,4.984941539052470394e-01,4.781629934873179444e-01,4.584213038767686599e-01,4.393478795951377691e-01,4.210159422589389022e-01,4.034922261217185335e-01,3.868362590711962312e-01,3.710998483333629583e-01,3.563267722351652345e-01,3.425526717697076617e-01,3.298051288784575319e-01,3.181039126786823767e-01,3.074613705533720265e-01,2.978829381795381481e-01,2.893677411761275131e-01,2.819092609793102944e-01,2.754960386031254371e-01,2.701123918777722510e-01,2.657391243183895857e-01,2.623542067145328560e-01,2.599334156184568423e-01,2.584509159605896111e-01,2.578797778859706624e-01,2.581924204851760996e-01,2.593609773282006814e-01,2.613575805805001262e-01,2.641545620004108752e-01,2.677245703281883049e-01,2.720406055425071967e-01,2.770759712611665648e-01,2.828041472910731713e-01,2.891985850891715115e-01,2.962324297830618014e-01,3.038781735183981314e-01,3.121072463401439734e-01,3.208895526497055339e-01,3.301929635535496566e-01,3.399827781341848709e-01,3.502211697774682553e-01,3.608666370573678783e-01,3.718734821033377047e-01,3.831913425602535006e-01,3.947648058138907290e-01,4.065331356459785939e-01,4.184301414216742843e-01,4.303842178431287468e-01,4.423185788740932600e-01,4.541517024880737941e-01,4.657979935255278647e-01,4.771686606104658113e-01,4.881727905745800733e-01,4.987185912861245018e-01,5.087147625004699858e-01,5.180719456818301261e-01,5.267041988350510406e-01,5.345304419480990665e-01,5.414758227959814985e-01,5.474729610241078070e-01,5.524630394088834162e-01,5.563967233245751265e-01,5.592349009005628258e-01,5.609492454780536930e-01,5.615226076029662394e-01,5.609492454780568016e-01,5.592349009005661564e-01,5.563967233245782351e-01,5.524630394088888563e-01,5.474729610241098055e-01,5.414758227959839409e-01,5.345304419480970681e-01,5.267041988350502635e-01,5.180719456818349000e-01,5.087147625004754259e-01,4.987185912861281656e-01,4.881727905745763541e-01,4.771686606104702522e-01,4.657979935255275317e-01,4.541517024880700193e-01,4.423185788740954805e-01,4.303842178431268040e-01,4.184301414216773374e-01,4.065331356459783718e-01,3.947648058138901184e-01,3.831913425602552214e-01,3.718734821033350957e-01,3.608666370573700988e-01,3.502211697774718080e-01,3.399827781341846489e-01,3.301929635535496010e-01,3.208895526497063666e-01,3.121072463401454167e-01,3.038781735183972432e-01,2.962324297830632447e-01,2.891985850891707344e-01,2.828041472910727827e-01,2.770759712611665093e-01,2.720406055425053093e-01,2.677245703281885825e-01,2.641545620004107642e-01,2.613575805804957408e-01,2.593609773281965181e-01,2.581924204851752114e-01,2.578797778859698853e-01,2.584509159605875572e-01,2.599334156184562872e-01,2.623542067145349099e-01,2.657391243183894747e-01,2.701123918777713628e-01,2.754960386031272690e-01,2.819092609793094617e-01,2.893677411761274576e-01,2.978829381795406461e-01,3.074613705533752461e-01,3.181039126786832094e-01,3.298051288784591417e-01,3.425526717697142121e-01,3.563267722351609046e-01,3.710998483333693976e-01,3.868362590711980631e-01,4.034922261217165906e-01,4.210159422589390132e-01,4.393478795951397675e-01,4.584213038767677162e-01,4.781629934873199983e-01,4.984941539052497039e-01
9.310606060606061440e-01,5.231998195844661526e-01,5.029772305616903028e-01,4.832278093319584134e-01,4.640289837944013285e-01,4.454541543383707669e-01,4.275717317145438789e-01,4.104443281504935315e-01,3.941281160501675651e-01,3.786723623065648692e-01,3.641191397140203789e-01,3.505032106470462594e-01,3.378520724615924897e-01,3.261861492652782246e-01,3.155191109851775422e-01,3.058582981222287556e-01,2.972052292115830996e-01,2.895561677209954055e-01,2.829027257679623264e-01,2.772324834371781566e-01,2.725296044328083811e-01,2.687754311072408364e-01,2.659490443867991161e-01,2.640277766117382630e-01,2.629876676982108030e-01,2.628038572284062124e-01,2.634509070276718212e-01,2.649030504751583304e-01,2.671343662252087525e-01,2.701188752245697322e-01,2.738305609481995750e-01,2.782433137135069678e-01,2.833308008490995067e-01,2.890662654765377981e-01,2.954222577991511556e-01,3.023703041643991951e-01,3.098805208441841597e-01,3.179211815107284567e-01,3.264582497877385747e-01,3.354548909992647321e-01,3.448709802333109753e-01,3.546626269280256372e-01,3.647817391430047129e-01,3.751756531889875457e-01,3.857868559856383328e-01,3.965528279899724895e-01,4.074060333859919614e-01,4.182740811101554601e-01,4.290800750047058520e-01,4.397431639432184403e-01,4.501792934262838775e-01,4.603021494588853124e-01,4.700242743314009264e-01,4.792583232720257214e-01,4.879184219367196929e-01,4.959215783745709039e-01,5.031891001987205403e-01,5.096479685179643448e-01,5.152321245321236365e-01,5.198836318353817765e-01,5.235536862707811379e-01,5.262034542954974192e-01,5.278047289653631235e-01,5.283403988494794756e-01,5.278047289653650109e-01,5.262034542954979743e-01,5.235536862707823591e-01,5.198836318353814434e-01,5.152321245321189735e-01,5.096479685179630126e-01,5.031891001987151002e-01,4.959215783745724027e-01,4.879184219367238007e-01,4.792583232720290520e-01,4.700242743313994831e-01,4.603021494588822593e-01,4.501792934262823787e-01,4.397431639432176631e-01,4.290800750047024659e-01,4.182740811101562928e-01,4.074060333859911842e-01,3.965528279899718789e-01,3.857868559856408863e-01,3.751756531889913204e-01,3.647817391430039358e-01,3.546626269280258037e-01,3.448709802333095875e-01,3.354548909992648986e-01,3.264582497877398515e-01,3.179211815107301775e-01,3.098805208441865466e-01,3.023703041643995837e-01,2.954222577991553189e-01,2.890662654765382422e-01,2.833308008491021157e-01,2.782433137135050805e-01,2.738305609481979652e-01,2.701188752245662350e-01,2.671343662252080864e-01,2.649030504751609394e-01,2.634509070276687681e-01,2.628038572284058794e-01,2.629876676982099704e-01,2.640277766117385405e-01,2.659490443868007259e-01,2.687754311072416136e-01,2.725296044328146539e-01,2.772324834371713287e-01,2.829027257679636032e-01,2.895561677209979035e-01,2.972052292115822114e-01,3.058582981222307540e-01,3.155191109851814280e-01,3.261861492652776695e-01,3.378520724615945992e-01,3.505032106470458153e-01,3.641191397140187691e-01,3.786723623065649247e-01,3.941281160501678427e-01,4.104443281504919772e-01,4.275717317145392715e-01,4.454541543383702118e-01,4.640289837944039930e-01,4.832278093319606338e-01,5.029772305616904138e-01,5.231998195844603794e-01
9.348484848484849286e-01,5.468328066271945787e-01,5.268396935691690430e-01,5.072162954871703988e-01,4.880372290401931989e-01,4.693744283183959864e-01,4.512961841711574107e-01,4.338662990187522883e-01,4.171433738593361973e-01,4.011802395074989813e-01,3.860235388528576173e-01,3.717134614991848274e-01,3.582836268966100302e-01,3.457611073145009373e-01,3.341665779549573556e-01,3.235145783305709011e-01,3.138138667992204645e-01,3.050678488637268981e-01,2.972750594432295723e-01,2.904296796960788019e-01,2.845220699809687948e-01,2.795393020278345575e-01,2.754656751971239492e-01,2.722832036899876518e-01,2.699720636073246194e-01,2.685109907420609177e-01,2.678776218538089782e-01,2.680487738736040959e-01,2.690006570014898957e-01,2.707090189983712425e-01,2.731492191638662526e-01,2.762962315809774361e-01,2.801245782551586294e-01,2.846081938507210585e-01,2.897202249043462352e-01,2.954327677482876946e-01,3.017165509686398628e-01,3.085405701074556140e-01,3.158716845137319873e-01,3.236741887454623878e-01,3.319093736617965695e-01,3.405350952016817923e-01,3.495053716394471710e-01,3.587700325858081407e-01,3.682744448534785997e-01,3.779593411762263711e-01,3.877607772967333610e-01,3.976102407981403908e-01,4.074349310176237360e-01,4.171582233755551372e-01,4.267003236197495775e-01,4.359791082048407040e-01,4.449111369315955078e-01,4.534128138907041472e-01,4.614016636290967366e-01,4.687976822060702098e-01,4.755247181791277256e-01,4.815118370008423243e-01,4.866946238588168439e-01,4.910163842696635972e-01,4.944292080008263479e-01,4.968948691767055559e-01,4.983855427356311263e-01,4.988843239215050573e-01,4.983855427356316814e-01,4.968948691767080539e-01,4.944292080008239609e-01,4.910163842696643188e-01,4.866946238588157336e-01,4.815118370008404924e-01,4.755247181791275035e-01,4.687976822060706539e-01,4.614016636291030093e-01,4.534128138907076444e-01,4.449111369316010589e-01,4.359791082048360411e-01,4.267003236197522975e-01,4.171582233755556368e-01,4.074349310176227368e-01,3.976102407981410569e-01,3.877607772967350264e-01,3.779593411762255939e-01,3.682744448534790438e-01,3.587700325858078076e-01,3.495053716394482257e-01,3.405350952016826249e-01,3.319093736617956258e-01,3.236741887454641087e-01,3.158716845137313212e-01,3.085405701074587781e-01,3.017165509686400848e-01,2.954327677482870840e-01,2.897202249043470679e-01,2.846081938507201148e-01,2.801245782551622376e-01,2.762962315809776581e-01,2.731492191638668077e-01,2.707090189983672457e-01,2.690006570014895626e-01,2.680487738736021530e-01,2.678776218538077014e-01,2.685109907420599740e-01,2.699720636073242308e-01,2.722832036899894281e-01,2.754656751971255590e-01,2.795393020278341134e-01,2.845220699809672404e-01,2.904296796960785243e-01,2.972750594432341797e-01,3.050678488637295627e-01,3.138138667992226849e-01,3.235145783305697909e-01,3.341665779549545245e-01,3.457611073145001046e-01,3.582836268966091420e-01,3.717134614991787211e-01,3.860235388528571732e-01,4.011802395075011463e-01,4.171433738593406937e-01,4.338662990187580060e-01,4.512961841711572997e-01,4.693744283183941546e-01,4.880372290401922553e-01,5.072162954871718421e-01,5.268396935691719296e-01,5.468328066271994636e-01
9.386363636363637131e-01,5.692905656876999787e-01,5.496205221005472374e-01,5.302296731265534468e-01,5.111888444030719958e-01,4.925673121154783840e-01,4.744318773379199161e-01,4.568460240241300485e-01,4.398691777502268252e-01,4.235560791312242279e-01,4.079562818917417677e-01,3.931137811888162359e-01,3.790667732706495263e-01,3.658475431924790855e-01,3.534824733390174445e-01,3.419921621078956253e-01,3.313916394128039733e-01,3.216906637312306194e-01,3.128940842531002242e-01,3.050022512387459139e-01,2.980114578845096118e-01,2.919143977138958790e-01,2.867006226414025027e-01,2.823569882708646950e-01,2.788680745778524539e-01,2.762165717835119993e-01,2.743836228770871744e-01,2.733491158255205167e-01,2.730919199873301784e-01,2.735900626096791077e-01,2.748208425414276901e-01,2.767608794656969406e-01,2.793860980858092757e-01,2.826716478403873967e-01,2.865917599382270531e-01,2.911195448537591268e-01,2.962267349689252094e-01,3.018833788347478064e-01,3.080574955844676555e-01,3.147147003583409819e-01,3.218178141570181561e-01,3.293264742349444330e-01,3.371967638292011071e-01,3.453808824828180080e-01,3.538268801986191314e-01,3.624784798384608764e-01,3.712750122340514602e-01,3.801514870866847806e-01,3.890388196596726300e-01,3.978642283828044968e-01,4.065518118384100488e-01,4.150233054378207331e-01,4.231990088979220022e-01,4.309988660609427313e-01,4.383436694676766110e-01,4.451563542291275266e-01,4.513633398868575064e-01,4.568958756401468313e-01,4.616913437719414315e-01,4.656944782040403075e-01,4.688584594105564274e-01,4.711458527449398082e-01,4.725293638315116729e-01,4.729923913511143718e-01,4.725293638315150035e-01,4.711458527449408074e-01,4.688584594105615899e-01,4.656944782040330910e-01,4.616913437719388780e-01,4.568958756401483856e-01,4.513633398868563407e-01,4.451563542291265274e-01,4.383436694676777212e-01,4.309988660609369582e-01,4.231990088979225018e-01,4.150233054378226205e-01,4.065518118384109925e-01,3.978642283828033865e-01,3.890388196596745729e-01,3.801514870866805063e-01,3.712750122340527370e-01,3.624784798384613205e-01,3.538268801986171330e-01,3.453808824828190627e-01,3.371967638291991642e-01,3.293264742349459873e-01,3.218178141570193218e-01,3.147147003583429248e-01,3.080574955844689322e-01,3.018833788347476399e-01,2.962267349689278739e-01,2.911195448537595709e-01,2.865917599382267200e-01,2.826716478403877852e-01,2.793860980858068332e-01,2.767608794656987170e-01,2.748208425414305767e-01,2.735900626096797739e-01,2.730919199873273473e-01,2.733491158255225151e-01,2.743836228770855645e-01,2.762165717835147194e-01,2.788680745778507886e-01,2.823569882708655832e-01,2.867006226414008374e-01,2.919143977139017077e-01,2.980114578845075024e-01,3.050022512387471352e-01,3.128940842530959499e-01,3.216906637312275663e-01,3.313916394128035292e-01,3.419921621078940710e-01,3.534824733390136697e-01,3.658475431924735344e-01,3.790667732706486937e-01,3.931137811888127942e-01,4.079562818917431000e-01,4.235560791312246720e-01,4.398691777502224953e-01,4.568460240241284942e-01,4.744318773379196941e-01,4.925673121154788281e-01,5.111888444030728840e-01,5.302296731265532248e-01,5.496205221005501240e-01,5.692905656877002007e-01
9.424242424242424976e-01,5.906000227014721604e-01,5.713240185519982139e-01,5.522487503712941725e-01,5.334406435848429995e-01,5.149655074969918811e-01,4.968876654407680116e-01,4.792691428776764684e-01,4.621689296269534397e-01,4.456423304963769150e-01,4.297404158391673890e-01,4.145095802242641514e-01,3.999912137337040541e-01,3.862214866365338839e-01,3.732312445569107573e-01,3.610460079429382296e-01,3.496860667993620941e-01,3.391666593692170828e-01,3.294982217863336449e-01,3.206866946788911044e-01,3.127338722487464917e-01,3.056377794211815324e-01,2.993930631699519007e-01,2.939913849806681245e-01,2.894218025250798187e-01,2.856711298898267359e-01,2.827242670571312178e-01,2.805644907078005956e-01,2.791736997642641493e-01,2.785326103854836033e-01,2.786208963598052479e-01,2.794172720252470210e-01,2.808995160047998429e-01,2.830444352156959997e-01,2.858277698429811386e-01,2.892240413127478704e-01,2.932063468098917158e-01,2.977461056054815924e-01,3.028127644194226753e-01,3.083734712522286925e-01,3.143927295483523454e-01,3.208320471335721069e-01,3.276495969793805085e-01,3.347999093121605818e-01,3.422336166724757045e-01,3.498972749627952128e-01,3.577332839958817234e-01,3.656799302698640619e-01,3.736715723927089283e-01,3.816389855929181452e-01,3.895098760595089304e-01,3.972095686054231689e-01,4.046618626979539002e-01,4.117900427900348381e-01,4.185180198085527437e-01,4.247715723719777126e-01,4.304796495501910236e-01,4.355756923380704748e-01,4.399989288526813813e-01,4.436955986588978496e-01,4.466200643704005824e-01,4.487357733218241829e-01,4.500160380949642103e-01,4.504446114301942083e-01,4.500160380949636552e-01,4.487357733218202971e-01,4.466200643703975848e-01,4.436955986589043444e-01,4.399989288526818254e-01,4.355756923380683099e-01,4.304796495501875819e-01,4.247715723719771019e-01,4.185180198085542425e-01,4.117900427900385019e-01,4.046618626979567312e-01,3.972095686054221142e-01,3.895098760595102072e-01,3.816389855929172015e-01,3.736715723927049315e-01,3.656799302698646725e-01,3.577332839958819455e-01,3.498972749627971002e-01,3.422336166724770923e-01,3.347999093121591385e-01,3.276495969793784546e-01,3.208320471335723290e-01,3.143927295483527340e-01,3.083734712522307464e-01,3.028127644194237300e-01,2.977461056054822031e-01,2.932063468098934922e-01,2.892240413127474263e-01,2.858277698429800839e-01,2.830444352156950560e-01,2.808995160048029516e-01,2.794172720252435238e-01,2.786208963598047483e-01,2.785326103854834368e-01,2.791736997642647600e-01,2.805644907078007066e-01,2.827242670571308292e-01,2.856711298898273466e-01,2.894218025250751558e-01,2.939913849806669588e-01,2.993930631699521228e-01,3.056377794211829202e-01,3.127338722487467138e-01,3.206866946788892170e-01,3.294982217863348661e-01,3.391666593692143628e-01,3.496860667993655358e-01,3.610460079429343994e-01,3.732312445569108128e-01,3.862214866365297761e-01,3.999912137337061635e-01,4.145095802242696470e-01,4.297404158391724960e-01,4.456423304963767484e-01,4.621689296269576031e-01,4.792691428776779117e-01,4.968876654407674009e-01,5.149655074969911039e-01,5.334406435848397798e-01,5.522487503712946166e-01,5.713240185520023218e-01,5.906000227014666093e-01
9.462121212121212821e-01,6.107168151751941609e-01,5.918866927485690876e-01,5.731902894318120500e-01,5.546893117231412873e-01,5.364455988533232134e-01,5.185203198132940505e-01,5.009732084913852690e-01,4.838618513874035076e-01,4.672410414884142771e-01,4.511622101611657554e-01,4.356729465305056448e-01,4.208166109734501892e-01,4.066320462669797409e-01,3.931533867792132986e-01,3.804099630641818441e-01,3.684262964590372391e-01,3.572221759033853417e-01,3.468128072815447882e-01,3.372090241686286349e-01,3.284175479462690395e-01,3.204412848173007755e-01,3.132796472433785895e-01,3.069288876898655372e-01,3.013824332169768860e-01,2.966312103294292402e-01,2.926639505196592661e-01,2.894674680506872932e-01,2.870269026760620124e-01,2.853259211520446370e-01,2.843468725435026045e-01,2.840708934583233147e-01,2.844779604773621240e-01,2.855468882044032708e-01,2.872552725790935013e-01,2.895793804180311071e-01,2.924939876202021782e-01,2.959721701343582811e-01,2.999850536678531632e-01,3.045015302316885775e-01,3.094879519483019203e-01,3.149078150444188928e-01,3.207214495121796793e-01,3.268857323977539253e-01,3.333538448641997776e-01,3.400750948249725014e-01,3.469948277715472762e-01,3.540544481322199788e-01,3.611915718331288883e-01,3.683403274909809455e-01,3.754318187677668783e-01,3.823947539345729507e-01,3.891562408795834482e-01,3.956427370956618894e-01,4.017811351943034737e-01,4.074999559163254292e-01,4.127306131620583352e-01,4.174087098834102227e-01,4.214753202361501416e-01,4.248782124168719587e-01,4.275729680860229087e-01,4.295239579537263874e-01,4.307051385666251786e-01,4.311006420995645572e-01,4.307051385666224586e-01,4.295239579537259433e-01,4.275729680860240745e-01,4.248782124168736241e-01,4.214753202361508078e-01,4.174087098834071696e-01,4.127306131620542273e-01,4.074999559163255958e-01,4.017811351943016973e-01,3.956427370956603351e-01,3.891562408795835593e-01,3.823947539345708413e-01,3.754318187677689878e-01,3.683403274909792802e-01,3.611915718331275560e-01,3.540544481322210335e-01,3.469948277715480534e-01,3.400750948249721684e-01,3.333538448642003882e-01,3.268857323977538698e-01,3.207214495121821218e-01,3.149078150444181712e-01,3.094879519483052510e-01,3.045015302316888550e-01,2.999850536678517754e-01,2.959721701343576150e-01,2.924939876202038991e-01,2.895793804180289976e-01,2.872552725790918915e-01,2.855468882044038259e-01,2.844779604773625681e-01,2.840708934583249801e-01,2.843468725435022715e-01,2.853259211520449701e-01,2.870269026760606246e-01,2.894674680506845732e-01,2.926639505196613200e-01,2.966312103294291291e-01,3.013824332169708353e-01,3.069288876898641494e-01,3.132796472433814761e-01,3.204412848172977779e-01,3.284175479462647651e-01,3.372090241686290235e-01,3.468128072815437890e-01,3.572221759033801236e-01,3.684262964590303002e-01,3.804099630641797902e-01,3.931533867792135761e-01,4.066320462669859026e-01,4.208166109734512994e-01,4.356729465305070881e-01,4.511622101611635349e-01,4.672410414884132224e-01,4.838618513874028970e-01,5.009732084913850469e-01,5.185203198132966040e-01,5.364455988533259889e-01,5.546893117231405101e-01,5.731902894318076092e-01,5.918866927485688656e-01,6.107168151751933838e-01
9.500000000000000666e-01,6.297003045519886655e-01,6.113533244584860027e-01,5.930833424671353438e-01,5.749472356265197259e-01,5.570026025600730568e-01,5.393070315060910502e-01,5.219173917452217815e-01,5.048891607679173443e-01,4.882757994469883456e-01,4.721281865781267184e-01,4.564941225826880666e-01,4.414179100886490570e-01,4.269400166800884078e-01,4.130968224949501666e-01,3.999204527106052787e-01,3.874386924254457076e-01,3.756749791394164983e-01,3.646484660470069583e-01,3.543741477429283027e-01,3.448630387342855874e-01,3.361223943575498696e-01,3.281559632943804594e-01,3.209642608297804678e-01,3.145448522495269406e-01,3.088926362750133991e-01,3.040001191254027568e-01,2.998576706258824776e-01,2.964537547009076235e-01,2.937751275678988638e-01,2.918069979559610450e-01,2.905331447074109286e-01,2.899359881798235228e-01,2.899966129696369688e-01,2.906947406510176912e-01,2.920086525008321887e-01,2.939150635995902427e-01,2.963889512974554052e-01,2.994033428431944754e-01,3.029290690082359072e-01,3.069344927895794051e-01,3.113852247041482002e-01,3.162438387122336603e-01,3.214696052998916032e-01,3.270182605300274714e-01,3.328418317111098146e-01,3.388885414646306549e-01,3.451028121143252525e-01,3.514253911984221990e-01,3.577936163008069159e-01,3.641418331783918272e-01,3.704019753390471736e-01,3.765043059707668394e-01,3.823783147939688876e-01,3.879537535263360981e-01,3.931617848614101240e-01,3.979362118701349482e-01,4.022147482127280682e-01,4.059402850500721249e-01,4.090621084356195758e-01,4.115370213851584635e-01,4.133303276711161045e-01,4.144166393893190525e-01,4.147804770984651612e-01,4.144166393893168876e-01,4.133303276711157714e-01,4.115370213851586856e-01,4.090621084356194093e-01,4.059402850500717364e-01,4.022147482127266804e-01,3.979362118701393336e-01,3.931617848614104571e-01,3.879537535263352099e-01,3.823783147939674443e-01,3.765043059707668394e-01,3.704019753390468406e-01,3.641418331783919382e-01,3.577936163008028081e-01,3.514253911984221990e-01,3.451028121143244753e-01,3.388885414646321537e-01,3.328418317111060398e-01,3.270182605300301359e-01,3.214696052998906040e-01,3.162438387122367689e-01,3.113852247041470900e-01,3.069344927895785169e-01,3.029290690082361848e-01,2.994033428431960853e-01,2.963889512974567375e-01,2.939150635995917415e-01,2.920086525008312450e-01,2.906947406510191900e-01,2.899966129696362471e-01,2.899359881798232452e-01,2.905331447074090412e-01,2.918069979559617666e-01,2.937751275678995300e-01,2.964537547009113427e-01,2.998576706258839208e-01,3.040001191254059210e-01,3.088926362750082921e-01,3.145448522495263299e-01,3.209642608297820221e-01,3.281559632943816807e-01,3.361223943575514239e-01,3.448630387342873638e-01,3.543741477429277476e-01,3.646484660470076800e-01,3.756749791394172755e-01,3.874386924254491493e-01,3.999204527106045570e-01,4.130968224949470025e-01,4.269400166800870200e-01,4.414179100886478357e-01,4.564941225826856797e-01,4.721281865781275511e-01,4.882757994469889562e-01,5.048891607679153459e-01,5.219173917452217815e-01,5.393070315060883857e-01,5.570026025600754993e-01,5.749472356265229456e-01,5.930833424671355658e-01,6.113533244584916648e-01,6.297003045519904418e-01
9.537878787878788511e-01,6.475396670430465518e-01,6.296986862207192281e-01,6.118873478256263709e-01,5.941577592593128010e-01,5.765632013119406096e-01,5.591574662567090348e-01,5.419942089395187734e-01,5.251263209716388047e-01,5.086053386426331313e-01,4.924808949164868888e-01,4.768002249741130627e-01,4.616077333427850427e-01,4.469446288353924324e-01,4.328486314422297920e-01,4.193537531056920065e-01,4.064901520872422624e-01,3.942840585163545075e-01,3.827577667839215381e-01,3.719296887789448336e-01,3.618144606124510387e-01,3.524230944515288622e-01,3.437631664003895637e-01,3.358390310003197543e-01,3.286520528457346768e-01,3.222008459919390444e-01,3.164815122179935325e-01,3.114878697618185810e-01,3.072116648252017912e-01,3.036427589196262211e-01,3.007692859669595098e-01,2.985777739674495557e-01,2.970532270001468023e-01,2.961791643362663429e-01,2.959376145436163341e-01,2.963090636680985601e-01,2.972723579281754680e-01,2.988045628850017343e-01,3.008807827828149373e-01,3.034739457094779436e-01,3.065545624042300132e-01,3.100904689086353416e-01,3.140465657512930275e-01,3.183845688659074913e-01,3.230627898052375602e-01,3.280359648214964952e-01,3.332551537849938184e-01,3.386677304307055825e-01,3.442174847784968406e-01,3.498448565252076925e-01,3.554873145873789220e-01,3.610798927344001097e-01,3.665558844973060282e-01,3.718476925502906538e-01,3.768878189941761159e-01,3.816099740234743520e-01,3.859502720205122417e-01,3.898484768909772358e-01,3.932492530626831573e-01,3.961033754887198222e-01,3.983688514976094219e-01,4.000119094618462268e-01,4.010078138463736286e-01,4.013414729216298049e-01,4.010078138463769037e-01,4.000119094618433957e-01,3.983688514976109207e-01,3.961033754887221536e-01,3.932492530626870431e-01,3.898484768909755704e-01,3.859502720205118531e-01,3.816099740234757398e-01,3.768878189941783363e-01,3.718476925502904873e-01,3.665558844973079156e-01,3.610798927344014975e-01,3.554873145873796436e-01,3.498448565252033071e-01,3.442174847784987279e-01,3.386677304307045278e-01,3.332551537849931522e-01,3.280359648214939972e-01,3.230627898052397251e-01,3.183845688659084905e-01,3.140465657512950814e-01,3.100904689086368404e-01,3.065545624042304018e-01,3.034739457094755011e-01,3.008807827828149928e-01,2.988045628850026780e-01,2.972723579281739137e-01,2.963090636680979495e-01,2.959376145436152794e-01,2.961791643362626791e-01,2.970532270001483011e-01,2.985777739674468911e-01,3.007692859669596763e-01,3.036427589196278309e-01,3.072116648251989046e-01,3.114878697618200798e-01,3.164815122179922002e-01,3.222008459919423196e-01,3.286520528457342882e-01,3.358390310003185331e-01,3.437631664003870657e-01,3.524230944515264752e-01,3.618144606124490958e-01,3.719296887789395600e-01,3.827577667839202613e-01,3.942840585163509548e-01,4.064901520872435947e-01,4.193537531056881762e-01,4.328486314422336223e-01,4.469446288353925989e-01,4.616077333427839879e-01,4.768002249741157828e-01,4.924808949164884431e-01,5.086053386426337974e-01,5.251263209716373614e-01,5.419942089395219931e-01,5.591574662567108112e-01,5.765632013119378341e-01,5.941577592593131341e-01,6.118873478256275922e-01,6.296986862207207825e-01,6.475396670430461077e-01
9.575757575757576356e-01,6.643181157083709598e-01,6.469963808061950372e-01,6.296650661800633486e-01,6.123716700659833645e-01,5.951652040418804468e-01,5.780955972610234417e-01,5.612131067501706649e-01,5.445677416698155859e-01,5.282087103842937337e-01,5.121838994300820236e-01,4.965393931026913510e-01,4.813190415030548786e-01,4.665640835950067289e-01,4.523128302325753469e-01,4.386004103260613407e-01,4.254585814354884254e-01,4.129156042064157095e-01,4.009961782839830957e-01,3.897214357274423335e-01,3.791089865541475978e-01,3.691730099047189628e-01,3.599243834574108458e-01,3.513708431314700453e-01,3.435171647939249673e-01,3.363653595988940759e-01,3.299148747142964244e-01,3.241627914946459410e-01,3.191040136088691415e-01,3.147314382002668887e-01,3.110361038194209282e-01,3.080073096161075608e-01,3.056327010979995040e-01,3.038983186671461167e-01,3.027886061440949184e-01,3.022863776069882324e-01,3.023727421366539936e-01,3.030269875001411206e-01,3.042264254520734568e-01,3.059462032055200176e-01,3.081590877258417738e-01,3.108352318103418943e-01,3.139419333809281287e-01,3.174434019390130479e-01,3.213005485693690710e-01,3.254708180391047145e-01,3.299080831811659342e-01,3.345626226074869813e-01,3.393812025829485157e-01,3.443072823458441789e-01,3.492813590822869130e-01,3.542414640519551683e-01,3.591238150646630101e-01,3.638636228356073588e-01,3.683960400964346182e-01,3.726572332653696473e-01,3.765855476576404071e-01,3.801227293704411148e-01,3.832151607944305760e-01,3.858150627601273919e-01,3.878816150120669159e-01,3.893819481842589192e-01,3.902919646662150743e-01,3.905969524352621569e-01,3.902919646662164066e-01,3.893819481842606400e-01,3.878816150120665829e-01,3.858150627601268923e-01,3.832151607944304650e-01,3.801227293704388943e-01,3.765855476576382976e-01,3.726572332653693698e-01,3.683960400964367832e-01,3.638636228356075808e-01,3.591238150646633986e-01,3.542414640519563895e-01,3.492813590822874126e-01,3.443072823458443454e-01,3.393812025829467394e-01,3.345626226074878695e-01,3.299080831811659342e-01,3.254708180391041594e-01,3.213005485693664065e-01,3.174434019390116601e-01,3.139419333809290169e-01,3.108352318103412837e-01,3.081590877258404970e-01,3.059462032055200731e-01,3.042264254520705702e-01,3.030269875001438962e-01,3.023727421366542156e-01,3.022863776069875108e-01,3.027886061440921983e-01,3.038983186671475045e-01,3.056327010980008918e-01,3.080073096161047297e-01,3.110361038194240368e-01,3.147314382002683875e-01,3.191040136088690304e-01,3.241627914946453304e-01,3.299148747142975902e-01,3.363653595988937428e-01,3.435171647939255779e-01,3.513708431314712666e-01,3.599243834574108458e-01,3.691730099047211833e-01,3.791089865541467097e-01,3.897214357274412233e-01,4.009961782839847055e-01,4.129156042064157650e-01,4.254585814354891471e-01,4.386004103260640052e-01,4.523128302325734040e-01,4.665640835950087828e-01,4.813190415030557667e-01,4.965393931026926833e-01,5.121838994300819126e-01,5.282087103842948439e-01,5.445677416698138096e-01,5.612131067501694437e-01,5.780955972610293259e-01,5.951652040418774492e-01,6.123716700659844747e-01,6.296650661800647919e-01,6.469963808061981458e-01,6.643181157083734023e-01
9.613636363636364202e-01,6.800461306856390165e-01,6.632470225870535918e-01,6.464063165061242344e-01,6.295671427643001472e-01,6.127743938543487312e-01,5.960741889211231825e-01,5.795133401143237606e-01,5.631388266328447578e-01,5.469972835524774535e-01,5.311345131411964182e-01,5.155950264094089075e-01,5.004216221992466851e-01,4.856550102692406834e-01,4.713334836630306834e-01,4.574926442507274982e-01,4.441651837872412911e-01,4.313807212277223080e-01,4.191656954552815395e-01,4.075433110784897339e-01,3.965335336021095225e-01,3.861531291059264182e-01,3.764157426107506699e-01,3.673320085808757796e-01,3.589096865089243527e-01,3.511538142427979570e-01,3.440668716269985050e-01,3.376489471210104565e-01,3.318979003006904960e-01,3.268095135233334836e-01,3.223776265236693028e-01,3.185942482939367881e-01,3.154496412808046601e-01,3.129323737080914603e-01,3.110293367180917978e-01,3.097257240350005936e-01,3.090049730169356357e-01,3.088486673064429477e-01,3.092364028417794453e-01,3.101456207733121473e-01,3.115514128505896818e-01,3.134263070919826588e-01,3.157400439779545764e-01,3.184593559384599759e-01,3.215477654065416191e-01,3.249654190059991787e-01,3.286689773039294660e-01,3.326115807237184918e-01,3.367429123939106317e-01,3.410093776251533204e-01,3.453544171280489294e-01,3.497189668651402572e-01,3.540420715577334843e-01,3.582616514959442444e-01,3.623154137663446295e-01,3.661418898313979486e-01,3.696815722287807859e-01,3.728781147501945004e-01,3.756795535549419252e-01,3.780395019365337950e-01,3.799182693915217346e-01,3.812838565199683227e-01,3.821127811532404328e-01,3.823906977537539498e-01,3.821127811532407104e-01,3.812838565199681007e-01,3.799182693915210685e-01,3.780395019365344611e-01,3.756795535549415921e-01,3.728781147501924464e-01,3.696815722287791761e-01,3.661418898313978931e-01,3.623154137663459617e-01,3.582616514959444665e-01,3.540420715577343169e-01,3.497189668651408123e-01,3.453544171280488184e-01,3.410093776251524322e-01,3.367429123939096325e-01,3.326115807237162159e-01,3.286689773039300766e-01,3.249654190059999559e-01,3.215477654065415636e-01,3.184593559384609751e-01,3.157400439779572965e-01,3.134263070919802718e-01,3.115514128505898483e-01,3.101456207733118142e-01,3.092364028417796673e-01,3.088486673064445576e-01,3.090049730169349695e-01,3.097257240350032026e-01,3.110293367180919089e-01,3.129323737080895729e-01,3.154496412808042161e-01,3.185942482939377873e-01,3.223776265236712457e-01,3.268095135233328730e-01,3.318979003006901629e-01,3.376489471210128435e-01,3.440668716270021132e-01,3.511538142427954590e-01,3.589096865089248523e-01,3.673320085808748359e-01,3.764157426107508919e-01,3.861531291059247528e-01,3.965335336021110213e-01,4.075433110784912327e-01,4.191656954552805403e-01,4.313807212277179226e-01,4.441651837872393482e-01,4.574926442507275537e-01,4.713334836630325153e-01,4.856550102692421267e-01,5.004216221992419111e-01,5.155950264094081303e-01,5.311345131411969733e-01,5.469972835524778976e-01,5.631388266328463121e-01,5.795133401143233165e-01,5.960741889211222944e-01,6.127743938543517288e-01,6.295671427643008133e-01,6.464063165061239014e-01,6.632470225870513714e-01,6.800461306856390165e-01
9.651515151515152047e-01,6.947952862907020855e-01,6.785159670849713054e-01,6.621692020756789754e-01,6.457940313346264283e-01,6.294314343541890233e-01,6.131238481070471202e-01,5.969146848714633746e-01,5.808478537361160265e-01,5.649672912097311039e-01,5.493165072499396340e-01,5.339381533833448268e-01,5.188736194888609043e-01,5.041626653278402648e-01,4.898430920966457269e-01,4.759504582205567047e-01,4.625178423756839963e-01,4.495756553885059681e-01,4.371515012905690112e-01,4.252700864604267439e-01,4.139531745206831426e-01,4.032195835183260968e-01,3.930852209339852910e-01,3.835631512606876292e-01,3.746636902750358211e-01,3.663945196934702553e-01,3.587608156556768568e-01,3.517653843934385738e-01,3.454087985101936820e-01,3.396895274979190305e-01,3.346040564391764005e-01,3.301469872730972144e-01,3.263111175396973263e-01,3.230874921597693405e-01,3.204654245671750279e-01,3.184324844041887537e-01,3.169744500412452481e-01,3.160752254182165322e-01,3.157167221523382028e-01,3.158787095424839819e-01,3.165386370329361099e-01,3.176714358770643121e-01,3.192493091288857721e-01,3.212415216194802192e-01,3.236142041309212347e-01,3.263301883986593488e-01,3.293488916385221010e-01,3.326262707460568291e-01,3.361148668639514225e-01,3.397639603636543049e-01,3.435198541782849557e-01,3.473262996682822124e-01,3.511250737330195437e-01,3.548567087962563593e-01,3.584613688737697257e-01,3.618798556550333334e-01,3.650547190414740739e-01,3.679314376443103551e-01,3.704596271541636399e-01,3.725942290019462200e-01,3.742966289410579739e-01,3.755356554873764408e-01,3.762884116849694593e-01,3.765409002800514382e-01,3.762884116849678495e-01,3.755356554873793273e-01,3.742966289410601388e-01,3.725942290019458314e-01,3.704596271541680252e-01,3.679314376443091339e-01,3.650547190414769050e-01,3.618798556550326673e-01,3.584613688737735560e-01,3.548567087962579136e-01,3.511250737330221527e-01,3.473262996682798809e-01,3.435198541782847892e-01,3.397639603636526950e-01,3.361148668639520887e-01,3.326262707460566070e-01,3.293488916385200471e-01,3.263301883986607921e-01,3.236142041309225115e-01,3.212415216194797196e-01,3.192493091288841067e-01,3.176714358770646451e-01,3.165386370329352772e-01,3.158787095424833158e-01,3.157167221523389244e-01,3.160752254182174203e-01,3.169744500412446375e-01,3.184324844041883651e-01,3.204654245671767487e-01,3.230874921597698957e-01,3.263111175396999353e-01,3.301469872730962707e-01,3.346040564391740690e-01,3.396895274979192525e-01,3.454087985101940150e-01,3.517653843934359648e-01,3.587608156556771899e-01,3.663945196934713655e-01,3.746636902750343778e-01,3.835631512606865745e-01,3.930852209339874559e-01,4.032195835183239319e-01,4.139531745206820879e-01,4.252700864604269104e-01,4.371515012905697883e-01,4.495756553885077444e-01,4.625178423756826085e-01,4.759504582205563161e-01,4.898430920966438396e-01,5.041626653278414860e-01,5.188736194888566855e-01,5.339381533833414961e-01,5.493165072499360813e-01,5.649672912097306599e-01,5.808478537361149163e-01,5.969146848714624864e-01,6.131238481070442337e-01,6.294314343541896895e-01,6.457940313346276495e-01,6.621692020756764219e-01,6.785159670849706393e-01,6.947952862906990878e-01
9.689393939393939892e-01,7.086312910102109397e-01,6.928641336527182615e-01,6.770089469483101530e-01,6.611009743657251247e-01,6.451775206897979453e-01,6.292775168106470307e-01,6.134410837382271442e-01,5.977090980316562829e-01,5.821227625268802219e-01,5.667231873435749634e-01,5.515509867487632389e-01,5.366458976216547105e-01,5.220464250631958736e-01,5.077895201825228799e-01,4.939102943298575576e-01,4.804417730904187445e-01,4.674146922672625104e-01,4.548573369210388018e-01,4.427954233569960096e-01,4.312520228039274373e-01,4.202475244587504655e-01,4.097996346078773278e-01,3.999234077073153260e-01,3.906313046228855335e-01,3.819332727075570588e-01,3.738368420240578138e-01,3.663472318026103069e-01,3.594674611462502223e-01,3.531984580492831260e-01,3.475391609681160454e-01,3.424866074705835151e-01,3.380360048868568668e-01,3.341807783954802713e-01,3.309125926103163029e-01,3.282213435057859119e-01,3.260951184497816735e-01,3.245201232338283392e-01,3.234805763268457368e-01,3.229585721579466551e-01,3.229339170729031983e-01,3.233839437095976654e-01,3.242833118766197953e-01,3.256038065389959546e-01,3.273141461149377540e-01,3.293798168162996309e-01,3.317629510185203801e-01,3.344222693676570657e-01,3.373131072301412958e-01,3.403875458560776113e-01,3.435946669698408118e-01,3.468809461939995065e-01,3.501907956363802255e-01,3.534672591634896999e-01,3.566528555763949782e-01,3.596905555341091687e-01,3.625248682637732256e-01,3.651030046347311098e-01,3.673760749066525277e-01,3.693002732222444018e-01,3.708379974142168023e-01,3.719588524348702574e-01,3.726404889198176584e-01,3.728692349826427943e-01,3.726404889198164372e-01,3.719588524348708125e-01,3.708379974142169688e-01,3.693002732222449569e-01,3.673760749066533049e-01,3.651030046347319979e-01,3.625248682637736697e-01,3.596905555341098903e-01,3.566528555763959774e-01,3.534672591634900884e-01,3.501907956363797259e-01,3.468809461939987293e-01,3.435946669698427547e-01,3.403875458560771117e-01,3.373131072301412403e-01,3.344222693676575653e-01,3.317629510185208797e-01,3.293798168163010742e-01,3.273141461149377540e-01,3.256038065389952330e-01,3.242833118766182965e-01,3.233839437095975544e-01,3.229339170729035868e-01,3.229585721579491531e-01,3.234805763268465140e-01,3.245201232338292274e-01,3.260951184497811739e-01,3.282213435057848572e-01,3.309125926103150261e-01,3.341807783954796052e-01,3.380360048868591982e-01,3.424866074705835706e-01,3.475391609681161564e-01,3.531984580492832371e-01,3.594674611462500557e-01,3.663472318026090857e-01,3.738368420240591461e-01,3.819332727075549494e-01,3.906313046228865327e-01,3.999234077073137161e-01,4.097996346078802143e-01,4.202475244587501879e-01,4.312520228039292136e-01,4.427954233569982301e-01,4.548573369210381356e-01,4.674146922672607340e-01,4.804417730904156913e-01,4.939102943298542825e-01,5.077895201825195493e-01,5.220464250631963177e-01,5.366458976216578192e-01,5.515509867487619067e-01,5.667231873435747413e-01,5.821227625268801109e-01,5.977090980316581703e-01,6.134410837382318071e-01,6.292775168106506944e-01,6.451775206897972792e-01,6.611009743657244586e-01,6.770089469483092648e-01,6.928641336527187056e-01,7.086312910102101625e-01
9.727272727272727737e-01,7.215883185430376212e-01,7.063208880490255970e-01,6.909493655658587308e-01,6.755055001380200208e-01,6.600231818011966789e-01,6.445380463273705507e-01,6.290870798235962402e-01,6.137082238212477892e-01,5.984399833350716458e-01,5.833210416295711020e-01,5.683898862092110482e-01,5.536844509221946486e-01,5.392417790935303268e-01,5.250977123322881912e-01,5.112866091405416924e-01,4.978410967361887041e-01,4.847918586396880447e-01,4.721674596146907543e-01,4.599942085432985328e-01,4.482960588024504922e-01,4.370945447287478136e-01,4.264087518477691630e-01,4.162553177274921912e-01,4.066484596121168194e-01,3.976000244145182494e-01,3.891195561981287687e-01,3.812143759616911654e-01,3.738896683507025864e-01,3.671485698503809125e-01,3.609922530621846315e-01,3.554200018240214476e-01,3.504292722035365348e-01,3.460157347772826464e-01,3.421732941165405162e-01,3.388940820487220118e-01,3.361684220742678364e-01,3.339847633192738474e-01,3.323295836242308177e-01,3.311872628371500538e-01,3.305399291178696131e-01,3.303672830773345948e-01,3.306464068583068183e-01,3.313515677660101022e-01,3.324540286918676313e-01,3.339218802021103327e-01,3.357199115923828470e-01,3.378095401895609418e-01,3.401488194178052260e-01,3.426925463145916728e-01,3.453924879679169946e-01,3.481977434784357950e-01,3.510552533608961023e-01,3.539104617681761433e-01,3.567081287236015252e-01,3.593932800783087300e-01,3.619122727820419105e-01,3.642139430616868623e-01,3.662507961453952410e-01,3.679801891685848259e-01,3.693654546705097408e-01,3.703769112502087735e-01,3.709927108221020009e-01,3.711994784748399723e-01,3.709927108221020564e-01,3.703769112502093286e-01,3.693654546705084085e-01,3.679801891685835491e-01,3.662507961453936867e-01,3.642139430616868623e-01,3.619122727820408558e-01,3.593932800783099513e-01,3.567081287236045783e-01,3.539104617681755327e-01,3.510552533608957138e-01,3.481977434784356285e-01,3.453924879679176607e-01,3.426925463145911732e-01,3.401488194178060032e-01,3.378095401895636618e-01,3.357199115923803490e-01,3.339218802021102217e-01,3.324540286918680754e-01,3.313515677660117120e-01,3.306464068583066518e-01,3.303672830773367042e-01,3.305399291178709453e-01,3.311872628371528293e-01,3.323295836242288748e-01,3.339847633192719600e-01,3.361684220742648388e-01,3.388940820487201799e-01,3.421732941165402386e-01,3.460157347772825909e-01,3.504292722035358132e-01,3.554200018240220582e-01,3.609922530621848535e-01,3.671485698503806905e-01,3.738896683507011431e-01,3.812143759616932193e-01,3.891195561981318218e-01,3.976000244145205254e-01,4.066484596121123785e-01,4.162553177274939675e-01,4.264087518477712724e-01,4.370945447287489238e-01,4.482960588024518800e-01,4.599942085432999761e-01,4.721674596146926972e-01,4.847918586396880447e-01,4.978410967361878714e-01,5.112866091405418034e-01,5.250977123322857487e-01,5.392417790935278843e-01,5.536844509221939825e-01,5.683898862092101600e-01,5.833210416295708800e-01,5.984399833350717568e-01,6.137082238212508978e-01,6.290870798235962402e-01,6.445380463273711058e-01,6.600231818011965679e-01,6.755055001380210200e-01,6.909493655658588418e-01,7.063208880490259300e-01,7.215883185430370661e-01
9.765151515151515582e-01,7.337272224792508180e-01,7.189444066187081761e-01,7.040452455748804628e-01,6.890582865190219009e-01,6.740142660643202444e-01,6.589457486228426086e-01,6.438867661032440237e-01,6.288724581824279847e-01,6.139387143584090767e-01,5.991218203796832009e-01,5.844581125677894562e-01,5.699836440832218853e-01,5.557338673891792924e-01,5.417433370900592848e-01,5.280454370055958080e-01,5.146721348295680842e-01,5.016537670552393413e-01,4.890188560714591737e-01,4.767939604838760115e-01,4.650035588347676274e-01,4.536699660183320937e-01,4.428132808474263271e-01,4.324513624487881791e-01,4.225998324669397732e-01,4.132720994569200057e-01,4.044794013515091158e-01,3.962308615038605542e-01,3.885335535324535017e-01,3.813925700299933830e-01,3.748110901396718986e-01,3.687904410491796292e-01,3.633301486071902620e-01,3.584279725330461464e-01,3.540799220797981595e-01,3.502802485385278497e-01,3.470214116623047129e-01,3.442940179670765932e-01,3.420867299673421846e-01,3.403861467569967436e-01,3.391766579777426016e-01,3.384402751451535685e-01,3.381564465210274428e-01,3.383018641974986918e-01,3.388502747186867281e-01,3.397723072855785564e-01,3.410353361864199573e-01,3.426033963255972759e-01,3.444371722914414402e-01,3.464940819718941301e-01,3.487284749536629924e-01,3.510919635147663476e-01,3.535338997200853650e-01,3.560020058757480399e-01,3.584431575079257692e-01,3.608043084563849479e-01,3.630335372045014330e-01,3.650811830139417680e-01,3.669010307500347734e-01,3.684514954794359531e-01,3.696967529276653508e-01,3.706077604356415867e-01,3.711631155802176396e-01,3.713497061740038130e-01,3.711631155802165294e-01,3.706077604356389221e-01,3.696967529276646847e-01,3.684514954794357311e-01,3.669010307500346069e-01,3.650811830139413239e-01,3.630335372045007669e-01,3.608043084563842262e-01,3.584431575079262133e-01,3.560020058757490391e-01,3.535338997200878630e-01,3.510919635147661810e-01,3.487284749536642692e-01,3.464940819718915765e-01,3.444371722914396083e-01,3.426033963255991632e-01,3.410353361864175703e-01,3.397723072855801107e-01,3.388502747186851183e-01,3.383018641974974705e-01,3.381564465210266657e-01,3.384402751451518476e-01,3.391766579777446000e-01,3.403861467569981869e-01,3.420867299673435169e-01,3.442940179670739287e-01,3.470214116623057121e-01,3.502802485385286269e-01,3.540799220797944402e-01,3.584279725330476452e-01,3.633301486071866537e-01,3.687904410491833485e-01,3.748110901396682904e-01,3.813925700299911625e-01,3.885335535324501155e-01,3.962308615038601656e-01,4.044794013515085052e-01,4.132720994569206718e-01,4.225998324669382744e-01,4.324513624487890118e-01,4.428132808474249393e-01,4.536699660183298732e-01,4.650035588347694593e-01,4.767939604838744572e-01,4.890188560714568977e-01,5.016537670552385642e-01,5.146721348295701937e-01,5.280454370055978064e-01,5.417433370900552880e-01,5.557338673891812908e-01,5.699836440832165563e-01,5.844581125677884570e-01,5.991218203796843111e-01,6.139387143584098538e-01,6.288724581824283177e-01,6.438867661032440237e-01,6.589457486228412764e-01,6.740142660643199113e-01,6.890582865190221229e-01,7.040452455748806848e-01,7.189444066187073989e-01,7.337272224792522612e-01
9.803030303030304538e-01,7.451014767244001913e-01,7.307861103566244410e-01,7.163453476893915095e-01,7.018048114418596883e-01,6.871923397501233932e-01,6.725376523073418600e-01,6.578720199638897759e-01,6.432279357393595465e-01,6.286387872990316650e-01,6.141385324482614427e-01,5.997613802347010470e-01,5.855414809083236971e-01,5.715126283344080793e-01,5.577079785313658888e-01,5.441597878539121691e-01,5.308991739990320813e-01,5.179559025136158956e-01,5.053582008645105539e-01,4.931326014289021398e-01,4.813038140097578577e-01,4.698946277097230673e-01,4.589258412354618177e-01,4.484162199787253278e-01,4.383824775500909099e-01,4.288392788425415825e-01,4.197992611856638523e-01,4.112730697242480971e-01,4.032694028215463855e-01,3.957950630485114751e-01,3.888550091770554551e-01,3.824524045486792367e-01,3.765886572434906654e-01,3.712634476344041645e-01,3.664747391902469786e-01,3.622187688045396259e-01,3.584900134989837950e-01,3.552811311097327507e-01,3.525828735436105643e-01,3.503839724261966215e-01,3.486709984851044664e-01,3.474281978439050511e-01,3.466373105508850361e-01,3.462773791102463083e-01,3.463245574623705636e-01,3.467519336632120530e-01,3.475293822712146596e-01,3.486234649276043762e-01,3.499973995146882233e-01,3.516111192487652026e-01,3.534214427394541946e-01,3.553823740736707926e-01,3.574455480819203057e-01,3.595608299755028714e-01,3.616770705602786462e-01,3.637430085380394806e-01,3.657083005692618460e-01,3.675246486119059242e-01,3.691469835827185797e-01,3.705346557115296591e-01,3.716525761322766463e-01,3.724722521454373880e-01,3.729726607411170680e-01,3.731409115185641556e-01,3.729726607411155692e-01,3.724722521454392199e-01,3.716525761322757027e-01,3.705346557115264394e-01,3.691469835827164703e-01,3.675246486119046474e-01,3.657083005692634003e-01,3.637430085380386480e-01,3.616770705602784797e-01,3.595608299755032045e-01,3.574455480819186404e-01,3.553823740736688497e-01,3.534214427394545277e-01,3.516111192487641479e-01,3.499973995146897221e-01,3.486234649276057085e-01,3.475293822712122727e-01,3.467519336632128302e-01,3.463245574623706191e-01,3.462773791102461973e-01,3.466373105508847585e-01,3.474281978439067164e-01,3.486709984851049660e-01,3.503839724262013955e-01,3.525828735436083439e-01,3.552811311097326952e-01,3.584900134989844056e-01,3.622187688045380161e-01,3.664747391902460349e-01,3.712634476344019996e-01,3.765886572434881674e-01,3.824524045486832891e-01,3.888550091770518469e-01,3.957950630485090326e-01,4.032694028215430548e-01,4.112730697242470423e-01,4.197992611856627976e-01,4.288392788425409718e-01,4.383824775500861359e-01,4.484162199787249392e-01,4.589258412354613736e-01,4.698946277097219570e-01,4.813038140097576911e-01,4.931326014289054149e-01,5.053582008645102208e-01,5.179559025136115658e-01,5.308991739990320813e-01,5.441597878539149447e-01,5.577079785313643345e-01,5.715126283344083014e-01,5.855414809083249184e-01,5.997613802347019352e-01,6.141385324482635522e-01,6.286387872990311099e-01,6.432279357393602126e-01,6.578720199638892208e-01,6.725376523073431922e-01,6.871923397501237263e-01,7.018048114418609096e-01,7.163453476893912875e-01,7.307861103566235528e-01,7.451014767244005244e-01
9.840909090909091272e-01,7.557629083780267321e-01,7.418964749440436490e-01,7.278982716557107491e-01,7.137912547581178879e-01,6.996006063383991558e-01,6.853534229721705007e-01,6.710784104199890576e-01,6.568055811378136211e-01,6.425659535983341275e-01,6.283912540262531765e-01,6.143136222854046480e-01,6.003653244186810678e-01,5.865784747994200465e-01,5.729847710536267735e-01,5.596152448944665680e-01,5.465000318074606511e-01,5.336681621684075116e-01,5.211473758966866932e-01,5.089639621750904341e-01,4.971426251324210788e-01,4.857063757158585626e-01,4.746764493012212704e-01,4.640722479250338206e-01,4.539113053913612639e-01,4.442092729251881922e-01,4.349799225245365997e-01,4.262351647144123623e-01,4.179850770328385479e-01,4.102379392861392193e-01,4.030002714008925069e-01,3.962768695757573623e-01,3.900708364035591069e-01,3.843836006995976495e-01,3.792149229492922102e-01,3.745628825938873696e-01,3.704238438313488535e-01,3.667923972506894614e-01,3.636612754764256827e-01,3.610212421144876060e-01,3.588609546986987198e-01,3.571668040686290513e-01,3.559227346819695548e-01,3.551100527684663000e-01,3.547072319229733761e-01,3.546897286168950170e-01,3.550298230240330755e-01,3.556965032818002470e-01,3.566554135443602003e-01,3.578688875712529027e-01,3.592960897355498839e-01,3.608932838345553784e-01,3.626142466059950609e-01,3.644108371830624971e-01,3.662337258491403236e-01,3.680332756231370905e-01,3.697605589600997944e-01,3.713684800216621729e-01,3.728129616286054993e-01,3.740541463597837901e-01,3.750575545042014181e-01,3.757951387246265540e-01,3.762461770338098033e-01,3.763979522356906693e-01,3.762461770338089706e-01,3.757951387246251662e-01,3.750575545042006964e-01,3.740541463597841787e-01,3.728129616286070536e-01,3.713684800216633386e-01,3.697605589600971299e-01,3.680332756231357583e-01,3.662337258491403236e-01,3.644108371830633297e-01,3.626142466059935066e-01,3.608932838345562111e-01,3.592960897355502170e-01,3.578688875712532358e-01,3.566554135443604778e-01,3.556965032818005801e-01,3.550298230240325759e-01,3.546897286168934627e-01,3.547072319229727100e-01,3.551100527684681318e-01,3.559227346819691107e-01,3.571668040686297729e-01,3.588609546986993859e-01,3.610212421144871620e-01,3.636612754764216304e-01,3.667923972506923480e-01,3.704238438313506854e-01,3.745628825938893680e-01,3.792149229492934870e-01,3.843836006995966503e-01,3.900708364035589404e-01,3.962768695757591386e-01,4.030002714008897313e-01,4.102379392861381091e-01,4.179850770328372156e-01,4.262351647144146383e-01,4.349799225245357670e-01,4.442092729251921890e-01,4.539113053913624851e-01,4.640722479250334875e-01,4.746764493012186059e-01,4.857063757158576189e-01,4.971426251324210788e-01,5.089639621750911003e-01,5.211473758966904679e-01,5.336681621684056243e-01,5.465000318074626495e-01,5.596152448944672342e-01,5.729847710536277727e-01,5.865784747994199355e-01,6.003653244186824001e-01,6.143136222854056472e-01,6.283912540262537316e-01,6.425659535983333503e-01,6.568055811378133990e-01,6.710784104199901678e-01,6.853534229721696125e-01,6.996006063383977125e-01,7.137912547581181100e-01,7.278982716557106381e-01,7.418964749440443152e-01,7.557629083780270651e-01
9.878787878787880228e-01,7.657593702990929119e-01,7.523224630113061195e-01,7.387496422886643543e-01,7.250614346281846201e-01,7.112805926770203735e-01,6.974318016412798249e-01,6.835413946949335795e-01,6.696370730306948627e-01,6.557476285724995746e-01,6.419026690810450964e-01,6.281323466086395912e-01,6.144670911097084298e-01,6.009373515635835217e-01,5.875733472668585033e-01,5.744048320438386313e-01,5.614608740357340810e-01,5.487696534922007485e-01,5.363582806286883997e-01,5.242526351564191778e-01,5.124772285644101366e-01,5.010550896587905312e-01,4.900076732675003321e-01,4.793547914183904357e-01,4.691145657147811621e-01,4.593033990796853150e-01,4.499359645306160171e-01,4.410252081907875543e-01,4.325823633464873086e-01,4.246169720298495487e-01,4.171369103452355342e-01,4.101484135709198009e-01,4.036560969615144434e-01,3.976629681593207843e-01,3.921704272078754827e-01,3.871782503661563291e-01,3.826845542720885840e-01,3.786857375299945150e-01,3.751763975355281167e-01,3.721492213452757825e-01,3.695948506890588403e-01,3.675017228498885791e-01,3.658558911265568092e-01,3.646408309515369317e-01,3.638372404330856846e-01,3.634228470463102822e-01,3.633722352724271243e-01,3.636567129628224815e-01,3.642442367891767230e-01,3.650994189625402786e-01,3.661836380381811029e-01,3.674552756267968068e-01,3.688700978060832081e-01,3.703817946817278273e-01,3.719426837931653629e-01,3.735045730762709959e-01,3.750197673881967564e-01,3.764421900102427609e-01,3.777285782082235310e-01,3.788397011707628215e-01,3.797415408194447228e-01,3.804063722857382035e-01,3.808136821183170651e-01,3.809508688482395877e-01,3.808136821183175091e-01,3.804063722857377039e-01,3.797415408194448339e-01,3.788397011707627660e-01,3.777285782082245302e-01,3.764421900102407625e-01,3.750197673881962013e-01,3.735045730762724392e-01,3.719426837931650853e-01,3.703817946817268281e-01,3.688700978060834301e-01,3.674552756267980280e-01,3.661836380381796041e-01,3.650994189625398900e-01,3.642442367891740029e-01,3.636567129628237582e-01,3.633722352724255145e-01,3.634228470463108374e-01,3.638372404330845189e-01,3.646408309515363766e-01,3.658558911265594737e-01,3.675017228498898003e-01,3.695948506890571750e-01,3.721492213452751718e-01,3.751763975355272285e-01,3.786857375299956807e-01,3.826845542720883064e-01,3.871782503661559960e-01,3.921704272078746500e-01,3.976629681593212839e-01,4.036560969615151651e-01,4.101484135709209111e-01,4.171369103452347016e-01,4.246169720298489936e-01,4.325823633464832563e-01,4.410252081907844457e-01,4.499359645306185707e-01,4.593033990796830945e-01,4.691145657147761661e-01,4.793547914183882153e-01,4.900076732674981672e-01,5.010550896587908642e-01,5.124772285644105807e-01,5.242526351564218423e-01,5.363582806286881777e-01,5.487696534922023028e-01,5.614608740357346361e-01,5.744048320438412958e-01,5.875733472668592805e-01,6.009373515635836327e-01,6.144670911097090960e-01,6.281323466086372598e-01,6.419026690810478719e-01,6.557476285724975762e-01,6.696370730306975272e-01,6.835413946949342456e-01,6.974318016412799359e-01,7.112805926770199294e-01,7.250614346281846201e-01,7.387496422886647984e-01,7.523224630113067857e-01,7.657593702990918016e-01
9.916666666666666963e-01,7.751428877178041521e-01,7.621157250050655252e-01,7.489503204267500269e-01,7.356649841217386410e-01,7.222802469636595557e-01,7.088185805094194825e-01,6.953041291822362746e-01,6.817624492478689957e-01,6.682202516843289697e-01,6.547051478693139970e-01,6.412453983217831777e-01,6.278696656624858097e-01,6.146067735865913262e-01,6.014854740254560461e-01,5.885342248548945943e-01,5.757809805152471760e-01,5.632529977711075997e-01,5.509766585799115157e-01,5.389773116820819610e-01,5.272791340931389792e-01,5.159050131916688153e-01,5.048764495766127069e-01,4.942134803318020686e-01,4.839346218015144196e-01,4.740568304629021457e-01,4.645954799912350719e-01,4.555643521617885883e-01,4.469756388254093604e-01,4.388399518395426080e-01,4.311663375377634555e-01,4.239622920842593956e-01,4.172337738920056105e-01,4.109852091936496699e-01,4.052194868562260521e-01,3.999379386426462069e-01,3.951403013702928790e-01,3.908246578311271868e-01,3.869873539581680233e-01,3.836228905948413925e-01,3.807237893946099350e-01,3.782804338954595669e-01,3.762808887153315518e-01,3.747107021195421606e-01,3.735526999073942034e-01,3.727867815920665739e-01,3.723897330824832430e-01,3.723350733148776959e-01,3.725929552349112606e-01,3.731301438180273933e-01,3.739100949835941212e-01,3.748931588157770056e-01,3.760369279793134289e-01,3.772967472379629150e-01,3.786263923654915597e-01,3.799789165844023042e-01,3.813076504355795704e-01,3.825673275180572763e-01,3.837152950471131585e-01,3.847127561196340140e-01,3.855259814899737458e-01,3.861274239523096452e-01,3.864966691306481739e-01,3.866211630566534496e-01,3.864966691306462865e-01,3.861274239523111995e-01,3.855259814899739124e-01,3.847127561196336809e-01,3.837152950471112156e-01,3.825673275180572763e-01,3.813076504355813467e-01,3.799789165843998617e-01,3.786263923654902830e-01,3.772967472379624154e-01,3.760369279793113195e-01,3.748931588157783379e-01,3.739100949835931220e-01,3.731301438180283925e-01,3.725929552349118157e-01,3.723350733148769742e-01,3.723897330824803564e-01,3.727867815920666295e-01,3.735526999073924825e-01,3.747107021195439369e-01,3.762808887153298310e-01,3.782804338954594003e-01,3.807237893946095464e-01,3.836228905948427803e-01,3.869873539581710764e-01,3.908246578311270758e-01,3.951403013702936562e-01,3.999379386426448746e-01,4.052194868562275509e-01,4.109852091936518348e-01,4.172337738920006145e-01,4.239622920842583964e-01,4.311663375377643992e-01,4.388399518395427745e-01,4.469756388254089718e-01,4.555643521617872560e-01,4.645954799912332955e-01,4.740568304629010910e-01,4.839346218015160295e-01,4.942134803318021796e-01,5.048764495766139282e-01,5.159050131916682602e-01,5.272791340931392012e-01,5.389773116820791854e-01,5.509766585799089622e-01,5.632529977711075997e-01,5.757809805152463989e-01,5.885342248548942612e-01,6.014854740254576004e-01,6.146067735865933246e-01,6.278696656624866979e-01,6.412453983217812903e-01,6.547051478693132198e-01,6.682202516843293028e-01,6.817624492478705500e-01,6.953041291822353864e-01,7.088185805094197045e-01,7.222802469636578904e-01,7.356649841217391961e-01,7.489503204267476955e-01,7.621157250050668575e-01,7.751428877178052623e-01
9.954545454545455918e-01,7.839578601172386696e-01,7.713206193835272506e-01,7.585442986040579205e-01,7.456451826020598084e-01,7.326417690174538144e-01,7.195544980159440662e-01,7.064054977099775146e-01,6.932183387817001385e-01,6.800177945270251545e-01,6.668296044874337802e-01,6.536802412380438021e-01,6.405966809029809417e-01,6.276061786667148645e-01,6.147360510043624604e-01,6.020134666089129727e-01,5.894652480808386663e-01,5.771176863917822919e-01,5.649963699616310508e-01,5.531260299179928674e-01,5.415304027587130031e-01,5.302321112304030359e-01,5.192525637867916322e-01,5.086118725169473942e-01,4.983287889498582701e-01,4.884206566621276391e-01,4.789033791506659976e-01,4.697914009920852174e-01,4.610976999020553468e-01,4.528337869381998670e-01,4.450097117641736433e-01,4.376340696165778588e-01,4.307140063972380584e-01,4.242552181605724892e-01,4.182619411927616104e-01,4.127369289047756462e-01,4.076814119103751577e-01,4.030950379654240079e-01,3.989757889475631925e-01,3.953198728030894449e-01,3.921215894351723352e-01,3.893731709088704696e-01,3.870645981541316338e-01,3.851833985924296710e-01,3.837144318021983858e-01,3.826396734338020633e-01,3.819380109828010572e-01,3.815850685455443592e-01,3.815530810293362718e-01,3.818108410838453870e-01,3.823237437792951221e-01,3.830539542358307736e-01,3.839607214563944271e-01,3.850008570592863832e-01,3.861293901562994901e-01,3.873003992818905838e-01,3.884680094444112886e-01,3.895875278858116353e-01,3.906166772795447995e-01,3.915168714830939423e-01,3.922544683567634749e-01,3.928019282255906797e-01,3.931388065716150959e-01,3.932525161327046770e-01,3.931388065716165392e-01,3.928019282255909017e-01,3.922544683567620316e-01,3.915168714830938312e-01,3.906166772795459652e-01,3.895875278858134672e-01,3.884680094444138421e-01,3.873003992818919716e-01,3.861293901563009889e-01,3.850008570592837742e-01,3.839607214563935389e-01,3.830539542358305516e-01,3.823237437792959548e-01,3.818108410838492173e-01,3.815530810293366049e-01,3.815850685455464131e-01,3.819380109828049430e-01,3.826396734338040617e-01,3.837144318021981637e-01,3.851833985924279502e-01,3.870645981541331881e-01,3.893731709088696369e-01,3.921215894351728348e-01,3.953198728030911102e-01,3.989757889475634145e-01,4.030950379654259508e-01,4.076814119103741585e-01,4.127369289047752576e-01,4.182619411927591124e-01,4.242552181605697692e-01,4.307140063972361155e-01,4.376340696165773037e-01,4.450097117641746980e-01,4.528337869381999226e-01,4.610976999020524048e-01,4.697914009920834411e-01,4.789033791506650539e-01,4.884206566621255852e-01,4.983287889498596024e-01,5.086118725169462840e-01,5.192525637867909660e-01,5.302321112304041462e-01,5.415304027587142244e-01,5.531260299179935336e-01,5.649963699616328272e-01,5.771176863917829580e-01,5.894652480808385553e-01,6.020134666089137498e-01,6.147360510043617943e-01,6.276061786667134212e-01,6.405966809029790543e-01,6.536802412380436911e-01,6.668296044874367778e-01,6.800177945270244884e-01,6.932183387817006937e-01,7.064054977099781807e-01,7.195544980159455095e-01,7.326417690174533703e-01,7.456451826020598084e-01,7.585442986040570323e-01,7.713206193835283608e-01,7.839578601172378924e-01
9.992424242424242653e-01,7.922361765570717917e-01,7.799690768403518826e-01,7.675633207807140979e-01,7.550333390934422795e-01,7.423957671710512685e-01,7.296691811125207705e-01,7.168738531722063101e-01,7.040315190415358249e-01,6.911651523214324966e-01,6.782987436297895911e-01,6.654570832860831064e-01,6.526655475917381155e-01,6.399498894863604459e-01,6.273360348764137617e-01,6.148498862512354890e-01,6.025171353558698151e-01,5.903630867068545562e-01,5.784124936380002913e-01,5.666894083670571680e-01,5.552170472991579953e-01,5.440176724454878210e-01,5.331124894516005019e-01,5.225215623140211374e-01,5.122637444296831433e-01,5.023566251822541018e-01,4.928164908333441119e-01,4.836582980631956019e-01,4.748956581026009816e-01,4.665408290211900955e-01,4.586047133929534447e-01,4.510968582531069693e-01,4.440254539984398452e-01,4.373973286754592182e-01,4.312179339596082239e-01,4.254913190733028427e-01,4.202200889454082433e-01,4.154053431132687102e-01,4.110465922528324656e-01,4.071416498438373832e-01,4.036864973951560520e-01,4.006751229329864050e-01,3.980993341551608555e-01,3.959485498285529315e-01,3.942095756812895035e-01,3.928663742014761873e-01,3.918998413209078824e-01,3.912876067707844463e-01,3.910038786755578588e-01,3.910193563082022261e-01,3.913012373573336866e-01,3.918133469501569044e-01,3.925164143958189134e-01,3.933685195709319404e-01,3.943257236415713685e-01,3.953428882846587444e-01,3.963746740478195640e-01,3.973766927974539120e-01,3.983067727082183485e-01,3.991262787402070633e-01,3.998014190711708382e-01,4.003044604820822916e-01,4.006147748188774727e-01,4.007196452308507406e-01,4.006147748188776392e-01,4.003044604820835128e-01,3.998014190711703386e-01,3.991262787402053425e-01,3.983067727082183485e-01,3.973766927974518581e-01,3.963746740478190089e-01,3.953428882846607428e-01,3.943257236415729783e-01,3.933685195709346605e-01,3.925164143958165264e-01,3.918133469501574040e-01,3.913012373573322433e-01,3.910193563082013379e-01,3.910038786755584694e-01,3.912876067707842798e-01,3.918998413209047738e-01,3.928663742014795179e-01,3.942095756812873941e-01,3.959485498285532645e-01,3.980993341551613551e-01,4.006751229329860720e-01,4.036864973951557189e-01,4.071416498438364950e-01,4.110465922528309668e-01,4.154053431132697649e-01,4.202200889454064114e-01,4.254913190733023431e-01,4.312179339596080574e-01,4.373973286754579970e-01,4.440254539984379578e-01,4.510968582531064142e-01,4.586047133929562758e-01,4.665408290211882636e-01,4.748956581025997048e-01,4.836582980631966566e-01,4.928164908333420580e-01,5.023566251822512152e-01,5.122637444296821441e-01,5.225215623140222476e-01,5.331124894515966162e-01,5.440176724454867108e-01,5.552170472991592165e-01,5.666894083670572790e-01,5.784124936380000692e-01,5.903630867068553334e-01,6.025171353558682608e-01,6.148498862512364882e-01,6.273360348764136507e-01,6.399498894863611120e-01,6.526655475917372273e-01,6.654570832860839946e-01,6.782987436297901462e-01,6.911651523214354942e-01,7.040315190415352697e-01,7.168738531722058660e-01,7.296691811125214366e-01,7.423957671710512685e-01,7.550333390934419464e-01,7.675633207807140979e-01,7.799690768403515495e-01,7.922361765570707925e-01
1.003030303030303161e+00,8.000033118877851734e-01,7.880865754494499331e-01,7.760326861082719185e-01,7.638543736824643382e-01,7.515665661066505132e-01,7.391861286022909372e-01,7.267316262109486669e-01,7.142231009959695287e-01,7.016818584120296798e-01,6.891302595862233149e-01,6.765915178576238365e-01,6.640894990753208882e-01,6.516485259788176165e-01,6.392931875573325540e-01,6.270481546585129351e-01,6.149380033287663583e-01,6.029870474441215711e-01,5.912191821535259795e-01,5.796577395243422970e-01,5.683253575684786840e-01,5.572438635524051831e-01,5.464341721690277875e-01,5.359161987872739230e-01,5.257087876082843225e-01,5.158296541558169412e-01,5.062953411225588063e-01,4.971211861913008012e-01,4.883213000571489104e-01,4.799085524998447649e-01,4.718945639990545504e-01,4.642897000552602682e-01,4.571030650814398855e-01,4.503424924743660296e-01,4.440145272713321156e-01,4.381243976665712969e-01,4.326759716252173149e-01,4.276716949253549505e-01,4.231125072233222206e-01,4.189977332278511102e-01,4.153249468498264596e-01,4.120898073380254711e-01,4.092858679932245836e-01,4.069043601427058676e-01,4.049339577047997851e-01,4.033605308911605292e-01,4.021669013336643950e-01,4.013326150457566244e-01,4.008337538810303191e-01,4.006428101439073464e-01,4.007286522034356757e-01,4.010566106965626765e-01,4.015887144404434173e-01,4.022841017749970161e-01,4.030996261433624217e-01,4.039906640108112401e-01,4.049121189135674315e-01,4.058195983082026892e-01,4.066707213974244950e-01,4.074264982519812395e-01,4.080527057059210594e-01,4.085211760661744962e-01,4.088109126353173806e-01,4.089089525624174937e-01,4.088109126353167699e-01,4.085211760661734415e-01,4.080527057059201712e-01,4.074264982519809619e-01,4.066707213974243840e-01,4.058195983082022451e-01,4.049121189135657106e-01,4.039906640108111291e-01,4.030996261433618111e-01,4.022841017749960724e-01,4.015887144404444165e-01,4.010566106965623434e-01,4.007286522034350096e-01,4.006428101439059586e-01,4.008337538810309297e-01,4.013326150457596220e-01,4.021669013336641174e-01,4.033605308911614173e-01,4.049339577048009509e-01,4.069043601427066448e-01,4.092858679932275257e-01,4.120898073380266369e-01,4.153249468498250718e-01,4.189977332278495004e-01,4.231125072233221651e-01,4.276716949253572819e-01,4.326759716252155941e-01,4.381243976665721851e-01,4.440145272713313940e-01,4.503424924743642532e-01,4.571030650814386087e-01,4.642897000552586029e-01,4.718945639990569374e-01,4.799085524998450980e-01,4.883213000571445805e-01,4.971211861913007457e-01,5.062953411225588063e-01,5.158296541558177184e-01,5.257087876082856548e-01,5.359161987872750332e-01,5.464341721690271214e-01,5.572438635524057382e-01,5.683253575684762415e-01,5.796577395243402986e-01,5.912191821535256464e-01,6.029870474441179073e-01,6.149380033287638048e-01,6.270481546585134902e-01,6.392931875573341083e-01,6.516485259788177276e-01,6.640894990753177796e-01,6.765915178576220601e-01,6.891302595862218716e-01,7.016818584120297908e-01,7.142231009959673083e-01,7.267316262109467795e-01,7.391861286022899380e-01,7.515665661066508463e-01,7.638543736824647823e-01,7.760326861082713634e-01,7.880865754494499331e-01,8.000033118877853955e-01
1.006818181818181834e+00,8.073032726029570894e-01,7.957176873928989425e-01,7.839972956639114088e-01,7.721532589635403676e-01,7.601989336805634601e-01,7.481496104665283919e-01,7.360222812057221065e-01,7.238354236796080698e-01,7.116087975528092580e-01,6.993632477321012342e-01,6.871205128709222398e-01,6.749030380273504104e-01,6.627337913703164052e-01,6.506360854551579420e-01,6.386334040138913481e-01,6.267492354672822286e-01,6.150069144943078880e-01,6.034294730111925409e-01,5.920395018350183003e-01,5.808590241514484109e-01,5.699093816855881345e-01,5.592111342026170329e-01,5.487839726519305739e-01,5.386466459255615513e-01,5.288169008385230629e-01,5.193114345634100015e-01,5.101458583712488171e-01,5.013346711513836373e-01,4.928912408097319564e-01,4.848277912817464119e-01,4.771553925486398118e-01,4.698839507177021702e-01,4.630221949283386262e-01,4.565776575852581454e-01,4.505566442156039852e-01,4.449641891212373634e-01,4.398039929832632255e-01,4.350783387170122363e-01,4.307879822279943038e-01,4.269320153524878703e-01,4.235076992609293489e-01,4.205102680479286814e-01,4.179327042182879870e-01,4.157654903809978042e-01,4.139963447272409502e-01,4.126099517813558437e-01,4.115877043730397644e-01,4.109074775588298922e-01,4.105434599386449390e-01,4.104660719117951273e-01,4.106420031666709325e-01,4.110344022417726784e-01,4.116032484359589683e-01,4.123059298950377261e-01,4.130980408708014306e-01,4.139343959581267551e-01,4.147702402822406320e-01,4.155626136437187146e-01,4.162718058007272015e-01,4.168628221749043905e-01,4.173067672389073612e-01,4.175820492119507454e-01,4.176753160434024670e-01,4.175820492119496907e-01,4.173067672389080274e-01,4.168628221749031693e-01,4.162718058007264244e-01,4.155626136437191587e-01,4.147702402822392442e-01,4.139343959581271992e-01,4.130980408708005980e-01,4.123059298950382257e-01,4.116032484359589128e-01,4.110344022417726229e-01,4.106420031666695447e-01,4.104660719117950718e-01,4.105434599386443839e-01,4.109074775588258954e-01,4.115877043730392093e-01,4.126099517813559547e-01,4.139963447272418384e-01,4.157654903809970826e-01,4.179327042182872098e-01,4.205102680479262389e-01,4.235076992609291824e-01,4.269320153524879258e-01,4.307879822279942483e-01,4.350783387170114036e-01,4.398039929832630590e-01,4.449641891212357536e-01,4.505566442156024864e-01,4.565776575852566466e-01,4.630221949283361838e-01,4.698839507177008379e-01,4.771553925486385350e-01,4.848277912817452462e-01,4.928912408097310682e-01,5.013346711513863019e-01,5.101458583712482620e-01,5.193114345634113338e-01,5.288169008385260605e-01,5.386466459255636607e-01,5.487839726519295747e-01,5.592111342026181431e-01,5.699093816855870243e-01,5.808590241514511865e-01,5.920395018350177452e-01,6.034294730111916527e-01,6.150069144943095534e-01,6.267492354672810073e-01,6.386334040138912371e-01,6.506360854551577200e-01,6.627337913703141847e-01,6.749030380273512986e-01,6.871205128709222398e-01,6.993632477321005680e-01,7.116087975528095910e-01,7.238354236796087360e-01,7.360222812057222175e-01,7.481496104665277258e-01,7.601989336805631270e-01,7.721532589635410337e-01,7.839972956639125190e-01,7.957176873929014960e-01,8.073032726029554240e-01
1.010606060606060730e+00,8.141735927031865661e-01,8.029005863599016912e-01,7.914957810158240736e-01,7.799688841822967067e-01,7.683317994498960468e-01,7.565983634836693783e-01,7.447841150158572843e-01,7.329060847499367926e-01,7.209825989010337777e-01,7.090330917279321632e-01,6.970779242659240760e-01,6.851382077952266059e-01,6.732356315326716301e-01,6.613922947137388375e-01,6.496305437033762509e-01,6.379728150811729837e-01,6.264414858202423941e-01,6.150587317426611245e-01,6.038463954051012106e-01,5.928258644614567974e-01,5.820179613774874028e-01,5.714428451472971515e-01,5.611199253934336939e-01,5.510677889305509725e-01,5.413041385457391108e-01,5.318457434035654963e-01,5.227084001271810054e-01,5.139069032430657602e-01,5.054550233105614687e-01,4.973654906917395202e-01,4.896499825556769880e-01,4.823191103584351658e-01,4.753824047020057120e-01,4.688482941614372512e-01,4.627240743943148438e-01,4.570158636317652179e-01,4.517285405268462450e-01,4.468656603476334754e-01,4.424293457058786627e-01,4.384201484815966054e-01,4.348368804284857281e-01,4.316764112286020083e-01,4.289334346175580626e-01,4.266002057306945150e-01,4.246662561092391375e-01,4.231180968851690483e-01,4.219389254794537192e-01,4.211083565141723883e-01,4.206022031945326756e-01,4.203923405907559752e-01,4.204466862478468681e-01,4.207293353833009286e-01,4.212008865002305202e-01,4.218189874968874542e-01,4.225391215189858718e-01,4.233156356511774132e-01,4.241029946579726873e-01,4.248572179297122053e-01,4.255374331297783752e-01,4.261074581165805730e-01,4.265373071741626054e-01,4.268045117152786672e-01,4.268951516176735517e-01,4.268045117152765577e-01,4.265373071741621613e-01,4.261074581165803510e-01,4.255374331297782642e-01,4.248572179297112617e-01,4.241029946579713550e-01,4.233156356511778018e-01,4.225391215189854277e-01,4.218189874968860109e-01,4.212008865002308533e-01,4.207293353833012062e-01,4.204466862478475897e-01,4.203923405907558086e-01,4.206022031945350625e-01,4.211083565141718887e-01,4.219389254794524424e-01,4.231180968851696589e-01,4.246662561092402477e-01,4.266002057306950701e-01,4.289334346175563417e-01,4.316764112286016752e-01,4.348368804284845068e-01,4.384201484815960503e-01,4.424293457058796064e-01,4.468656603476315325e-01,4.517285405268463006e-01,4.570158636317648848e-01,4.627240743943143997e-01,4.688482941614380284e-01,4.753824047020062671e-01,4.823191103584353878e-01,4.896499825556748786e-01,4.973654906917386320e-01,5.054550233105601365e-01,5.139069032430654271e-01,5.227084001271817826e-01,5.318457434035648301e-01,5.413041385457391108e-01,5.510677889305514165e-01,5.611199253934323616e-01,5.714428451473005932e-01,5.820179613774887351e-01,5.928258644614581296e-01,6.038463954050998783e-01,6.150587317426622347e-01,6.264414858202412839e-01,6.379728150811733167e-01,6.496305437033763619e-01,6.613922947137381714e-01,6.732356315326721852e-01,6.851382077952251626e-01,6.970779242659231878e-01,7.090330917279329404e-01,7.209825989010327785e-01,7.329060847499370146e-01,7.447841150158561740e-01,7.565983634836700444e-01,7.683317994498970460e-01,7.799688841822975949e-01,7.914957810158228524e-01,8.029005863599013582e-01,8.141735927031857889e-01
1.014393939393939403e+00,8.206536528667999209e-01,8.096755262935242392e-01,7.985691039307907246e-01,7.873427359144155036e-01,7.760069751609456334e-01,7.645743094343672164e-01,7.530589301509428291e-01,7.414765255107858000e-01,7.298440897343317912e-01,7.181797430472721677e-01,7.065025590616631490e-01,6.948323976265583513e-01,6.831897422452793966e-01,6.715955418902485041e-01,6.600710575635599930e-01,6.486377143005565005e-01,6.373169595287981881e-01,6.261301287995252318e-01,6.150983199220889652e-01,6.042422764679529212e-01,5.935822814823809024e-01,5.831380620592335751e-01,5.729287052072696840e-01,5.629725851725275731e-01,5.532873020891445615e-01,5.438896315155479222e-01,5.347954840801367737e-01,5.260198741140948986e-01,5.175768957918635005e-01,5.094797049347619122e-01,5.017405042620400879e-01,4.943705294993541166e-01,4.873800333814384822e-01,4.807782642207418244e-01,4.745734353691408169e-01,4.687726815946645642e-01,4.633819981579639924e-01,4.584061582460474127e-01,4.538486044611216297e-01,4.497113103464316919e-01,4.459946085569984620e-01,4.426969833676479005e-01,4.398148268890542112e-01,4.373421607742331574e-01,4.352703284721215482e-01,4.335876673096892842e-01,4.322791748663598055e-01,4.313261901180081015e-01,4.307061163536120008e-01,4.303922193380113059e-01,4.303535397546467411e-01,4.305549624772289086e-01,4.309574853444875231e-01,4.315187254614231693e-01,4.321936904575381933e-01,4.329358250008843445e-01,4.336983195336676644e-01,4.344356402311750909e-01,4.351052094946917248e-01,4.356691389120024849e-01,4.360958961841082671e-01,4.363617783848361409e-01,4.364520691938627572e-01,4.363617783848365850e-01,4.360958961841094883e-01,4.356691389120027624e-01,4.351052094946909476e-01,4.344356402311759235e-01,4.336983195336663321e-01,4.329358250008848996e-01,4.321936904575388594e-01,4.315187254614210599e-01,4.309574853444881892e-01,4.305549624772264661e-01,4.303535397546486285e-01,4.303922193380090300e-01,4.307061163536144432e-01,4.313261901180098778e-01,4.322791748663603606e-01,4.335876673096883960e-01,4.352703284721226029e-01,4.373421607742348782e-01,4.398148268890543222e-01,4.426969833676491772e-01,4.459946085570009044e-01,4.497113103464327466e-01,4.538486044611196313e-01,4.584061582460511874e-01,4.633819981579629377e-01,4.687726815946651193e-01,4.745734353691384300e-01,4.807782642207391044e-01,4.873800333814385377e-01,4.943705294993536725e-01,5.017405042620415312e-01,5.094797049347636886e-01,5.175768957918650548e-01,5.260198741140938994e-01,5.347954840801356635e-01,5.438896315155475891e-01,5.532873020891450055e-01,5.629725851725286834e-01,5.729287052072694619e-01,5.831380620592342412e-01,5.935822814823793481e-01,6.042422764679564740e-01,6.150983199220895203e-01,6.261301287995229004e-01,6.373169595287991873e-01,6.486377143005569446e-01,6.600710575635598820e-01,6.715955418902469498e-01,6.831897422452772872e-01,6.948323976265584623e-01,7.065025590616631490e-01,7.181797430472722787e-01,7.298440897343319023e-01,7.414765255107846897e-01,7.530589301509419409e-01,7.645743094343656621e-01,7.760069751609467437e-01,7.873427359144153925e-01,7.985691039307916128e-01,8.096755262935246833e-01,8.206536528667992547e-01
1.018181818181818299e+00,8.267592801845599082e-01,8.160586556920386148e-01,8.052336706892279095e-01,7.942914017573347030e-01,7.832411410321026279e-01,7.720941208760693231e-01,7.608632803690325019e-01,7.495630597646054660e-01,7.382092136841805763e-01,7.268186369532267932e-01,7.154091991592476107e-01,7.039995855482483744e-01,6.926091429776314312e-01,6.812577304342726237e-01,6.699655741898027372e-01,6.587531280544892676e-01,6.476409394441410283e-01,6.366495221168163576e-01,6.257992364871719504e-01,6.151101784011027140e-01,6.046020771633343616e-01,5.942942034667939577e-01,5.842052876825800656e-01,5.743534487416669387e-01,5.647561335795948656e-01,5.554300668293924437e-01,5.463912101392203180e-01,5.376547301635506981e-01,5.292349739312151025e-01,5.211454499320760103e-01,5.133988128868713918e-01,5.060068497725689340e-01,4.989804642706179294e-01,4.923296563919249413e-01,4.860634936192455013e-01,4.801900695099933225e-01,4.747164453456784727e-01,4.696485701366630017e-01,4.649911741486913996e-01,4.607476311884902698e-01,4.569197852733379861e-01,4.535077381451727563e-01,4.505095955319518009e-01,4.479211722858447708e-01,4.457356597219716554e-01,4.439432628012700000e-01,4.425308203367577797e-01,4.414814281150639119e-01,4.407740924688969275e-01,4.403834498767307815e-01,4.402795957077570987e-01,4.404280709841165709e-01,4.407900583611683576e-01,4.413228356050103440e-01,4.419805249638212863e-01,4.427151588292470019e-01,4.434780558802116079e-01,4.442214689540006090e-01,4.449004294668764681e-01,4.454746782582349462e-01,4.459105452603356334e-01,4.461826263415850646e-01,4.462751095307280758e-01,4.461826263415845650e-01,4.459105452603348008e-01,4.454746782582366116e-01,4.449004294668754689e-01,4.442214689540008310e-01,4.434780558802117745e-01,4.427151588292484452e-01,4.419805249638213418e-01,4.413228356050116763e-01,4.407900583611681911e-01,4.404280709841172370e-01,4.402795957077562106e-01,4.403834498767304484e-01,4.407740924688985928e-01,4.414814281150656328e-01,4.425308203367585014e-01,4.439432628012709436e-01,4.457356597219711558e-01,4.479211722858432720e-01,4.505095955319530776e-01,4.535077381451749212e-01,4.569197852733394849e-01,4.607476311884913245e-01,4.649911741486911221e-01,4.696485701366603371e-01,4.747164453456765854e-01,4.801900695099940997e-01,4.860634936192454458e-01,4.923296563919245528e-01,4.989804642706179849e-01,5.060068497725686010e-01,5.133988128868693934e-01,5.211454499320755662e-01,5.292349739312166568e-01,5.376547301635531406e-01,5.463912101392180976e-01,5.554300668293924437e-01,5.647561335795956428e-01,5.743534487416652734e-01,5.842052876825799546e-01,5.942942034667938467e-01,6.046020771633342505e-01,6.151101784011002716e-01,6.257992364871702851e-01,6.366495221168145813e-01,6.476409394441429157e-01,6.587531280544907109e-01,6.699655741898036254e-01,6.812577304342726237e-01,6.926091429776318753e-01,7.039995855482495957e-01,7.154091991592467226e-01,7.268186369532279034e-01,7.382092136841795771e-01,7.495630597646065763e-01,7.608632803690325019e-01,7.720941208760686569e-01,7.832411410321038492e-01,7.942914017573340368e-01,8.052336706892267992e-01,8.160586556920381707e-01,8.267592801845599082e-01
1.021969696969696972e+00,8.325134901223240069e-01,8.220734595921322940e-01,8.115133439742769905e-01,8.008390167851653363e-01,7.900585865952871600e-01,7.791821118721046213e-01,7.682213631100803797e-01,7.571896168162682850e-01,7.461014710401852046e-01,7.349726755759539154e-01,7.238199723322519263e-01,7.126609430287372815e-01,7.015138625638874803e-01,6.903975572512226488e-01,6.793312677313128045e-01,6.683345167963176126e-01,6.574269826525948046e-01,6.466283783241393301e-01,6.359583379851124763e-01,6.254363110192365793e-01,6.150814645492301835e-01,6.049125950705905863e-01,5.949480496688965836e-01,5.852056571054442546e-01,5.757026688277788740e-01,5.664557097041930112e-01,5.574807379976299826e-01,5.487930137866132707e-01,5.404070747097978744e-01,5.323367175557732756e-01,5.245949838402772514e-01,5.171941471070811147e-01,5.101456992558992543e-01,5.034603327417023211e-01,4.971479150090890031e-01,4.912174510333540134e-01,4.856770293565417229e-01,4.805337465649817674e-01,4.757936048064969614e-01,4.714613767666248068e-01,4.675404326210441108e-01,4.640325239980964134e-01,4.609375211041462639e-01,4.582531011034293167e-01,4.559743888493725250e-01,4.540935553809246072e-01,4.525993854269661498e-01,4.514768325918544489e-01,4.507065898028291273e-01,4.502647125376414428e-01,4.501223424236152626e-01,4.502455875777264249e-01,4.505956215634694395e-01,4.511290626828806105e-01,4.517986870217630679e-01,4.525545102075693715e-01,4.533452433937281700e-01,4.541200896637667683e-01,4.548308014493827045e-01,4.554338738042896795e-01,4.558927104380031126e-01,4.561795776390507040e-01,4.562771623346421057e-01,4.561795776390514257e-01,4.558927104379998929e-01,4.554338738042904011e-01,4.548308014493822049e-01,4.541200896637666573e-01,4.533452433937289472e-01,4.525545102075702042e-01,4.517986870217633455e-01,4.511290626828788897e-01,4.505956215634703832e-01,4.502455875777278127e-01,4.501223424236147075e-01,4.502647125376408321e-01,4.507065898028299045e-01,4.514768325918530056e-01,4.525993854269651506e-01,4.540935553809244407e-01,4.559743888493729691e-01,4.582531011034263746e-01,4.609375211041458198e-01,4.640325239980955807e-01,4.675404326210411687e-01,4.714613767666251953e-01,4.757936048064960177e-01,4.805337465649840989e-01,4.856770293565412788e-01,4.912174510333536248e-01,4.971479150090867827e-01,5.034603327417013219e-01,5.101456992558999204e-01,5.171941471070830021e-01,5.245949838402758081e-01,5.323367175557691677e-01,5.404070747097970973e-01,5.487930137866153801e-01,5.574807379976308708e-01,5.664557097041962308e-01,5.757026688277800952e-01,5.852056571054446987e-01,5.949480496688963616e-01,6.049125950705906973e-01,6.150814645492304056e-01,6.254363110192351360e-01,6.359583379851129203e-01,6.466283783241401073e-01,6.574269826525955818e-01,6.683345167963168354e-01,6.793312677313126935e-01,6.903975572512213166e-01,7.015138625638898118e-01,7.126609430287372815e-01,7.238199723322517043e-01,7.349726755759544705e-01,7.461014710401839833e-01,7.571896168162677299e-01,7.682213631100802687e-01,7.791821118721050654e-01,7.900585865952870490e-01,8.008390167851651142e-01,8.115133439742759913e-01,8.220734595921327381e-01,8.325134901223232298e-01
1.025757575757575868e+00,8.379403026499573359e-01,8.277445959709374135e-01,8.174333432242529840e-01,8.070112726467009168e-01,7.964853742978161844e-01,7.858646026318013567e-01,7.751596322710958553e-01,7.643826498069061781e-01,7.535471701403085865e-01,7.426678696655018008e-01,7.317604311828823649e-01,7.208413972344241971e-01,7.099280298344290419e-01,6.990381754873963294e-01,6.881901350448461629e-01,6.774025384224073854e-01,6.666942245226354924e-01,6.560841269188930625e-01,6.455911659732320729e-01,6.352341481028759285e-01,6.250316728876806893e-01,6.150020486347177462e-01,6.051632168935811018e-01,5.955326862535769150e-01,5.861274755564328531e-01,5.769640664294456434e-01,5.680583647862771368e-01,5.594256706571791860e-01,5.510806553964697763e-01,5.430373449711675127e-01,5.353091076576118601e-01,5.279086440586352458e-01,5.208479768985307956e-01,5.141384375530799744e-01,5.077906457265393136e-01,5.018144781006304012e-01,4.962190211643615068e-01,4.910125028127813596e-01,4.862021967211428430e-01,4.817942930284768166e-01,4.777937286058973609e-01,4.742039702901016396e-01,4.710267451335823363e-01,4.682617132209394573e-01,4.659060812405963481e-01,4.639541591347563498e-01,4.623968681253912694e-01,4.612212164994343722e-01,4.604097698088585044e-01,4.599401543306039231e-01,4.597846459333224112e-01,4.599099093971434349e-01,4.602769633908423974e-01,4.608414506183057813e-01,4.615542875404675116e-01,4.623627502070144502e-01,4.632120199570337049e-01,4.640471653378589467e-01,4.648154782683759367e-01,4.654690208399993590e-01,4.659671850478438460e-01,4.662790333260240505e-01,4.663851835085788822e-01,4.662790333260246056e-01,4.659671850478445676e-01,4.654690208400005247e-01,4.648154782683758257e-01,4.640471653378580030e-01,4.632120199570354813e-01,4.623627502070145057e-01,4.615542875404670120e-01,4.608414506183065029e-01,4.602769633908430635e-01,4.599099093971436569e-01,4.597846459333209124e-01,4.599401543306037565e-01,4.604097698088612245e-01,4.612212164994364261e-01,4.623968681253904922e-01,4.639541591347563498e-01,4.659060812405963481e-01,4.682617132209373478e-01,4.710267451335802824e-01,4.742039702901025833e-01,4.777937286058985822e-01,4.817942930284764835e-01,4.862021967211431206e-01,4.910125028127795832e-01,4.962190211643641713e-01,5.018144781006312893e-01,5.077906457265390916e-01,5.141384375530814177e-01,5.208479768985296854e-01,5.279086440586352458e-01,5.353091076576131924e-01,5.430373449711679568e-01,5.510806553964696652e-01,5.594256706571786308e-01,5.680583647862769148e-01,5.769640664294453103e-01,5.861274755564345185e-01,5.955326862535751387e-01,6.051632168935814349e-01,6.150020486347194115e-01,6.250316728876817995e-01,6.352341481028728198e-01,6.455911659732314067e-01,6.560841269188919522e-01,6.666942245226351593e-01,6.774025384224073854e-01,6.881901350448456078e-01,6.990381754873967735e-01,7.099280298344271545e-01,7.208413972344248632e-01,7.317604311828833641e-01,7.426678696655010237e-01,7.535471701403089195e-01,7.643826498069048458e-01,7.751596322710967435e-01,7.858646026317996913e-01,7.964853742978178497e-01,8.070112726467008057e-01,8.174333432242537612e-01,8.277445959709371914e-01,8.379403026499586682e-01
1.029545454545454763e+00,8.430694460191772155e-01,8.331028853067521389e-01,8.230255183487720227e-01,8.128409732527940301e-01,8.025551743740535482e-01,7.921760301457870801e-01,7.817131805340622464e-01,7.711777850082128793e-01,7.605823382563672297e-01,7.499405050596574807e-01,7.392669685728715523e-01,7.285772882230886482e-01,7.178877648239252451e-01,7.072153114944339514e-01,6.965773296849794294e-01,6.859915901235045244e-01,6.754761188548606965e-01,6.650490887876504553e-01,6.547287173110557523e-01,6.445331706160964957e-01,6.344804753639138317e-01,6.245884382983512007e-01,6.148745743087505877e-01,6.053560433174628441e-01,5.960495961998194536e-01,5.869715297450598390e-01,5.781376504371256164e-01,5.695632465737585637e-01,5.612630679503347597e-01,5.532513120071147483e-01,5.455416149708787188e-01,5.381470461070541056e-01,5.310801027288417631e-01,5.243527030771558683e-01,5.179761735820026525e-01,5.119612263377857353e-01,5.063179218735642806e-01,5.010556114875825973e-01,4.961828525729254369e-01,4.917072895452644921e-01,4.876354922885213772e-01,4.839727436065719979e-01,4.807227672230609539e-01,4.778873887029349010e-01,4.754661236659538104e-01,4.734556912988064359e-01,4.718494569827578200e-01,4.706368163615982647e-01,4.698025447706192237e-01,4.693261506899528146e-01,4.691812892366442056e-01,4.693353102207931116e-01,4.697490323206018892e-01,4.703768465172388780e-01,4.711672530020535321e-01,4.720639208773195206e-01,4.730073246522518704e-01,4.739369541795575569e-01,4.747940184901029981e-01,4.755244782637915169e-01,4.760821615228738035e-01,4.764316609550864889e-01,4.765506962112254774e-01,4.764316609550862669e-01,4.760821615228739145e-01,4.755244782637914613e-01,4.747940184901018323e-01,4.739369541795568908e-01,4.730073246522503161e-01,4.720639208773189655e-01,4.711672530020535876e-01,4.703768465172396551e-01,4.697490323206024443e-01,4.693353102207935557e-01,4.691812892366431509e-01,4.693261506899545910e-01,4.698025447706182800e-01,4.706368163615986533e-01,4.718494569827575424e-01,4.734556912988085453e-01,4.754661236659539214e-01,4.778873887029352341e-01,4.807227672230605098e-01,4.839727436065736077e-01,4.876354922885225984e-01,4.917072895452645476e-01,4.961828525729241601e-01,5.010556114875830414e-01,5.063179218735642806e-01,5.119612263377836259e-01,5.179761735820036517e-01,5.243527030771547581e-01,5.310801027288425402e-01,5.381470461070546607e-01,5.455416149708784967e-01,5.532513120071155255e-01,5.612630679503359810e-01,5.695632465737591188e-01,5.781376504371237290e-01,5.869715297450598390e-01,5.960495961998182324e-01,6.053560433174627331e-01,6.148745743087510318e-01,6.245884382983517558e-01,6.344804753639129435e-01,6.445331706160953855e-01,6.547287173110540870e-01,6.650490887876499002e-01,6.754761188548624729e-01,6.859915901235025260e-01,6.965773296849818719e-01,7.072153114944341734e-01,7.178877648239243570e-01,7.285772882230887593e-01,7.392669685728705531e-01,7.499405050596570366e-01,7.605823382563676738e-01,7.711777850082124353e-01,7.817131805340624684e-01,7.921760301457857478e-01,8.025551743740528821e-01,8.128409732527940301e-01,8.230255183487733550e-01,8.331028853067514728e-01,8.430694460191768824e-01
1.033333333333333437e+00,8.479157038437570293e-01,8.381633822132584788e-01,8.283051440590984971e-01,8.183435523173669957e-01,8.082835087976210087e-01,7.981319246916003252e-01,7.878974577120032574e-01,7.775902945960787571e-01,7.672219647908569140e-01,7.568051757718422534e-01,7.463536635619602011e-01,7.358820541604205179e-01,7.254057330951223515e-01,7.149407213838404607e-01,7.045035569602356995e-01,6.941111811756160987e-01,6.837808303824620682e-01,6.735299328791540807e-01,6.633760116729554568e-01,6.533365936192909729e-01,6.434291255326212156e-01,6.336708978488228006e-01,6.240789763577948568e-01,6.146701424248336432e-01,6.054608419836663424e-01,5.964671434163464347e-01,5.877047042362630869e-01,5.791887462599618619e-01,5.709340386889421026e-01,5.629548882192232373e-01,5.552651349478153753e-01,5.478781524412410509e-01,5.408068498610005825e-01,5.340636734895354287e-01,5.276606043539049384e-01,5.216091478870570342e-01,5.159203106875213107e-01,5.106045584324712117e-01,5.056717478761953988e-01,5.011310246591885731e-01,4.969906774333392452e-01,4.932579377026057310e-01,4.899387139931498103e-01,4.870372488146595957e-01,4.845556878040311877e-01,4.824935530552226792e-01,4.808471176917831214e-01,4.796086870975022620e-01,4.787658047482815094e-01,4.783004179193028338e-01,4.781880607266466576e-01,4.783971379753477748e-01,4.788884204525670207e-01,4.796148858170448670e-01,4.805220520279109286e-01,4.815489436194745343e-01,4.826297964247827088e-01,4.836965379047771796e-01,4.846819789664193467e-01,4.855235297180514609e-01,4.861671273757394163e-01,4.865709686478902340e-01,4.867086011032699111e-01,4.865709686478912888e-01,4.861671273757385281e-01,4.855235297180525711e-01,4.846819789664201239e-01,4.836965379047781233e-01,4.826297964247834860e-01,4.815489436194725914e-01,4.805220520279091523e-01,4.796148858170453111e-01,4.788884204525670762e-01,4.783971379753456654e-01,4.781880607266462135e-01,4.783004179193036665e-01,4.787658047482822310e-01,4.796086870975028726e-01,4.808471176917855638e-01,4.824935530552235119e-01,4.845556878040291338e-01,4.870372488146596512e-01,4.899387139931493107e-01,4.932579377026077294e-01,4.969906774333374133e-01,5.011310246591889062e-01,5.056717478761936224e-01,5.106045584324716557e-01,5.159203106875230871e-01,5.216091478870595877e-01,5.276606043539054935e-01,5.340636734895336524e-01,5.408068498610018038e-01,5.478781524412436044e-01,5.552651349478131548e-01,5.629548882192224601e-01,5.709340386889412144e-01,5.791887462599611958e-01,5.877047042362616436e-01,5.964671434163453245e-01,6.054608419836665645e-01,6.146701424248335321e-01,6.240789763577948568e-01,6.336708978488222455e-01,6.434291255326225478e-01,6.533365936192905288e-01,6.633760116729549017e-01,6.735299328791521933e-01,6.837808303824620682e-01,6.941111811756143224e-01,7.045035569602360326e-01,7.149407213838413488e-01,7.254057330951223515e-01,7.358820541604212950e-01,7.463536635619600901e-01,7.568051757718438077e-01,7.672219647908571361e-01,7.775902945960790902e-01,7.878974577120033684e-01,7.981319246916003252e-01,8.082835087976203425e-01,8.183435523173674397e-01,8.283051440590982750e-01,8.381633822132585898e-01,8.479157038437568072e-01
