0.3599989547068679	2.1604603733192063
0.36159905738792625	2.16000523906848
0.3631996156617823	2.159556364371467
0.3647993785841015	2.1591139773747607
0.3663992198235738	2.158677714525331
0.36799895522299464	2.1582475109586627
0.3695994991876705	2.1578230124322126
0.3711995784544728	2.157404448888118
0.37279899932646976	2.1569917578634943
0.3743998260627986	2.1565843060737913
0.37599963608242737	2.15618260999802
0.37759937627151685	2.1557863264918264
0.3791988695968657	2.1553954003517193
0.3807991056208902	2.155009496881669
0.3823999309123883	2.1546285663433022
0.38400000000000006	2.1542528370056235
0.3855991242038217	2.1538822562370052
0.38719953030383475	2.153516222544685
0.388799864529664	2.1531549659326696
0.3903999596954488	2.1527984395255593
0.39199964589011216	2.1524465969960302
0.3936	2.152099123001371
0.39519961749940236	2.1517562443853726
0.3967995903475645	2.1514176493572825
0.3983997686412493	2.151083297415692
0.4	2.150753148507387
0.40159882873486524	2.150427426370901
0.4032	2.1501053017949143
0.4047994514912582	2.149787526089784
0.4063996538601477	2.149473537844286
0.40799913124459086	2.1491635612939626
0.4095990696936861	2.1488573015265655
0.411199331383201	2.1485547249310164
0.41279977626028386	2.148255798248057
0.41439887696781313	2.14796074258088
0.4159992484205088	2.147669016219885
0.41759936947830395	2.147380842086458
0.41919909116728205	2.1470961883001776
0.42079969046867527	2.1468147737155747
0.42239960752649713	2.1465368188826135
0.42399868680236374	2.146262292895749
0.42559969243021323	2.145990672381103
0.4271995865276941	2.1457224240813706
0.42879969011765845	2.1454572737031303
0.43039987225194143	2.145195194675155
0.432	2.144936160689529
0.43359993844884087	2.144680145699727
0.4351995507037804	2.1444271239187165
0.4367986978900605	2.144177069817099
0.438398789297446	2.1439297198590435
0.4399997160925822	2.1436850519570085
0.441599794843301	2.143443280538775
0.443198878991092	2.1432043810343964
0.44480001148019127	2.142967860321372
0.4463998963066443	2.1427341669034092
0.448	2.1425030443817557
0.44959857270294384	2.1422747034946363
0.4511987423031574	2.1420486594845713
0.4527987670597516	2.1418251244046473
0.4543985222812284	2.141604077980424
0.4559995586531566	2.141385272177765
0.45760009448446914	2.1411689168324086
0.4592	2.140954992212655
0.46079914369497105	2.1407434787730746
0.46239911685289337	2.1405341327262803
0.46399982036398746	2.140326937483158
0.46559940515755444	2.140122099302232
0.46719949355068446	2.139919377468392
0.4687999818505621	2.1397187558315562
0.47039898016481263	2.1395204385592854
0.47199993908892257	2.1393239685878753
0.4735991688025944	2.1391297697222154
0.4752001655749706	2.138937388487994
0.47679918779851865	2.138747245669036
0.4783997777469093	2.138558891325774
0.48	2.1383725279692967
0.48159973897033126	2.1381881405319363
0.4831988775868116	2.1380057140779276
0.48479919293978724	2.1378250208587977
0.48639869440020084	2.1376462606901616
0.48799918131509135	2.1374692076063835
0.48959863526512815	2.1372940600986023
0.4911988780203716	2.137120593958349
0.4927998219332171	2.136948797240021
0.49439940664415005	2.136778866478075
0.4959994879344556	2.1366105800444535
0.4975999743141064	2.1364439262862325
0.4991987631157244	2.1362790998267003
0.5007997673404101	2.1361156761012947
0.5023988589211619	2.1359540553868146
0.504	2.135793816193027
0.5055990082455897	2.135635356102892
0.5071998952742506	2.1354782566571506
0.5087984241628366	2.135322912784664
0.5103986563256434	2.1351689090140766
0.511998414251911	2.1350164371178746
0.5135997216261672	2.1348652864779654
0.5151982314785188	2.134715846815505
0.516800260100789	2.134567509989858
0.5183992774922962	2.1344208630248054
0.5199994967097399	2.1342754991375323
0.5215986537652504	2.134131606475175
0.5231988454380878	2.1339889789043016
0.5248	2.133847608185775
0.5263998097923	2.1337076806992257
0.5279981602851558	2.133569186393924
0.5295994600805608	2.133431728734093
0.5311991225514558	2.133295686932458
0.5320996184696728	2.1332196598656537
0.5327993193040056	2.133160859136273
0.5343999724145067	2.1330272374693404
0.5359986857691277	2.132895004888271
0.5376000000000001	2.1327637714565486
0.5391991858781165	2.1326339104108176
0.5407984785899042	2.1325052233303485
0.5424001679907605	2.1323775142883963
0.5439994383797256	2.13225115302582
0.5455985636584464	2.1321259431207698
0.5471998728920157	2.132001690596692
0.548798463166002	2.131878761768762
0.5503990908364483	2.131756776798166
0.5519992520335338	2.1316359149572346
0.5535988569387391	2.131516169021312
0.5552003009215722	2.1313973481718156
0.5567985341734293	2.131279813152288
0.5583984506947104	2.1311631901644272
0.56	2.1310474738797627
0.561598043212393	2.1309330217815017
0.5632001162885774	2.130819282764464
0.5647984912467713	2.1307067941188804
0.5663982019104702	2.130595187887765
0.5679991937035578	2.130484458925273
0.5695987944999059	2.1303747807655924
0.5711995356101337	2.1302659685975662
0.5727987138085404	2.1301581949528163
0.5743988881167478	2.130051276176245
0.5760000000000001	2.1299452072923084
0.5775992993375386	2.129840159347821
0.5791993870905956	2.1297359503909865
0.5808002023694084	2.1296325755452057
0.5823989477887123	2.129530204400608
0.583998266620192	2.129428656678367
0.5855980956159492	2.1293279275997996
0.5871983707878472	2.1292280124157164
0.588799027406433	2.1291289064063275
0.5904	2.1290306048811463
0.5919983956683046	2.1289332745885776
0.593599785510466	2.1288365675825847
0.5951984330819415	2.128740821591546
0.5967999691934459	2.128645690703664
0.5983985945471131	2.128551510740341
0.6000000000000001	2.1284579378005377
0.6015983230708766	2.1283653058214056
0.6031993149885183	2.128273272889273
0.6048000000000001	2.1281820035418817
0.6064003051956627	2.1280914933767505
0.6080001569235145	2.1280017380197225
0.6095994807902216	2.127912733124882
0.6111982016622793	2.12782447437447
0.6127992724540836	2.1277367922709156
0.6143996194195157	2.1276498486758646
0.6159991653127842	2.127563639347057
0.6175978321511119	2.1274781600700874
0.6191986335918654	2.127393243266957
0.620798429778136	2.127309049064693
0.6224002650562492	2.127225410825679
0.6239978257915477	2.127142649875583
0.6256004521051144	2.1270602759565804
0.6271986402197502	2.1269787711677255
0.6287986367509231	2.126897808673836
0.6304004067624254	2.12681738576178
0.631997471683879	2.1267378194861797
0.6335994112897457	2.1266586262403435
0.6351997294929531	2.126580122687474
0.6367983400017463	2.1265023049000122
0.6383984429306271	2.126425010798035
0.64	2.1263482377634757
0.641599652249511	2.1262721405335654
0.6432006474338688	2.1261965583430826
0.6447995922676473	2.1261216451338396
0.646399766431882	2.1260472410077855
0.6479977421681458	2.125973499120458
0.6496002347245654	2.1259001051384327
0.6512004117798449	2.125827367539307
0.6527981803535042	2.1257552826130928
0.6544003546885392	2.1256835384973916
0.6560000000000001	2.125612441298449
0.6576005091757717	2.125541834072108
0.6591983326510105	2.1254718672781143
0.6608004178503094	2.125402232286463
0.6623996922649514	2.1253332320984817
0.6639996144020822	2.1252647114094594
0.6656001374319551	2.1251966678305827
0.6671976236089288	2.1251292499549503
0.6687991887066236	2.125062153097798
0.6703975862572389	2.1249956764697044
0.6720000000000002	2.1249295169334017
0.6735991133422434	2.124863972208153
0.6751985013015586	2.124798889773985
0.6767981134547361	2.1247342673329754
0.6783978988837821	2.124670102599277
0.6799978061756157	2.124606393299093
0.6815977834218425	2.124543137170646
0.6831977782186075	2.124480331964158
0.6847977376665267	2.1244179754418204
0.6863976083707025	2.12435606537777
0.6879973364408191	2.1242945995580644
0.689600703038528	2.1242334299693613
0.6912	2.124172846398619
0.6927989897240181	2.1241127004998384
0.6943976163406124	2.1240529901065117
0.6959997305459812	2.1239935686607296
0.6975974793225679	2.12393472317321
0.699198637514592	2.1238761630508383
0.7007992403260267	2.123818030571906
0.7023992295272357	2.1237603236232165
0.7039985463960844	2.123703040103263
0.7055971317189768	2.1236461779222036
0.7071989595988981	2.1235895929972655
0.708799972559041	2.123533425938133
0.7104001100116315	2.1234776746844113
0.7119993108794901	2.123422337187294
0.7135975135975137	2.1233674114095336
0.7151987816977781	2.123312754985
0.7167989639762039	2.123258506895301
0.7183979974968712	2.1232046651323637
0.7200000000000001	2.123151088338948
0.7216007635986917	2.1230979145368707
0.7232002239876808	2.1230451417470766
0.7247983163802175	2.122992768001943
0.7263992313235647	2.1229406532689814
0.7279986847358902	2.122888934313313
0.7296009038803299	2.1228374717534306
0.7311972541179385	2.122786538860973
0.7328006052295616	2.122735722329986
0.7343979528976924	2.1226854316348334
0.7359979104459893	2.122635391554119
0.7376004664140258	2.122585601125083
0.7391967948106458	2.1225363305432134
0.7408000477997192	2.1224871711989217
0.7423969342235262	2.1224385279617106
0.7440007200936122	2.1223899940696698
0.7455979986529395	2.122341972578899
0.7471976472289854	2.122294192621782
0.7487996521255972	2.1222466532685544
0.7503994577059023	2.122199487058721
0.7519969916238559	2.122152692179074
0.7535967615470178	2.122106133950993
0.7551987525430337	2.1220598114625684
0.7567983299456135	2.1220138560947097
0.7584000587224203	2.1219681340686756
0.7599992644219276	2.1219227761936454
0.761600550388835	2.1218776492856697
0.7631992022307991	2.1218328835875107
0.7647998618247766	2.121788346504619
0.7663977746870654	2.1217441677186466
0.7679976213778665	2.121700215219065
0.7695993842410399	2.121656488132272
0.7711982484076434	2.1216131153057685
0.7727989528469474	2.121569965593834
0.7743966421825814	2.1215271672952474
0.7760009513497274	2.121484460952022
0.7775972906017751	2.121442232362131
0.779200211165369	2.1214000940241915
0.7807999193908975	2.12135830203386
0.7823963348836035	2.1213168547294186
0.7839992917802243	2.1212754954255852
0.7855988746744731	2.121234478592856
0.7872	2.1211936756136733
0.7887976282120612	2.121153212370975
0.7903967156053372	2.1211129607971873
0.7919972404277337	2.1210729200738014
0.793599180695129	2.121033089385234
0.7951974139921496	2.1209935935698763
0.7967969769220389	2.120954305642351
0.7983978466234359	2.120915224798509
0.8	2.1208763502371024
0.8015982310840429	2.1208378057695776
0.8031976574697305	2.1207994654749496
0.8047982551799346	2.1207613285633387
0.8064	2.1207233942477504
0.8079976017621836	2.1206857853302314
0.8095962597049815	2.120648376936443
0.8112012562156504	2.1206110452097504
0.8127966435033434	2.1205741586201503
0.8143983184445612	2.1205373471548543
0.8160009477362925	2.120500733127699
0.8175991137136979	2.120464437856432
0.8191981393873722	2.120428338003036
0.8207979980536634	2.120392432811616
0.822398662766402	2.1203567215291192
0.8240001063363152	2.120321203405329
0.8255968037289829	2.1202859985500733
0.8271997011021858	2.1202508642619082
0.8287977539356263	2.120216041273651
0.8303964315135929	2.120181407991835
0.8320012884263082	2.120146843787918
0.8336011510559189	2.1201125879595937
0.8351959258735323	2.1200786390646957
0.8367968143623663	2.120044757302361
0.8383981823345641	2.1200110616073675
0.8400000000000001	2.119977551260309
0.8415965245723595	2.119944344024985
0.8431991294885747	2.11991120199391
0.8447963369264524	2.119878361186608
0.8463996067829935	2.1198455846309057
0.8479973736047275	2.1198131074256596
0.8496011841131487	2.119780693526991
0.8511993848604265	2.119748577120075
0.8527977439213124	2.1197166399544765
0.8543962291455625	2.119684881338453
0.856000718028735	2.1196531841618
0.8575993802353169	2.1196217808049136
0.8591980707128107	2.1195905539380813
0.8607967563214242	2.119559502880601
0.862401402278703	2.1195285114255364
0.864	2.1194978101763415
0.8655984919886899	2.1194672827100285
0.8671968441152401	2.1194369283568872
0.8688011099665749	2.1194066317992957
0.8703991014075608	2.119376621891536
0.87199684915321	2.119346783103383
0.8736004734961916	2.1193170007752697
0.8751976507793089	2.119287502467372
0.876800678901029	2.1192580597384825
0.8783971434239238	2.1192288992941335
0.8799994321851644	2.1191997935551954
0.8816013083514062	2.1191708554455477
0.8831964439632144	2.1191421970429665
0.8847973623926866	2.1191135920492834
0.886397757982184	2.1190851527588155
0.8879975935024567	2.119056878534669
0.8895968314785717	2.1190287687426568
0.8911954341903809	2.119000822751292
0.8927997926132886	2.1189729284575876
0.8943970336812794	2.1189453083889487
0.896	2.118917739177769
0.8975957257346394	2.118890442534842
0.8991971454058877	2.1188631959165076
0.9007977448088464	2.118836109768929
0.9023974846063147	2.118809183476893
0.9039963252181902	2.11878241642787
0.9056008414409676	2.1187556981602413
0.9071977873224699	2.1187292479694237
0.9088003752950318	2.118702845745546
0.9103952653336957	2.1186767099915293
0.9119957630858858	2.118650621397269
0.9136018981791924	2.118624579955638
0.9152001889689383	2.118598802989422
0.916797302493419	2.118573180846674
0.9184	2.118547604659612
0.9200014840648537	2.1185221825034737
0.9216017126164231	2.1184969137899685
0.923200643345396	2.1184717979334637
0.9247982337057867	2.1184468343509826
0.9264013628823766	2.1184219151470605
0.927996167779408	2.1183972545639005
0.9295964730757119	2.118372637584916
0.9311953133801494	2.1183481709503145
0.932799662945018	2.1183237475292462
0.9343954660898796	2.1182995800562106
0.9359967386873218	2.118275455033221
0.9375964185244563	2.1182514784519264
0.9392015756382093	2.118227543935758
0.9407979603296253	2.118203862732108
0.9423997810918047	2.118180222840951
0.9439998781778451	2.118156729515664
0.9455982061822648	2.1181333821999573
0.947201955766072	2.118110075445728
0.9487966328678017	2.1180870186718592
0.9503966885132805	2.118064001721208
0.9520021499596883	2.1180410245884578
0.9535983755970373	2.118018295610087
0.955199963019746	2.117995605718577
0.9567995554938186	2.1179730587223613
0.9583971058856269	2.1179506540810538
0.96	2.117928287797646
0.9616008066079809	2.1179060631488467
0.9631994779406625	2.117883979599575
0.9647959660098983	2.1178620366173604
0.9663977551736233	2.1178401309157664
0.9679973142415467	2.1178183650716327
0.9696021771942035	2.1177966361495257
0.971197154965103	2.1177751486138603
0.9727973888004017	2.1177536972977764
0.9743952468524544	2.117732384087624
0.9759983626301827	2.117711106744018
0.977599053814311	2.1176899668110316
0.9791972705302563	2.1176689637720316
0.9808007214562023	2.117647995903464
0.9824016481121985	2.1176271642406865
0.984	2.1176064682723235
0.9855957264141945	2.11758590748959
0.9871966367284541	2.1175653808487667
0.9887948703634291	2.117544988715974
0.9903982873484256	2.117524630383151
0.9919989758689112	2.117504405884347
0.9935968841909555	2.1174843147186695
0.9951999486282128	2.117464256678553
0.996800180090367	2.1174443313046205
0.9983975262314488	2.1174245381012082
1.	2.117404777356143