0.3599989547068679	1.6708312339930511
0.36159905738792625	1.6692202424417244
0.3631996156617823	1.6676379953651534
0.3647993785841015	1.6660849768839643
0.3663992198235738	1.6645596013026926
0.36799895522299464	1.6630613488305324
0.3695994991876705	1.661588708258386
0.3711995784544728	1.6601422088126745
0.37279899932646976	1.6587213691429579
0.3743998260627986	1.6573237629791313
0.37599963608242737	1.6559509238258316
0.37759937627151685	1.6546014430338751
0.3791988695968657	1.65327490932485
0.3807991056208902	1.6519699755949877
0.3823999309123883	1.650686273643148
0.38400000000000006	1.6494243739978514
0.3855991242038217	1.6481839025699974
0.38719953030383475	1.6469626637125356
0.388799864529664	1.6457612525214105
0.3903999596954488	1.6445793414965157
0.39199964589011216	1.6434166105407635
0.3936	1.6422718600623807
0.39519961749940236	1.6411456845278998
0.3967995903475645	1.6400369113786943
0.3983997686412493	1.638945267671384
0.4	1.637870486284053
0.40159882873486524	1.6368131594007156
0.4032	1.6357704702005047
0.4047994514912582	1.6347447290516832
0.4063996538601477	1.6337340020057758
0.40799913124459086	1.6327388959510878
0.4095990696936861	1.6317583523256503
0.411199331383201	1.6307921580277116
0.41279977626028386	1.6298401041779509
0.41439887696781313	1.6289027919220773
0.4159992484205088	1.6279784031566102
0.41759936947830395	1.6270675526348781
0.41919909116728205	1.626170047396237
0.42079969046867527	1.6252849141045227
0.42239960752649713	1.6244127618340312
0.42399868680236374	1.6235534083907668
0.42559969243021323	1.6227051378640371
0.4271995865276941	1.6218693323037074
0.42879969011765845	1.6210450607283668
0.43039987225194143	1.6202321687187426
0.432	1.619430504649972
0.43359993844884087	1.6186399196319756
0.4351995507037804	1.6178602674514715
0.4367986978900605	1.6170914045155784
0.438398789297446	1.6163324595013966
0.4399997160925822	1.6155833073932935
0.441599794843301	1.614844546621598
0.443198878991092	1.6141160431751957
0.44480001148019127	1.6133962401279462
0.4463998963066443	1.6126864504998226
0.448	1.6119858427330598
0.44959857270294384	1.6112950041226692
0.4511987423031574	1.6106124197351102
0.4527987670597516	1.6099386847082113
0.4543985222812284	1.6092736918136736
0.4559995586531566	1.6086166517068228
0.45760009448446914	1.6079681523161018
0.4592	1.6073280914285468
0.46079914369497105	1.6066963684909978
0.46239911685289337	1.6060722160470506
0.46399982036398746	1.6054555479215338
0.46559940515755444	1.6048469403718624
0.46719949355068446	1.6042456413973676
0.4687999818505621	1.6036515687766404
0.47039898016481263	1.603065291888761
0.47199993908892257	1.6024854267007973
0.4735991688025944	1.601913191937027
0.4752001655749706	1.6013472199334642
0.47679918779851865	1.6007887178708184
0.4783997777469093	1.6002363340516206
0.48	1.5996906344080788
0.48159973897033126	1.599151545979744
0.4831988775868116	1.5986189968776017
0.48479919293978724	1.5980922960194146
0.48639869440020084	1.597572000171317
0.48799918131509135	1.5970574264861097
0.48959863526512815	1.596549127216529
0.4911988780203716	1.5960464275521227
0.4927998219332171	1.5955492705352123
0.49439940664415005	1.595058201748237
0.4959994879344556	1.5945725580306005
0.4975999743141064	1.5940922847583037
0.4991987631157244	1.5936179210219255
0.5007997673404101	1.593148224779329
0.5023988589211619	1.5926843267188198
0.504	1.5922249976651661
0.5055990082455897	1.5917713583205788
0.5071998952742506	1.5913221920985938
0.5087984241628366	1.5908786099097025
0.5103986563256434	1.5904394074845256
0.511998414251911	1.5900051152746304
0.5135997216261672	1.5895751172052797
0.5151982314785188	1.5891505050813521
0.516800260100789	1.5887295354045536
0.5183992774922962	1.5883138588709353
0.5199994967097399	1.5879023064753246
0.5215986537652504	1.5874953962365899
0.5231988454380878	1.5870925308419257
0.5248	1.586693673848998
0.5263998097923	1.586299337231052
0.5279981602851558	1.5859094781268126
0.5295994600805608	1.585522967855362
0.5311991225514558	1.585140860500013
0.5320996184696728	1.5849275019876248
0.5327993193040056	1.5847625762236774
0.5343999724145067	1.5843880811608075
0.5359986857691277	1.5840178756600134
0.5376000000000001	1.5836508566889904
0.5391991858781165	1.5832880569422971
0.5407984785899042	1.5829289103141626
0.5424001679907605	1.5825728600794524
0.5439994383797256	1.5822209265180556
0.5455985636584464	1.5818725514062708
0.5471998728920157	1.581527185642767
0.548798463166002	1.581185837418894
0.5503990908364483	1.5808474421676095
0.5519992520335338	1.5805124883011723
0.5535988569387391	1.5801809463029615
0.5552003009215722	1.5798522792508292
0.5567985341734293	1.5795274758194349
0.5583984506947104	1.5792054940164872
0.56	1.5788863116782772
0.561598043212393	1.5785709061447828
0.5632001162885774	1.5782577507991395
0.5647984912467713	1.5779483172080246
0.5663982019104702	1.5776415849072745
0.5679991937035578	1.577337532925567
0.5695987944999059	1.577036630405862
0.5711995356101337	1.57673836307006
0.5727987138085404	1.576443196725513
0.5743988881167478	1.5761506213767653
0.5760000000000001	1.5758606171331075
0.5775992993375386	1.575573644874129
0.5791993870905956	1.5752892008676973
0.5808002023694084	1.5750072658341763
0.5823989477887123	1.5747282958412963
0.583998266620192	1.574451793261456
0.5855980956159492	1.5741777394061365
0.5871983707878472	1.5739061157659218
0.588799027406433	1.5736369040086435
0.5904	1.5733700859775566
0.5919983956683046	1.573106108404842
0.593599785510466	1.5728440223539648
0.5951984330819415	1.5725847379490598
0.5967999691934459	1.5723273133645965
0.5983985945471131	1.5720726523393052
0.6000000000000001	1.5718198200468485
0.6015983230708766	1.571569713938257
0.6031993149885183	1.5713214060761638
0.6048000000000001	1.5710753361863998
0.6064003051956627	1.5708314877715897
0.6080001569235145	1.5705898444914352
0.6095994807902216	1.5703503901611955
0.6111982016622793	1.5701131087501867
0.6127992724540836	1.5698775406829881
0.6143996194195157	1.569644116992536
0.6159991653127842	1.5694128220651544
0.6175978321511119	1.5691836404357489
0.6191986335918654	1.568956119150432
0.620798429778136	1.5687306836452244
0.6224002650562492	1.5685068841869798
0.6239978257915477	1.5682855766596688
0.6256004521051144	1.5680654466407284
0.6271986402197502	1.567847779068056
0.6287986367509231	1.567631697336075
0.6304004067624254	1.5674171913204296
0.631997471683879	1.5672051030309755
0.6335994112897457	1.5669941401890561
0.6351997294929531	1.5667851435990428
0.6367983400017463	1.566578099307991
0.6383984429306271	1.566372573021501
0.64	1.5661685551426106
0.641599652249511	1.5659664538972449
0.6432006474338688	1.5657658393860487
0.6447995922676473	1.565567117320165
0.646399766431882	1.565369860688287
0.6479977421681458	1.5651744727220616
0.6496002347245654	1.5649801181425917
0.6512004117798449	1.5647876114497
0.6527981803535042	1.5645969397802897
0.6544003546885392	1.5644072759152388
0.6560000000000001	1.5642194268029608
0.6576005091757717	1.5640329751866253
0.6591983326510105	1.5638483158352101
0.6608004178503094	1.5636646320135543
0.6623996922649514	1.563482720827679
0.6639996144020822	1.5633021703847034
0.6656001374319551	1.5631229722948778
0.6671976236089288	1.562945515508253
0.6687991887066236	1.5627689959976319
0.6703975862572389	1.5625941989226033
0.6720000000000002	1.5624203252129913
0.6735991133422434	1.5622481553478116
0.6751985013015586	1.5620772864633163
0.6767981134547361	1.5619077106234782
0.6783978988837821	1.5617394199519508
0.6799978061756157	1.5615724066316254
0.6815977834218425	1.5614066629041963
0.6831977782186075	1.5612421810697292
0.6847977376665267	1.5610789534862346
0.6863976083707025	1.5609169725692493
0.6879973364408191	1.5607562307914196
0.689600703038528	1.5605963396360547
0.6912	1.5604380548856136
0.6927989897240181	1.5602809870237961
0.6943976163406124	1.5601251287476647
0.6959997305459812	1.5599700961428078
0.6975974793225679	1.559816636426008
0.699198637514592	1.5596639901908458
0.7007992403260267	1.5595125269983956
0.7023992295272357	1.5593622397968612
0.7039985463960844	1.5592131215877871
0.7055971317189768	1.5590651654256935
0.7071989595988981	1.558917995162166
0.708799972559041	1.5587719752776839
0.7104001100116315	1.5586270989633573
0.7119993108794901	1.5584833594619698
0.7135975135975137	1.5583407500676332
0.7151987816977781	1.5581988999757836
0.7167989639762039	1.558058168735776
0.7183979974968712	1.5579185497738819
0.7200000000000001	1.557779675409405
0.7216007635986917	1.5576419022951995
0.7232002239876808	1.557505223987277
0.7247983163802175	1.5573696340908874
0.7263992313235647	1.5572347690110826
0.7279986847358902	1.557100981622619
0.7296009038803299	1.5569679103297211
0.7311972541179385	1.5568362605172776
0.7328006052295616	1.5567049628683904
0.7343979528976924	1.5565750743646047
0.7359979104459893	1.5564458829806438
0.7376004664140258	1.5563173854556025
0.7391967948106458	1.5561902779339158
0.7408000477997192	1.5560635053345455
0.7423969342235262	1.5559381107967891
0.7440007200936122	1.5558130448191767
0.7455979986529395	1.5556893451083005
0.7471976472289854	1.5555663128270727
0.7487996521255972	1.5554439448723718
0.7503994577059023	1.555322581516214
0.7519969916238559	1.5552022170281035
0.7535967615470178	1.5550825041240872
0.7551987525430337	1.5549634397848262
0.7567983299456135	1.5548453608549377
0.7584000587224203	1.5547279227605137
0.7599992644219276	1.5546114606593633
0.761600550388835	1.554495631765064
0.7631992022307991	1.5543807695672112
0.7647998618247766	1.5542665330471015
0.7663977746870654	1.5541532540445893
0.7679976213778665	1.5540405932890684
0.7695993842410399	1.5539285479368126
0.7711982484076434	1.5538174473791742
0.7727989528469474	1.5537069549266986
0.7743966421825814	1.553597398364252
0.7760009513497274	1.553488112945185
0.7775972906017751	1.5533800851951052
0.779200211165369	1.5532723230971182
0.7807999193908975	1.5531654810191373
0.7823963348836035	1.5530595538490874
0.7839992917802243	1.5529538850311688
0.7855988746744731	1.5528491241747855
0.7872	1.5527449420936452
0.7887976282120612	1.5526416595280352
0.7903967156053372	1.5525389489162627
0.7919972404277337	1.5524368076573383
0.793599180695129	1.5523352331633735
0.7951974139921496	1.5522345431439255
0.7967969769220389	1.5521344132235964
0.7983978466234359	1.5520348408631053
0.8	1.5519358235359726
0.8015982310840429	1.551837675981313
0.8031976574697305	1.5517400769466894
0.8047982551799346	1.5516430239532173
0.8064	1.5515465145345289
0.8079976017621836	1.5514508605188793
0.8095962597049815	1.5513557437142744
0.8112012562156504	1.551260848881541
0.8127966435033434	1.5511671120714503
0.8143983184445612	1.5510735924303964
0.8160009477362925	1.5509806003946036
0.8175991137136979	1.5508884435268169
0.8191981393873722	1.5507968081079868
0.8207979980536634	1.5507056918002013
0.822398662766402	1.550615092277412
0.8240001063363152	1.5505250072253787
0.8255968037289829	1.5504357407495508
0.8271997011021858	1.5503466770467849
0.8287977539356263	1.5502584259657988
0.8303964315135929	1.5501706788402032
0.8320012884263082	1.550083129775698
0.8336011510559189	1.549996384513503
0.8351959258735323	1.5499104387835434
0.8367968143623663	1.549824685124371
0.8383981823345641	1.5497394242999203
0.8400000000000001	1.5496546541200207
0.8415965245723595	1.5495706720083375
0.8431991294885747	1.5494868759276985
0.8447963369264524	1.5494038622708393
0.8463996067829935	1.549321031674405
0.8479973736047275	1.5492389779132987
0.8496011841131487	1.549157104274201
0.8511993848604265	1.5490760019375236
0.8527977439213124	1.548995371841461
0.8543962291455625	1.5489152119036542
0.856000718028735	1.5488352263069196
0.8575993802353169	1.548756001116937
0.8591980707128107	1.54867723989956
0.8607967563214242	1.5485989406151615
0.862401402278703	1.5485208100159622
0.864	1.5484434291448306
0.8655984919886899	1.548366504148191
0.8671968441152401	1.548290033028446
0.8688011099665749	1.5482137250607273
0.8703991014075608	1.5481381563561052
0.87199684915321	1.54806303559498
0.8736004734961916	1.5479880739150265
0.8751976507793089	1.5479138437864992
0.876800678901029	1.5478397700622544
0.8783971434239238	1.5477664228117753
0.8799994321851644	1.5476932293181178
0.8816013083514062	1.547620473365756
0.8831964439632144	1.5475484363649439
0.8847973623926866	1.5474765492041351
0.886397757982184	1.5474050939060495
0.8879975935024567	1.5473340685968355
0.8895968314785717	1.5472634714125464
0.8911954341903809	1.5471933004991016
0.8927997926132886	1.5471232741949519
0.8943970336812794	1.5470539508734036
0.896	1.54698476964517
0.8975957257346394	1.5469162866057453
0.8991971454058877	1.5468479431716422
0.9007977448088464	1.5467800162104453
0.9023974846063147	1.546712503927991
0.9039963252181902	1.5466454045397156
0.9056008414409676	1.5465784409786067
0.9071977873224699	1.5465121626169869
0.9088003752950318	1.5464460176655404
0.9103952653336957	1.5463805532958999
0.9119957630858858	1.5463152199465715
0.9136018981791924	1.5462500175258842
0.9152001889689383	1.5461854899318606
0.916797302493419	1.5461213623613574
0.9184	1.5460573621881912
0.9200014840648537	1.5459937597042002
0.9216017126164231	1.5459305532123244
0.923200643345396	1.5458677410247448
0.9247982337057867	1.5458053214628507
0.9264013628823766	1.5457430245994248
0.927996167779408	1.5456813858135356
0.9295964730757119	1.5456198674592634
0.9311953133801494	1.5455587361444472
0.932799662945018	1.545497724058971
0.9343954660898796	1.5454373624250957
0.9359967386873218	1.5453771177941777
0.9375964185244563	1.5453172547138296
0.9392015756382093	1.545257507458009
0.9407979603296253	1.5451984031572399
0.9423997810918047	1.5451394124945215
0.9439998781778451	1.545080797989572
0.9455982061822648	1.5450225580576027
0.947201955766072	1.5449644295321487
0.9487966328678017	1.544906934523979
0.9503966885132805	1.5448495487876863
0.9520021499596883	1.5447922722556295
0.9535983755970373	1.5447356240725485
0.955199963019746	1.5446790829854102
0.9567995554938186	1.5446229075564022
0.9583971058856269	1.544567096255491
0.96	1.5445113899032412
0.9616008066079809	1.544456045609112
0.9631994779406625	1.5444010618613773
0.9647959660098983	1.5443464371569104
0.9663977551736233	1.5442919142629088
0.9679973142415467	1.5442377483800183
0.9696021771942035	1.5441836832353146
0.971197154965103	1.544130227398345
0.9727973888004017	1.5440768702928023
0.9743952468524544	1.5440238652394884
0.9759983626301827	1.5439709578669267
0.977599053814311	1.543918400564999
0.9791972705302563	1.543866191884421
0.9808007214562023	1.5438140788604173
0.9824016481121985	1.5437623125011075
0.984	1.5437108913748698
0.9855957264141945	1.543659814058423
0.9871966367284541	1.5436088294381942
0.9887948703634291	1.5435581867074804
0.9903982873484256	1.5435076356651933
0.9919989758689112	1.5434574246049786
0.9935968841909555	1.543407552130129
0.9951999486282128	1.5433577693989402
0.996800180090367	1.5433083233699634
0.9983975262314488	1.5432592126637508
1.	1.5432101897823751