3.599989547068678797e-01 2.499000000000000110e+00 1.471999999999999975e+00 2.499000000000000110e+00 1.471999999999999975e+00 4.150120662928705961e+00 0.000000000000000000e+00
3.615990573879262482e-01 2.507000000000000117e+00 1.469000000000000083e+00 2.507000000000000117e+00 1.469000000000000083e+00 4.147329138159856932e+00 0.000000000000000000e+00
3.631996156617823268e-01 2.515000000000000124e+00 1.465999999999999970e+00 2.515000000000000124e+00 1.465999999999999970e+00 4.144573647749660417e+00 0.000000000000000000e+00
3.647993785841014969e-01 2.521999999999999797e+00 1.463000000000000078e+00 2.521999999999999797e+00 1.463000000000000078e+00 4.141855689198275847e+00 0.000000000000000000e+00
3.663992198235738185e-01 2.528999999999999915e+00 1.459999999999999964e+00 2.528999999999999915e+00 1.459999999999999964e+00 4.139173123660275344e+00 0.000000000000000000e+00
3.679989552229946392e-01 2.535000000000000142e+00 1.457999999999999963e+00 2.535000000000000142e+00 1.457999999999999963e+00 4.136525642637496780e+00 0.000000000000000000e+00
3.695994991876704883e-01 2.540000000000000036e+00 1.455000000000000071e+00 2.540000000000000036e+00 1.455000000000000071e+00 4.133911152245842935e+00 0.000000000000000000e+00
3.711995784544728227e-01 2.544999999999999929e+00 1.451999999999999957e+00 2.544999999999999929e+00 1.451999999999999957e+00 4.131331152890503233e+00 0.000000000000000000e+00
3.727989993264697599e-01 2.549999999999999822e+00 1.449999999999999956e+00 2.549999999999999822e+00 1.449999999999999956e+00 4.128785343972865896e+00 0.000000000000000000e+00
3.743998260627985908e-01 2.552999999999999936e+00 1.447000000000000064e+00 2.552999999999999936e+00 1.447000000000000064e+00 4.126269897266133135e+00 0.000000000000000000e+00
3.759996360824273687e-01 2.556999999999999940e+00 1.445000000000000062e+00 2.556999999999999940e+00 1.445000000000000062e+00 4.123788077927724949e+00 0.000000000000000000e+00
3.775993762715168511e-01 2.559000000000000163e+00 1.443999999999999950e+00 2.559000000000000163e+00 1.443999999999999950e+00 4.121337842844933874e+00 0.000000000000000000e+00
3.791988695968657175e-01 2.561999999999999833e+00 1.441999999999999948e+00 2.561999999999999833e+00 1.441999999999999948e+00 4.118918923944818289e+00 0.000000000000000000e+00
3.807991056208901992e-01 2.563000000000000167e+00 1.441000000000000059e+00 2.563000000000000167e+00 1.441000000000000059e+00 4.116529319957761501e+00 0.000000000000000000e+00
3.823999309123882751e-01 2.564999999999999947e+00 1.439999999999999947e+00 2.564999999999999947e+00 1.439999999999999947e+00 4.114168789195952414e+00 0.000000000000000000e+00
3.840000000000000635e-01 2.564999999999999947e+00 1.439999999999999947e+00 2.564999999999999947e+00 1.439999999999999947e+00 4.111838812934028198e+00 0.000000000000000000e+00
3.855991242038216971e-01 2.565999999999999837e+00 1.439999999999999947e+00 2.565999999999999837e+00 1.439999999999999947e+00 4.109539131926072564e+00 0.000000000000000000e+00
3.871995303038347491e-01 2.564999999999999947e+00 1.439999999999999947e+00 2.564999999999999947e+00 1.439999999999999947e+00 4.107266075600452204e+00 0.000000000000000000e+00
3.887998645296639744e-01 2.564000000000000057e+00 1.441000000000000059e+00 2.564000000000000057e+00 1.441000000000000059e+00 4.105021131217762687e+00 0.000000000000000000e+00
3.903999596954487727e-01 2.563000000000000167e+00 1.443000000000000060e+00 2.563000000000000167e+00 1.443000000000000060e+00 4.102804066940644034e+00 0.000000000000000000e+00
3.919996458901121583e-01 2.561999999999999833e+00 1.445000000000000062e+00 2.561999999999999833e+00 1.445000000000000062e+00 4.100614652866646281e+00 0.000000000000000000e+00
3.936000000000000054e-01 2.560000000000000053e+00 1.447999999999999954e+00 2.560000000000000053e+00 1.447999999999999954e+00 4.098450981971709872e+00 0.000000000000000000e+00
3.951996174994023558e-01 2.556999999999999940e+00 1.451000000000000068e+00 2.556999999999999940e+00 1.451000000000000068e+00 4.096314520866734199e+00 0.000000000000000000e+00
3.967995903475645125e-01 2.555000000000000160e+00 1.455000000000000071e+00 2.555000000000000160e+00 1.455000000000000071e+00 4.094203379760615213e+00 0.000000000000000000e+00
3.983997686412493189e-01 2.551000000000000156e+00 1.459999999999999964e+00 2.551000000000000156e+00 1.459999999999999964e+00 4.092117356367341863e+00 0.000000000000000000e+00
4.000000000000000222e-01 2.548000000000000043e+00 1.465999999999999970e+00 2.548000000000000043e+00 1.465999999999999970e+00 4.090056249999999949e+00 0.000000000000000000e+00
4.015988287348652430e-01 2.544000000000000039e+00 1.471999999999999975e+00 2.544000000000000039e+00 1.471999999999999975e+00 4.088021507179476544e+00 0.000000000000000000e+00
4.032000000000000028e-01 2.540999999999999925e+00 1.479000000000000092e+00 2.540999999999999925e+00 1.479000000000000092e+00 4.086007993590954790e+00 0.000000000000000000e+00
4.047994514912581776e-01 2.536000000000000032e+00 1.487000000000000099e+00 2.536000000000000032e+00 1.487000000000000099e+00 4.084020450170919858e+00 0.000000000000000000e+00
4.063996538601477027e-01 2.532000000000000028e+00 1.495999999999999996e+00 2.532000000000000028e+00 1.495999999999999996e+00 4.082055410845836896e+00 0.000000000000000000e+00
4.079991312445908624e-01 2.528000000000000025e+00 1.506000000000000005e+00 2.528000000000000025e+00 1.506000000000000005e+00 4.080114321843421266e+00 0.000000000000000000e+00
4.095990696936860909e-01 2.523000000000000131e+00 1.516999999999999904e+00 2.523000000000000131e+00 1.516999999999999904e+00 4.078195378439303909e+00 0.000000000000000000e+00
4.111993313832010277e-01 2.517999999999999794e+00 1.530000000000000027e+00 2.517999999999999794e+00 1.530000000000000027e+00 4.076298409801746736e+00 0.000000000000000000e+00
4.127997762602838572e-01 2.513999999999999790e+00 1.542999999999999927e+00 2.513999999999999790e+00 1.542999999999999927e+00 4.074423246394283993e+00 0.000000000000000000e+00
4.143988769678131345e-01 2.508999999999999897e+00 1.556999999999999940e+00 2.508999999999999897e+00 1.556999999999999940e+00 4.072571314754395821e+00 0.000000000000000000e+00
4.159992484205087826e-01 2.504000000000000004e+00 1.572999999999999954e+00 2.504000000000000004e+00 1.572999999999999954e+00 4.070739252243594564e+00 0.000000000000000000e+00
4.175993694783039500e-01 2.500000000000000000e+00 1.588999999999999968e+00 2.500000000000000000e+00 1.588999999999999968e+00 4.068928494173081667e+00 0.000000000000000000e+00
4.191990911672820452e-01 2.495000000000000107e+00 1.608000000000000096e+00 2.495000000000000107e+00 1.608000000000000096e+00 4.067138876187472718e+00 0.000000000000000000e+00
4.207996904686752693e-01 2.491000000000000103e+00 1.627000000000000002e+00 2.491000000000000103e+00 1.627000000000000002e+00 4.065368664700976353e+00 0.000000000000000000e+00
4.223996075264971339e-01 2.487000000000000099e+00 1.647999999999999909e+00 2.487000000000000099e+00 1.647999999999999909e+00 4.063619280366386199e+00 0.000000000000000000e+00
4.239986868023637445e-01 2.483999999999999986e+00 1.671000000000000041e+00 2.483999999999999986e+00 1.671000000000000041e+00 4.061890562570210861e+00 0.000000000000000000e+00
4.255996924302132278e-01 2.480999999999999872e+00 1.695000000000000062e+00 2.480999999999999872e+00 1.695000000000000062e+00 4.060179246362912941e+00 0.000000000000000000e+00
4.271995865276940751e-01 2.479000000000000092e+00 1.721000000000000085e+00 2.479000000000000092e+00 1.721000000000000085e+00 4.058488302593087127e+00 0.000000000000000000e+00
4.287996901176584497e-01 2.476999999999999869e+00 1.749000000000000110e+00 2.476999999999999869e+00 1.749000000000000110e+00 4.056816033020359313e+00 0.000000000000000000e+00
4.303998722519414288e-01 2.476999999999999869e+00 1.778000000000000025e+00 2.476999999999999869e+00 1.778000000000000025e+00 4.055162299098798329e+00 0.000000000000000000e+00
4.319999999999999951e-01 2.478000000000000203e+00 1.810000000000000053e+00 2.478000000000000203e+00 1.810000000000000053e+00 4.053526963305898789e+00 0.000000000000000000e+00
4.335999384488408714e-01 2.479000000000000092e+00 1.842999999999999972e+00 2.479000000000000092e+00 1.842999999999999972e+00 4.051909889142577548e+00 0.000000000000000000e+00
4.351995507037804134e-01 2.483000000000000096e+00 1.877999999999999892e+00 2.483000000000000096e+00 1.877999999999999892e+00 4.050310941133176357e+00 0.000000000000000000e+00
4.367986978900604833e-01 2.487999999999999989e+00 1.915999999999999925e+00 2.487999999999999989e+00 1.915999999999999925e+00 4.048729984825457429e+00 0.000000000000000000e+00
4.383987892974460232e-01 2.495000000000000107e+00 1.955999999999999961e+00 2.495000000000000107e+00 1.955999999999999961e+00 4.047165379312072098e+00 0.000000000000000000e+00
4.399997160925822048e-01 2.504000000000000004e+00 1.997000000000000108e+00 2.504000000000000004e+00 1.997000000000000108e+00 4.045617008626368083e+00 0.000000000000000000e+00
4.415997948433009745e-01 2.516000000000000014e+00 2.041999999999999815e+00 2.516000000000000014e+00 2.041999999999999815e+00 4.044086254131279645e+00 0.000000000000000000e+00
4.431988789910920046e-01 2.531000000000000139e+00 2.088000000000000078e+00 2.531000000000000139e+00 2.088000000000000078e+00 4.042572985212410153e+00 0.000000000000000000e+00
4.448000114801912708e-01 2.548999999999999932e+00 2.136000000000000121e+00 2.548999999999999932e+00 2.136000000000000121e+00 4.041074100705262850e+00 0.000000000000000000e+00
4.463998963066442838e-01 2.571000000000000174e+00 2.185999999999999943e+00 2.571000000000000174e+00 2.185999999999999943e+00 4.039592464894481871e+00 0.000000000000000000e+00
4.480000000000000093e-01 2.596999999999999975e+00 2.238999999999999879e+00 2.596999999999999975e+00 2.238999999999999879e+00 4.038126474808673372e+00 0.000000000000000000e+00
4.495985727029438439e-01 2.629000000000000004e+00 2.293000000000000149e+00 2.629000000000000004e+00 2.293000000000000149e+00 4.036677489327444412e+00 0.000000000000000000e+00
4.511987423031573741e-01 2.665999999999999925e+00 2.347999999999999865e+00 2.665999999999999925e+00 2.347999999999999865e+00 4.035242453137794172e+00 0.000000000000000000e+00
4.527987670597515835e-01 2.709000000000000075e+00 2.403999999999999915e+00 2.709000000000000075e+00 2.403999999999999915e+00 4.033822731936820283e+00 0.000000000000000000e+00
4.543985222812284008e-01 2.758999999999999897e+00 2.459999999999999964e+00 2.758999999999999897e+00 2.459999999999999964e+00 4.032418217033770347e+00 0.000000000000000000e+00
4.559995586531566114e-01 2.815999999999999837e+00 2.515000000000000124e+00 2.815999999999999837e+00 2.515000000000000124e+00 4.031027351228791744e+00 0.000000000000000000e+00
4.576000944844691443e-01 2.882000000000000117e+00 2.568999999999999950e+00 2.882000000000000117e+00 2.568999999999999950e+00 4.029651486823863316e+00 0.000000000000000000e+00
4.591999999999999971e-01 2.955999999999999961e+00 2.620000000000000107e+00 2.955999999999999961e+00 2.620000000000000107e+00 4.028290517366970747e+00 0.000000000000000000e+00
4.607991436949710473e-01 3.039000000000000146e+00 2.666999999999999815e+00 3.039000000000000146e+00 2.666999999999999815e+00 4.026944337189657830e+00 0.000000000000000000e+00
4.623991168528933660e-01 3.132000000000000117e+00 2.706999999999999851e+00 3.132000000000000117e+00 2.706999999999999851e+00 4.025611412172400705e+00 0.000000000000000000e+00
4.639998203639874585e-01 3.232000000000000206e+00 2.738999999999999879e+00 3.232000000000000206e+00 2.738999999999999879e+00 4.024291652989534285e+00 0.000000000000000000e+00
4.655994051575544357e-01 3.341000000000000192e+00 2.761000000000000121e+00 3.341000000000000192e+00 2.761000000000000121e+00 4.022986390296567905e+00 0.000000000000000000e+00
4.671994935506844637e-01 3.455999999999999961e+00 2.770000000000000018e+00 3.455999999999999961e+00 2.770000000000000018e+00 4.021694106785837164e+00 0.000000000000000000e+00
4.687999818505620975e-01 3.575000000000000178e+00 2.765000000000000124e+00 3.575000000000000178e+00 2.765000000000000124e+00 4.020414714954650748e+00 0.000000000000000000e+00
4.703989801648126301e-01 3.693999999999999950e+00 2.744000000000000217e+00 3.693999999999999950e+00 2.744000000000000217e+00 4.019149532798983238e+00 0.000000000000000000e+00
4.719999390889225710e-01 3.811999999999999833e+00 2.705999999999999961e+00 3.811999999999999833e+00 2.705999999999999961e+00 4.017895659356193860e+00 0.000000000000000000e+00
4.735991688025943946e-01 3.923000000000000043e+00 2.653000000000000025e+00 3.923000000000000043e+00 2.653000000000000025e+00 4.016655814000582581e+00 0.000000000000000000e+00
4.752001655749705789e-01 4.025000000000000355e+00 2.584999999999999964e+00 4.025000000000000355e+00 2.584999999999999964e+00 4.015427115971457184e+00 0.000000000000000000e+00
4.767991877985186533e-01 4.115000000000000213e+00 2.504000000000000004e+00 4.115000000000000213e+00 2.504000000000000004e+00 4.014212266871798107e+00 0.000000000000000000e+00
4.783997777469092827e-01 4.190000000000000391e+00 2.415000000000000036e+00 4.190000000000000391e+00 2.415000000000000036e+00 4.013008405887007690e+00 0.000000000000000000e+00
4.799999999999999822e-01 4.250000000000000000e+00 2.321000000000000174e+00 4.250000000000000000e+00 2.321000000000000174e+00 4.011816840277777629e+00 0.000000000000000000e+00
4.815997389703312592e-01 4.293000000000000149e+00 2.225000000000000089e+00 4.293000000000000149e+00 2.225000000000000089e+00 4.010637487146820668e+00 0.000000000000000000e+00
4.831988775868116259e-01 4.323000000000000398e+00 2.130999999999999783e+00 4.323000000000000398e+00 2.130999999999999783e+00 4.009470264172525056e+00 0.000000000000000000e+00
4.847991929397872379e-01 4.339999999999999858e+00 2.040999999999999925e+00 4.339999999999999858e+00 2.040999999999999925e+00 4.008313726411782518e+00 0.000000000000000000e+00
4.863986944002008372e-01 4.347000000000000419e+00 1.955999999999999961e+00 4.347000000000000419e+00 1.955999999999999961e+00 4.007169164851788423e+00 0.000000000000000000e+00
4.879991813150913460e-01 4.344999999999999751e+00 1.877999999999999892e+00 4.344999999999999751e+00 1.877999999999999892e+00 4.006035144543803383e+00 0.000000000000000000e+00
4.895986352651281459e-01 4.336000000000000298e+00 1.806999999999999940e+00 4.336000000000000298e+00 1.806999999999999940e+00 4.004912948474196988e+00 0.000000000000000000e+00
4.911988780203715987e-01 4.322000000000000064e+00 1.743999999999999995e+00 4.322000000000000064e+00 1.743999999999999995e+00 4.003801151571331651e+00 0.000000000000000000e+00
4.927998219332170859e-01 4.304999999999999716e+00 1.689000000000000057e+00 4.304999999999999716e+00 1.689000000000000057e+00 4.002699687872375733e+00 0.000000000000000000e+00
4.943994066441500523e-01 4.285000000000000142e+00 1.639999999999999902e+00 4.285000000000000142e+00 1.639999999999999902e+00 4.001609828535699798e+00 0.000000000000000000e+00
4.959994879344555851e-01 4.264000000000000234e+00 1.598000000000000087e+00 4.264000000000000234e+00 1.598000000000000087e+00 4.000530163046794208e+00 0.000000000000000000e+00
4.975999743141064080e-01 4.243000000000000327e+00 1.562000000000000055e+00 4.243000000000000327e+00 1.562000000000000055e+00 3.999460626722108447e+00 0.000000000000000000e+00
4.991987631157244198e-01 4.222999999999999865e+00 1.530999999999999917e+00 4.222999999999999865e+00 1.530999999999999917e+00 3.998402479147866284e+00 0.000000000000000000e+00
5.007997673404100958e-01 4.203000000000000291e+00 1.504999999999999893e+00 4.203000000000000291e+00 1.504999999999999893e+00 3.997353004467784743e+00 0.000000000000000000e+00
5.023988589211618727e-01 4.184000000000000163e+00 1.481999999999999984e+00 4.184000000000000163e+00 1.481999999999999984e+00 3.996314782763988660e+00 0.000000000000000000e+00
5.040000000000000036e-01 4.166999999999999815e+00 1.463999999999999968e+00 4.166999999999999815e+00 1.463999999999999968e+00 3.995285115898211448e+00 0.000000000000000000e+00
5.055990082455896761e-01 4.150999999999999801e+00 1.449000000000000066e+00 4.150999999999999801e+00 1.449000000000000066e+00 3.994266567940266910e+00 0.000000000000000000e+00
5.071998952742505784e-01 4.136999999999999567e+00 1.435999999999999943e+00 4.136999999999999567e+00 1.435999999999999943e+00 3.993256458256691399e+00 0.000000000000000000e+00
5.087984241628366044e-01 4.125000000000000000e+00 1.425999999999999934e+00 4.125000000000000000e+00 1.425999999999999934e+00 3.992257335118202022e+00 0.000000000000000000e+00
5.103986563256434072e-01 4.115000000000000213e+00 1.417999999999999927e+00 4.115000000000000213e+00 1.417999999999999927e+00 3.991266535182923736e+00 0.000000000000000000e+00
5.119984142519109493e-01 4.107000000000000206e+00 1.411999999999999922e+00 4.107000000000000206e+00 1.411999999999999922e+00 3.990285300356377629e+00 0.000000000000000000e+00
5.135997216261671827e-01 4.100999999999999979e+00 1.407000000000000028e+00 4.100999999999999979e+00 1.407000000000000028e+00 3.989312283197844700e+00 0.000000000000000000e+00
5.151982314785188422e-01 4.097000000000000419e+00 1.403000000000000025e+00 4.097000000000000419e+00 1.403000000000000025e+00 3.988350000923542193e+00 0.000000000000000000e+00
5.168002601007890551e-01 4.094000000000000306e+00 1.401000000000000023e+00 4.094000000000000306e+00 1.401000000000000023e+00 3.987394545295760651e+00 0.000000000000000000e+00
5.183992774922961955e-01 4.092999999999999972e+00 1.399000000000000021e+00 4.092999999999999972e+00 1.399000000000000021e+00 3.986449705019565304e+00 0.000000000000000000e+00
5.199994967097398835e-01 4.094999999999999751e+00 1.397000000000000020e+00 4.094999999999999751e+00 1.397000000000000020e+00 3.985512867252625657e+00 0.000000000000000000e+00
5.215986537652503863e-01 4.097999999999999865e+00 1.395999999999999908e+00 4.097999999999999865e+00 1.395999999999999908e+00 3.984585251934173566e+00 0.000000000000000000e+00
5.231988454380878117e-01 4.102999999999999758e+00 1.395000000000000018e+00 4.102999999999999758e+00 1.395000000000000018e+00 3.983665537470259199e+00 0.000000000000000000e+00
5.248000000000000442e-01 4.108999999999999986e+00 1.393999999999999906e+00 4.108999999999999986e+00 1.393999999999999906e+00 3.982753677359086808e+00 0.000000000000000000e+00
5.263998097923000552e-01 4.116999999999999993e+00 1.393000000000000016e+00 4.116999999999999993e+00 1.393000000000000016e+00 3.981850880815264393e+00 0.000000000000000000e+00
5.279981602851557820e-01 4.126999999999999780e+00 1.391999999999999904e+00 4.126999999999999780e+00 1.391999999999999904e+00 3.980957090431141321e+00 0.000000000000000000e+00
5.295994600805608021e-01 4.137999999999999901e+00 1.389999999999999902e+00 4.137999999999999901e+00 1.389999999999999902e+00 3.980069753431871415e+00 0.000000000000000000e+00
5.311991225514558490e-01 4.150999999999999801e+00 1.387999999999999901e+00 4.150999999999999801e+00 1.387999999999999901e+00 3.979191323986531081e+00 0.000000000000000000e+00
5.320996184696727971e-01 4.158000000000000362e+00 1.387000000000000011e+00 4.158000000000000362e+00 1.387000000000000011e+00 3.978700312311424625e+00 0.000000000000000000e+00
5.327993193040055919e-01 4.163999999999999702e+00 1.385000000000000009e+00 4.163999999999999702e+00 1.385000000000000009e+00 3.978320505340509072e+00 0.000000000000000000e+00
5.343999724145066521e-01 4.179999999999999716e+00 1.381999999999999895e+00 4.179999999999999716e+00 1.381999999999999895e+00 3.977457252655070441e+00 0.000000000000000000e+00
5.359986857691276807e-01 4.195999999999999730e+00 1.377000000000000002e+00 4.195999999999999730e+00 1.377000000000000002e+00 3.976602754324556344e+00 0.000000000000000000e+00
5.376000000000000778e-01 4.214000000000000412e+00 1.372000000000000108e+00 4.214000000000000412e+00 1.372000000000000108e+00 3.975754496394912074e+00 0.000000000000000000e+00
5.391991858781165492e-01 4.232000000000000206e+00 1.364999999999999991e+00 4.232000000000000206e+00 1.364999999999999991e+00 3.974914897124783408e+00 0.000000000000000000e+00
5.407984785899041524e-01 4.251999999999999780e+00 1.356999999999999984e+00 4.251999999999999780e+00 1.356999999999999984e+00 3.974082679785605698e+00 0.000000000000000000e+00
5.424001679907605178e-01 4.272000000000000242e+00 1.348000000000000087e+00 4.272000000000000242e+00 1.348000000000000087e+00 3.973256582451141217e+00 0.000000000000000000e+00
5.439994383797256416e-01 4.293000000000000149e+00 1.338000000000000078e+00 4.293000000000000149e+00 1.338000000000000078e+00 3.972439002325232948e+00 0.000000000000000000e+00
5.455985636584463894e-01 4.314000000000000057e+00 1.326000000000000068e+00 4.314000000000000057e+00 1.326000000000000068e+00 3.971628674390050850e+00 0.000000000000000000e+00
5.471998728920156596e-01 4.336000000000000298e+00 1.312999999999999945e+00 4.336000000000000298e+00 1.312999999999999945e+00 3.970824348174236018e+00 0.000000000000000000e+00
5.487984631660020041e-01 4.357999999999999652e+00 1.298000000000000043e+00 4.357999999999999652e+00 1.298000000000000043e+00 3.970028400210612318e+00 0.000000000000000000e+00
5.503990908364483348e-01 4.379999999999999893e+00 1.280999999999999917e+00 4.379999999999999893e+00 1.280999999999999917e+00 3.969238376276800206e+00 0.000000000000000000e+00
5.519992520335338382e-01 4.402000000000000135e+00 1.262999999999999901e+00 4.402000000000000135e+00 1.262999999999999901e+00 3.968455442091916918e+00 0.000000000000000000e+00
5.535988569387391145e-01 4.424000000000000377e+00 1.243000000000000105e+00 4.424000000000000377e+00 1.243000000000000105e+00 3.967679555887499987e+00 0.000000000000000000e+00
5.552003009215722429e-01 4.445999999999999730e+00 1.221999999999999975e+00 4.445999999999999730e+00 1.221999999999999975e+00 3.966909485811029867e+00 0.000000000000000000e+00
5.567985341734292826e-01 4.466999999999999638e+00 1.199000000000000066e+00 4.466999999999999638e+00 1.199000000000000066e+00 3.966147574702318046e+00 0.000000000000000000e+00
5.583984506947103910e-01 4.488000000000000433e+00 1.173999999999999932e+00 4.488000000000000433e+00 1.173999999999999932e+00 3.965391404260075969e+00 0.000000000000000000e+00
5.600000000000000533e-01 4.508000000000000007e+00 1.147999999999999909e+00 4.508000000000000007e+00 1.147999999999999909e+00 3.964640943877550949e+00 0.000000000000000000e+00
5.615980432123930388e-01 4.525999999999999801e+00 1.120000000000000107e+00 4.525999999999999801e+00 1.120000000000000107e+00 3.963898516635021352e+00 0.000000000000000000e+00
5.632001162885773571e-01 4.543999999999999595e+00 1.090999999999999970e+00 4.543999999999999595e+00 1.090999999999999970e+00 3.963160551848566193e+00 0.000000000000000000e+00
5.647984912467712837e-01 4.560999999999999943e+00 1.060999999999999943e+00 4.560999999999999943e+00 1.060999999999999943e+00 3.962430539735449120e+00 0.000000000000000000e+00
5.663982019104701893e-01 4.575999999999999623e+00 1.028999999999999915e+00 4.575999999999999623e+00 1.028999999999999915e+00 3.961706096865398763e+00 0.000000000000000000e+00
5.679991937035577809e-01 4.589999999999999858e+00 9.959999999999999964e-01 4.589999999999999858e+00 9.959999999999999964e-01 3.960987193495175696e+00 0.000000000000000000e+00
5.695987944999059138e-01 4.602000000000000313e+00 9.629999999999999671e-01 4.602000000000000313e+00 9.629999999999999671e-01 3.960274960270328659e+00 0.000000000000000000e+00
5.711995356101337018e-01 4.612000000000000099e+00 9.280000000000000471e-01 4.612000000000000099e+00 9.280000000000000471e-01 3.959568200982253483e+00 0.000000000000000000e+00
5.727987138085404162e-01 4.621000000000000441e+00 8.930000000000000160e-01 4.621000000000000441e+00 8.930000000000000160e-01 3.958868040130628430e+00 0.000000000000000000e+00
5.743988881167477745e-01 4.628000000000000114e+00 8.569999999999999840e-01 4.628000000000000114e+00 8.569999999999999840e-01 3.958173288398966427e+00 0.000000000000000000e+00
5.760000000000000675e-01 4.633000000000000007e+00 8.209999999999999520e-01 4.633000000000000007e+00 8.209999999999999520e-01 3.957483916859568129e+00 0.000000000000000000e+00
5.775992993375386186e-01 4.636000000000000121e+00 7.840000000000000302e-01 4.636000000000000121e+00 7.840000000000000302e-01 3.956801040902578226e+00 0.000000000000000000e+00
5.791993870905955966e-01 4.637999999999999901e+00 7.479999999999999982e-01 4.637999999999999901e+00 7.479999999999999982e-01 3.956123481387108676e+00 0.000000000000000000e+00
5.808002023694084359e-01 4.636999999999999567e+00 7.119999999999999662e-01 4.636999999999999567e+00 7.119999999999999662e-01 3.955451209865190165e+00 0.000000000000000000e+00
5.823989477887122623e-01 4.634999999999999787e+00 6.760000000000000453e-01 4.634999999999999787e+00 6.760000000000000453e-01 3.954785332777344120e+00 0.000000000000000000e+00
5.839982666201920525e-01 4.631999999999999673e+00 6.400000000000000133e-01 4.631999999999999673e+00 6.400000000000000133e-01 3.954124680998371666e+00 0.000000000000000000e+00
5.855980956159492212e-01 4.626000000000000334e+00 6.049999999999999822e-01 4.626000000000000334e+00 6.049999999999999822e-01 3.953469226560033078e+00 0.000000000000000000e+00
5.871983707878472014e-01 4.618999999999999773e+00 5.699999999999999512e-01 4.618999999999999773e+00 5.699999999999999512e-01 3.952818941638007288e+00 0.000000000000000000e+00
5.887990274064329732e-01 4.610000000000000320e+00 5.360000000000000320e-01 4.610000000000000320e+00 5.360000000000000320e-01 3.952173798551891881e+00 0.000000000000000000e+00
5.904000000000000359e-01 4.599999999999999645e+00 5.040000000000000036e-01 4.599999999999999645e+00 5.040000000000000036e-01 3.951533769765204429e+00 0.000000000000000000e+00
5.919983956683045889e-01 4.589000000000000412e+00 4.719999999999999751e-01 4.589000000000000412e+00 4.719999999999999751e-01 3.950899944229653737e+00 0.000000000000000000e+00
5.935997855104659937e-01 4.575999999999999623e+00 4.410000000000000031e-01 4.575999999999999623e+00 4.410000000000000031e-01 3.950270058996411482e+00 0.000000000000000000e+00
5.951984330819415359e-01 4.562999999999999723e+00 4.109999999999999765e-01 4.562999999999999723e+00 4.109999999999999765e-01 3.949646316674973345e+00 0.000000000000000000e+00
5.967999691934459117e-01 4.548000000000000043e+00 3.820000000000000062e-01 4.548000000000000043e+00 3.820000000000000062e-01 3.949026466640233490e+00 0.000000000000000000e+00
5.983985945471130830e-01 4.532000000000000028e+00 3.539999999999999813e-01 4.532000000000000028e+00 3.539999999999999813e-01 3.948412699817605898e+00 0.000000000000000000e+00
6.000000000000000888e-01 4.516000000000000014e+00 3.280000000000000138e-01 4.516000000000000014e+00 3.280000000000000138e-01 3.947802777777777994e+00 0.000000000000000000e+00
6.015983230708765728e-01 4.498999999999999666e+00 3.029999999999999916e-01 4.498999999999999666e+00 3.029999999999999916e-01 3.947198879890009060e+00 0.000000000000000000e+00
6.031993149885183092e-01 4.480999999999999872e+00 2.790000000000000258e-01 4.480999999999999872e+00 2.790000000000000258e-01 3.946598779792853673e+00 0.000000000000000000e+00
6.048000000000001153e-01 4.463000000000000078e+00 2.560000000000000053e-01 4.463000000000000078e+00 2.560000000000000053e-01 3.946003552707090911e+00 0.000000000000000000e+00
6.064003051956626811e-01 4.443999999999999950e+00 2.340000000000000135e-01 4.443999999999999950e+00 2.340000000000000135e-01 3.945413172535428004e+00 0.000000000000000000e+00
6.080001569235145009e-01 4.424999999999999822e+00 2.139999999999999958e-01 4.424999999999999822e+00 2.139999999999999958e-01 3.944827613324488169e+00 0.000000000000000000e+00
6.095994807902216372e-01 4.405000000000000249e+00 1.940000000000000058e-01 4.405000000000000249e+00 1.940000000000000058e-01 3.944246849264816390e+00 0.000000000000000000e+00
6.111982016622793390e-01 4.386000000000000121e+00 1.759999999999999898e-01 4.386000000000000121e+00 1.759999999999999898e-01 3.943670854690874084e+00 0.000000000000000000e+00
6.127992724540836100e-01 4.365999999999999659e+00 1.590000000000000024e-01 4.365999999999999659e+00 1.590000000000000024e-01 3.943098525624753048e+00 0.000000000000000000e+00
6.143996194195157079e-01 4.346000000000000085e+00 1.439999999999999891e-01 4.346000000000000085e+00 1.439999999999999891e-01 3.942530920757880697e+00 0.000000000000000000e+00
6.159991653127842026e-01 4.325999999999999623e+00 1.290000000000000036e-01 4.325999999999999623e+00 1.290000000000000036e-01 3.941968014808503451e+00 0.000000000000000000e+00
6.175978321511118585e-01 4.306000000000000050e+00 1.150000000000000050e-01 4.306000000000000050e+00 1.150000000000000050e-01 3.941409782638786830e+00 0.000000000000000000e+00
6.191986335918654438e-01 4.286999999999999922e+00 1.019999999999999934e-01 4.286999999999999922e+00 1.019999999999999934e-01 3.940855131944243084e+00 0.000000000000000000e+00
6.207984297781360405e-01 4.267000000000000348e+00 9.099999999999999756e-02 4.267000000000000348e+00 9.099999999999999756e-02 3.940305110681016743e+00 0.000000000000000000e+00
6.224002650562492356e-01 4.248000000000000220e+00 8.000000000000000167e-02 4.248000000000000220e+00 8.000000000000000167e-02 3.939758632274725336e+00 0.000000000000000000e+00
6.239978257915477222e-01 4.229000000000000092e+00 7.000000000000000666e-02 4.229000000000000092e+00 7.000000000000000666e-02 3.939217798474367260e+00 0.000000000000000000e+00
6.256004521051143907e-01 4.208999999999999631e+00 5.999999999999999778e-02 4.208999999999999631e+00 5.999999999999999778e-02 3.938679407476157746e+00 0.000000000000000000e+00
6.271986402197502475e-01 4.190999999999999837e+00 5.199999999999999761e-02 4.190999999999999837e+00 5.199999999999999761e-02 3.938146612199428187e+00 0.000000000000000000e+00
6.287986367509230679e-01 4.171999999999999709e+00 4.399999999999999745e-02 4.171999999999999709e+00 4.399999999999999745e-02 3.937617278305543422e+00 0.000000000000000000e+00
6.304004067624253693e-01 4.153999999999999915e+00 3.799999999999999906e-02 4.153999999999999915e+00 3.799999999999999906e-02 3.937091389707569444e+00 0.000000000000000000e+00
6.319974716838789863e-01 4.136999999999999567e+00 3.099999999999999978e-02 4.136999999999999567e+00 3.099999999999999978e-02 3.936571021758711986e+00 0.000000000000000000e+00
6.335994112897457287e-01 4.118999999999999773e+00 2.599999999999999881e-02 4.118999999999999773e+00 2.599999999999999881e-02 3.936053013496171982e+00 0.000000000000000000e+00
6.351997294929531135e-01 4.102000000000000313e+00 2.100000000000000130e-02 4.102000000000000313e+00 2.100000000000000130e-02 3.935539437821203634e+00 0.000000000000000000e+00
6.367983400017462881e-01 4.086000000000000298e+00 1.700000000000000122e-02 4.086000000000000298e+00 1.700000000000000122e-02 3.935030271083134856e+00 0.000000000000000000e+00
6.383984429306270858e-01 4.070000000000000284e+00 1.299999999999999940e-02 4.070000000000000284e+00 1.299999999999999940e-02 3.934524454563885332e+00 0.000000000000000000e+00
6.400000000000000133e-01 4.054000000000000270e+00 1.000000000000000021e-02 4.054000000000000270e+00 1.000000000000000021e-02 3.934021972656250199e+00 0.000000000000000000e+00
6.415996522495109877e-01 4.038000000000000256e+00 7.000000000000000146e-03 4.038000000000000256e+00 7.000000000000000146e-03 3.933523839857893556e+00 0.000000000000000000e+00
6.432006474338688440e-01 4.024000000000000021e+00 5.000000000000000104e-03 4.024000000000000021e+00 5.000000000000000104e-03 3.933029005515524812e+00 0.000000000000000000e+00
6.447995922676472702e-01 4.009000000000000341e+00 3.000000000000000062e-03 4.009000000000000341e+00 3.000000000000000062e-03 3.932538479174932267e+00 0.000000000000000000e+00
6.463997664318820169e-01 3.995000000000000107e+00 2.000000000000000042e-03 3.995000000000000107e+00 2.000000000000000042e-03 3.932051215507824438e+00 0.000000000000000000e+00
6.479977421681457628e-01 3.982000000000000206e+00 1.000000000000000021e-03 3.982000000000000206e+00 1.000000000000000021e-03 3.931568219161416078e+00 0.000000000000000000e+00
6.496002347245654063e-01 3.968999999999999861e+00 0.000000000000000000e+00 3.968999999999999861e+00 0.000000000000000000e+00 3.931087432719061248e+00 0.000000000000000000e+00
6.512004117798448899e-01 3.956999999999999851e+00 0.000000000000000000e+00 3.956999999999999851e+00 0.000000000000000000e+00 3.930610878337275071e+00 0.000000000000000000e+00
6.527981803535042316e-01 3.944999999999999840e+00 0.000000000000000000e+00 3.944999999999999840e+00 0.000000000000000000e+00 3.930138533516736032e+00 0.000000000000000000e+00
6.544003546885391875e-01 3.934000000000000163e+00 0.000000000000000000e+00 3.934000000000000163e+00 0.000000000000000000e+00 3.929668356101531757e+00 0.000000000000000000e+00
6.560000000000001386e-01 3.923999999999999932e+00 0.000000000000000000e+00 3.923999999999999932e+00 0.000000000000000000e+00 3.929202353509815726e+00 0.000000000000000000e+00
6.576005091757717302e-01 3.914000000000000146e+00 0.000000000000000000e+00 3.914000000000000146e+00 0.000000000000000000e+00 3.928739498595051671e+00 0.000000000000000000e+00
6.591983326510104657e-01 3.903999999999999915e+00 9.307000000000000169e-05 3.903999999999999915e+00 9.307000000000000169e-05 3.928280779187264482e+00 0.000000000000000000e+00
6.608004178503094073e-01 3.894000000000000128e+00 6.562999999999999336e-05 3.894000000000000128e+00 6.562999999999999336e-05 3.927824173124608187e+00 0.000000000000000000e+00
6.623996922649514341e-01 3.884999999999999787e+00 4.318000000000000332e-05 3.884999999999999787e+00 4.318000000000000332e-05 3.927371668502791291e+00 0.000000000000000000e+00
6.639996144020822166e-01 3.875999999999999890e+00 2.557000000000000082e-05 3.875999999999999890e+00 2.557000000000000082e-05 3.926922248292243012e+00 0.000000000000000000e+00
6.656001374319551189e-01 3.866999999999999993e+00 1.264999999999999916e-05 3.866999999999999993e+00 1.264999999999999916e-05 3.926475898069091475e+00 0.000000000000000000e+00
6.671976236089287582e-01 3.858999999999999986e+00 4.296999999999999686e-06 3.858999999999999986e+00 4.296999999999999686e-06 3.926033593995269744e+00 0.000000000000000000e+00
6.687991887066235819e-01 3.850999999999999979e+00 3.637000000000000076e-07 3.850999999999999979e+00 3.637000000000000076e-07 3.925593338359154139e+00 0.000000000000000000e+00
6.703975862572388866e-01 3.842999999999999972e+00 0.000000000000000000e+00 3.842999999999999972e+00 0.000000000000000000e+00 3.925157095627102244e+00 0.000000000000000000e+00
6.720000000000001528e-01 3.834999999999999964e+00 0.000000000000000000e+00 3.834999999999999964e+00 0.000000000000000000e+00 3.924722877692743861e+00 0.000000000000000000e+00
6.735991133422434274e-01 3.827999999999999847e+00 0.000000000000000000e+00 3.827999999999999847e+00 0.000000000000000000e+00 3.924292639715681208e+00 0.000000000000000000e+00
6.751985013015585624e-01 3.819999999999999840e+00 0.000000000000000000e+00 3.819999999999999840e+00 0.000000000000000000e+00 3.923865381893968607e+00 0.000000000000000000e+00
6.767981134547360611e-01 3.813000000000000167e+00 0.000000000000000000e+00 3.813000000000000167e+00 0.000000000000000000e+00 3.923441090283464217e+00 0.000000000000000000e+00
6.783978988837821023e-01 3.806000000000000050e+00 0.000000000000000000e+00 3.806000000000000050e+00 0.000000000000000000e+00 3.923019751003988809e+00 0.000000000000000000e+00
6.799978061756156711e-01 3.798999999999999932e+00 0.000000000000000000e+00 3.798999999999999932e+00 0.000000000000000000e+00 3.922601350239327989e+00 0.000000000000000000e+00
6.815977834218425180e-01 3.793000000000000149e+00 0.000000000000000000e+00 3.793000000000000149e+00 0.000000000000000000e+00 3.922185874237231307e+00 0.000000000000000000e+00
6.831977782186074988e-01 3.786000000000000032e+00 0.000000000000000000e+00 3.786000000000000032e+00 0.000000000000000000e+00 3.921773309309411815e+00 0.000000000000000000e+00
6.847977376665267402e-01 3.779999999999999805e+00 0.000000000000000000e+00 3.779999999999999805e+00 0.000000000000000000e+00 3.921363641831547397e+00 0.000000000000000000e+00
6.863976083707025166e-01 3.774000000000000021e+00 0.000000000000000000e+00 3.774000000000000021e+00 0.000000000000000000e+00 3.920956858243278997e+00 0.000000000000000000e+00
6.879973364408190628e-01 3.767999999999999794e+00 0.000000000000000000e+00 3.767999999999999794e+00 0.000000000000000000e+00 3.920552945048211502e+00 0.000000000000000000e+00
6.896007030385280512e-01 3.762000000000000011e+00 0.000000000000000000e+00 3.762000000000000011e+00 0.000000000000000000e+00 3.920150930465942984e+00 0.000000000000000000e+00
6.912000000000000366e-01 3.755999999999999783e+00 0.000000000000000000e+00 3.755999999999999783e+00 0.000000000000000000e+00 3.919752720041366878e+00 0.000000000000000000e+00
6.927989897240180994e-01 3.750000000000000000e+00 0.000000000000000000e+00 3.750000000000000000e+00 0.000000000000000000e+00 3.919357339893930092e+00 0.000000000000000000e+00
6.943976163406123669e-01 3.744000000000000217e+00 0.000000000000000000e+00 3.744000000000000217e+00 0.000000000000000000e+00 3.918964776783094628e+00 0.000000000000000000e+00
6.959997305459811878e-01 3.738999999999999879e+00 0.000000000000000000e+00 3.738999999999999879e+00 0.000000000000000000e+00 3.918574067995348909e+00 0.000000000000000000e+00
6.975974793225678816e-01 3.733000000000000096e+00 0.000000000000000000e+00 3.733000000000000096e+00 0.000000000000000000e+00 3.918187101666728456e+00 0.000000000000000000e+00
6.991986375145919919e-01 3.728000000000000203e+00 0.000000000000000000e+00 3.728000000000000203e+00 0.000000000000000000e+00 3.917801967833497656e+00 0.000000000000000000e+00
7.007992403260266956e-01 3.722999999999999865e+00 0.000000000000000000e+00 3.722999999999999865e+00 0.000000000000000000e+00 3.917419603015927621e+00 0.000000000000000000e+00
7.023992295272356579e-01 3.717999999999999972e+00 0.000000000000000000e+00 3.717999999999999972e+00 0.000000000000000000e+00 3.917039994261317659e+00 0.000000000000000000e+00
7.039985463960843903e-01 3.713000000000000078e+00 0.000000000000000000e+00 3.713000000000000078e+00 0.000000000000000000e+00 3.916663128680929251e+00 0.000000000000000000e+00
7.055971317189767555e-01 3.708000000000000185e+00 0.000000000000000000e+00 3.708000000000000185e+00 0.000000000000000000e+00 3.916288993449990485e+00 0.000000000000000000e+00
7.071989595988981137e-01 3.702999999999999847e+00 0.000000000000000000e+00 3.702999999999999847e+00 0.000000000000000000e+00 3.915916641307615187e+00 0.000000000000000000e+00
7.087999725590410360e-01 3.697999999999999954e+00 0.000000000000000000e+00 3.697999999999999954e+00 0.000000000000000000e+00 3.915546998273325308e+00 0.000000000000000000e+00
7.104001100116315026e-01 3.693999999999999950e+00 0.000000000000000000e+00 3.693999999999999950e+00 0.000000000000000000e+00 3.915180051682257023e+00 0.000000000000000000e+00
7.119993108794900882e-01 3.689000000000000057e+00 0.000000000000000000e+00 3.689000000000000057e+00 0.000000000000000000e+00 3.914815788933511342e+00 0.000000000000000000e+00
7.135975135975136663e-01 3.685000000000000053e+00 0.000000000000000000e+00 3.685000000000000053e+00 0.000000000000000000e+00 3.914454197490153220e+00 0.000000000000000000e+00
7.151987816977780632e-01 3.680000000000000160e+00 0.000000000000000000e+00 3.680000000000000160e+00 0.000000000000000000e+00 3.914094340831910657e+00 0.000000000000000000e+00
7.167989639762039067e-01 3.676000000000000156e+00 0.000000000000000000e+00 3.676000000000000156e+00 0.000000000000000000e+00 3.913737134717421018e+00 0.000000000000000000e+00
7.183979974968711657e-01 3.670999999999999819e+00 0.000000000000000000e+00 3.670999999999999819e+00 0.000000000000000000e+00 3.913382566769658677e+00 0.000000000000000000e+00
7.200000000000000844e-01 3.666999999999999815e+00 0.000000000000000000e+00 3.666999999999999815e+00 0.000000000000000000e+00 3.913029706790123630e+00 0.000000000000000000e+00
7.216007635986917412e-01 3.662999999999999812e+00 0.000000000000000000e+00 3.662999999999999812e+00 0.000000000000000000e+00 3.912679464482198277e+00 0.000000000000000000e+00
7.232002239876808014e-01 3.658999999999999808e+00 0.000000000000000000e+00 3.658999999999999808e+00 0.000000000000000000e+00 3.912331827628766856e+00 0.000000000000000000e+00
7.247983163802175222e-01 3.654999999999999805e+00 0.000000000000000000e+00 3.654999999999999805e+00 0.000000000000000000e+00 3.911986784076677992e+00 0.000000000000000000e+00
7.263992313235646536e-01 3.650999999999999801e+00 0.000000000000000000e+00 3.650999999999999801e+00 0.000000000000000000e+00 3.911643411937415049e+00 0.000000000000000000e+00
7.279986847358902446e-01 3.646999999999999797e+00 0.000000000000000000e+00 3.646999999999999797e+00 0.000000000000000000e+00 3.911302612977500370e+00 0.000000000000000000e+00
7.296009038803299429e-01 3.642999999999999794e+00 0.000000000000000000e+00 3.642999999999999794e+00 0.000000000000000000e+00 3.910963469396779857e+00 0.000000000000000000e+00
7.311972541179384555e-01 3.640000000000000124e+00 0.000000000000000000e+00 3.640000000000000124e+00 0.000000000000000000e+00 3.910627782857350798e+00 0.000000000000000000e+00
7.328006052295615858e-01 3.636000000000000121e+00 0.000000000000000000e+00 3.636000000000000121e+00 0.000000000000000000e+00 3.910292829989831631e+00 0.000000000000000000e+00
7.343979528976923854e-01 3.632000000000000117e+00 0.000000000000000000e+00 3.632000000000000117e+00 0.000000000000000000e+00 3.909961310432976678e+00 0.000000000000000000e+00
7.359979104459892785e-01 3.629000000000000004e+00 0.000000000000000000e+00 3.629000000000000004e+00 0.000000000000000000e+00 3.909631410659374140e+00 0.000000000000000000e+00
7.376004664140257683e-01 3.625000000000000000e+00 0.000000000000000000e+00 3.625000000000000000e+00 0.000000000000000000e+00 3.909303124800331375e+00 0.000000000000000000e+00
7.391967948106458186e-01 3.621999999999999886e+00 0.000000000000000000e+00 3.621999999999999886e+00 0.000000000000000000e+00 3.908978235083564012e+00 0.000000000000000000e+00
7.408000477997191968e-01 3.617999999999999883e+00 0.000000000000000000e+00 3.617999999999999883e+00 0.000000000000000000e+00 3.908654047739009929e+00 0.000000000000000000e+00
7.423969342235261504e-01 3.615000000000000213e+00 0.000000000000000000e+00 3.615000000000000213e+00 0.000000000000000000e+00 3.908333233317815125e+00 0.000000000000000000e+00
7.440007200936121778e-01 3.611000000000000210e+00 0.000000000000000000e+00 3.611000000000000210e+00 0.000000000000000000e+00 3.908013109707348498e+00 0.000000000000000000e+00
7.455979986529395198e-01 3.608000000000000096e+00 0.000000000000000000e+00 3.608000000000000096e+00 0.000000000000000000e+00 3.907696335993216419e+00 0.000000000000000000e+00
7.471976472289854065e-01 3.604999999999999982e+00 0.000000000000000000e+00 3.604999999999999982e+00 0.000000000000000000e+00 3.907381126093875334e+00 0.000000000000000000e+00
7.487996521255971816e-01 3.600999999999999979e+00 0.000000000000000000e+00 3.600999999999999979e+00 0.000000000000000000e+00 3.907067474316533229e+00 0.000000000000000000e+00
7.503994577059023285e-01 3.597999999999999865e+00 0.000000000000000000e+00 3.597999999999999865e+00 0.000000000000000000e+00 3.906756255680117196e+00 0.000000000000000000e+00
7.519969916238559149e-01 3.595000000000000195e+00 0.000000000000000000e+00 3.595000000000000195e+00 0.000000000000000000e+00 3.906447458894988678e+00 0.000000000000000000e+00
7.535967615470178238e-01 3.592000000000000082e+00 0.000000000000000000e+00 3.592000000000000082e+00 0.000000000000000000e+00 3.906140195770976487e+00 0.000000000000000000e+00
7.551987525430337023e-01 3.588999999999999968e+00 0.000000000000000000e+00 3.588999999999999968e+00 0.000000000000000000e+00 3.905834460711233636e+00 0.000000000000000000e+00
7.567983299456134683e-01 3.585999999999999854e+00 0.000000000000000000e+00 3.585999999999999854e+00 0.000000000000000000e+00 3.905531121384163029e+00 0.000000000000000000e+00
7.584000587224203338e-01 3.583000000000000185e+00 0.000000000000000000e+00 3.583000000000000185e+00 0.000000000000000000e+00 3.905229295281724244e+00 0.000000000000000000e+00
7.599992644219275562e-01 3.580000000000000071e+00 0.000000000000000000e+00 3.580000000000000071e+00 0.000000000000000000e+00 3.904929846442365182e+00 0.000000000000000000e+00
7.616005503888350070e-01 3.576999999999999957e+00 0.000000000000000000e+00 3.576999999999999957e+00 0.000000000000000000e+00 3.904631896115927869e+00 0.000000000000000000e+00
7.631992022307990675e-01 3.573999999999999844e+00 0.000000000000000000e+00 3.573999999999999844e+00 0.000000000000000000e+00 3.904336304742888064e+00 0.000000000000000000e+00
7.647998618247765501e-01 3.572000000000000064e+00 0.000000000000000000e+00 3.572000000000000064e+00 0.000000000000000000e+00 3.904042197298988270e+00 0.000000000000000000e+00
7.663977746870653807e-01 3.568999999999999950e+00 0.000000000000000000e+00 3.568999999999999950e+00 0.000000000000000000e+00 3.903750430658712745e+00 0.000000000000000000e+00
7.679976213778665350e-01 3.565999999999999837e+00 0.000000000000000000e+00 3.565999999999999837e+00 0.000000000000000000e+00 3.903460133491723383e+00 0.000000000000000000e+00
7.695993842410399077e-01 3.563000000000000167e+00 0.000000000000000000e+00 3.563000000000000167e+00 0.000000000000000000e+00 3.903171300409056244e+00 0.000000000000000000e+00
7.711982484076433941e-01 3.560999999999999943e+00 0.000000000000000000e+00 3.560999999999999943e+00 0.000000000000000000e+00 3.902884782981518086e+00 0.000000000000000000e+00
7.727989528469474401e-01 3.557999999999999829e+00 0.000000000000000000e+00 3.557999999999999829e+00 0.000000000000000000e+00 3.902599715353018972e+00 0.000000000000000000e+00
7.743966421825814184e-01 3.555000000000000160e+00 0.000000000000000000e+00 3.555000000000000160e+00 0.000000000000000000e+00 3.902316945602999354e+00 0.000000000000000000e+00
7.760009513497273526e-01 3.552999999999999936e+00 0.000000000000000000e+00 3.552999999999999936e+00 0.000000000000000000e+00 3.902034759849231538e+00 0.000000000000000000e+00
7.775972906017750708e-01 3.549999999999999822e+00 0.000000000000000000e+00 3.549999999999999822e+00 0.000000000000000000e+00 3.901755707750983238e+00 0.000000000000000000e+00
7.792002111653689722e-01 3.548000000000000043e+00 0.000000000000000000e+00 3.548000000000000043e+00 0.000000000000000000e+00 3.901477229110925204e+00 0.000000000000000000e+00
7.807999193908975455e-01 3.544999999999999929e+00 0.000000000000000000e+00 3.544999999999999929e+00 0.000000000000000000e+00 3.901201016735161176e+00 0.000000000000000000e+00
7.823963348836034948e-01 3.543000000000000149e+00 0.000000000000000000e+00 3.543000000000000149e+00 0.000000000000000000e+00 3.900927060197566298e+00 0.000000000000000000e+00
7.839992917802243166e-01 3.540000000000000036e+00 0.000000000000000000e+00 3.540000000000000036e+00 0.000000000000000000e+00 3.900653663216661737e+00 0.000000000000000000e+00
7.855988746744730911e-01 3.537999999999999812e+00 0.000000000000000000e+00 3.537999999999999812e+00 0.000000000000000000e+00 3.900382508257711489e+00 0.000000000000000000e+00
7.872000000000000108e-01 3.535000000000000142e+00 0.000000000000000000e+00 3.535000000000000142e+00 0.000000000000000000e+00 3.900112745492927413e+00 0.000000000000000000e+00
7.887976282120612304e-01 3.532999999999999918e+00 0.000000000000000000e+00 3.532999999999999918e+00 0.000000000000000000e+00 3.899845207613088505e+00 0.000000000000000000e+00
7.903967156053371967e-01 3.531000000000000139e+00 0.000000000000000000e+00 3.531000000000000139e+00 0.000000000000000000e+00 3.899579048281770710e+00 0.000000000000000000e+00
7.919972404277336731e-01 3.528000000000000025e+00 0.000000000000000000e+00 3.528000000000000025e+00 0.000000000000000000e+00 3.899314262413840382e+00 0.000000000000000000e+00
7.935991806951290251e-01 3.525999999999999801e+00 0.000000000000000000e+00 3.525999999999999801e+00 0.000000000000000000e+00 3.899050844940153748e+00 0.000000000000000000e+00
7.951974139921496043e-01 3.524000000000000021e+00 0.000000000000000000e+00 3.524000000000000021e+00 0.000000000000000000e+00 3.898789621888578250e+00 0.000000000000000000e+00
7.967969769220388798e-01 3.521999999999999797e+00 0.000000000000000000e+00 3.521999999999999797e+00 0.000000000000000000e+00 3.898529753798814834e+00 0.000000000000000000e+00
7.983978466234359361e-01 3.519000000000000128e+00 0.000000000000000000e+00 3.519000000000000128e+00 0.000000000000000000e+00 3.898271235665685008e+00 0.000000000000000000e+00
8.000000000000000444e-01 3.516999999999999904e+00 0.000000000000000000e+00 3.516999999999999904e+00 0.000000000000000000e+00 3.898014062500000154e+00 0.000000000000000000e+00
8.015982310840429337e-01 3.515000000000000124e+00 0.000000000000000000e+00 3.515000000000000124e+00 0.000000000000000000e+00 3.897759053773321103e+00 0.000000000000000000e+00
8.031976574697304860e-01 3.512999999999999901e+00 0.000000000000000000e+00 3.512999999999999901e+00 0.000000000000000000e+00 3.897505376794869303e+00 0.000000000000000000e+00
8.047982551799346407e-01 3.511000000000000121e+00 0.000000000000000000e+00 3.511000000000000121e+00 0.000000000000000000e+00 3.897253026639419637e+00 0.000000000000000000e+00
8.064000000000000057e-01 3.508999999999999897e+00 0.000000000000000000e+00 3.508999999999999897e+00 0.000000000000000000e+00 3.897001998397738642e+00 0.000000000000000000e+00
8.079976017621836037e-01 3.507000000000000117e+00 0.000000000000000000e+00 3.507000000000000117e+00 0.000000000000000000e+00 3.896753105091689040e+00 0.000000000000000000e+00
8.095962597049815024e-01 3.504999999999999893e+00 0.000000000000000000e+00 3.504999999999999893e+00 0.000000000000000000e+00 3.896505520693404279e+00 0.000000000000000000e+00
8.112012562156504236e-01 3.503000000000000114e+00 0.000000000000000000e+00 3.503000000000000114e+00 0.000000000000000000e+00 3.896258425667357805e+00 0.000000000000000000e+00
8.127966435033433523e-01 3.500999999999999890e+00 0.000000000000000000e+00 3.500999999999999890e+00 0.000000000000000000e+00 3.896014259255038858e+00 0.000000000000000000e+00
8.143983184445612311e-01 3.499000000000000110e+00 0.000000000000000000e+00 3.499000000000000110e+00 0.000000000000000000e+00 3.895770572572392343e+00 0.000000000000000000e+00
8.160009477362925034e-01 3.496999999999999886e+00 0.000000000000000000e+00 3.496999999999999886e+00 0.000000000000000000e+00 3.895528175512377178e+00 0.000000000000000000e+00
8.175991137136978670e-01 3.495000000000000107e+00 0.000000000000000000e+00 3.495000000000000107e+00 0.000000000000000000e+00 3.895287871603538843e+00 0.000000000000000000e+00
8.191981393873721817e-01 3.492999999999999883e+00 0.000000000000000000e+00 3.492999999999999883e+00 0.000000000000000000e+00 3.895048844609826144e+00 0.000000000000000000e+00
8.207979980536633802e-01 3.491000000000000103e+00 0.000000000000000000e+00 3.491000000000000103e+00 0.000000000000000000e+00 3.894811089797905801e+00 0.000000000000000000e+00
8.223986627664020554e-01 3.488999999999999879e+00 0.000000000000000000e+00 3.488999999999999879e+00 0.000000000000000000e+00 3.894574602450436629e+00 0.000000000000000000e+00
8.240001063363151523e-01 3.487000000000000099e+00 0.000000000000000000e+00 3.487000000000000099e+00 0.000000000000000000e+00 3.894339377866067764e+00 0.000000000000000000e+00
8.255968037289829198e-01 3.484999999999999876e+00 0.000000000000000000e+00 3.484999999999999876e+00 0.000000000000000000e+00 3.894106211839035936e+00 0.000000000000000000e+00
8.271997011021857693e-01 3.483999999999999986e+00 0.000000000000000000e+00 3.483999999999999986e+00 0.000000000000000000e+00 3.893873497189652699e+00 0.000000000000000000e+00
8.287977539356262691e-01 3.482000000000000206e+00 0.000000000000000000e+00 3.482000000000000206e+00 0.000000000000000000e+00 3.893642828688598900e+00 0.000000000000000000e+00
8.303964315135928809e-01 3.479999999999999982e+00 0.000000000000000000e+00 3.479999999999999982e+00 0.000000000000000000e+00 3.893413401234882443e+00 0.000000000000000000e+00
8.320012884263081610e-01 3.478000000000000203e+00 0.000000000000000000e+00 3.478000000000000203e+00 0.000000000000000000e+00 3.893184415900031947e+00 0.000000000000000000e+00
8.336011510559189208e-01 3.475999999999999979e+00 0.000000000000000000e+00 3.475999999999999979e+00 0.000000000000000000e+00 3.892957458265239978e+00 0.000000000000000000e+00
8.351959258735323077e-01 3.475000000000000089e+00 0.000000000000000000e+00 3.475000000000000089e+00 0.000000000000000000e+00 3.892732519183660589e+00 0.000000000000000000e+00
8.367968143623663035e-01 3.472999999999999865e+00 0.000000000000000000e+00 3.472999999999999865e+00 0.000000000000000000e+00 3.892508010025153009e+00 0.000000000000000000e+00
8.383981823345640905e-01 3.471000000000000085e+00 0.000000000000000000e+00 3.471000000000000085e+00 0.000000000000000000e+00 3.892284719046868346e+00 0.000000000000000000e+00
8.400000000000000799e-01 3.470000000000000195e+00 0.000000000000000000e+00 3.470000000000000195e+00 0.000000000000000000e+00 3.892062641723355920e+00 0.000000000000000000e+00
8.415965245723594501e-01 3.467999999999999972e+00 0.000000000000000000e+00 3.467999999999999972e+00 0.000000000000000000e+00 3.891842558806663188e+00 0.000000000000000000e+00
8.431991294885746724e-01 3.466000000000000192e+00 0.000000000000000000e+00 3.466000000000000192e+00 0.000000000000000000e+00 3.891622893787817894e+00 0.000000000000000000e+00
8.447963369264523958e-01 3.464999999999999858e+00 0.000000000000000000e+00 3.464999999999999858e+00 0.000000000000000000e+00 3.891405211235853923e+00 0.000000000000000000e+00
8.463996067829935299e-01 3.463000000000000078e+00 0.000000000000000000e+00 3.463000000000000078e+00 0.000000000000000000e+00 3.891187940633089593e+00 0.000000000000000000e+00
8.479973736047274890e-01 3.460999999999999854e+00 0.000000000000000000e+00 3.460999999999999854e+00 0.000000000000000000e+00 3.890972640642552882e+00 0.000000000000000000e+00
8.496011841131486664e-01 3.459999999999999964e+00 0.000000000000000000e+00 3.459999999999999964e+00 0.000000000000000000e+00 3.890757746695210795e+00 0.000000000000000000e+00
8.511993848604264556e-01 3.458000000000000185e+00 0.000000000000000000e+00 3.458000000000000185e+00 0.000000000000000000e+00 3.890544811590728180e+00 0.000000000000000000e+00
8.527977439213123567e-01 3.456999999999999851e+00 0.000000000000000000e+00 3.456999999999999851e+00 0.000000000000000000e+00 3.890333051613395376e+00 0.000000000000000000e+00
8.543962291455624580e-01 3.455000000000000071e+00 0.000000000000000000e+00 3.455000000000000071e+00 0.000000000000000000e+00 3.890122462397672010e+00 0.000000000000000000e+00
8.560007180287350081e-01 3.454000000000000181e+00 0.000000000000000000e+00 3.454000000000000181e+00 0.000000000000000000e+00 3.889912267541061119e+00 0.000000000000000000e+00
8.575993802353168993e-01 3.451999999999999957e+00 0.000000000000000000e+00 3.451999999999999957e+00 0.000000000000000000e+00 3.889704008255089995e+00 0.000000000000000000e+00
8.591980707128107353e-01 3.451000000000000068e+00 0.000000000000000000e+00 3.451000000000000068e+00 0.000000000000000000e+00 3.889496906724723591e+00 0.000000000000000000e+00
8.607967563214241613e-01 3.448999999999999844e+00 0.000000000000000000e+00 3.448999999999999844e+00 0.000000000000000000e+00 3.889290958648386809e+00 0.000000000000000000e+00
8.624014022787029887e-01 3.447999999999999954e+00 0.000000000000000000e+00 3.447999999999999954e+00 0.000000000000000000e+00 3.889085393417650138e+00 0.000000000000000000e+00
8.639999999999999902e-01 3.446000000000000174e+00 0.000000000000000000e+00 3.446000000000000174e+00 0.000000000000000000e+00 3.888881740826474864e+00 0.000000000000000000e+00
8.655984919886898776e-01 3.444999999999999840e+00 0.000000000000000000e+00 3.444999999999999840e+00 0.000000000000000000e+00 3.888679228875215887e+00 0.000000000000000000e+00
8.671968441152401175e-01 3.443000000000000060e+00 0.000000000000000000e+00 3.443000000000000060e+00 0.000000000000000000e+00 3.888477853326261613e+00 0.000000000000000000e+00
8.688011099665748915e-01 3.442000000000000171e+00 0.000000000000000000e+00 3.442000000000000171e+00 0.000000000000000000e+00 3.888276849279965752e+00 0.000000000000000000e+00
8.703991014075608268e-01 3.439999999999999947e+00 0.000000000000000000e+00 3.439999999999999947e+00 0.000000000000000000e+00 3.888077735283294256e+00 0.000000000000000000e+00
8.719968491532099630e-01 3.439000000000000057e+00 0.000000000000000000e+00 3.439000000000000057e+00 0.000000000000000000e+00 3.887879745066706416e+00 0.000000000000000000e+00
8.736004734961916318e-01 3.438000000000000167e+00 0.000000000000000000e+00 3.438000000000000167e+00 0.000000000000000000e+00 3.887682117957507621e+00 0.000000000000000000e+00
8.751976507793088889e-01 3.435999999999999943e+00 0.000000000000000000e+00 3.435999999999999943e+00 0.000000000000000000e+00 3.887486364176688802e+00 0.000000000000000000e+00
8.768006789010289737e-01 3.435000000000000053e+00 0.000000000000000000e+00 3.435000000000000053e+00 0.000000000000000000e+00 3.887290967959716514e+00 0.000000000000000000e+00
8.783971434239238318e-01 3.434000000000000163e+00 0.000000000000000000e+00 3.434000000000000163e+00 0.000000000000000000e+00 3.887097434026681508e+00 0.000000000000000000e+00
8.799994321851644097e-01 3.431999999999999940e+00 0.000000000000000000e+00 3.431999999999999940e+00 0.000000000000000000e+00 3.886904252156591966e+00 0.000000000000000000e+00
8.816013083514061544e-01 3.431000000000000050e+00 0.000000000000000000e+00 3.431000000000000050e+00 0.000000000000000000e+00 3.886712171977700248e+00 0.000000000000000000e+00
8.831964439632143948e-01 3.430000000000000160e+00 0.000000000000000000e+00 3.430000000000000160e+00 0.000000000000000000e+00 3.886521937670660343e+00 0.000000000000000000e+00
8.847973623926865816e-01 3.427999999999999936e+00 0.000000000000000000e+00 3.427999999999999936e+00 0.000000000000000000e+00 3.886332047255170785e+00 0.000000000000000000e+00
8.863977579821840092e-01 3.427000000000000046e+00 0.000000000000000000e+00 3.427000000000000046e+00 0.000000000000000000e+00 3.886143246303102483e+00 0.000000000000000000e+00
8.879975935024566613e-01 3.426000000000000156e+00 0.000000000000000000e+00 3.426000000000000156e+00 0.000000000000000000e+00 3.885955530768735233e+00 0.000000000000000000e+00
8.895968314785717146e-01 3.423999999999999932e+00 0.000000000000000000e+00 3.423999999999999932e+00 0.000000000000000000e+00 3.885768896622339152e+00 0.000000000000000000e+00
8.911954341903809418e-01 3.423000000000000043e+00 0.000000000000000000e+00 3.423000000000000043e+00 0.000000000000000000e+00 3.885583339850176898e+00 0.000000000000000000e+00
8.927997926132885675e-01 3.422000000000000153e+00 0.000000000000000000e+00 3.422000000000000153e+00 0.000000000000000000e+00 3.885398116223620413e+00 0.000000000000000000e+00
8.943970336812794297e-01 3.420999999999999819e+00 0.000000000000000000e+00 3.420999999999999819e+00 0.000000000000000000e+00 3.885214703544595860e+00 0.000000000000000000e+00
8.960000000000000187e-01 3.419000000000000039e+00 0.000000000000000000e+00 3.419000000000000039e+00 0.000000000000000000e+00 3.885031618702168288e+00 0.000000000000000000e+00
8.975957257346394158e-01 3.418000000000000149e+00 0.000000000000000000e+00 3.418000000000000149e+00 0.000000000000000000e+00 3.884850334231898739e+00 0.000000000000000000e+00
8.991971454058876878e-01 3.416999999999999815e+00 0.000000000000000000e+00 3.416999999999999815e+00 0.000000000000000000e+00 3.884669372331861048e+00 0.000000000000000000e+00
9.007977448088464456e-01 3.415999999999999925e+00 0.000000000000000000e+00 3.415999999999999925e+00 0.000000000000000000e+00 3.884489466655308476e+00 0.000000000000000000e+00
9.023974846063147481e-01 3.415000000000000036e+00 0.000000000000000000e+00 3.415000000000000036e+00 0.000000000000000000e+00 3.884310613284448710e+00 0.000000000000000000e+00
9.039963252181901776e-01 3.412999999999999812e+00 0.000000000000000000e+00 3.412999999999999812e+00 0.000000000000000000e+00 3.884132808317480201e+00 0.000000000000000000e+00
9.056008414409676410e-01 3.411999999999999922e+00 0.000000000000000000e+00 3.411999999999999922e+00 0.000000000000000000e+00 3.883955318101150134e+00 0.000000000000000000e+00
9.071977873224699174e-01 3.411000000000000032e+00 0.000000000000000000e+00 3.411000000000000032e+00 0.000000000000000000e+00 3.883779599585134079e+00 0.000000000000000000e+00
9.088003752950317704e-01 3.410000000000000142e+00 0.000000000000000000e+00 3.410000000000000142e+00 0.000000000000000000e+00 3.883604190659996735e+00 0.000000000000000000e+00
9.103952653336957468e-01 3.408999999999999808e+00 0.000000000000000000e+00 3.408999999999999808e+00 0.000000000000000000e+00 3.883430543158298498e+00 0.000000000000000000e+00
9.119957630858858133e-01 3.407999999999999918e+00 0.000000000000000000e+00 3.407999999999999918e+00 0.000000000000000000e+00 3.883257200130362463e+00 0.000000000000000000e+00
9.136018981791923510e-01 3.406000000000000139e+00 0.000000000000000000e+00 3.406000000000000139e+00 0.000000000000000000e+00 3.883084161576188631e+00 0.000000000000000000e+00
9.152001889689382885e-01 3.404999999999999805e+00 0.000000000000000000e+00 3.404999999999999805e+00 0.000000000000000000e+00 3.882912871705965774e+00 0.000000000000000000e+00
9.167973024934189530e-01 3.403999999999999915e+00 0.000000000000000000e+00 3.403999999999999915e+00 0.000000000000000000e+00 3.882742602084833017e+00 0.000000000000000000e+00
9.183999999999999941e-01 3.403000000000000025e+00 0.000000000000000000e+00 3.403000000000000025e+00 0.000000000000000000e+00 3.882572629341742854e+00 0.000000000000000000e+00
9.200014840648537140e-01 3.402000000000000135e+00 0.000000000000000000e+00 3.402000000000000135e+00 0.000000000000000000e+00 3.882403671815911395e+00 0.000000000000000000e+00
9.216017126164230966e-01 3.400999999999999801e+00 0.000000000000000000e+00 3.400999999999999801e+00 0.000000000000000000e+00 3.882235725749456190e+00 0.000000000000000000e+00
9.232006433453959771e-01 3.399999999999999911e+00 0.000000000000000000e+00 3.399999999999999911e+00 0.000000000000000000e+00 3.882068787400485999e+00 0.000000000000000000e+00
9.247982337057867319e-01 3.399000000000000021e+00 0.000000000000000000e+00 3.399000000000000021e+00 0.000000000000000000e+00 3.881902853043100343e+00 0.000000000000000000e+00
9.264013628823766222e-01 3.398000000000000131e+00 0.000000000000000000e+00 3.398000000000000131e+00 0.000000000000000000e+00 3.881737205585380046e+00 0.000000000000000000e+00
9.279961677794079655e-01 3.396999999999999797e+00 0.000000000000000000e+00 3.396999999999999797e+00 0.000000000000000000e+00 3.881573269323401743e+00 0.000000000000000000e+00
9.295964730757119154e-01 3.395999999999999908e+00 0.000000000000000000e+00 3.395999999999999908e+00 0.000000000000000000e+00 3.881409615035864125e+00 0.000000000000000000e+00
9.311953133801493809e-01 3.395000000000000018e+00 0.000000000000000000e+00 3.395000000000000018e+00 0.000000000000000000e+00 3.881246952426849361e+00 0.000000000000000000e+00
9.327996629450180377e-01 3.394000000000000128e+00 0.000000000000000000e+00 3.394000000000000128e+00 0.000000000000000000e+00 3.881084569345654156e+00 0.000000000000000000e+00
9.343954660898795561e-01 3.392999999999999794e+00 0.000000000000000000e+00 3.392999999999999794e+00 0.000000000000000000e+00 3.880923880333851717e+00 0.000000000000000000e+00
9.359967386873218054e-01 3.391999999999999904e+00 0.000000000000000000e+00 3.391999999999999904e+00 0.000000000000000000e+00 3.880763465988607663e+00 0.000000000000000000e+00
9.375964185244562987e-01 3.391000000000000014e+00 0.000000000000000000e+00 3.391000000000000014e+00 0.000000000000000000e+00 3.880604031168735091e+00 0.000000000000000000e+00
9.392015756382092739e-01 3.390000000000000124e+00 0.000000000000000000e+00 3.390000000000000124e+00 0.000000000000000000e+00 3.880444868600781749e+00 0.000000000000000000e+00
9.407979603296252602e-01 3.388999999999999790e+00 0.000000000000000000e+00 3.388999999999999790e+00 0.000000000000000000e+00 3.880287383199745754e+00 0.000000000000000000e+00
9.423997810918046669e-01 3.387999999999999901e+00 0.000000000000000000e+00 3.387999999999999901e+00 0.000000000000000000e+00 3.880130165253332652e+00 0.000000000000000000e+00
9.439998781778451420e-01 3.387000000000000011e+00 0.000000000000000000e+00 3.387000000000000011e+00 0.000000000000000000e+00 3.879973914839048632e+00 0.000000000000000000e+00
9.455982061822647555e-01 3.386000000000000121e+00 0.000000000000000000e+00 3.386000000000000121e+00 0.000000000000000000e+00 3.879818628390903079e+00 0.000000000000000000e+00
9.472019557660720235e-01 3.384999999999999787e+00 0.000000000000000000e+00 3.384999999999999787e+00 0.000000000000000000e+00 3.879663604642726860e+00 0.000000000000000000e+00
9.487966328678016925e-01 3.383999999999999897e+00 0.000000000000000000e+00 3.383999999999999897e+00 0.000000000000000000e+00 3.879510236665523859e+00 0.000000000000000000e+00
9.503966885132805187e-01 3.383000000000000007e+00 0.000000000000000000e+00 3.383000000000000007e+00 0.000000000000000000e+00 3.879357126676278078e+00 0.000000000000000000e+00
9.520021499596883485e-01 3.382000000000000117e+00 0.000000000000000000e+00 3.382000000000000117e+00 0.000000000000000000e+00 3.879204274674989961e+00 0.000000000000000000e+00
9.535983755970373066e-01 3.380999999999999783e+00 0.000000000000000000e+00 3.380999999999999783e+00 0.000000000000000000e+00 3.879053066717949694e+00 0.000000000000000000e+00
9.551999630197459679e-01 3.379999999999999893e+00 0.000000000000000000e+00 3.379999999999999893e+00 0.000000000000000000e+00 3.878902112079498199e+00 0.000000000000000000e+00
9.567995554938185654e-01 3.379000000000000004e+00 0.000000000000000000e+00 3.379000000000000004e+00 0.000000000000000000e+00 3.878752101471751867e+00 0.000000000000000000e+00
9.583971058856268765e-01 3.378000000000000114e+00 0.000000000000000000e+00 3.378000000000000114e+00 0.000000000000000000e+00 3.878603031424667336e+00 0.000000000000000000e+00
9.599999999999999645e-01 3.376999999999999780e+00 0.000000000000000000e+00 3.376999999999999780e+00 0.000000000000000000e+00 3.878454210069444574e+00 0.000000000000000000e+00
9.616008066079808625e-01 3.375999999999999890e+00 0.000000000000000000e+00 3.375999999999999890e+00 0.000000000000000000e+00 3.878306324669478222e+00 0.000000000000000000e+00
9.631994779406625184e-01 3.375000000000000000e+00 0.000000000000000000e+00 3.375000000000000000e+00 0.000000000000000000e+00 3.878159371786705112e+00 0.000000000000000000e+00
9.647959660098982537e-01 3.375000000000000000e+00 0.000000000000000000e+00 3.375000000000000000e+00 0.000000000000000000e+00 3.878013347999054616e+00 0.000000000000000000e+00
9.663977551736232519e-01 3.374000000000000110e+00 0.000000000000000000e+00 3.374000000000000110e+00 0.000000000000000000e+00 3.877867566043131209e+00 0.000000000000000000e+00
9.679973142415466691e-01 3.373000000000000220e+00 0.000000000000000000e+00 3.373000000000000220e+00 0.000000000000000000e+00 3.877722708640889415e+00 0.000000000000000000e+00
9.696021771942034961e-01 3.371999999999999886e+00 0.000000000000000000e+00 3.371999999999999886e+00 0.000000000000000000e+00 3.877578090804985056e+00 0.000000000000000000e+00
9.711971549651029489e-01 3.370999999999999996e+00 0.000000000000000000e+00 3.370999999999999996e+00 0.000000000000000000e+00 3.877435073475196337e+00 0.000000000000000000e+00
9.727973888004016745e-01 3.370000000000000107e+00 0.000000000000000000e+00 3.370000000000000107e+00 0.000000000000000000e+00 3.877292291212947273e+00 0.000000000000000000e+00
9.743952468524543775e-01 3.369000000000000217e+00 0.000000000000000000e+00 3.369000000000000217e+00 0.000000000000000000e+00 3.877150422257383156e+00 0.000000000000000000e+00
9.759983626301826920e-01 3.369000000000000217e+00 0.000000000000000000e+00 3.369000000000000217e+00 0.000000000000000000e+00 3.877008786135951013e+00 0.000000000000000000e+00
9.775990538143110031e-01 3.367999999999999883e+00 0.000000000000000000e+00 3.367999999999999883e+00 0.000000000000000000e+00 3.876868058865047928e+00 0.000000000000000000e+00
9.791972705302562918e-01 3.366999999999999993e+00 0.000000000000000000e+00 3.366999999999999993e+00 0.000000000000000000e+00 3.876728237118549192e+00 0.000000000000000000e+00
9.808007214562023401e-01 3.366000000000000103e+00 0.000000000000000000e+00 3.366000000000000103e+00 0.000000000000000000e+00 3.876588643771347709e+00 0.000000000000000000e+00
9.824016481121985445e-01 3.365000000000000213e+00 0.000000000000000000e+00 3.365000000000000213e+00 0.000000000000000000e+00 3.876449951535037020e+00 0.000000000000000000e+00
9.839999999999999858e-01 3.363999999999999879e+00 0.000000000000000000e+00 3.363999999999999879e+00 0.000000000000000000e+00 3.876312157115473500e+00 0.000000000000000000e+00
9.855957264141944618e-01 3.363999999999999879e+00 0.000000000000000000e+00 3.363999999999999879e+00 0.000000000000000000e+00 3.876175257234504734e+00 0.000000000000000000e+00
9.871966367284541466e-01 3.362999999999999989e+00 0.000000000000000000e+00 3.362999999999999989e+00 0.000000000000000000e+00 3.876038579180536292e+00 0.000000000000000000e+00
9.887948703634290570e-01 3.362000000000000099e+00 0.000000000000000000e+00 3.362000000000000099e+00 0.000000000000000000e+00 3.875902791315613882e+00 0.000000000000000000e+00
9.903982873484256100e-01 3.361000000000000210e+00 0.000000000000000000e+00 3.361000000000000210e+00 0.000000000000000000e+00 3.875767223108247173e+00 0.000000000000000000e+00
9.919989758689111703e-01 3.359999999999999876e+00 0.000000000000000000e+00 3.359999999999999876e+00 0.000000000000000000e+00 3.875632540761698497e+00 0.000000000000000000e+00
9.935968841909554872e-01 3.359999999999999876e+00 0.000000000000000000e+00 3.359999999999999876e+00 0.000000000000000000e+00 3.875498741045787732e+00 0.000000000000000000e+00
9.951999486282128160e-01 3.358999999999999986e+00 0.000000000000000000e+00 3.358999999999999986e+00 0.000000000000000000e+00 3.875365156680527168e+00 0.000000000000000000e+00
9.968001800903669718e-01 3.358000000000000096e+00 0.000000000000000000e+00 3.358000000000000096e+00 0.000000000000000000e+00 3.875232450660319294e+00 0.000000000000000000e+00
9.983975262314488397e-01 3.357000000000000206e+00 0.000000000000000000e+00 3.357000000000000206e+00 0.000000000000000000e+00 3.875100619786966405e+00 0.000000000000000000e+00
1.000000000000000000e+00 3.357000000000000206e+00 0.000000000000000000e+00 3.357000000000000206e+00 0.000000000000000000e+00 3.874969000000000108e+00 0.000000000000000000e+00
