0.3599989547068679	2.89
0.36159905738792625	2.902
0.3631996156617823	2.914
0.3647993785841015	2.925
0.3663992198235738	2.935
0.36799895522299464	2.944
0.3695994991876705	2.954
0.3711995784544728	2.962
0.37279899932646976	2.969
0.3743998260627986	2.976
0.37599963608242737	2.982
0.37759937627151685	2.987
0.3791988695968657	2.992
0.3807991056208902	2.996
0.3823999309123883	2.999
0.38400000000000006	3.001
0.3855991242038217	3.003
0.38719953030383475	3.004
0.388799864529664	3.005
0.3903999596954488	3.004
0.39199964589011216	3.003
0.3936	3.002
0.39519961749940236	3
0.3967995903475645	2.997
0.3983997686412493	2.994
0.4	2.99
0.40159882873486524	2.986
0.4032	2.982
0.4047994514912582	2.977
0.4063996538601477	2.972
0.40799913124459086	2.967
0.4095990696936861	2.961
0.411199331383201	2.955
0.41279977626028386	2.949
0.41439887696781313	2.944
0.4159992484205088	2.938
0.41759936947830395	2.932
0.41919909116728205	2.927
0.42079969046867527	2.921
0.42239960752649713	2.917
0.42399868680236374	2.912
0.42559969243021323	2.908
0.4271995865276941	2.904
0.42879969011765845	2.901
0.43039987225194143	2.899
0.432	2.897
0.43359993844884087	2.897
0.4351995507037804	2.896
0.4367986978900605	2.897
0.438398789297446	2.899
0.4399997160925822	2.901
0.441599794843301	2.904
0.443198878991092	2.909
0.44480001148019127	2.913
0.4463998963066443	2.919
0.448	2.925
0.44959857270294384	2.932
0.4511987423031574	2.938
0.4527987670597516	2.946
0.4543985222812284	2.953
0.4559995586531566	2.959
0.45760009448446914	2.965
0.4592	2.97
0.46079914369497105	2.973
0.46239911685289337	2.974
0.46399982036398746	2.973
0.46559940515755444	2.969
0.46719949355068446	2.961
0.4687999818505621	2.95
0.47039898016481263	2.936
0.47199993908892257	2.917
0.4735991688025944	2.893
0.4752001655749706	2.864
0.47679918779851865	2.831
0.4783997777469093	2.793
0.48	2.751
0.48159973897033126	2.705
0.4831988775868116	2.655
0.48479919293978724	2.602
0.48639869440020084	2.547
0.48799918131509135	2.489
0.48959863526512815	2.43
0.4911988780203716	2.371
0.4927998219332171	2.311
0.49439940664415005	2.251
0.4959994879344556	2.192
0.4975999743141064	2.135
0.4991987631157244	2.078
0.5007997673404101	2.023
0.5023988589211619	1.97
0.504	1.919
0.5055990082455897	1.87
0.5071998952742506	1.823
0.5087984241628366	1.779
0.5103986563256434	1.736
0.511998414251911	1.695
0.5135997216261672	1.657
0.5151982314785188	1.621
0.516800260100789	1.586
0.5183992774922962	1.553
0.5199994967097399	1.523
0.5215986537652504	1.494
0.5231988454380878	1.466
0.5248	1.441
0.5263998097923	1.416
0.5279981602851558	1.394
0.5295994600805608	1.372
0.5311991225514558	1.353
0.5320996184696728	1.342
0.5327993193040056	1.334
0.5343999724145067	1.316
0.5359986857691277	1.3
0.5376000000000001	1.285
0.5391991858781165	1.271
0.5407984785899042	1.259
0.5424001679907605	1.247
0.5439994383797256	1.236
0.5455985636584464	1.226
0.5471998728920157	1.218
0.548798463166002	1.21
0.5503990908364483	1.203
0.5519992520335338	1.197
0.5535988569387391	1.193
0.5552003009215722	1.189
0.5567985341734293	1.186
0.5583984506947104	1.184
0.56	1.183
0.561598043212393	1.182
0.5632001162885774	1.183
0.5647984912467713	1.185
0.5663982019104702	1.188
0.5679991937035578	1.192
0.5695987944999059	1.197
0.5711995356101337	1.203
0.5727987138085404	1.21
0.5743988881167478	1.218
0.5760000000000001	1.228
0.5775992993375386	1.238
0.5791993870905956	1.25
0.5808002023694084	1.263
0.5823989477887123	1.277
0.583998266620192	1.293
0.5855980956159492	1.309
0.5871983707878472	1.327
0.588799027406433	1.345
0.5904	1.365
0.5919983956683046	1.385
0.593599785510466	1.405
0.5951984330819415	1.426
0.5967999691934459	1.447
0.5983985945471131	1.467
0.6000000000000001	1.486
0.6015983230708766	1.502
0.6031993149885183	1.516
0.6048000000000001	1.526
0.6064003051956627	1.531
0.6080001569235145	1.532
0.6095994807902216	1.526
0.6111982016622793	1.513
0.6127992724540836	1.494
0.6143996194195157	1.467
0.6159991653127842	1.433
0.6175978321511119	1.394
0.6191986335918654	1.35
0.620798429778136	1.303
0.6224002650562492	1.253
0.6239978257915477	1.205
0.6256004521051144	1.157
0.6271986402197502	1.112
0.6287986367509231	1.071
0.6304004067624254	1.034
0.631997471683879	1.002
0.6335994112897457	0.976
0.6351997294929531	0.955
0.6367983400017463	0.94
0.6383984429306271	0.93
0.64	0.926
0.641599652249511	0.928
0.6432006474338688	0.935
0.6447995922676473	0.948
0.646399766431882	0.966
0.6479977421681458	0.99
0.6496002347245654	1.02
0.6512004117798449	1.055
0.6527981803535042	1.095
0.6544003546885392	1.14
0.6560000000000001	1.188
0.6576005091757717	1.237
0.6591983326510105	1.282
0.6608004178503094	1.321
0.6623996922649514	1.346
0.6639996144020822	1.35
0.6656001374319551	1.327
0.6671976236089288	1.271
0.6687991887066236	1.184
0.6703975862572389	1.072
0.6720000000000002	0.944
0.6735991133422434	0.814
0.6751985013015586	0.689
0.6767981134547361	0.578
0.6783978988837821	0.483
0.6799978061756157	0.403
0.6815977834218425	0.339
0.6831977782186075	0.287
0.6847977376665267	0.246
0.6863976083707025	0.213
0.6879973364408191	0.187
0.689600703038528	0.167
0.6912	0.151
0.6927989897240181	0.138
0.6943976163406124	0.129
0.6959997305459812	0.121
0.6975974793225679	0.115
0.699198637514592	0.111
0.7007992403260267	0.107
0.7023992295272357	0.105
0.7039985463960844	0.103
0.7055971317189768	0.101
0.7071989595988981	0.1
0.708799972559041	0.098
0.7104001100116315	0.097
0.7119993108794901	0.095
0.7135975135975137	0.093
0.7151987816977781	0.092
0.7167989639762039	0.09
0.7183979974968712	0.089
0.7200000000000001	0.087
0.7216007635986917	0.086
0.7232002239876808	0.084
0.7247983163802175	0.083
0.7263992313235647	0.082
0.7279986847358902	0.08
0.7296009038803299	0.079
0.7311972541179385	0.077
0.7328006052295616	0.076
0.7343979528976924	0.075
0.7359979104459893	0.073
0.7376004664140258	0.072
0.7391967948106458	0.071
0.7408000477997192	0.069
0.7423969342235262	0.068
0.7440007200936122	0.067
0.7455979986529395	0.065
0.7471976472289854	0.064
0.7487996521255972	0.063
0.7503994577059023	0.062
0.7519969916238559	0.061
0.7535967615470178	0.059
0.7551987525430337	0.058
0.7567983299456135	0.057
0.7584000587224203	0.056
0.7599992644219276	0.055
0.761600550388835	0.054
0.7631992022307991	0.053
0.7647998618247766	0.052
0.7663977746870654	0.05
0.7679976213778665	0.049
0.7695993842410399	0.048
0.7711982484076434	0.047
0.7727989528469474	0.046
0.7743966421825814	0.045
0.7760009513497274	0.044
0.7775972906017751	0.043
0.779200211165369	0.043
0.7807999193908975	0.042
0.7823963348836035	0.041
0.7839992917802243	0.04
0.7855988746744731	0.039
0.7872	0.038
0.7887976282120612	0.037
0.7903967156053372	0.036
0.7919972404277337	0.035
0.793599180695129	0.035
0.7951974139921496	0.034
0.7967969769220389	0.033
0.7983978466234359	0.032
0.8	0.031
0.8015982310840429	0.031
0.8031976574697305	0.03
0.8047982551799346	0.029
0.8064	0.029
0.8079976017621836	0.028
0.8095962597049815	0.027
0.8112012562156504	0.026
0.8127966435033434	0.026
0.8143983184445612	0.025
0.8160009477362925	0.024
0.8175991137136979	0.024
0.8191981393873722	0.023
0.8207979980536634	0.023
0.822398662766402	0.022
0.8240001063363152	0.021
0.8255968037289829	0.021
0.8271997011021858	0.02
0.8287977539356263	0.02
0.8303964315135929	0.019
0.8320012884263082	0.018
0.8336011510559189	0.018
0.8351959258735323	0.017
0.8367968143623663	0.017
0.8383981823345641	0.016
0.8400000000000001	0.016
0.8415965245723595	0.015
0.8431991294885747	0.015
0.8447963369264524	0.014
0.8463996067829935	0.014
0.8479973736047275	0.014
0.8496011841131487	0.013
0.8511993848604265	0.013
0.8527977439213124	0.012
0.8543962291455625	0.012
0.856000718028735	0.011
0.8575993802353169	0.011
0.8591980707128107	0.011
0.8607967563214242	0.01
0.862401402278703	0.01
0.864	0.009
0.8655984919886899	0.009
0.8671968441152401	0.009
0.8688011099665749	0.008
0.8703991014075608	0.008
0.87199684915321	0.008
0.8736004734961916	0.007
0.8751976507793089	0.007
0.876800678901029	0.007
0.8783971434239238	0.007
0.8799994321851644	0.006
0.8816013083514062	0.006
0.8831964439632144	0.006
0.8847973623926866	0.005
0.886397757982184	0.005
0.8879975935024567	0.005
0.8895968314785717	0.005
0.8911954341903809	0.004
0.8927997926132886	0.004
0.8943970336812794	0.004
0.896	0.004
0.8975957257346394	0.004
0.8991971454058877	0.003
0.9007977448088464	0.003
0.9023974846063147	0.003
0.9039963252181902	0.003
0.9056008414409676	0.003
0.9071977873224699	0.002
0.9088003752950318	0.002
0.9103952653336957	0.002
0.9119957630858858	0.002
0.9136018981791924	0.002
0.9152001889689383	0.002
0.916797302493419	0.002
0.9184	0.002
0.9200014840648537	0.001
0.9216017126164231	0.001
0.923200643345396	0.001
0.9247982337057867	0.001
0.9264013628823766	0.001
0.927996167779408	0.001
0.9295964730757119	0.001
0.9311953133801494	0.001
0.932799662945018	0.001
0.9343954660898796	0.001
0.9359967386873218	0.001
0.9375964185244563	0.001
0.9392015756382093	0
0.9407979603296253	0
0.9423997810918047	0
0.9439998781778451	0
0.9455982061822648	0
0.947201955766072	0
0.9487966328678017	0
0.9503966885132805	0
0.9520021499596883	0
0.9535983755970373	0
0.955199963019746	0
0.9567995554938186	0
0.9583971058856269	0
0.96	0
0.9616008066079809	0
0.9631994779406625	0
0.9647959660098983	0
0.9663977551736233	0
0.9679973142415467	0
0.9696021771942035	0.00009537
0.971197154965103	0.00008501
0.9727973888004017	0.00007528
0.9743952468524544	0.00006617
0.9759983626301827	0.00005767
0.977599053814311	0.00004978
0.9791972705302563	0.0000425
0.9808007214562023	0.00003581
0.9824016481121985	0.00002972
0.984	0.00002421
0.9855957264141945	0.00001928
0.9871966367284541	0.00001492
0.9887948703634291	0.00001113
0.9903982873484256	7.908e-6
0.9919989758689112	5.241e-6
0.9935968841909555	3.127e-6
0.9951999486282128	1.559e-6
0.996800180090367	5.342e-7
0.9983975262314488	4.608e-8
1.	0