3.599989547068678797e-01 2.412999999999999812e+00 2.890000000000000124e+00 2.412999999999999812e+00 2.890000000000000124e+00 3.381215208780199433e+00 0.000000000000000000e+00
3.615990573879262482e-01 2.444999999999999840e+00 2.902000000000000135e+00 2.444999999999999840e+00 2.902000000000000135e+00 3.373106847641460515e+00 0.000000000000000000e+00
3.631996156617823268e-01 2.475999999999999979e+00 2.914000000000000146e+00 2.475999999999999979e+00 2.914000000000000146e+00 3.365103153169704431e+00 0.000000000000000000e+00
3.647993785841014969e-01 2.508999999999999897e+00 2.924999999999999822e+00 2.508999999999999897e+00 2.924999999999999822e+00 3.357208475056624231e+00 0.000000000000000000e+00
3.663992198235738185e-01 2.540999999999999925e+00 2.935000000000000053e+00 2.540999999999999925e+00 2.935000000000000053e+00 3.349416600736477179e+00 0.000000000000000000e+00
3.679989552229946392e-01 2.573999999999999844e+00 2.943999999999999950e+00 2.573999999999999844e+00 2.943999999999999950e+00 3.341726634134640328e+00 0.000000000000000000e+00
3.695994991876704883e-01 2.607000000000000206e+00 2.954000000000000181e+00 2.607000000000000206e+00 2.954000000000000181e+00 3.334132493281635412e+00 0.000000000000000000e+00
3.711995784544728227e-01 2.640000000000000124e+00 2.962000000000000188e+00 2.640000000000000124e+00 2.962000000000000188e+00 3.326638536307206184e+00 0.000000000000000000e+00
3.727989993264697599e-01 2.673000000000000043e+00 2.968999999999999861e+00 2.673000000000000043e+00 2.968999999999999861e+00 3.319243890082037574e+00 0.000000000000000000e+00
3.743998260627985908e-01 2.705999999999999961e+00 2.975999999999999979e+00 2.705999999999999961e+00 2.975999999999999979e+00 3.311937435003779573e+00 0.000000000000000000e+00
3.759996360824273687e-01 2.738999999999999879e+00 2.982000000000000206e+00 2.738999999999999879e+00 2.982000000000000206e+00 3.304728655163641893e+00 0.000000000000000000e+00
3.775993762715168511e-01 2.773000000000000131e+00 2.987000000000000099e+00 2.773000000000000131e+00 2.987000000000000099e+00 3.297611616064514362e+00 0.000000000000000000e+00
3.791988695968657175e-01 2.806000000000000050e+00 2.991999999999999993e+00 2.806000000000000050e+00 2.991999999999999993e+00 3.290585539052293562e+00 0.000000000000000000e+00
3.807991056208901992e-01 2.838999999999999968e+00 2.995999999999999996e+00 2.838999999999999968e+00 2.995999999999999996e+00 3.283644611168775818e+00 0.000000000000000000e+00
3.823999309123882751e-01 2.871999999999999886e+00 2.999000000000000110e+00 2.871999999999999886e+00 2.999000000000000110e+00 3.276788130399041599e+00 0.000000000000000000e+00
3.840000000000000635e-01 2.904999999999999805e+00 3.000999999999999890e+00 2.904999999999999805e+00 3.000999999999999890e+00 3.270020399305555436e+00 0.000000000000000000e+00
3.855991242038216971e-01 2.936999999999999833e+00 3.003000000000000114e+00 2.936999999999999833e+00 3.003000000000000114e+00 3.263340664873504604e+00 0.000000000000000000e+00
3.871995303038347491e-01 2.970000000000000195e+00 3.004000000000000004e+00 2.970000000000000195e+00 3.004000000000000004e+00 3.256738265431271984e+00 0.000000000000000000e+00
3.887998645296639744e-01 3.001999999999999780e+00 3.004999999999999893e+00 3.001999999999999780e+00 3.004999999999999893e+00 3.250217520928353032e+00 0.000000000000000000e+00
3.903999596954487727e-01 3.033999999999999808e+00 3.004000000000000004e+00 3.033999999999999808e+00 3.004000000000000004e+00 3.243777757961790353e+00 0.000000000000000000e+00
3.919996458901121583e-01 3.064999999999999947e+00 3.003000000000000114e+00 3.064999999999999947e+00 3.003000000000000114e+00 3.237418308748831297e+00 0.000000000000000000e+00
3.936000000000000054e-01 3.096999999999999975e+00 3.001999999999999780e+00 3.096999999999999975e+00 3.001999999999999780e+00 3.231133634080243677e+00 0.000000000000000000e+00
3.951996174994023558e-01 3.128000000000000114e+00 3.000000000000000000e+00 3.128000000000000114e+00 3.000000000000000000e+00 3.224927993925684966e+00 0.000000000000000000e+00
3.967995903475645125e-01 3.157999999999999918e+00 2.996999999999999886e+00 3.157999999999999918e+00 2.996999999999999886e+00 3.218795899131373872e+00 0.000000000000000000e+00
3.983997686412493189e-01 3.188000000000000167e+00 2.994000000000000217e+00 3.188000000000000167e+00 2.994000000000000217e+00 3.212736762130237178e+00 0.000000000000000000e+00
4.000000000000000222e-01 3.217999999999999972e+00 2.990000000000000213e+00 3.217999999999999972e+00 2.990000000000000213e+00 3.206749999999999989e+00 0.000000000000000000e+00
4.015988287348652430e-01 3.246999999999999886e+00 2.986000000000000210e+00 3.246999999999999886e+00 2.986000000000000210e+00 3.200839814356164048e+00 0.000000000000000000e+00
4.032000000000000028e-01 3.274999999999999911e+00 2.982000000000000206e+00 3.274999999999999911e+00 2.982000000000000206e+00 3.194991291887125051e+00 0.000000000000000000e+00
4.047994514912581776e-01 3.302999999999999936e+00 2.976999999999999869e+00 3.302999999999999936e+00 2.976999999999999869e+00 3.189218203283934017e+00 0.000000000000000000e+00
4.063996538601477027e-01 3.330999999999999961e+00 2.971999999999999975e+00 3.330999999999999961e+00 2.971999999999999975e+00 3.183510480867352221e+00 0.000000000000000000e+00
4.079991312445908624e-01 3.358000000000000096e+00 2.967000000000000082e+00 3.358000000000000096e+00 2.967000000000000082e+00 3.177872325401331910e+00 0.000000000000000000e+00
4.095990696936860909e-01 3.383999999999999897e+00 2.960999999999999854e+00 3.383999999999999897e+00 2.960999999999999854e+00 3.172298494819916215e+00 0.000000000000000000e+00
4.111993313832010277e-01 3.410000000000000142e+00 2.955000000000000071e+00 3.410000000000000142e+00 2.955000000000000071e+00 3.166788492919228037e+00 0.000000000000000000e+00
4.127997762602838572e-01 3.435000000000000053e+00 2.948999999999999844e+00 3.435000000000000053e+00 2.948999999999999844e+00 3.161341827257677650e+00 0.000000000000000000e+00
4.143988769678131345e-01 3.459000000000000075e+00 2.943999999999999950e+00 3.459000000000000075e+00 2.943999999999999950e+00 3.155962641406260705e+00 0.000000000000000000e+00
4.159992484205087826e-01 3.483000000000000096e+00 2.938000000000000167e+00 3.483000000000000096e+00 2.938000000000000167e+00 3.150641168126820268e+00 0.000000000000000000e+00
4.175993694783039500e-01 3.507000000000000117e+00 2.931999999999999940e+00 3.507000000000000117e+00 2.931999999999999940e+00 3.145381576474815866e+00 0.000000000000000000e+00
4.191990911672820452e-01 3.529999999999999805e+00 2.927000000000000046e+00 3.529999999999999805e+00 2.927000000000000046e+00 3.140183389057806806e+00 0.000000000000000000e+00
4.207996904686752693e-01 3.552000000000000046e+00 2.920999999999999819e+00 3.552000000000000046e+00 2.920999999999999819e+00 3.135041570441459147e+00 0.000000000000000000e+00
4.223996075264971339e-01 3.573999999999999844e+00 2.916999999999999815e+00 3.573999999999999844e+00 2.916999999999999815e+00 3.129960247103907633e+00 0.000000000000000000e+00
4.239986868023637445e-01 3.595000000000000195e+00 2.911999999999999922e+00 3.595000000000000195e+00 2.911999999999999922e+00 3.124938952521542745e+00 0.000000000000000000e+00
4.255996924302132278e-01 3.616999999999999993e+00 2.907999999999999918e+00 3.616999999999999993e+00 2.907999999999999918e+00 3.119968203206976209e+00 0.000000000000000000e+00
4.271995865276940751e-01 3.637000000000000011e+00 2.903999999999999915e+00 3.637000000000000011e+00 2.903999999999999915e+00 3.115056628391647209e+00 0.000000000000000000e+00
4.287996901176584497e-01 3.657999999999999918e+00 2.900999999999999801e+00 3.657999999999999918e+00 2.900999999999999801e+00 3.110199295306761424e+00 0.000000000000000000e+00
4.303998722519414288e-01 3.677999999999999936e+00 2.899000000000000021e+00 3.677999999999999936e+00 2.899000000000000021e+00 3.105395801526933841e+00 0.000000000000000000e+00
4.319999999999999951e-01 3.698999999999999844e+00 2.896999999999999797e+00 3.698999999999999844e+00 2.896999999999999797e+00 3.100645747599451774e+00 0.000000000000000000e+00
4.335999384488408714e-01 3.718999999999999861e+00 2.896999999999999797e+00 3.718999999999999861e+00 2.896999999999999797e+00 3.095948737044271315e+00 0.000000000000000000e+00
4.351995507037804134e-01 3.740000000000000213e+00 2.895999999999999908e+00 3.740000000000000213e+00 2.895999999999999908e+00 3.091304376354023109e+00 0.000000000000000000e+00
4.367986978900604833e-01 3.759999999999999787e+00 2.896999999999999797e+00 3.759999999999999787e+00 2.896999999999999797e+00 3.086712274994006133e+00 0.000000000000000000e+00
4.383987892974460232e-01 3.782000000000000028e+00 2.899000000000000021e+00 3.782000000000000028e+00 2.899000000000000021e+00 3.082167666726954636e+00 0.000000000000000000e+00
4.399997160925822048e-01 3.803999999999999826e+00 2.900999999999999801e+00 3.803999999999999826e+00 2.900999999999999801e+00 3.077670214712044938e+00 0.000000000000000000e+00
4.415997948433009745e-01 3.826000000000000068e+00 2.903999999999999915e+00 3.826000000000000068e+00 2.903999999999999915e+00 3.073223931304701395e+00 0.000000000000000000e+00
4.431988789910920046e-01 3.849000000000000199e+00 2.908999999999999808e+00 3.849000000000000199e+00 2.908999999999999808e+00 3.068828437117742336e+00 0.000000000000000000e+00
4.448000114801912708e-01 3.875000000000000000e+00 2.912999999999999812e+00 3.875000000000000000e+00 2.912999999999999812e+00 3.064474724399576466e+00 0.000000000000000000e+00
4.463998963066442838e-01 3.899999999999999911e+00 2.919000000000000039e+00 3.899999999999999911e+00 2.919000000000000039e+00 3.060171112852236863e+00 0.000000000000000000e+00
4.480000000000000093e-01 3.927000000000000046e+00 2.924999999999999822e+00 3.927000000000000046e+00 2.924999999999999822e+00 3.055912946428571253e+00 0.000000000000000000e+00
4.495985727029438439e-01 3.956999999999999851e+00 2.931999999999999940e+00 3.956999999999999851e+00 2.931999999999999940e+00 3.051704172178130392e+00 0.000000000000000000e+00
4.511987423031573741e-01 3.987999999999999989e+00 2.938000000000000167e+00 3.987999999999999989e+00 2.938000000000000167e+00 3.047535915531193851e+00 0.000000000000000000e+00
4.527987670597515835e-01 4.019999999999999574e+00 2.946000000000000174e+00 4.019999999999999574e+00 2.946000000000000174e+00 3.043412143339637499e+00 0.000000000000000000e+00
4.543985222812284008e-01 4.054999999999999716e+00 2.952999999999999847e+00 4.054999999999999716e+00 2.952999999999999847e+00 3.039332539896473673e+00 0.000000000000000000e+00
4.559995586531566114e-01 4.092999999999999972e+00 2.959000000000000075e+00 4.092999999999999972e+00 2.959000000000000075e+00 3.035292582104180958e+00 0.000000000000000000e+00
4.576000944844691443e-01 4.133000000000000007e+00 2.964999999999999858e+00 4.133000000000000007e+00 2.964999999999999858e+00 3.031296197906703238e+00 0.000000000000000000e+00
4.591999999999999971e-01 4.174999999999999822e+00 2.970000000000000195e+00 4.174999999999999822e+00 2.970000000000000195e+00 3.027343078099770768e+00 0.000000000000000000e+00
4.607991436949710473e-01 4.221000000000000085e+00 2.972999999999999865e+00 4.221000000000000085e+00 2.972999999999999865e+00 3.023432915755065675e+00 0.000000000000000000e+00
4.623991168528933660e-01 4.269000000000000128e+00 2.974000000000000199e+00 4.269000000000000128e+00 2.974000000000000199e+00 3.019561254814999263e+00 0.000000000000000000e+00
4.639998203639874585e-01 4.318999999999999950e+00 2.972999999999999865e+00 4.318999999999999950e+00 2.972999999999999865e+00 3.015727835821098601e+00 0.000000000000000000e+00
4.655994051575544357e-01 4.371000000000000441e+00 2.968999999999999861e+00 4.371000000000000441e+00 2.968999999999999861e+00 3.011936523842212665e+00 0.000000000000000000e+00
4.671994935506844637e-01 4.426000000000000156e+00 2.960999999999999854e+00 4.426000000000000156e+00 2.960999999999999854e+00 3.008182911653070946e+00 0.000000000000000000e+00
4.687999818505620975e-01 4.482000000000000206e+00 2.950000000000000178e+00 4.482000000000000206e+00 2.950000000000000178e+00 3.004466745090272894e+00 0.000000000000000000e+00
4.703989801648126301e-01 4.538999999999999702e+00 2.935999999999999943e+00 4.538999999999999702e+00 2.935999999999999943e+00 3.000791852451340613e+00 0.000000000000000000e+00
4.719999390889225710e-01 4.597000000000000419e+00 2.916999999999999815e+00 4.597000000000000419e+00 2.916999999999999815e+00 2.997149807498036278e+00 0.000000000000000000e+00
4.735991688025943946e-01 4.655999999999999694e+00 2.892999999999999794e+00 4.655999999999999694e+00 2.892999999999999794e+00 2.993548509020706128e+00 0.000000000000000000e+00
4.752001655749705789e-01 4.714000000000000412e+00 2.863999999999999879e+00 4.714000000000000412e+00 2.863999999999999879e+00 2.989979589460406206e+00 0.000000000000000000e+00
4.767991877985186533e-01 4.769999999999999574e+00 2.830999999999999961e+00 4.769999999999999574e+00 2.830999999999999961e+00 2.986450895988284060e+00 0.000000000000000000e+00
4.783997777469092827e-01 4.825000000000000178e+00 2.793000000000000149e+00 4.825000000000000178e+00 2.793000000000000149e+00 2.982954118981520963e+00 0.000000000000000000e+00
4.799999999999999822e-01 4.878000000000000114e+00 2.750999999999999890e+00 4.878000000000000114e+00 2.750999999999999890e+00 2.979493055555555880e+00 0.000000000000000000e+00
4.815997389703312592e-01 4.927999999999999936e+00 2.705000000000000071e+00 4.927999999999999936e+00 2.705000000000000071e+00 2.976067464924008199e+00 0.000000000000000000e+00
4.831988775868116259e-01 4.974000000000000199e+00 2.654999999999999805e+00 4.974000000000000199e+00 2.654999999999999805e+00 2.972677107972625965e+00 0.000000000000000000e+00
4.847991929397872379e-01 5.016000000000000014e+00 2.601999999999999869e+00 5.016000000000000014e+00 2.601999999999999869e+00 2.969317787668777076e+00 0.000000000000000000e+00
4.863986944002008372e-01 5.054000000000000270e+00 2.547000000000000153e+00 5.054000000000000270e+00 2.547000000000000153e+00 2.965993253859329215e+00 0.000000000000000000e+00
4.879991813150913460e-01 5.088000000000000078e+00 2.488999999999999879e+00 5.088000000000000078e+00 2.488999999999999879e+00 2.962699338541642913e+00 0.000000000000000000e+00
4.895986352651281459e-01 5.116999999999999993e+00 2.430000000000000160e+00 5.116999999999999993e+00 2.430000000000000160e+00 2.959439768323109288e+00 0.000000000000000000e+00
4.911988780203715987e-01 5.141000000000000014e+00 2.370999999999999996e+00 5.141000000000000014e+00 2.370999999999999996e+00 2.956210403890464189e+00 0.000000000000000000e+00
4.927998219332170859e-01 5.160999999999999588e+00 2.310999999999999943e+00 5.160999999999999588e+00 2.310999999999999943e+00 2.953011053645749229e+00 0.000000000000000000e+00
4.943994066441500523e-01 5.177999999999999936e+00 2.250999999999999890e+00 5.177999999999999936e+00 2.250999999999999890e+00 2.949845409840324173e+00 0.000000000000000000e+00
4.959994879344555851e-01 5.189000000000000057e+00 2.192000000000000171e+00 5.189000000000000057e+00 2.192000000000000171e+00 2.946709375444079626e+00 0.000000000000000000e+00
4.975999743141064080e-01 5.197000000000000064e+00 2.134999999999999787e+00 5.197000000000000064e+00 2.134999999999999787e+00 2.943602762574895504e+00 0.000000000000000000e+00
4.991987631157244198e-01 5.200999999999999623e+00 2.077999999999999847e+00 5.200999999999999623e+00 2.077999999999999847e+00 2.940529229871270189e+00 0.000000000000000000e+00
5.007997673404100958e-01 5.201999999999999957e+00 2.023000000000000131e+00 5.201999999999999957e+00 2.023000000000000131e+00 2.937480888761413667e+00 0.000000000000000000e+00
5.023988589211618727e-01 5.200999999999999623e+00 1.969999999999999973e+00 5.200999999999999623e+00 1.969999999999999973e+00 2.934465233442716148e+00 0.000000000000000000e+00
5.040000000000000036e-01 5.195999999999999730e+00 1.919000000000000039e+00 5.195999999999999730e+00 1.919000000000000039e+00 2.931474426807760381e+00 0.000000000000000000e+00
5.055990082455896761e-01 5.189000000000000057e+00 1.870000000000000107e+00 5.189000000000000057e+00 1.870000000000000107e+00 2.928515916544014885e+00 0.000000000000000000e+00
5.071998952742505784e-01 5.181000000000000050e+00 1.822999999999999954e+00 5.181000000000000050e+00 1.822999999999999954e+00 2.925581916389130122e+00 0.000000000000000000e+00
5.087984241628366044e-01 5.171000000000000263e+00 1.778999999999999915e+00 5.171000000000000263e+00 1.778999999999999915e+00 2.922679828139959746e+00 0.000000000000000000e+00
5.103986563256434072e-01 5.158999999999999808e+00 1.735999999999999988e+00 5.158999999999999808e+00 1.735999999999999988e+00 2.919801915759914657e+00 0.000000000000000000e+00
5.119984142519109493e-01 5.144999999999999574e+00 1.695000000000000062e+00 5.144999999999999574e+00 1.695000000000000062e+00 2.916951786531497337e+00 0.000000000000000000e+00
5.135997216261671827e-01 5.131000000000000227e+00 1.657000000000000028e+00 5.131000000000000227e+00 1.657000000000000028e+00 2.914125526630953367e+00 0.000000000000000000e+00
5.151982314785188422e-01 5.115999999999999659e+00 1.620999999999999996e+00 5.115999999999999659e+00 1.620999999999999996e+00 2.911330447653141196e+00 0.000000000000000000e+00
5.168002601007890551e-01 5.099999999999999645e+00 1.586000000000000076e+00 5.099999999999999645e+00 1.586000000000000076e+00 2.908555197593192254e+00 0.000000000000000000e+00
5.183992774922961955e-01 5.083999999999999631e+00 1.552999999999999936e+00 5.083999999999999631e+00 1.552999999999999936e+00 2.905810781257249786e+00 0.000000000000000000e+00
5.199994967097398835e-01 5.065999999999999837e+00 1.522999999999999909e+00 5.065999999999999837e+00 1.522999999999999909e+00 2.903089609291475526e+00 0.000000000000000000e+00
5.215986537652503863e-01 5.049000000000000377e+00 1.493999999999999995e+00 5.049000000000000377e+00 1.493999999999999995e+00 2.900395225174317915e+00 0.000000000000000000e+00
5.231988454380878117e-01 5.030999999999999694e+00 1.465999999999999970e+00 5.030999999999999694e+00 1.465999999999999970e+00 2.897723790157456847e+00 0.000000000000000000e+00
5.248000000000000442e-01 5.012999999999999901e+00 1.441000000000000059e+00 5.012999999999999901e+00 1.441000000000000059e+00 2.895075169170136853e+00 0.000000000000000000e+00
5.263998097923000552e-01 4.995000000000000107e+00 1.415999999999999925e+00 4.995000000000000107e+00 1.415999999999999925e+00 2.892452874539687802e+00 0.000000000000000000e+00
5.279981602851557820e-01 4.977000000000000313e+00 1.393999999999999906e+00 4.977000000000000313e+00 1.393999999999999906e+00 2.889856739517825179e+00 0.000000000000000000e+00
5.295994600805608021e-01 4.958000000000000185e+00 1.372000000000000108e+00 4.958000000000000185e+00 1.372000000000000108e+00 2.887279349224844971e+00 0.000000000000000000e+00
5.311991225514558490e-01 4.940000000000000391e+00 1.352999999999999980e+00 4.940000000000000391e+00 1.352999999999999980e+00 2.884727832126662062e+00 0.000000000000000000e+00
5.320996184696727971e-01 4.929999999999999716e+00 1.342000000000000082e+00 4.929999999999999716e+00 1.342000000000000082e+00 2.883301622325648683e+00 0.000000000000000000e+00
5.327993193040055919e-01 4.921999999999999709e+00 1.334000000000000075e+00 4.921999999999999709e+00 1.334000000000000075e+00 2.882198421624168283e+00 0.000000000000000000e+00
5.343999724145066521e-01 4.903999999999999915e+00 1.316000000000000059e+00 4.903999999999999915e+00 1.316000000000000059e+00 2.879690987477199204e+00 0.000000000000000000e+00
5.359986857691276807e-01 4.886000000000000121e+00 1.300000000000000044e+00 4.886000000000000121e+00 1.300000000000000044e+00 2.877208981537802135e+00 0.000000000000000000e+00
5.376000000000000778e-01 4.868000000000000327e+00 1.284999999999999920e+00 4.868000000000000327e+00 1.284999999999999920e+00 2.874745101686507986e+00 0.000000000000000000e+00
5.391991858781165492e-01 4.849999999999999645e+00 1.270999999999999908e+00 4.849999999999999645e+00 1.270999999999999908e+00 2.872306372082531034e+00 0.000000000000000000e+00
5.407984785899041524e-01 4.831999999999999851e+00 1.258999999999999897e+00 4.831999999999999851e+00 1.258999999999999897e+00 2.869889084295127457e+00 0.000000000000000000e+00
5.424001679907605178e-01 4.815000000000000391e+00 1.247000000000000108e+00 4.815000000000000391e+00 1.247000000000000108e+00 2.867489572888910931e+00 0.000000000000000000e+00
5.439994383797256416e-01 4.798000000000000043e+00 1.235999999999999988e+00 4.798000000000000043e+00 1.235999999999999988e+00 2.865114800866574551e+00 0.000000000000000000e+00
5.455985636584463894e-01 4.780999999999999694e+00 1.225999999999999979e+00 4.780999999999999694e+00 1.225999999999999979e+00 2.862761093812786761e+00 0.000000000000000000e+00
5.471998728920156596e-01 4.764000000000000234e+00 1.217999999999999972e+00 4.764000000000000234e+00 1.217999999999999972e+00 2.860424819564404419e+00 0.000000000000000000e+00
5.487984631660020041e-01 4.746999999999999886e+00 1.209999999999999964e+00 4.746999999999999886e+00 1.209999999999999964e+00 2.858112881082351731e+00 0.000000000000000000e+00
5.503990908364483348e-01 4.730999999999999872e+00 1.203000000000000069e+00 4.730999999999999872e+00 1.203000000000000069e+00 2.855818149745886103e+00 0.000000000000000000e+00
5.519992520335338382e-01 4.714999999999999858e+00 1.197000000000000064e+00 4.714999999999999858e+00 1.197000000000000064e+00 2.853544011543804437e+00 0.000000000000000000e+00
5.535988569387391145e-01 4.698999999999999844e+00 1.193000000000000060e+00 4.698999999999999844e+00 1.193000000000000060e+00 2.851290345153957073e+00 0.000000000000000000e+00
5.552003009215722429e-01 4.684000000000000163e+00 1.189000000000000057e+00 4.684000000000000163e+00 1.189000000000000057e+00 2.849053572494143260e+00 0.000000000000000000e+00
5.567985341734292826e-01 4.668000000000000149e+00 1.185999999999999943e+00 4.668000000000000149e+00 1.185999999999999943e+00 2.846840498659372720e+00 0.000000000000000000e+00
5.583984506947103910e-01 4.652999999999999581e+00 1.183999999999999941e+00 4.652999999999999581e+00 1.183999999999999941e+00 2.844644099366571144e+00 0.000000000000000000e+00
5.600000000000000533e-01 4.639000000000000234e+00 1.183000000000000052e+00 4.639000000000000234e+00 1.183000000000000052e+00 2.842464285714285666e+00 0.000000000000000000e+00
5.615980432123930388e-01 4.625000000000000000e+00 1.181999999999999940e+00 4.625000000000000000e+00 1.181999999999999940e+00 2.840307805403293528e+00 0.000000000000000000e+00
5.632001162885773571e-01 4.610999999999999766e+00 1.183000000000000052e+00 4.610999999999999766e+00 1.183000000000000052e+00 2.838164286899347299e+00 0.000000000000000000e+00
5.647984912467712837e-01 4.597999999999999865e+00 1.185000000000000053e+00 4.597999999999999865e+00 1.185000000000000053e+00 2.836043868010408531e+00 0.000000000000000000e+00
5.663982019104701893e-01 4.584999999999999964e+00 1.187999999999999945e+00 4.584999999999999964e+00 1.187999999999999945e+00 2.833939625740985679e+00 0.000000000000000000e+00
5.679991937035577809e-01 4.572000000000000064e+00 1.191999999999999948e+00 4.572000000000000064e+00 1.191999999999999948e+00 2.831851473697818644e+00 0.000000000000000000e+00
5.695987944999059138e-01 4.560999999999999943e+00 1.197000000000000064e+00 4.560999999999999943e+00 1.197000000000000064e+00 2.829782695993778407e+00 0.000000000000000000e+00
5.711995356101337018e-01 4.549000000000000377e+00 1.203000000000000069e+00 4.549000000000000377e+00 1.203000000000000069e+00 2.827729818079234292e+00 0.000000000000000000e+00
5.727987138085404162e-01 4.538999999999999702e+00 1.209999999999999964e+00 4.538999999999999702e+00 1.209999999999999964e+00 2.825696106215547676e+00 0.000000000000000000e+00
5.743988881167477745e-01 4.528999999999999915e+00 1.217999999999999972e+00 4.528999999999999915e+00 1.217999999999999972e+00 2.823678105872171606e+00 0.000000000000000000e+00
5.760000000000000675e-01 4.520999999999999908e+00 1.227999999999999980e+00 4.520999999999999908e+00 1.227999999999999980e+00 2.821675733024691546e+00 0.000000000000000000e+00
5.775992993375386186e-01 4.512999999999999901e+00 1.237999999999999989e+00 4.512999999999999901e+00 1.237999999999999989e+00 2.819692227474597246e+00 0.000000000000000000e+00
5.791993870905955966e-01 4.506000000000000227e+00 1.250000000000000000e+00 4.506000000000000227e+00 1.250000000000000000e+00 2.817724164247746632e+00 0.000000000000000000e+00
5.808002023694084359e-01 4.500000000000000000e+00 1.262999999999999901e+00 4.500000000000000000e+00 1.262999999999999901e+00 2.815771460713164309e+00 0.000000000000000000e+00
5.823989477887122623e-01 4.496000000000000441e+00 1.276999999999999913e+00 4.496000000000000441e+00 1.276999999999999913e+00 2.813837330676949300e+00 0.000000000000000000e+00
5.839982666201920525e-01 4.493000000000000327e+00 1.292999999999999927e+00 4.493000000000000327e+00 1.292999999999999927e+00 2.811918378256882178e+00 0.000000000000000000e+00
5.855980956159492212e-01 4.493000000000000327e+00 1.308999999999999941e+00 4.493000000000000327e+00 1.308999999999999941e+00 2.810014522215428912e+00 0.000000000000000000e+00
5.871983707878472014e-01 4.493999999999999773e+00 1.326999999999999957e+00 4.493999999999999773e+00 1.326999999999999957e+00 2.808125681733086854e+00 0.000000000000000000e+00
5.887990274064329732e-01 4.496999999999999886e+00 1.344999999999999973e+00 4.496999999999999886e+00 1.344999999999999973e+00 2.806251776408385634e+00 0.000000000000000000e+00
5.904000000000000359e-01 4.503000000000000114e+00 1.364999999999999991e+00 4.503000000000000114e+00 1.364999999999999991e+00 2.804392726257885826e+00 0.000000000000000000e+00
5.919983956683045889e-01 4.511000000000000121e+00 1.385000000000000009e+00 4.511000000000000121e+00 1.385000000000000009e+00 2.802551694289067807e+00 0.000000000000000000e+00
5.935997855104659937e-01 4.522999999999999687e+00 1.405000000000000027e+00 4.522999999999999687e+00 1.405000000000000027e+00 2.800722107461079080e+00 0.000000000000000000e+00
5.951984330819415359e-01 4.536999999999999922e+00 1.425999999999999934e+00 4.536999999999999922e+00 1.425999999999999934e+00 2.798910363551022407e+00 0.000000000000000000e+00
5.967999691934459117e-01 4.554999999999999716e+00 1.447000000000000064e+00 4.554999999999999716e+00 1.447000000000000064e+00 2.797109925313963963e+00 0.000000000000000000e+00
5.983985945471130830e-01 4.578000000000000291e+00 1.467000000000000082e+00 4.578000000000000291e+00 1.467000000000000082e+00 2.795327156589008766e+00 0.000000000000000000e+00
6.000000000000000888e-01 4.602999999999999758e+00 1.485999999999999988e+00 4.602999999999999758e+00 1.485999999999999988e+00 2.793555555555555792e+00 0.000000000000000000e+00
6.015983230708765728e-01 4.634000000000000341e+00 1.502000000000000002e+00 4.634000000000000341e+00 1.502000000000000002e+00 2.791801452486296409e+00 0.000000000000000000e+00
6.031993149885183092e-01 4.668000000000000149e+00 1.516000000000000014e+00 4.668000000000000149e+00 1.516000000000000014e+00 2.790058380613380073e+00 0.000000000000000000e+00
6.048000000000001153e-01 4.706000000000000405e+00 1.526000000000000023e+00 4.706000000000000405e+00 1.526000000000000023e+00 2.788329463060944313e+00 0.000000000000000000e+00
6.064003051956626811e-01 4.748000000000000220e+00 1.530999999999999917e+00 4.748000000000000220e+00 1.530999999999999917e+00 2.786614624025871123e+00 0.000000000000000000e+00
6.080001569235145009e-01 4.790000000000000036e+00 1.532000000000000028e+00 4.790000000000000036e+00 1.532000000000000028e+00 2.784913788123071221e+00 0.000000000000000000e+00
6.095994807902216372e-01 4.838000000000000078e+00 1.526000000000000023e+00 4.838000000000000078e+00 1.526000000000000023e+00 2.783226880385489821e+00 0.000000000000000000e+00
6.111982016622793390e-01 4.883000000000000007e+00 1.512999999999999901e+00 4.883000000000000007e+00 1.512999999999999901e+00 2.781553826264102192e+00 0.000000000000000000e+00
6.127992724540836100e-01 4.929000000000000270e+00 1.493999999999999995e+00 4.929000000000000270e+00 1.493999999999999995e+00 2.779891419105801731e+00 0.000000000000000000e+00
6.143996194195157079e-01 4.972999999999999865e+00 1.467000000000000082e+00 4.972999999999999865e+00 1.467000000000000082e+00 2.778242734022988270e+00 0.000000000000000000e+00
6.159991653127842026e-01 5.012999999999999901e+00 1.433000000000000052e+00 5.012999999999999901e+00 1.433000000000000052e+00 2.776607697581388923e+00 0.000000000000000000e+00
6.175978321511118585e-01 5.046000000000000263e+00 1.393999999999999906e+00 5.046000000000000263e+00 1.393999999999999906e+00 2.774986236764763525e+00 0.000000000000000000e+00
6.191986335918654438e-01 5.075999999999999623e+00 1.350000000000000089e+00 5.075999999999999623e+00 1.350000000000000089e+00 2.773375178827038212e+00 0.000000000000000000e+00
6.207984297781360405e-01 5.096000000000000085e+00 1.302999999999999936e+00 5.096000000000000085e+00 1.302999999999999936e+00 2.771777567698528344e+00 0.000000000000000000e+00
6.224002650562492356e-01 5.113000000000000433e+00 1.252999999999999892e+00 5.113000000000000433e+00 1.252999999999999892e+00 2.770190247277022344e+00 0.000000000000000000e+00
6.239978257915477222e-01 5.115999999999999659e+00 1.205000000000000071e+00 5.115999999999999659e+00 1.205000000000000071e+00 2.768619322376667746e+00 0.000000000000000000e+00
6.256004521051143907e-01 5.118000000000000327e+00 1.157000000000000028e+00 5.118000000000000327e+00 1.157000000000000028e+00 2.767055492925450277e+00 0.000000000000000000e+00
6.271986402197502475e-01 5.108999999999999986e+00 1.112000000000000099e+00 5.108999999999999986e+00 1.112000000000000099e+00 2.765507917003878990e+00 0.000000000000000000e+00
6.287986367509230679e-01 5.097999999999999865e+00 1.070999999999999952e+00 5.097999999999999865e+00 1.070999999999999952e+00 2.763970395136802871e+00 0.000000000000000000e+00
6.304004067624253693e-01 5.078999999999999737e+00 1.034000000000000030e+00 5.078999999999999737e+00 1.034000000000000030e+00 2.762442880597543837e+00 0.000000000000000000e+00
6.319974716838789863e-01 5.059000000000000163e+00 1.002000000000000002e+00 5.059000000000000163e+00 1.002000000000000002e+00 2.760931401530100970e+00 0.000000000000000000e+00
6.335994112897457287e-01 5.033999999999999808e+00 9.759999999999999787e-01 5.033999999999999808e+00 9.759999999999999787e-01 2.759426776490625954e+00 0.000000000000000000e+00
6.351997294929531135e-01 5.009000000000000341e+00 9.549999999999999600e-01 5.009000000000000341e+00 9.549999999999999600e-01 2.757935026501091791e+00 0.000000000000000000e+00
6.367983400017462881e-01 4.980999999999999872e+00 9.399999999999999467e-01 4.980999999999999872e+00 9.399999999999999467e-01 2.756456082864922941e+00 0.000000000000000000e+00
6.383984429306270858e-01 4.953999999999999737e+00 9.300000000000000488e-01 4.953999999999999737e+00 9.300000000000000488e-01 2.754986870392305054e+00 0.000000000000000000e+00
6.400000000000000133e-01 4.926999999999999602e+00 9.260000000000000453e-01 4.926999999999999602e+00 9.260000000000000453e-01 2.753527343750000078e+00 0.000000000000000000e+00
6.415996522495109877e-01 4.900000000000000355e+00 9.280000000000000471e-01 4.900000000000000355e+00 9.280000000000000471e-01 2.752080449683646624e+00 0.000000000000000000e+00
6.432006474338688440e-01 4.876000000000000334e+00 9.350000000000000533e-01 4.876000000000000334e+00 9.350000000000000533e-01 2.750643136428701396e+00 0.000000000000000000e+00
6.447995922676472702e-01 4.852999999999999758e+00 9.479999999999999538e-01 4.852999999999999758e+00 9.479999999999999538e-01 2.749218336347407199e+00 0.000000000000000000e+00
6.463997664318820169e-01 4.833000000000000185e+00 9.659999999999999698e-01 4.833000000000000185e+00 9.659999999999999698e-01 2.747803013142402495e+00 0.000000000000000000e+00
6.479977421681457628e-01 4.817999999999999616e+00 9.899999999999999911e-01 4.817999999999999616e+00 9.899999999999999911e-01 2.746400084947362874e+00 0.000000000000000000e+00
6.496002347245654063e-01 4.807999999999999829e+00 1.020000000000000018e+00 4.807999999999999829e+00 1.020000000000000018e+00 2.745003575717451572e+00 0.000000000000000000e+00
6.512004117798448899e-01 4.802999999999999936e+00 1.054999999999999938e+00 4.802999999999999936e+00 1.054999999999999938e+00 2.743619359079687570e+00 0.000000000000000000e+00
6.527981803535042316e-01 4.807999999999999829e+00 1.094999999999999973e+00 4.807999999999999829e+00 1.094999999999999973e+00 2.742247369681749092e+00 0.000000000000000000e+00
6.544003546885391875e-01 4.820999999999999730e+00 1.139999999999999902e+00 4.820999999999999730e+00 1.139999999999999902e+00 2.740881675805663775e+00 0.000000000000000000e+00
6.560000000000001386e-01 4.847000000000000419e+00 1.187999999999999945e+00 4.847000000000000419e+00 1.187999999999999945e+00 2.739528108268887596e+00 0.000000000000000000e+00
6.576005091757717302e-01 4.886999999999999567e+00 1.237000000000000099e+00 4.886999999999999567e+00 1.237000000000000099e+00 2.738183683585421857e+00 0.000000000000000000e+00
6.591983326510104657e-01 4.945000000000000284e+00 1.282000000000000028e+00 4.945000000000000284e+00 1.282000000000000028e+00 2.736851271041139899e+00 0.000000000000000000e+00
6.608004178503094073e-01 5.019999999999999574e+00 1.320999999999999952e+00 5.019999999999999574e+00 1.320999999999999952e+00 2.735524996993540015e+00 0.000000000000000000e+00
6.623996922649514341e-01 5.112000000000000099e+00 1.346000000000000085e+00 5.112000000000000099e+00 1.346000000000000085e+00 2.734210636135423034e+00 0.000000000000000000e+00
6.639996144020822166e-01 5.219999999999999751e+00 1.350000000000000089e+00 5.219999999999999751e+00 1.350000000000000089e+00 2.732905234366885150e+00 0.000000000000000000e+00
6.656001374319551189e-01 5.336999999999999744e+00 1.326999999999999957e+00 5.336999999999999744e+00 1.326999999999999957e+00 2.731608749791840207e+00 0.000000000000000000e+00
6.671976236089287582e-01 5.453999999999999737e+00 1.270999999999999908e+00 5.453999999999999737e+00 1.270999999999999908e+00 2.730324017804611092e+00 0.000000000000000000e+00
6.687991887066235819e-01 5.557000000000000384e+00 1.183999999999999941e+00 5.557000000000000384e+00 1.183999999999999941e+00 2.729045235781673018e+00 0.000000000000000000e+00
6.703975862572388866e-01 5.639000000000000234e+00 1.072000000000000064e+00 5.639000000000000234e+00 1.072000000000000064e+00 2.727778109781179516e+00 0.000000000000000000e+00
6.720000000000001528e-01 5.690000000000000391e+00 9.439999999999999503e-01 5.690000000000000391e+00 9.439999999999999503e-01 2.726516865079365193e+00 0.000000000000000000e+00
6.735991133422434274e-01 5.708000000000000185e+00 8.139999999999999458e-01 5.708000000000000185e+00 8.139999999999999458e-01 2.725267180701653746e+00 0.000000000000000000e+00
6.751985013015585624e-01 5.700999999999999623e+00 6.889999999999999458e-01 5.700999999999999623e+00 6.889999999999999458e-01 2.724026152588109984e+00 0.000000000000000000e+00
6.767981134547360611e-01 5.671999999999999709e+00 5.779999999999999583e-01 5.671999999999999709e+00 5.779999999999999583e-01 2.722793740236086002e+00 0.000000000000000000e+00
6.783978988837821023e-01 5.628999999999999559e+00 4.829999999999999849e-01 5.628999999999999559e+00 4.829999999999999849e-01 2.721569903328727502e+00 0.000000000000000000e+00
6.799978061756156711e-01 5.578000000000000291e+00 4.030000000000000249e-01 5.578000000000000291e+00 4.030000000000000249e-01 2.720354601734970679e+00 0.000000000000000000e+00
6.815977834218425180e-01 5.522000000000000242e+00 3.390000000000000235e-01 5.522000000000000242e+00 3.390000000000000235e-01 2.719147795509543997e+00 0.000000000000000000e+00
6.831977782186074988e-01 5.466000000000000192e+00 2.869999999999999774e-01 5.466000000000000192e+00 2.869999999999999774e-01 2.717949444892968192e+00 0.000000000000000000e+00
6.847977376665267402e-01 5.410000000000000142e+00 2.459999999999999964e-01 5.410000000000000142e+00 2.459999999999999964e-01 2.716759510311555825e+00 0.000000000000000000e+00
6.863976083707025166e-01 5.357999999999999652e+00 2.129999999999999949e-01 5.357999999999999652e+00 2.129999999999999949e-01 2.715577952377411286e+00 0.000000000000000000e+00
6.879973364408190628e-01 5.307999999999999829e+00 1.869999999999999996e-01 5.307999999999999829e+00 1.869999999999999996e-01 2.714404731888431677e+00 0.000000000000000000e+00
6.896007030385280512e-01 5.261000000000000121e+00 1.670000000000000095e-01 5.261000000000000121e+00 1.670000000000000095e-01 2.713237026177041766e+00 0.000000000000000000e+00
6.912000000000000366e-01 5.217999999999999972e+00 1.509999999999999953e-01 5.217999999999999972e+00 1.509999999999999953e-01 2.712080370156035869e+00 0.000000000000000000e+00
6.927989897240180994e-01 5.176999999999999602e+00 1.380000000000000115e-01 5.176999999999999602e+00 1.380000000000000115e-01 2.710931935057669939e+00 0.000000000000000000e+00
6.943976163406123669e-01 5.139999999999999680e+00 1.290000000000000036e-01 5.139999999999999680e+00 1.290000000000000036e-01 2.709791682423008830e+00 0.000000000000000000e+00
6.959997305459811878e-01 5.105000000000000426e+00 1.209999999999999964e-01 5.105000000000000426e+00 1.209999999999999964e-01 2.708656815920488459e+00 0.000000000000000000e+00
6.975974793225678816e-01 5.073000000000000398e+00 1.150000000000000050e-01 5.073000000000000398e+00 1.150000000000000050e-01 2.707532819896523613e+00 0.000000000000000000e+00
6.991986375145919919e-01 5.043999999999999595e+00 1.110000000000000014e-01 5.043999999999999595e+00 1.110000000000000014e-01 2.706414146603193238e+00 0.000000000000000000e+00
7.007992403260266956e-01 5.016000000000000014e+00 1.069999999999999979e-01 5.016000000000000014e+00 1.069999999999999979e-01 2.705303516290253896e+00 0.000000000000000000e+00
7.023992295272356579e-01 4.990999999999999659e+00 1.049999999999999961e-01 4.990999999999999659e+00 1.049999999999999961e-01 2.704200891334832768e+00 0.000000000000000000e+00
7.039985463960843903e-01 4.966999999999999638e+00 1.029999999999999943e-01 4.966999999999999638e+00 1.029999999999999943e-01 2.703106234299850641e+00 0.000000000000000000e+00
7.055971317189767555e-01 4.945000000000000284e+00 1.010000000000000064e-01 4.945000000000000284e+00 1.010000000000000064e-01 2.702019507934020126e+00 0.000000000000000000e+00
7.071989595988981137e-01 4.924999999999999822e+00 1.000000000000000056e-01 4.924999999999999822e+00 1.000000000000000056e-01 2.700937960790016579e+00 0.000000000000000000e+00
7.087999725590410360e-01 4.907000000000000028e+00 9.800000000000000377e-02 4.907000000000000028e+00 9.800000000000000377e-02 2.699864282616751154e+00 0.000000000000000000e+00
7.104001100116315026e-01 4.889000000000000234e+00 9.700000000000000289e-02 4.889000000000000234e+00 9.700000000000000289e-02 2.698798436627415587e+00 0.000000000000000000e+00
7.119993108794900882e-01 4.871999999999999886e+00 9.500000000000000111e-02 4.871999999999999886e+00 9.500000000000000111e-02 2.697740386220992992e+00 0.000000000000000000e+00
7.135975135975136663e-01 4.855999999999999872e+00 9.299999999999999933e-02 4.855999999999999872e+00 9.299999999999999933e-02 2.696690094982259644e+00 0.000000000000000000e+00
7.151987816977780632e-01 4.839999999999999858e+00 9.199999999999999845e-02 4.839999999999999858e+00 9.199999999999999845e-02 2.695644842661459428e+00 0.000000000000000000e+00
7.167989639762039067e-01 4.825000000000000178e+00 8.999999999999999667e-02 4.825000000000000178e+00 8.999999999999999667e-02 2.694607289203375000e+00 0.000000000000000000e+00
7.183979974968711657e-01 4.810999999999999943e+00 8.899999999999999578e-02 4.810999999999999943e+00 8.899999999999999578e-02 2.693577398657261757e+00 0.000000000000000000e+00
7.200000000000000844e-01 4.798000000000000043e+00 8.699999999999999400e-02 4.798000000000000043e+00 8.699999999999999400e-02 2.692552469135802706e+00 0.000000000000000000e+00
7.216007635986917412e-01 4.785000000000000142e+00 8.599999999999999312e-02 4.785000000000000142e+00 8.599999999999999312e-02 2.691535142995474139e+00 0.000000000000000000e+00
7.232002239876808014e-01 4.772000000000000242e+00 8.400000000000000522e-02 4.772000000000000242e+00 8.400000000000000522e-02 2.690525384750012350e+00 0.000000000000000000e+00
7.247983163802175222e-01 4.759999999999999787e+00 8.300000000000000433e-02 4.759999999999999787e+00 8.300000000000000433e-02 2.689523159098945015e+00 0.000000000000000000e+00
7.263992313235646536e-01 4.748000000000000220e+00 8.200000000000000344e-02 4.748000000000000220e+00 8.200000000000000344e-02 2.688525788292426277e+00 0.000000000000000000e+00
7.279986847358902446e-01 4.735999999999999766e+00 8.000000000000000167e-02 4.735999999999999766e+00 8.000000000000000167e-02 2.687535891633247687e+00 0.000000000000000000e+00
7.296009038803299429e-01 4.724999999999999645e+00 7.900000000000000078e-02 4.724999999999999645e+00 7.900000000000000078e-02 2.686550803246766428e+00 0.000000000000000000e+00
7.311972541179384555e-01 4.714999999999999858e+00 7.699999999999999900e-02 4.714999999999999858e+00 7.699999999999999900e-02 2.685575756304150907e+00 0.000000000000000000e+00
7.328006052295615858e-01 4.703999999999999737e+00 7.599999999999999811e-02 4.703999999999999737e+00 7.599999999999999811e-02 2.684602840410797775e+00 0.000000000000000000e+00
7.343979528976923854e-01 4.693999999999999950e+00 7.499999999999999722e-02 4.693999999999999950e+00 7.499999999999999722e-02 2.683639897032493060e+00 0.000000000000000000e+00
7.359979104459892785e-01 4.684000000000000163e+00 7.299999999999999545e-02 4.684000000000000163e+00 7.299999999999999545e-02 2.682681658533660141e+00 0.000000000000000000e+00
7.376004664140257683e-01 4.674000000000000377e+00 7.199999999999999456e-02 4.674000000000000377e+00 7.199999999999999456e-02 2.681728107867886735e+00 0.000000000000000000e+00
7.391967948106458186e-01 4.665000000000000036e+00 7.099999999999999367e-02 4.665000000000000036e+00 7.099999999999999367e-02 2.680784421756550628e+00 0.000000000000000000e+00
7.408000477997191968e-01 4.655000000000000249e+00 6.900000000000000577e-02 4.655000000000000249e+00 6.900000000000000577e-02 2.679842775780277631e+00 0.000000000000000000e+00
7.423969342235261504e-01 4.645999999999999908e+00 6.800000000000000488e-02 4.645999999999999908e+00 6.800000000000000488e-02 2.678910926915960555e+00 0.000000000000000000e+00
7.440007200936121778e-01 4.637999999999999901e+00 6.700000000000000400e-02 4.637999999999999901e+00 6.700000000000000400e-02 2.677981084604809769e+00 0.000000000000000000e+00
7.455979986529395198e-01 4.628999999999999559e+00 6.500000000000000222e-02 4.628999999999999559e+00 6.500000000000000222e-02 2.677060972520509452e+00 0.000000000000000000e+00
7.471976472289854065e-01 4.621000000000000441e+00 6.400000000000000133e-02 4.621000000000000441e+00 6.400000000000000133e-02 2.676145402747716062e+00 0.000000000000000000e+00
7.487996521255971816e-01 4.612000000000000099e+00 6.300000000000000044e-02 4.612000000000000099e+00 6.300000000000000044e-02 2.675234358750945063e+00 0.000000000000000000e+00
7.503994577059023285e-01 4.604000000000000092e+00 6.199999999999999956e-02 4.604000000000000092e+00 6.199999999999999956e-02 2.674330382140983176e+00 0.000000000000000000e+00
7.519969916238559149e-01 4.596000000000000085e+00 6.099999999999999867e-02 4.596000000000000085e+00 6.099999999999999867e-02 2.673433440125550398e+00 0.000000000000000000e+00
7.535967615470178238e-01 4.589000000000000412e+00 5.899999999999999689e-02 4.589000000000000412e+00 5.899999999999999689e-02 2.672540952836197192e+00 0.000000000000000000e+00
7.551987525430337023e-01 4.581000000000000405e+00 5.800000000000000294e-02 4.581000000000000405e+00 5.800000000000000294e-02 2.671652904016128538e+00 0.000000000000000000e+00
7.567983299456134683e-01 4.573999999999999844e+00 5.700000000000000205e-02 4.573999999999999844e+00 5.700000000000000205e-02 2.670771813925537863e+00 0.000000000000000000e+00
7.584000587224203338e-01 4.565999999999999837e+00 5.600000000000000117e-02 4.565999999999999837e+00 5.600000000000000117e-02 2.669895119200496936e+00 0.000000000000000000e+00
7.599992644219275562e-01 4.559000000000000163e+00 5.500000000000000028e-02 4.559000000000000163e+00 5.500000000000000028e-02 2.669025329557505266e+00 0.000000000000000000e+00
7.616005503888350070e-01 4.551999999999999602e+00 5.399999999999999939e-02 4.551999999999999602e+00 5.399999999999999939e-02 2.668159892547912193e+00 0.000000000000000000e+00
7.631992022307990675e-01 4.544999999999999929e+00 5.299999999999999850e-02 4.544999999999999929e+00 5.299999999999999850e-02 2.667301307437420554e+00 0.000000000000000000e+00
7.647998618247765501e-01 4.538000000000000256e+00 5.199999999999999761e-02 4.538000000000000256e+00 5.199999999999999761e-02 2.666447032599760458e+00 0.000000000000000000e+00
7.663977746870653807e-01 4.530999999999999694e+00 5.000000000000000278e-02 4.530999999999999694e+00 5.000000000000000278e-02 2.665599556942733095e+00 0.000000000000000000e+00
7.679976213778665350e-01 4.525000000000000355e+00 4.900000000000000189e-02 4.525000000000000355e+00 4.900000000000000189e-02 2.664756349569554317e+00 0.000000000000000000e+00
7.695993842410399077e-01 4.517999999999999794e+00 4.800000000000000100e-02 4.517999999999999794e+00 4.800000000000000100e-02 2.663917394827251872e+00 0.000000000000000000e+00
7.711982484076433941e-01 4.511999999999999567e+00 4.700000000000000011e-02 4.511999999999999567e+00 4.700000000000000011e-02 2.663085166218376099e+00 0.000000000000000000e+00
7.727989528469474401e-01 4.506000000000000227e+00 4.599999999999999922e-02 4.506000000000000227e+00 4.599999999999999922e-02 2.662257148746839164e+00 0.000000000000000000e+00
7.743966421825814184e-01 4.498999999999999666e+00 4.499999999999999833e-02 4.498999999999999666e+00 4.499999999999999833e-02 2.661435805774047036e+00 0.000000000000000000e+00
7.760009513497273526e-01 4.493000000000000327e+00 4.399999999999999745e-02 4.493000000000000327e+00 4.399999999999999745e-02 2.660616159097330957e+00 0.000000000000000000e+00
7.775972906017750708e-01 4.487000000000000099e+00 4.299999999999999656e-02 4.487000000000000099e+00 4.299999999999999656e-02 2.659805614546779662e+00 0.000000000000000000e+00
7.792002111653689722e-01 4.482000000000000206e+00 4.299999999999999656e-02 4.482000000000000206e+00 4.299999999999999656e-02 2.658996735683079038e+00 0.000000000000000000e+00
7.807999193908975455e-01 4.475999999999999979e+00 4.200000000000000261e-02 4.475999999999999979e+00 4.200000000000000261e-02 2.658194439490447536e+00 0.000000000000000000e+00
7.823963348836034948e-01 4.469999999999999751e+00 4.100000000000000172e-02 4.469999999999999751e+00 4.100000000000000172e-02 2.657398695684795253e+00 0.000000000000000000e+00
7.839992917802243166e-01 4.464000000000000412e+00 4.000000000000000083e-02 4.464000000000000412e+00 4.000000000000000083e-02 2.656604577187207994e+00 0.000000000000000000e+00
7.855988746744730911e-01 4.458999999999999631e+00 3.899999999999999994e-02 4.458999999999999631e+00 3.899999999999999994e-02 2.655816970945536593e+00 0.000000000000000000e+00
7.872000000000000108e-01 4.453000000000000291e+00 3.799999999999999906e-02 4.453000000000000291e+00 3.799999999999999906e-02 2.655033408520060867e+00 0.000000000000000000e+00
7.887976282120612304e-01 4.448000000000000398e+00 3.699999999999999817e-02 4.448000000000000398e+00 3.699999999999999817e-02 2.654256308573738732e+00 0.000000000000000000e+00
7.903967156053371967e-01 4.442000000000000171e+00 3.599999999999999728e-02 4.442000000000000171e+00 3.599999999999999728e-02 2.653483212807994374e+00 0.000000000000000000e+00
7.919972404277336731e-01 4.437000000000000277e+00 3.500000000000000333e-02 4.437000000000000277e+00 3.500000000000000333e-02 2.652714106452366938e+00 0.000000000000000000e+00
7.935991806951290251e-01 4.432000000000000384e+00 3.500000000000000333e-02 4.432000000000000384e+00 3.500000000000000333e-02 2.651948974782843749e+00 0.000000000000000000e+00
7.951974139921496043e-01 4.426999999999999602e+00 3.400000000000000244e-02 4.426999999999999602e+00 3.400000000000000244e-02 2.651190217109052671e+00 0.000000000000000000e+00
7.967969769220388798e-01 4.421999999999999709e+00 3.300000000000000155e-02 4.421999999999999709e+00 3.300000000000000155e-02 2.650435395105054326e+00 0.000000000000000000e+00
7.983978466234359361e-01 4.416999999999999815e+00 3.200000000000000067e-02 4.416999999999999815e+00 3.200000000000000067e-02 2.649684494232627863e+00 0.000000000000000000e+00
8.000000000000000444e-01 4.411999999999999922e+00 3.099999999999999978e-02 4.411999999999999922e+00 3.099999999999999978e-02 2.648937500000000167e+00 0.000000000000000000e+00
8.015982310840429337e-01 4.407000000000000028e+00 3.099999999999999978e-02 4.407000000000000028e+00 3.099999999999999978e-02 2.648196792673123579e+00 0.000000000000000000e+00
8.031976574697304860e-01 4.402000000000000135e+00 2.999999999999999889e-02 4.402000000000000135e+00 2.999999999999999889e-02 2.647459953589041071e+00 0.000000000000000000e+00
8.047982551799346407e-01 4.397000000000000242e+00 2.900000000000000147e-02 4.397000000000000242e+00 2.900000000000000147e-02 2.646726968441771355e+00 0.000000000000000000e+00
8.064000000000000057e-01 4.392000000000000348e+00 2.900000000000000147e-02 4.392000000000000348e+00 2.900000000000000147e-02 2.645997822971781321e+00 0.000000000000000000e+00
8.079976017621836037e-01 4.387999999999999901e+00 2.800000000000000058e-02 4.387999999999999901e+00 2.800000000000000058e-02 2.645274878711001421e+00 0.000000000000000000e+00
8.095962597049815024e-01 4.383000000000000007e+00 2.699999999999999969e-02 4.383000000000000007e+00 2.699999999999999969e-02 2.644555736349802899e+00 0.000000000000000000e+00
8.112012562156504236e-01 4.378999999999999559e+00 2.599999999999999881e-02 4.378999999999999559e+00 2.599999999999999881e-02 2.643838015436441147e+00 0.000000000000000000e+00
8.127966435033433523e-01 4.373999999999999666e+00 2.599999999999999881e-02 4.373999999999999666e+00 2.599999999999999881e-02 2.643128801077634371e+00 0.000000000000000000e+00
8.143983184445612311e-01 4.370000000000000107e+00 2.500000000000000139e-02 4.370000000000000107e+00 2.500000000000000139e-02 2.642420980158526334e+00 0.000000000000000000e+00
8.160009477362925034e-01 4.365000000000000213e+00 2.400000000000000050e-02 4.365000000000000213e+00 2.400000000000000050e-02 2.641716905122723613e+00 0.000000000000000000e+00
8.175991137136978670e-01 4.360999999999999766e+00 2.400000000000000050e-02 4.360999999999999766e+00 2.400000000000000050e-02 2.641018909927533187e+00 0.000000000000000000e+00
8.191981393873721817e-01 4.357000000000000206e+00 2.299999999999999961e-02 4.357000000000000206e+00 2.299999999999999961e-02 2.640324623704979334e+00 0.000000000000000000e+00
8.207979980536633802e-01 4.352000000000000313e+00 2.299999999999999961e-02 4.352000000000000313e+00 2.299999999999999961e-02 2.639634032706456246e+00 0.000000000000000000e+00
8.223986627664020554e-01 4.347999999999999865e+00 2.199999999999999872e-02 4.347999999999999865e+00 2.199999999999999872e-02 2.638947123229807179e+00 0.000000000000000000e+00
8.240001063363151523e-01 4.344000000000000306e+00 2.100000000000000130e-02 4.344000000000000306e+00 2.100000000000000130e-02 2.638263881619323126e+00 0.000000000000000000e+00
8.255968037289829198e-01 4.339999999999999858e+00 2.100000000000000130e-02 4.339999999999999858e+00 2.100000000000000130e-02 2.637586619366966367e+00 0.000000000000000000e+00
8.271997011021857693e-01 4.336000000000000298e+00 2.000000000000000042e-02 4.336000000000000298e+00 2.000000000000000042e-02 2.636910668202022467e+00 0.000000000000000000e+00
8.287977539356262691e-01 4.331999999999999851e+00 2.000000000000000042e-02 4.331999999999999851e+00 2.000000000000000042e-02 2.636240660351565346e+00 0.000000000000000000e+00
8.303964315135928809e-01 4.328000000000000291e+00 1.899999999999999953e-02 4.328000000000000291e+00 1.899999999999999953e-02 2.635574257290902889e+00 0.000000000000000000e+00
8.320012884263081610e-01 4.323999999999999844e+00 1.799999999999999864e-02 4.323999999999999844e+00 1.799999999999999864e-02 2.634909138424267105e+00 0.000000000000000000e+00
8.336011510559189208e-01 4.320000000000000284e+00 1.799999999999999864e-02 4.320000000000000284e+00 1.799999999999999864e-02 2.634249909286620284e+00 0.000000000000000000e+00
8.351959258735323077e-01 4.315999999999999837e+00 1.700000000000000122e-02 4.315999999999999837e+00 1.700000000000000122e-02 2.633596543309712601e+00 0.000000000000000000e+00
8.367968143623663035e-01 4.312000000000000277e+00 1.700000000000000122e-02 4.312000000000000277e+00 1.700000000000000122e-02 2.632944426102497459e+00 0.000000000000000000e+00
8.383981823345640905e-01 4.307999999999999829e+00 1.600000000000000033e-02 4.307999999999999829e+00 1.600000000000000033e-02 2.632295847264451538e+00 0.000000000000000000e+00
8.400000000000000799e-01 4.304999999999999716e+00 1.600000000000000033e-02 4.304999999999999716e+00 1.600000000000000033e-02 2.631650793650793574e+00 0.000000000000000000e+00
8.415965245723594501e-01 4.301000000000000156e+00 1.499999999999999944e-02 4.301000000000000156e+00 1.499999999999999944e-02 2.631011533061409668e+00 0.000000000000000000e+00
8.431991294885746724e-01 4.296999999999999709e+00 1.499999999999999944e-02 4.296999999999999709e+00 1.499999999999999944e-02 2.630373486312830078e+00 0.000000000000000000e+00
8.447963369264523958e-01 4.293999999999999595e+00 1.400000000000000029e-02 4.293999999999999595e+00 1.400000000000000029e-02 2.629741197907359052e+00 0.000000000000000000e+00
8.463996067829935299e-01 4.290000000000000036e+00 1.400000000000000029e-02 4.290000000000000036e+00 1.400000000000000029e-02 2.629110106064040053e+00 0.000000000000000000e+00
8.479973736047274890e-01 4.286999999999999922e+00 1.400000000000000029e-02 4.286999999999999922e+00 1.400000000000000029e-02 2.628484738130385523e+00 0.000000000000000000e+00
8.496011841131486664e-01 4.283000000000000362e+00 1.299999999999999940e-02 4.283000000000000362e+00 1.299999999999999940e-02 2.627860549604092988e+00 0.000000000000000000e+00
8.511993848604264556e-01 4.280000000000000249e+00 1.299999999999999940e-02 4.280000000000000249e+00 1.299999999999999940e-02 2.627242050801744000e+00 0.000000000000000000e+00
8.527977439213123567e-01 4.275999999999999801e+00 1.200000000000000025e-02 4.275999999999999801e+00 1.200000000000000025e-02 2.626626965315093098e+00 0.000000000000000000e+00
8.543962291455624580e-01 4.272999999999999687e+00 1.200000000000000025e-02 4.272999999999999687e+00 1.200000000000000025e-02 2.626015280463837698e+00 0.000000000000000000e+00
8.560007180287350081e-01 4.269000000000000128e+00 1.099999999999999936e-02 4.269000000000000128e+00 1.099999999999999936e-02 2.625404741081946103e+00 0.000000000000000000e+00
8.575993802353168993e-01 4.266000000000000014e+00 1.099999999999999936e-02 4.266000000000000014e+00 1.099999999999999936e-02 2.624799823826690304e+00 0.000000000000000000e+00
8.591980707128107353e-01 4.261999999999999567e+00 1.099999999999999936e-02 4.261999999999999567e+00 1.099999999999999936e-02 2.624198269429132147e+00 0.000000000000000000e+00
8.607967563214241613e-01 4.259000000000000341e+00 1.000000000000000021e-02 4.259000000000000341e+00 1.000000000000000021e-02 2.623600065394762648e+00 0.000000000000000000e+00
8.624014022787029887e-01 4.256000000000000227e+00 1.000000000000000021e-02 4.256000000000000227e+00 1.000000000000000021e-02 2.623002973387203340e+00 0.000000000000000000e+00
8.639999999999999902e-01 4.253000000000000114e+00 8.999999999999999320e-03 4.253000000000000114e+00 8.999999999999999320e-03 2.622411436899863002e+00 0.000000000000000000e+00
8.655984919886898776e-01 4.248999999999999666e+00 8.999999999999999320e-03 4.248999999999999666e+00 8.999999999999999320e-03 2.621823213555388055e+00 0.000000000000000000e+00
8.671968441152401175e-01 4.246000000000000441e+00 8.999999999999999320e-03 4.246000000000000441e+00 8.999999999999999320e-03 2.621238291045061342e+00 0.000000000000000000e+00
8.688011099665748915e-01 4.243000000000000327e+00 8.000000000000000167e-03 4.243000000000000327e+00 8.000000000000000167e-03 2.620654447614437998e+00 0.000000000000000000e+00
8.703991014075608268e-01 4.240000000000000213e+00 8.000000000000000167e-03 4.240000000000000213e+00 8.000000000000000167e-03 2.620076094088505947e+00 0.000000000000000000e+00
8.719968491532099630e-01 4.237000000000000099e+00 8.000000000000000167e-03 4.237000000000000099e+00 8.000000000000000167e-03 2.619501004733775229e+00 0.000000000000000000e+00
8.736004734961916318e-01 4.233999999999999986e+00 7.000000000000000146e-03 4.233999999999999986e+00 7.000000000000000146e-03 2.618926970073552685e+00 0.000000000000000000e+00
8.751976507793088889e-01 4.230999999999999872e+00 7.000000000000000146e-03 4.230999999999999872e+00 7.000000000000000146e-03 2.618358376748907368e+00 0.000000000000000000e+00
8.768006789010289737e-01 4.227999999999999758e+00 7.000000000000000146e-03 4.227999999999999758e+00 7.000000000000000146e-03 2.617790822016799801e+00 0.000000000000000000e+00
8.783971434239238318e-01 4.224999999999999645e+00 7.000000000000000146e-03 4.224999999999999645e+00 7.000000000000000146e-03 2.617228676540190868e+00 0.000000000000000000e+00
8.799994321851644097e-01 4.222000000000000419e+00 6.000000000000000125e-03 4.222000000000000419e+00 6.000000000000000125e-03 2.616667553678011515e+00 0.000000000000000000e+00
8.816013083514061544e-01 4.219000000000000306e+00 6.000000000000000125e-03 4.219000000000000306e+00 6.000000000000000125e-03 2.616109630826876753e+00 0.000000000000000000e+00
8.831964439632143948e-01 4.216000000000000192e+00 6.000000000000000125e-03 4.216000000000000192e+00 6.000000000000000125e-03 2.615557069560120240e+00 0.000000000000000000e+00
8.847973623926865816e-01 4.213000000000000078e+00 5.000000000000000104e-03 4.213000000000000078e+00 5.000000000000000104e-03 2.615005507172870391e+00 0.000000000000000000e+00
8.863977579821840092e-01 4.209999999999999964e+00 5.000000000000000104e-03 4.209999999999999964e+00 5.000000000000000104e-03 2.614457109279435532e+00 0.000000000000000000e+00
8.879975935024566613e-01 4.206999999999999851e+00 5.000000000000000104e-03 4.206999999999999851e+00 5.000000000000000104e-03 2.613911864128474427e+00 0.000000000000000000e+00
8.895968314785717146e-01 4.205000000000000071e+00 5.000000000000000104e-03 4.205000000000000071e+00 5.000000000000000104e-03 2.613369760015094023e+00 0.000000000000000000e+00
8.911954341903809418e-01 4.201999999999999957e+00 4.000000000000000083e-03 4.201999999999999957e+00 4.000000000000000083e-03 2.612830785280847667e+00 0.000000000000000000e+00
8.927997926132885675e-01 4.198999999999999844e+00 4.000000000000000083e-03 4.198999999999999844e+00 4.000000000000000083e-03 2.612292778213059385e+00 0.000000000000000000e+00
8.943970336812794297e-01 4.195999999999999730e+00 4.000000000000000083e-03 4.195999999999999730e+00 4.000000000000000083e-03 2.611760031287238437e+00 0.000000000000000000e+00
8.960000000000000187e-01 4.193999999999999950e+00 4.000000000000000083e-03 4.193999999999999950e+00 4.000000000000000083e-03 2.611228236607142872e+00 0.000000000000000000e+00
8.975957257346394158e-01 4.190999999999999837e+00 4.000000000000000083e-03 4.190999999999999837e+00 4.000000000000000083e-03 2.610701671351411068e+00 0.000000000000000000e+00
8.991971454058876878e-01 4.187999999999999723e+00 3.000000000000000062e-03 4.187999999999999723e+00 3.000000000000000062e-03 2.610176043044532879e+00 0.000000000000000000e+00
9.007977448088464456e-01 4.185999999999999943e+00 3.000000000000000062e-03 4.185999999999999943e+00 3.000000000000000062e-03 2.609653482681581149e+00 0.000000000000000000e+00
9.023974846063147481e-01 4.182999999999999829e+00 3.000000000000000062e-03 4.182999999999999829e+00 3.000000000000000062e-03 2.609133978882798299e+00 0.000000000000000000e+00
9.039963252181901776e-01 4.179999999999999716e+00 3.000000000000000062e-03 4.179999999999999716e+00 3.000000000000000062e-03 2.608617520314875371e+00 0.000000000000000000e+00
9.056008414409676410e-01 4.177999999999999936e+00 3.000000000000000062e-03 4.177999999999999936e+00 3.000000000000000062e-03 2.608101975982739074e+00 0.000000000000000000e+00
9.071977873224699174e-01 4.174999999999999822e+00 2.000000000000000042e-03 4.174999999999999822e+00 2.000000000000000042e-03 2.607591577793720194e+00 0.000000000000000000e+00
9.088003752950317704e-01 4.171999999999999709e+00 2.000000000000000042e-03 4.171999999999999709e+00 2.000000000000000042e-03 2.607082078853269813e+00 0.000000000000000000e+00
9.103952653336957468e-01 4.169999999999999929e+00 2.000000000000000042e-03 4.169999999999999929e+00 2.000000000000000042e-03 2.606577696205362393e+00 0.000000000000000000e+00
9.119957630858858133e-01 4.166999999999999815e+00 2.000000000000000042e-03 4.166999999999999815e+00 2.000000000000000042e-03 2.606074197942666704e+00 0.000000000000000000e+00
9.136018981791923510e-01 4.165000000000000036e+00 2.000000000000000042e-03 4.165000000000000036e+00 2.000000000000000042e-03 2.605571584065182300e+00 0.000000000000000000e+00
9.152001889689382885e-01 4.163000000000000256e+00 2.000000000000000042e-03 4.163000000000000256e+00 2.000000000000000042e-03 2.605074049476675757e+00 0.000000000000000000e+00
9.167973024934189530e-01 4.160000000000000142e+00 2.000000000000000042e-03 4.160000000000000142e+00 2.000000000000000042e-03 2.604579478339601017e+00 0.000000000000000000e+00
9.183999999999999941e-01 4.158000000000000362e+00 2.000000000000000042e-03 4.158000000000000362e+00 2.000000000000000042e-03 2.604085769524942862e+00 0.000000000000000000e+00
9.200014840648537140e-01 4.155999999999999694e+00 1.000000000000000021e-03 4.155999999999999694e+00 1.000000000000000021e-03 2.603595009546082029e+00 0.000000000000000000e+00
9.216017126164230966e-01 4.152999999999999581e+00 1.000000000000000021e-03 4.152999999999999581e+00 1.000000000000000021e-03 2.603107187487741392e+00 0.000000000000000000e+00
9.232006433453959771e-01 4.150999999999999801e+00 1.000000000000000021e-03 4.150999999999999801e+00 1.000000000000000021e-03 2.602622292481091115e+00 0.000000000000000000e+00
9.247982337057867319e-01 4.149000000000000021e+00 1.000000000000000021e-03 4.149000000000000021e+00 1.000000000000000021e-03 2.602140313703749985e+00 0.000000000000000000e+00
9.264013628823766222e-01 4.145999999999999908e+00 1.000000000000000021e-03 4.145999999999999908e+00 1.000000000000000021e-03 2.601659168265279209e+00 0.000000000000000000e+00
9.279961677794079655e-01 4.144000000000000128e+00 1.000000000000000021e-03 4.144000000000000128e+00 1.000000000000000021e-03 2.601182993226214712e+00 0.000000000000000000e+00
9.295964730757119154e-01 4.142000000000000348e+00 1.000000000000000021e-03 4.142000000000000348e+00 1.000000000000000021e-03 2.600707637220040169e+00 0.000000000000000000e+00
9.311953133801493809e-01 4.139999999999999680e+00 1.000000000000000021e-03 4.139999999999999680e+00 1.000000000000000021e-03 2.600235161678221996e+00 0.000000000000000000e+00
9.327996629450180377e-01 4.137999999999999901e+00 1.000000000000000021e-03 4.137999999999999901e+00 1.000000000000000021e-03 2.599763498062750866e+00 0.000000000000000000e+00
9.343954660898795561e-01 4.134999999999999787e+00 1.000000000000000021e-03 4.134999999999999787e+00 1.000000000000000021e-03 2.599296755100889200e+00 0.000000000000000000e+00
9.359967386873218054e-01 4.133000000000000007e+00 1.000000000000000021e-03 4.133000000000000007e+00 1.000000000000000021e-03 2.598830809945185560e+00 0.000000000000000000e+00
9.375964185244562987e-01 4.131000000000000227e+00 1.000000000000000021e-03 4.131000000000000227e+00 1.000000000000000021e-03 2.598367709953366411e+00 0.000000000000000000e+00
9.392015756382092739e-01 4.128999999999999559e+00 0.000000000000000000e+00 4.128999999999999559e+00 0.000000000000000000e+00 2.597905400754059180e+00 0.000000000000000000e+00
9.407979603296252602e-01 4.126999999999999780e+00 0.000000000000000000e+00 4.126999999999999780e+00 0.000000000000000000e+00 2.597447963112835101e+00 0.000000000000000000e+00
9.423997810918046669e-01 4.125000000000000000e+00 0.000000000000000000e+00 4.125000000000000000e+00 0.000000000000000000e+00 2.596991302329726192e+00 0.000000000000000000e+00
9.439998781778451420e-01 4.123000000000000220e+00 0.000000000000000000e+00 4.123000000000000220e+00 0.000000000000000000e+00 2.596537451874509017e+00 0.000000000000000000e+00
9.455982061822647555e-01 4.121000000000000441e+00 0.000000000000000000e+00 4.121000000000000441e+00 0.000000000000000000e+00 2.596086401389281484e+00 0.000000000000000000e+00
9.472019557660720235e-01 4.118999999999999773e+00 0.000000000000000000e+00 4.118999999999999773e+00 0.000000000000000000e+00 2.595636113951633295e+00 0.000000000000000000e+00
9.487966328678016925e-01 4.116999999999999993e+00 0.000000000000000000e+00 4.116999999999999993e+00 0.000000000000000000e+00 2.595190635924658373e+00 0.000000000000000000e+00
9.503966885132805187e-01 4.113999999999999879e+00 0.000000000000000000e+00 4.113999999999999879e+00 0.000000000000000000e+00 2.594745907258588336e+00 0.000000000000000000e+00
9.520021499596883485e-01 4.112000000000000099e+00 0.000000000000000000e+00 4.112000000000000099e+00 0.000000000000000000e+00 2.594301927953422737e+00 0.000000000000000000e+00
9.535983755970373066e-01 4.110000000000000320e+00 0.000000000000000000e+00 4.110000000000000320e+00 0.000000000000000000e+00 2.593862723997070852e+00 0.000000000000000000e+00
9.551999630197459679e-01 4.107999999999999652e+00 0.000000000000000000e+00 4.107999999999999652e+00 0.000000000000000000e+00 2.593424255838811199e+00 0.000000000000000000e+00
9.567995554938185654e-01 4.105999999999999872e+00 0.000000000000000000e+00 4.105999999999999872e+00 0.000000000000000000e+00 2.592988529745380522e+00 0.000000000000000000e+00
9.583971058856268765e-01 4.104000000000000092e+00 0.000000000000000000e+00 4.104000000000000092e+00 0.000000000000000000e+00 2.592555535637564468e+00 0.000000000000000000e+00
9.599999999999999645e-01 4.102000000000000313e+00 0.000000000000000000e+00 4.102000000000000313e+00 0.000000000000000000e+00 2.592123263888888918e+00 0.000000000000000000e+00
9.616008066079808625e-01 4.099999999999999645e+00 0.000000000000000000e+00 4.099999999999999645e+00 0.000000000000000000e+00 2.591693710748807611e+00 0.000000000000000000e+00
9.631994779406625184e-01 4.099000000000000199e+00 0.000000000000000000e+00 4.099000000000000199e+00 0.000000000000000000e+00 2.591266866231002108e+00 0.000000000000000000e+00
9.647959660098982537e-01 4.097000000000000419e+00 0.000000000000000000e+00 4.097000000000000419e+00 0.000000000000000000e+00 2.590842720395603038e+00 0.000000000000000000e+00
9.663977551736232519e-01 4.094999999999999751e+00 0.000000000000000000e+00 4.094999999999999751e+00 0.000000000000000000e+00 2.590419276993156661e+00 0.000000000000000000e+00
9.679973142415466691e-01 4.092999999999999972e+00 0.000000000000000000e+00 4.092999999999999972e+00 0.000000000000000000e+00 2.589998519081887274e+00 0.000000000000000000e+00
9.696021771942034961e-01 4.091999999999999638e+00 9.537000000000000338e-05 4.091999999999999638e+00 9.537000000000000338e-05 2.589578457023438141e+00 0.000000000000000000e+00
9.711971549651029489e-01 4.089999999999999858e+00 8.501000000000000093e-05 4.089999999999999858e+00 8.501000000000000093e-05 2.589163043851408830e+00 0.000000000000000000e+00
9.727973888004016745e-01 4.088000000000000078e+00 7.527999999999999753e-05 4.088000000000000078e+00 7.527999999999999753e-05 2.588748313464832140e+00 0.000000000000000000e+00
9.743952468524543775e-01 4.086999999999999744e+00 6.616999999999999835e-05 4.086999999999999744e+00 6.616999999999999835e-05 2.588336235901013360e+00 0.000000000000000000e+00
9.759983626301826920e-01 4.084999999999999964e+00 5.767000000000000181e-05 4.084999999999999964e+00 5.767000000000000181e-05 2.587924834635410676e+00 0.000000000000000000e+00
9.775990538143110031e-01 4.083000000000000185e+00 4.978000000000000111e-05 4.083000000000000185e+00 4.978000000000000111e-05 2.587516073249059634e+00 0.000000000000000000e+00
9.791972705302562918e-01 4.081000000000000405e+00 4.250000000000000305e-05 4.081000000000000405e+00 4.250000000000000305e-05 2.587109942080777270e+00 0.000000000000000000e+00
9.808007214562023401e-01 4.080000000000000071e+00 3.580999999999999765e-05 4.080000000000000071e+00 3.580999999999999765e-05 2.586704474329136083e+00 0.000000000000000000e+00
9.824016481121985445e-01 4.078000000000000291e+00 2.972000000000000005e-05 4.078000000000000291e+00 2.972000000000000005e-05 2.586301623975918229e+00 0.000000000000000000e+00
9.839999999999999858e-01 4.076999999999999957e+00 2.421000000000000029e-05 4.076999999999999957e+00 2.421000000000000029e-05 2.585901381452838876e+00 0.000000000000000000e+00
9.855957264141944618e-01 4.075000000000000178e+00 1.927999999999999837e-05 4.075000000000000178e+00 1.927999999999999837e-05 2.585503737238059596e+00 0.000000000000000000e+00
9.871966367284541466e-01 4.073000000000000398e+00 1.491999999999999945e-05 4.073000000000000398e+00 1.491999999999999945e-05 2.585106737349796902e+00 0.000000000000000000e+00
9.887948703634290570e-01 4.072000000000000064e+00 1.113000000000000016e-05 4.072000000000000064e+00 1.113000000000000016e-05 2.584712323135981649e+00 0.000000000000000000e+00
9.903982873484256100e-01 4.070000000000000284e+00 7.907999999999999502e-06 4.070000000000000284e+00 7.907999999999999502e-06 2.584318546947238726e+00 0.000000000000000000e+00
9.919989758689111703e-01 4.067999999999999616e+00 5.241000000000000304e-06 4.067999999999999616e+00 5.241000000000000304e-06 2.583927343861019743e+00 0.000000000000000000e+00
9.935968841909554872e-01 4.067000000000000171e+00 3.126999999999999876e-06 4.067000000000000171e+00 3.126999999999999876e-06 2.583538704494831695e+00 0.000000000000000000e+00
9.951999486282128160e-01 4.065000000000000391e+00 1.559000000000000024e-06 4.065000000000000391e+00 1.559000000000000024e-06 2.583150690643723824e+00 0.000000000000000000e+00
9.968001800903669718e-01 4.064000000000000057e+00 5.342000000000000057e-07 4.064000000000000057e+00 5.342000000000000057e-07 2.582765228064585195e+00 0.000000000000000000e+00
9.983975262314488397e-01 4.062000000000000277e+00 4.607999999999999969e-08 4.062000000000000277e+00 4.607999999999999969e-08 2.582382307467817384e+00 0.000000000000000000e+00
1.000000000000000000e+00 4.060999999999999943e+00 0.000000000000000000e+00 4.060999999999999943e+00 0.000000000000000000e+00 2.582000000000000295e+00 0.000000000000000000e+00
