0.3599989547068679	2.047
0.36159905738792625	2.093
0.3631996156617823	2.141
0.3647993785841015	2.192
0.3663992198235738	2.244
0.36799895522299464	2.297
0.3695994991876705	2.353
0.3711995784544728	2.41
0.37279899932646976	2.469
0.3743998260627986	2.529
0.37599963608242737	2.591
0.37759937627151685	2.655
0.3791988695968657	2.72
0.3807991056208902	2.785
0.3823999309123883	2.852
0.38400000000000006	2.919
0.3855991242038217	2.986
0.38719953030383475	3.053
0.388799864529664	3.12
0.3903999596954488	3.186
0.39199964589011216	3.252
0.3936	3.316
0.39519961749940236	3.378
0.3967995903475645	3.438
0.3983997686412493	3.496
0.4	3.551
0.40159882873486524	3.604
0.4032	3.654
0.4047994514912582	3.7
0.4063996538601477	3.743
0.40799913124459086	3.783
0.4095990696936861	3.819
0.411199331383201	3.853
0.41279977626028386	3.883
0.41439887696781313	3.91
0.4159992484205088	3.934
0.41759936947830395	3.955
0.41919909116728205	3.974
0.42079969046867527	3.991
0.42239960752649713	4.005
0.42399868680236374	4.017
0.42559969243021323	4.028
0.4271995865276941	4.037
0.42879969011765845	4.045
0.43039987225194143	4.051
0.432	4.057
0.43359993844884087	4.062
0.4351995507037804	4.066
0.4367986978900605	4.07
0.438398789297446	4.073
0.4399997160925822	4.077
0.441599794843301	4.08
0.443198878991092	4.083
0.44480001148019127	4.086
0.4463998963066443	4.09
0.448	4.094
0.44959857270294384	4.098
0.4511987423031574	4.102
0.4527987670597516	4.107
0.4543985222812284	4.112
0.4559995586531566	4.118
0.45760009448446914	4.124
0.4592	4.13
0.46079914369497105	4.138
0.46239911685289337	4.145
0.46399982036398746	4.153
0.46559940515755444	4.161
0.46719949355068446	4.17
0.4687999818505621	4.18
0.47039898016481263	4.189
0.47199993908892257	4.2
0.4735991688025944	4.21
0.4752001655749706	4.221
0.47679918779851865	4.232
0.4783997777469093	4.244
0.48	4.256
0.48159973897033126	4.268
0.4831988775868116	4.28
0.48479919293978724	4.293
0.48639869440020084	4.305
0.48799918131509135	4.318
0.48959863526512815	4.331
0.4911988780203716	4.344
0.4927998219332171	4.357
0.49439940664415005	4.371
0.4959994879344556	4.384
0.4975999743141064	4.397
0.4991987631157244	4.41
0.5007997673404101	4.424
0.5023988589211619	4.437
0.504	4.45
0.5055990082455897	4.463
0.5071998952742506	4.476
0.5087984241628366	4.489
0.5103986563256434	4.501
0.511998414251911	4.514
0.5135997216261672	4.527
0.5151982314785188	4.539
0.516800260100789	4.551
0.5183992774922962	4.563
0.5199994967097399	4.575
0.5215986537652504	4.587
0.5231988454380878	4.598
0.5248	4.609
0.5263998097923	4.621
0.5279981602851558	4.632
0.5295994600805608	4.642
0.5311991225514558	4.653
0.5320996184696728	4.659
0.5327993193040056	4.663
0.5343999724145067	4.674
0.5359986857691277	4.684
0.5376000000000001	4.694
0.5391991858781165	4.703
0.5407984785899042	4.713
0.5424001679907605	4.722
0.5439994383797256	4.731
0.5455985636584464	4.74
0.5471998728920157	4.749
0.548798463166002	4.757
0.5503990908364483	4.765
0.5519992520335338	4.773
0.5535988569387391	4.781
0.5552003009215722	4.789
0.5567985341734293	4.796
0.5583984506947104	4.804
0.56	4.811
0.561598043212393	4.818
0.5632001162885774	4.824
0.5647984912467713	4.831
0.5663982019104702	4.837
0.5679991937035578	4.843
0.5695987944999059	4.849
0.5711995356101337	4.855
0.5727987138085404	4.86
0.5743988881167478	4.865
0.5760000000000001	4.871
0.5775992993375386	4.876
0.5791993870905956	4.88
0.5808002023694084	4.885
0.5823989477887123	4.89
0.583998266620192	4.894
0.5855980956159492	4.898
0.5871983707878472	4.903
0.588799027406433	4.906
0.5904	4.91
0.5919983956683046	4.914
0.593599785510466	4.918
0.5951984330819415	4.922
0.5967999691934459	4.926
0.5983985945471131	4.93
0.6000000000000001	4.933
0.6015983230708766	4.936
0.6031993149885183	4.94
0.6048000000000001	4.944
0.6064003051956627	4.947
0.6080001569235145	4.951
0.6095994807902216	4.955
0.6111982016622793	4.959
0.6127992724540836	4.963
0.6143996194195157	4.967
0.6159991653127842	4.971
0.6175978321511119	4.976
0.6191986335918654	4.98
0.620798429778136	4.984
0.6224002650562492	4.989
0.6239978257915477	4.995
0.6256004521051144	4.999
0.6271986402197502	5.005
0.6287986367509231	5.01
0.6304004067624254	5.017
0.631997471683879	5.022
0.6335994112897457	5.028
0.6351997294929531	5.035
0.6367983400017463	5.042
0.6383984429306271	5.049
0.64	5.056
0.641599652249511	5.063
0.6432006474338688	5.07
0.6447995922676473	5.078
0.646399766431882	5.086
0.6479977421681458	5.093
0.6496002347245654	5.101
0.6512004117798449	5.109
0.6527981803535042	5.118
0.6544003546885392	5.125
0.6560000000000001	5.133
0.6576005091757717	5.141
0.6591983326510105	5.149
0.6608004178503094	5.157
0.6623996922649514	5.164
0.6639996144020822	5.171
0.6656001374319551	5.178
0.6671976236089288	5.184
0.6687991887066236	5.19
0.6703975862572389	5.196
0.6720000000000002	5.2
0.6735991133422434	5.205
0.6751985013015586	5.209
0.6767981134547361	5.212
0.6783978988837821	5.214
0.6799978061756157	5.216
0.6815977834218425	5.217
0.6831977782186075	5.217
0.6847977376665267	5.217
0.6863976083707025	5.216
0.6879973364408191	5.214
0.689600703038528	5.211
0.6912	5.207
0.6927989897240181	5.203
0.6943976163406124	5.198
0.6959997305459812	5.192
0.6975974793225679	5.186
0.699198637514592	5.178
0.7007992403260267	5.171
0.7023992295272357	5.162
0.7039985463960844	5.153
0.7055971317189768	5.144
0.7071989595988981	5.134
0.708799972559041	5.124
0.7104001100116315	5.113
0.7119993108794901	5.102
0.7135975135975137	5.091
0.7151987816977781	5.079
0.7167989639762039	5.067
0.7183979974968712	5.055
0.7200000000000001	5.043
0.7216007635986917	5.031
0.7232002239876808	5.019
0.7247983163802175	5.006
0.7263992313235647	4.994
0.7279986847358902	4.982
0.7296009038803299	4.97
0.7311972541179385	4.958
0.7328006052295616	4.946
0.7343979528976924	4.934
0.7359979104459893	4.922
0.7376004664140258	4.911
0.7391967948106458	4.9
0.7408000477997192	4.889
0.7423969342235262	4.878
0.7440007200936122	4.868
0.7455979986529395	4.858
0.7471976472289854	4.848
0.7487996521255972	4.839
0.7503994577059023	4.831
0.7519969916238559	4.822
0.7535967615470178	4.814
0.7551987525430337	4.807
0.7567983299456135	4.801
0.7584000587224203	4.794
0.7599992644219276	4.789
0.761600550388835	4.785
0.7631992022307991	4.78
0.7647998618247766	4.777
0.7663977746870654	4.775
0.7679976213778665	4.774
0.7695993842410399	4.772
0.7711982484076434	4.774
0.7727989528469474	4.776
0.7743966421825814	4.778
0.7760009513497274	4.781
0.7775972906017751	4.787
0.779200211165369	4.793
0.7807999193908975	4.8
0.7823963348836035	4.809
0.7839992917802243	4.82
0.7855988746744731	4.831
0.7872	4.842
0.7887976282120612	4.857
0.7903967156053372	4.873
0.7919972404277337	4.889
0.793599180695129	4.905
0.7951974139921496	4.925
0.7967969769220389	4.944
0.7983978466234359	4.963
0.8	4.983
0.8015982310840429	5.003
0.8031976574697305	5.024
0.8047982551799346	5.044
0.8064	5.063
0.8079976017621836	5.08
0.8095962597049815	5.096
0.8112012562156504	5.112
0.8127966435033434	5.128
0.8143983184445612	5.137
0.8160009477362925	5.145
0.8175991137136979	5.153
0.8191981393873722	5.162
0.8207979980536634	5.162
0.822398662766402	5.161
0.8240001063363152	5.16
0.8255968037289829	5.159
0.8271997011021858	5.154
0.8287977539356263	5.146
0.8303964315135929	5.137
0.8320012884263082	5.129
0.8336011510559189	5.12
0.8351959258735323	5.107
0.8367968143623663	5.094
0.8383981823345641	5.082
0.8400000000000001	5.069
0.8415965245723595	5.055
0.8431991294885747	5.041
0.8447963369264524	5.027
0.8463996067829935	5.013
0.8479973736047275	4.999
0.8496011841131487	4.985
0.8511993848604265	4.971
0.8527977439213124	4.957
0.8543962291455625	4.943
0.856000718028735	4.929
0.8575993802353169	4.917
0.8591980707128107	4.904
0.8607967563214242	4.891
0.862401402278703	4.879
0.864	4.866
0.8655984919886899	4.855
0.8671968441152401	4.844
0.8688011099665749	4.832
0.8703991014075608	4.821
0.87199684915321	4.81
0.8736004734961916	4.8
0.8751976507793089	4.791
0.876800678901029	4.781
0.8783971434239238	4.771
0.8799994321851644	4.761
0.8816013083514062	4.753
0.8831964439632144	4.745
0.8847973623926866	4.736
0.886397757982184	4.728
0.8879975935024567	4.72
0.8895968314785717	4.712
0.8911954341903809	4.705
0.8927997926132886	4.699
0.8943970336812794	4.692
0.896	4.685
0.8975957257346394	4.678
0.8991971454058877	4.672
0.9007977448088464	4.666
0.9023974846063147	4.66
0.9039963252181902	4.654
0.9056008414409676	4.648
0.9071977873224699	4.642
0.9088003752950318	4.637
0.9103952653336957	4.631
0.9119957630858858	4.626
0.9136018981791924	4.62
0.9152001889689383	4.615
0.916797302493419	4.61
0.9184	4.605
0.9200014840648537	4.6
0.9216017126164231	4.595
0.923200643345396	4.59
0.9247982337057867	4.585
0.9264013628823766	4.581
0.927996167779408	4.576
0.9295964730757119	4.572
0.9311953133801494	4.568
0.932799662945018	4.563
0.9343954660898796	4.559
0.9359967386873218	4.554
0.9375964185244563	4.55
0.9392015756382093	4.546
0.9407979603296253	4.542
0.9423997810918047	4.538
0.9439998781778451	4.534
0.9455982061822648	4.53
0.947201955766072	4.526
0.9487966328678017	4.522
0.9503966885132805	4.518
0.9520021499596883	4.515
0.9535983755970373	4.511
0.955199963019746	4.507
0.9567995554938186	4.504
0.9583971058856269	4.5
0.96	4.497
0.9616008066079809	4.493
0.9631994779406625	4.49
0.9647959660098983	4.486
0.9663977551736233	4.483
0.9679973142415467	4.48
0.9696021771942035	4.476
0.971197154965103	4.473
0.9727973888004017	4.47
0.9743952468524544	4.467
0.9759983626301827	4.464
0.977599053814311	4.461
0.9791972705302563	4.458
0.9808007214562023	4.455
0.9824016481121985	4.452
0.984	4.449
0.9855957264141945	4.446
0.9871966367284541	4.443
0.9887948703634291	4.44
0.9903982873484256	4.437
0.9919989758689112	4.434
0.9935968841909555	4.432
0.9951999486282128	4.429
0.996800180090367	4.426
0.9983975262314488	4.423
1.	4.421