3.599989547068678797e-01 2.047000000000000153e+00 3.307999999999999829e+00 2.047000000000000153e+00 3.307999999999999829e+00 3.288240708794368139e+00 0.000000000000000000e+00
3.615990573879262482e-01 2.092999999999999972e+00 3.341000000000000192e+00 2.092999999999999972e+00 3.341000000000000192e+00 3.285942635717676641e+00 0.000000000000000000e+00
3.631996156617823268e-01 2.141000000000000014e+00 3.371999999999999886e+00 2.141000000000000014e+00 3.371999999999999886e+00 3.283674227285332758e+00 0.000000000000000000e+00
3.647993785841014969e-01 2.192000000000000171e+00 3.402000000000000135e+00 2.192000000000000171e+00 3.402000000000000135e+00 3.281436716287687183e+00 0.000000000000000000e+00
3.663992198235738185e-01 2.244000000000000217e+00 3.431000000000000050e+00 2.244000000000000217e+00 3.431000000000000050e+00 3.279228341958312143e+00 0.000000000000000000e+00
3.679989552229946392e-01 2.297000000000000153e+00 3.458000000000000185e+00 2.297000000000000153e+00 3.458000000000000185e+00 3.277048850331588437e+00 0.000000000000000000e+00
3.695994991876704883e-01 2.353000000000000203e+00 3.483999999999999986e+00 2.353000000000000203e+00 3.483999999999999986e+00 3.274896517654703576e+00 0.000000000000000000e+00
3.711995784544728227e-01 2.410000000000000142e+00 3.508000000000000007e+00 2.410000000000000142e+00 3.508000000000000007e+00 3.272772579109522351e+00 0.000000000000000000e+00
3.727989993264697599e-01 2.468999999999999861e+00 3.529999999999999805e+00 2.468999999999999861e+00 3.529999999999999805e+00 3.270676787233587124e+00 0.000000000000000000e+00
3.743998260627985908e-01 2.528999999999999915e+00 3.549999999999999822e+00 2.528999999999999915e+00 3.549999999999999822e+00 3.268605990507331693e+00 0.000000000000000000e+00
3.759996360824273687e-01 2.591000000000000192e+00 3.567000000000000171e+00 2.591000000000000192e+00 3.567000000000000171e+00 3.266562876913480018e+00 0.000000000000000000e+00
3.775993762715168511e-01 2.654999999999999805e+00 3.581999999999999851e+00 2.654999999999999805e+00 3.581999999999999851e+00 3.264545764495864422e+00 0.000000000000000000e+00
3.791988695968657175e-01 2.720000000000000195e+00 3.593999999999999861e+00 2.720000000000000195e+00 3.593999999999999861e+00 3.262554432568207652e+00 0.000000000000000000e+00
3.807991056208901992e-01 2.785000000000000142e+00 3.603000000000000203e+00 2.785000000000000142e+00 3.603000000000000203e+00 3.260587233620918735e+00 0.000000000000000000e+00
3.823999309123882751e-01 2.851999999999999869e+00 3.609999999999999876e+00 2.851999999999999869e+00 3.609999999999999876e+00 3.258643968688810677e+00 0.000000000000000000e+00
3.840000000000000635e-01 2.919000000000000039e+00 3.612000000000000099e+00 2.919000000000000039e+00 3.612000000000000099e+00 3.256725857204861185e+00 0.000000000000000000e+00
3.855991242038216971e-01 2.986000000000000210e+00 3.612000000000000099e+00 2.986000000000000210e+00 3.612000000000000099e+00 3.254832685749484700e+00 0.000000000000000000e+00
3.871995303038347491e-01 3.052999999999999936e+00 3.608000000000000096e+00 3.052999999999999936e+00 3.608000000000000096e+00 3.252961432589920321e+00 0.000000000000000000e+00
3.887998645296639744e-01 3.120000000000000107e+00 3.600000000000000089e+00 3.120000000000000107e+00 3.600000000000000089e+00 3.251113322086979451e+00 0.000000000000000000e+00
3.903999596954487727e-01 3.185999999999999943e+00 3.588999999999999968e+00 3.185999999999999943e+00 3.588999999999999968e+00 3.249288163384683070e+00 0.000000000000000000e+00
3.919996458901121583e-01 3.251999999999999780e+00 3.575000000000000178e+00 3.251999999999999780e+00 3.575000000000000178e+00 3.247485767219931319e+00 0.000000000000000000e+00
3.936000000000000054e-01 3.315999999999999837e+00 3.556999999999999940e+00 3.315999999999999837e+00 3.556999999999999940e+00 3.245704563669112197e+00 0.000000000000000000e+00
3.951996174994023558e-01 3.378000000000000114e+00 3.536000000000000032e+00 3.378000000000000114e+00 3.536000000000000032e+00 3.243945760093542852e+00 0.000000000000000000e+00
3.967995903475645125e-01 3.438000000000000167e+00 3.511000000000000121e+00 3.438000000000000167e+00 3.511000000000000121e+00 3.242207800756334635e+00 0.000000000000000000e+00
3.983997686412493189e-01 3.495999999999999996e+00 3.483999999999999986e+00 3.495999999999999996e+00 3.483999999999999986e+00 3.240490519129130220e+00 0.000000000000000000e+00
4.000000000000000222e-01 3.551000000000000156e+00 3.454000000000000181e+00 3.551000000000000156e+00 3.454000000000000181e+00 3.238793750000000138e+00 0.000000000000000000e+00
4.015988287348652430e-01 3.604000000000000092e+00 3.422000000000000153e+00 3.604000000000000092e+00 3.422000000000000153e+00 3.237118684191515605e+00 0.000000000000000000e+00
4.032000000000000028e-01 3.653999999999999915e+00 3.387000000000000011e+00 3.653999999999999915e+00 3.387000000000000011e+00 3.235461094970395468e+00 0.000000000000000000e+00
4.047994514912581776e-01 3.700000000000000178e+00 3.350999999999999979e+00 3.700000000000000178e+00 3.350999999999999979e+00 3.233824885228212320e+00 0.000000000000000000e+00
4.063996538601477027e-01 3.742999999999999883e+00 3.314000000000000057e+00 3.742999999999999883e+00 3.314000000000000057e+00 3.232207201581623224e+00 0.000000000000000000e+00
4.079991312445908624e-01 3.782999999999999918e+00 3.274999999999999911e+00 3.782999999999999918e+00 3.274999999999999911e+00 3.230609234611854674e+00 0.000000000000000000e+00
4.095990696936860909e-01 3.818999999999999950e+00 3.236000000000000210e+00 3.818999999999999950e+00 3.236000000000000210e+00 3.229029498611691640e+00 0.000000000000000000e+00
4.111993313832010277e-01 3.853000000000000203e+00 3.196000000000000174e+00 3.853000000000000203e+00 3.196000000000000174e+00 3.227467852946948046e+00 0.000000000000000000e+00
4.127997762602838572e-01 3.883000000000000007e+00 3.156000000000000139e+00 3.883000000000000007e+00 3.156000000000000139e+00 3.225924158049745305e+00 0.000000000000000000e+00
4.143988769678131345e-01 3.910000000000000142e+00 3.116999999999999993e+00 3.910000000000000142e+00 3.116999999999999993e+00 3.224399588291671837e+00 0.000000000000000000e+00
4.159992484205087826e-01 3.934000000000000163e+00 3.077999999999999847e+00 3.934000000000000163e+00 3.077999999999999847e+00 3.222891375440447792e+00 0.000000000000000000e+00
4.175993694783039500e-01 3.955000000000000071e+00 3.039000000000000146e+00 3.955000000000000071e+00 3.039000000000000146e+00 3.221400701090471497e+00 0.000000000000000000e+00
4.191990911672820452e-01 3.974000000000000199e+00 3.001999999999999780e+00 3.974000000000000199e+00 3.001999999999999780e+00 3.219927429939097863e+00 0.000000000000000000e+00
4.207996904686752693e-01 3.991000000000000103e+00 2.966000000000000192e+00 3.991000000000000103e+00 2.966000000000000192e+00 3.218470134842681407e+00 0.000000000000000000e+00
4.223996075264971339e-01 4.004999999999999893e+00 2.931000000000000050e+00 4.004999999999999893e+00 2.931000000000000050e+00 3.217029985328348829e+00 0.000000000000000000e+00
4.239986868023637445e-01 4.017000000000000348e+00 2.898000000000000131e+00 4.017000000000000348e+00 2.898000000000000131e+00 3.215606849173899828e+00 0.000000000000000000e+00
4.255996924302132278e-01 4.027999999999999581e+00 2.866000000000000103e+00 4.027999999999999581e+00 2.866000000000000103e+00 3.214198038567745108e+00 0.000000000000000000e+00
4.271995865276940751e-01 4.036999999999999922e+00 2.834999999999999964e+00 4.036999999999999922e+00 2.834999999999999964e+00 3.212805999208109942e+00 0.000000000000000000e+00
4.287996901176584497e-01 4.044999999999999929e+00 2.806000000000000050e+00 4.044999999999999929e+00 2.806000000000000050e+00 3.211429333048833268e+00 0.000000000000000000e+00
4.303998722519414288e-01 4.051000000000000156e+00 2.778999999999999915e+00 4.051000000000000156e+00 2.778999999999999915e+00 3.210067926034444685e+00 0.000000000000000000e+00
4.319999999999999951e-01 4.057000000000000384e+00 2.753000000000000114e+00 4.057000000000000384e+00 2.753000000000000114e+00 3.208721664951989183e+00 0.000000000000000000e+00
4.335999384488408714e-01 4.062000000000000277e+00 2.729000000000000092e+00 4.062000000000000277e+00 2.729000000000000092e+00 3.207390437431026253e+00 0.000000000000000000e+00
4.351995507037804134e-01 4.065999999999999837e+00 2.706999999999999851e+00 4.065999999999999837e+00 2.706999999999999851e+00 3.206074131943631222e+00 0.000000000000000000e+00
4.367986978900604833e-01 4.070000000000000284e+00 2.685999999999999943e+00 4.070000000000000284e+00 2.685999999999999943e+00 3.204772637804393476e+00 0.000000000000000000e+00
4.383987892974460232e-01 4.073000000000000398e+00 2.665999999999999925e+00 4.073000000000000398e+00 2.665999999999999925e+00 3.203484604165546035e+00 0.000000000000000000e+00
4.399997160925822048e-01 4.076999999999999957e+00 2.648000000000000131e+00 4.076999999999999957e+00 2.648000000000000131e+00 3.202209935559606091e+00 0.000000000000000000e+00
4.415997948433009745e-01 4.080000000000000071e+00 2.630999999999999783e+00 4.080000000000000071e+00 2.630999999999999783e+00 3.200949769169022296e+00 0.000000000000000000e+00
4.431988789910920046e-01 4.083000000000000185e+00 2.616000000000000103e+00 4.083000000000000185e+00 2.616000000000000103e+00 3.199703997467815864e+00 0.000000000000000000e+00
4.448000114801912708e-01 4.086000000000000298e+00 2.600999999999999979e+00 4.086000000000000298e+00 2.600999999999999979e+00 3.198470067477516832e+00 0.000000000000000000e+00
4.463998963066442838e-01 4.089999999999999858e+00 2.588000000000000078e+00 4.089999999999999858e+00 2.588000000000000078e+00 3.197250337169474044e+00 0.000000000000000000e+00
4.480000000000000093e-01 4.094000000000000306e+00 2.576000000000000068e+00 4.094000000000000306e+00 2.576000000000000068e+00 3.196043486926020361e+00 0.000000000000000000e+00
4.495985727029438439e-01 4.097999999999999865e+00 2.564000000000000057e+00 4.097999999999999865e+00 2.564000000000000057e+00 3.194850635420603435e+00 0.000000000000000000e+00
4.511987423031573741e-01 4.102000000000000313e+00 2.553999999999999826e+00 4.102000000000000313e+00 2.553999999999999826e+00 3.193669267421181068e+00 0.000000000000000000e+00
4.527987670597515835e-01 4.107000000000000206e+00 2.544000000000000039e+00 4.107000000000000206e+00 2.544000000000000039e+00 3.192500507213579475e+00 0.000000000000000000e+00
4.543985222812284008e-01 4.112000000000000099e+00 2.535000000000000142e+00 4.112000000000000099e+00 2.535000000000000142e+00 3.191344265320070317e+00 0.000000000000000000e+00
4.559995586531566114e-01 4.118000000000000327e+00 2.525999999999999801e+00 4.118000000000000327e+00 2.525999999999999801e+00 3.190199259803594423e+00 0.000000000000000000e+00
4.576000944844691443e-01 4.123999999999999666e+00 2.517999999999999794e+00 4.123999999999999666e+00 2.517999999999999794e+00 3.189066603922683818e+00 0.000000000000000000e+00
4.591999999999999971e-01 4.129999999999999893e+00 2.511000000000000121e+00 4.129999999999999893e+00 2.511000000000000121e+00 3.187946210042613249e+00 0.000000000000000000e+00
4.607991436949710473e-01 4.137999999999999901e+00 2.504000000000000004e+00 4.137999999999999901e+00 2.504000000000000004e+00 3.186837991173706808e+00 0.000000000000000000e+00
4.623991168528933660e-01 4.144999999999999574e+00 2.496999999999999886e+00 4.144999999999999574e+00 2.496999999999999886e+00 3.185740684379373633e+00 0.000000000000000000e+00
4.639998203639874585e-01 4.152999999999999581e+00 2.491000000000000103e+00 4.152999999999999581e+00 2.491000000000000103e+00 3.184654216123850468e+00 0.000000000000000000e+00
4.655994051575544357e-01 4.160999999999999588e+00 2.483999999999999986e+00 4.160999999999999588e+00 2.483999999999999986e+00 3.183579681845599030e+00 0.000000000000000000e+00
4.671994935506844637e-01 4.169999999999999929e+00 2.478000000000000203e+00 4.169999999999999929e+00 2.478000000000000203e+00 3.182515832448093551e+00 0.000000000000000000e+00
4.687999818505620975e-01 4.179999999999999716e+00 2.471999999999999975e+00 4.179999999999999716e+00 2.471999999999999975e+00 3.181462595896299206e+00 0.000000000000000000e+00
4.703989801648126301e-01 4.189000000000000057e+00 2.467000000000000082e+00 4.189000000000000057e+00 2.467000000000000082e+00 3.180421057206944457e+00 0.000000000000000000e+00
4.719999390889225710e-01 4.200000000000000178e+00 2.460999999999999854e+00 4.200000000000000178e+00 2.460999999999999854e+00 3.179388828214170459e+00 0.000000000000000000e+00
4.735991688025943946e-01 4.209999999999999964e+00 2.455000000000000071e+00 4.209999999999999964e+00 2.455000000000000071e+00 3.178368147594465398e+00 0.000000000000000000e+00
4.752001655749705789e-01 4.221000000000000085e+00 2.448999999999999844e+00 4.221000000000000085e+00 2.448999999999999844e+00 3.177356643812866643e+00 0.000000000000000000e+00
4.767991877985186533e-01 4.232000000000000206e+00 2.443000000000000060e+00 4.232000000000000206e+00 2.443000000000000060e+00 3.176356540915939775e+00 0.000000000000000000e+00
4.783997777469092827e-01 4.243999999999999773e+00 2.436999999999999833e+00 4.243999999999999773e+00 2.436999999999999833e+00 3.175365483788989529e+00 0.000000000000000000e+00
4.799999999999999822e-01 4.256000000000000227e+00 2.431000000000000050e+00 4.256000000000000227e+00 2.431000000000000050e+00 3.174384548611111079e+00 0.000000000000000000e+00
4.815997389703312592e-01 4.267999999999999794e+00 2.423999999999999932e+00 4.267999999999999794e+00 2.423999999999999932e+00 3.173413667138588412e+00 0.000000000000000000e+00
4.831988775868116259e-01 4.280000000000000249e+00 2.418000000000000149e+00 4.280000000000000249e+00 2.418000000000000149e+00 3.172452771601619759e+00 0.000000000000000000e+00
4.847991929397872379e-01 4.293000000000000149e+00 2.411000000000000032e+00 4.293000000000000149e+00 2.411000000000000032e+00 3.171500672476511351e+00 0.000000000000000000e+00
4.863986944002008372e-01 4.304999999999999716e+00 2.403999999999999915e+00 4.304999999999999716e+00 2.403999999999999915e+00 3.170558432545492522e+00 0.000000000000000000e+00
4.879991813150913460e-01 4.317999999999999616e+00 2.396999999999999797e+00 4.317999999999999616e+00 2.396999999999999797e+00 3.169624870512554704e+00 0.000000000000000000e+00
4.895986352651281459e-01 4.331000000000000405e+00 2.388999999999999790e+00 4.331000000000000405e+00 2.388999999999999790e+00 3.168701042573391025e+00 0.000000000000000000e+00
4.911988780203715987e-01 4.344000000000000306e+00 2.382000000000000117e+00 4.344000000000000306e+00 2.382000000000000117e+00 3.167785775563140227e+00 0.000000000000000000e+00
4.927998219332170859e-01 4.357000000000000206e+00 2.374000000000000110e+00 4.357000000000000206e+00 2.374000000000000110e+00 3.166879015179077328e+00 0.000000000000000000e+00
4.943994066441500523e-01 4.371000000000000441e+00 2.366000000000000103e+00 4.371000000000000441e+00 2.366000000000000103e+00 3.165981807879702625e+00 0.000000000000000000e+00
4.959994879344555851e-01 4.384000000000000341e+00 2.358000000000000096e+00 4.384000000000000341e+00 2.358000000000000096e+00 3.165092992484054513e+00 0.000000000000000000e+00
4.975999743141064080e-01 4.397000000000000242e+00 2.349000000000000199e+00 4.397000000000000242e+00 2.349000000000000199e+00 3.164212515742550469e+00 0.000000000000000000e+00
4.991987631157244198e-01 4.410000000000000142e+00 2.339999999999999858e+00 4.410000000000000142e+00 2.339999999999999858e+00 3.163341414587128586e+00 0.000000000000000000e+00
5.007997673404100958e-01 4.424000000000000377e+00 2.330999999999999961e+00 4.424000000000000377e+00 2.330999999999999961e+00 3.162477453237447111e+00 0.000000000000000000e+00
5.023988589211618727e-01 4.437000000000000277e+00 2.322000000000000064e+00 4.437000000000000277e+00 2.322000000000000064e+00 3.161622755700189025e+00 0.000000000000000000e+00
5.040000000000000036e-01 4.450000000000000178e+00 2.311999999999999833e+00 4.450000000000000178e+00 2.311999999999999833e+00 3.160775100781053393e+00 0.000000000000000000e+00
5.055990082455896761e-01 4.463000000000000078e+00 2.302999999999999936e+00 4.463000000000000078e+00 2.302999999999999936e+00 3.159936599304873805e+00 0.000000000000000000e+00
5.071998952742505784e-01 4.475999999999999979e+00 2.293000000000000149e+00 4.475999999999999979e+00 2.293000000000000149e+00 3.159105044487866998e+00 0.000000000000000000e+00
5.087984241628366044e-01 4.488999999999999879e+00 2.282999999999999918e+00 4.488999999999999879e+00 2.282999999999999918e+00 3.158282534148541210e+00 0.000000000000000000e+00
5.103986563256434072e-01 4.501000000000000334e+00 2.271999999999999797e+00 4.501000000000000334e+00 2.271999999999999797e+00 3.157466875738106360e+00 0.000000000000000000e+00
5.119984142519109493e-01 4.514000000000000234e+00 2.262000000000000011e+00 4.514000000000000234e+00 2.262000000000000011e+00 3.156659091633174707e+00 0.000000000000000000e+00
5.135997216261671827e-01 4.527000000000000135e+00 2.250999999999999890e+00 4.527000000000000135e+00 2.250999999999999890e+00 3.155858072577161000e+00 0.000000000000000000e+00
5.151982314785188422e-01 4.538999999999999702e+00 2.240000000000000213e+00 4.538999999999999702e+00 2.240000000000000213e+00 3.155065890823508301e+00 0.000000000000000000e+00
5.168002601007890551e-01 4.551000000000000156e+00 2.229000000000000092e+00 4.551000000000000156e+00 2.229000000000000092e+00 3.154279328985088782e+00 0.000000000000000000e+00
5.183992774922961955e-01 4.562999999999999723e+00 2.217999999999999972e+00 4.562999999999999723e+00 2.217999999999999972e+00 3.153501506045909508e+00 0.000000000000000000e+00
5.199994967097398835e-01 4.575000000000000178e+00 2.206999999999999851e+00 4.575000000000000178e+00 2.206999999999999851e+00 3.152730271030030451e+00 0.000000000000000000e+00
5.215986537652503863e-01 4.586999999999999744e+00 2.194999999999999840e+00 4.586999999999999744e+00 2.194999999999999840e+00 3.151966628230707723e+00 0.000000000000000000e+00
5.231988454380878117e-01 4.597999999999999865e+00 2.184000000000000163e+00 4.597999999999999865e+00 2.184000000000000163e+00 3.151209489669248409e+00 0.000000000000000000e+00
5.248000000000000442e-01 4.608999999999999986e+00 2.172000000000000153e+00 4.608999999999999986e+00 2.172000000000000153e+00 3.150458817063875649e+00 0.000000000000000000e+00
5.263998097923000552e-01 4.621000000000000441e+00 2.160000000000000142e+00 4.621000000000000441e+00 2.160000000000000142e+00 3.149715605878991909e+00 0.000000000000000000e+00
5.279981602851557820e-01 4.631999999999999673e+00 2.148000000000000131e+00 4.631999999999999673e+00 2.148000000000000131e+00 3.148979808854770468e+00 0.000000000000000000e+00
5.295994600805608021e-01 4.642000000000000348e+00 2.136000000000000121e+00 4.642000000000000348e+00 2.136000000000000121e+00 3.148249324464759358e+00 0.000000000000000000e+00
5.311991225514558490e-01 4.652999999999999581e+00 2.124000000000000110e+00 4.652999999999999581e+00 2.124000000000000110e+00 3.147526173059965959e+00 0.000000000000000000e+00
5.320996184696727971e-01 4.658999999999999808e+00 2.116999999999999993e+00 4.658999999999999808e+00 2.116999999999999993e+00 3.147121956438463375e+00 0.000000000000000000e+00
5.327993193040055919e-01 4.663000000000000256e+00 2.112000000000000099e+00 4.663000000000000256e+00 2.112000000000000099e+00 3.146809287110237996e+00 0.000000000000000000e+00
5.343999724145066521e-01 4.674000000000000377e+00 2.100000000000000089e+00 4.674000000000000377e+00 2.100000000000000089e+00 3.146098629702886562e+00 0.000000000000000000e+00
5.359986857691276807e-01 4.684000000000000163e+00 2.087000000000000188e+00 4.684000000000000163e+00 2.087000000000000188e+00 3.145395179162398858e+00 0.000000000000000000e+00
5.376000000000000778e-01 4.693999999999999950e+00 2.075000000000000178e+00 4.693999999999999950e+00 2.075000000000000178e+00 3.144696865920847628e+00 0.000000000000000000e+00
5.391991858781165492e-01 4.703000000000000291e+00 2.063000000000000167e+00 4.703000000000000291e+00 2.063000000000000167e+00 3.144005680766617683e+00 0.000000000000000000e+00
5.407984785899041524e-01 4.713000000000000078e+00 2.049999999999999822e+00 4.713000000000000078e+00 2.049999999999999822e+00 3.143320572655645240e+00 0.000000000000000000e+00
5.424001679907605178e-01 4.722000000000000419e+00 2.036999999999999922e+00 4.722000000000000419e+00 2.036999999999999922e+00 3.142640502729615815e+00 0.000000000000000000e+00
5.439994383797256416e-01 4.730999999999999872e+00 2.024999999999999911e+00 4.730999999999999872e+00 2.024999999999999911e+00 3.141967444443924062e+00 0.000000000000000000e+00
5.455985636584463894e-01 4.740000000000000213e+00 2.012000000000000011e+00 4.740000000000000213e+00 2.012000000000000011e+00 3.141300356395158477e+00 0.000000000000000000e+00
5.471998728920156596e-01 4.748999999999999666e+00 1.999000000000000110e+00 4.748999999999999666e+00 1.999000000000000110e+00 3.140638209155030669e+00 0.000000000000000000e+00
5.487984631660020041e-01 4.756999999999999673e+00 1.987000000000000099e+00 4.756999999999999673e+00 1.987000000000000099e+00 3.139982959161886189e+00 0.000000000000000000e+00
5.503990908364483348e-01 4.764999999999999680e+00 1.973999999999999977e+00 4.764999999999999680e+00 1.973999999999999977e+00 3.139332586020836313e+00 0.000000000000000000e+00
5.519992520335338382e-01 4.772999999999999687e+00 1.961000000000000076e+00 4.772999999999999687e+00 1.961000000000000076e+00 3.138688049389394052e+00 0.000000000000000000e+00
5.535988569387391145e-01 4.780999999999999694e+00 1.947999999999999954e+00 4.780999999999999694e+00 1.947999999999999954e+00 3.138049314882416230e+00 0.000000000000000000e+00
5.552003009215722429e-01 4.788999999999999702e+00 1.935999999999999943e+00 4.788999999999999702e+00 1.935999999999999943e+00 3.137415368399243398e+00 0.000000000000000000e+00
5.567985341734292826e-01 4.796000000000000263e+00 1.923000000000000043e+00 4.796000000000000263e+00 1.923000000000000043e+00 3.136788138641047663e+00 0.000000000000000000e+00
5.583984506947103910e-01 4.804000000000000270e+00 1.909999999999999920e+00 4.804000000000000270e+00 1.909999999999999920e+00 3.136165634784338963e+00 0.000000000000000000e+00
5.600000000000000533e-01 4.810999999999999943e+00 1.897000000000000020e+00 4.810999999999999943e+00 1.897000000000000020e+00 3.135547831632653271e+00 0.000000000000000000e+00
5.615980432123930388e-01 4.817999999999999616e+00 1.885000000000000009e+00 4.817999999999999616e+00 1.885000000000000009e+00 3.134936641620478248e+00 0.000000000000000000e+00
5.632001162885773571e-01 4.823999999999999844e+00 1.872000000000000108e+00 4.823999999999999844e+00 1.872000000000000108e+00 3.134329125245834291e+00 0.000000000000000000e+00
5.647984912467712837e-01 4.831000000000000405e+00 1.858999999999999986e+00 4.831000000000000405e+00 1.858999999999999986e+00 3.133728155767958157e+00 0.000000000000000000e+00
5.663982019104701893e-01 4.836999999999999744e+00 1.846999999999999975e+00 4.836999999999999744e+00 1.846999999999999975e+00 3.133131771070304605e+00 0.000000000000000000e+00
5.679991937035577809e-01 4.842999999999999972e+00 1.834000000000000075e+00 4.842999999999999972e+00 1.834000000000000075e+00 3.132539946667280084e+00 0.000000000000000000e+00
5.695987944999059138e-01 4.849000000000000199e+00 1.822000000000000064e+00 4.849000000000000199e+00 1.822000000000000064e+00 3.131953613342707055e+00 0.000000000000000000e+00
5.711995356101337018e-01 4.855000000000000426e+00 1.808999999999999941e+00 4.855000000000000426e+00 1.808999999999999941e+00 3.131371786339145480e+00 0.000000000000000000e+00
5.727987138085404162e-01 4.860000000000000320e+00 1.796999999999999931e+00 4.860000000000000320e+00 1.796999999999999931e+00 3.130795391380939208e+00 0.000000000000000000e+00
5.743988881167477745e-01 4.865000000000000213e+00 1.784999999999999920e+00 4.865000000000000213e+00 1.784999999999999920e+00 3.130223449384459844e+00 0.000000000000000000e+00
5.760000000000000675e-01 4.871000000000000441e+00 1.772999999999999909e+00 4.871000000000000441e+00 1.772999999999999909e+00 3.129655936535493677e+00 0.000000000000000000e+00
5.775992993375386186e-01 4.876000000000000334e+00 1.760999999999999899e+00 4.876000000000000334e+00 1.760999999999999899e+00 3.129093771059123785e+00 0.000000000000000000e+00
5.791993870905955966e-01 4.879999999999999893e+00 1.749000000000000110e+00 4.879999999999999893e+00 1.749000000000000110e+00 3.128535982248602743e+00 0.000000000000000000e+00
5.808002023694084359e-01 4.884999999999999787e+00 1.737000000000000099e+00 4.884999999999999787e+00 1.737000000000000099e+00 3.127982546684646259e+00 0.000000000000000000e+00
5.823989477887122623e-01 4.889999999999999680e+00 1.725000000000000089e+00 4.889999999999999680e+00 1.725000000000000089e+00 3.127434375224718011e+00 0.000000000000000000e+00
5.839982666201920525e-01 4.894000000000000128e+00 1.713999999999999968e+00 4.894000000000000128e+00 1.713999999999999968e+00 3.126890505407309728e+00 0.000000000000000000e+00
5.855980956159492212e-01 4.897999999999999687e+00 1.701999999999999957e+00 4.897999999999999687e+00 1.701999999999999957e+00 3.126350914208065213e+00 0.000000000000000000e+00
5.871983707878472014e-01 4.902999999999999581e+00 1.691000000000000059e+00 4.902999999999999581e+00 1.691000000000000059e+00 3.125815578721107713e+00 0.000000000000000000e+00
5.887990274064329732e-01 4.905999999999999694e+00 1.679999999999999938e+00 4.905999999999999694e+00 1.679999999999999938e+00 3.125284476159038594e+00 0.000000000000000000e+00
5.904000000000000359e-01 4.910000000000000142e+00 1.669000000000000039e+00 4.910000000000000142e+00 1.669000000000000039e+00 3.124757583852938669e+00 0.000000000000000000e+00
5.919983956683045889e-01 4.913999999999999702e+00 1.657999999999999918e+00 4.913999999999999702e+00 1.657999999999999918e+00 3.124235798262919417e+00 0.000000000000000000e+00
5.935997855104659937e-01 4.918000000000000149e+00 1.647000000000000020e+00 4.918000000000000149e+00 1.647000000000000020e+00 3.123717256456636893e+00 0.000000000000000000e+00
5.951984330819415359e-01 4.921999999999999709e+00 1.637000000000000011e+00 4.921999999999999709e+00 1.637000000000000011e+00 3.123203771693153996e+00 0.000000000000000000e+00
5.967999691934459117e-01 4.926000000000000156e+00 1.627000000000000002e+00 4.926000000000000156e+00 1.627000000000000002e+00 3.122693491185412284e+00 0.000000000000000000e+00
5.983985945471130830e-01 4.929999999999999716e+00 1.616000000000000103e+00 4.929999999999999716e+00 1.616000000000000103e+00 3.122188218573760388e+00 0.000000000000000000e+00
6.000000000000000888e-01 4.932999999999999829e+00 1.606999999999999984e+00 4.932999999999999829e+00 1.606999999999999984e+00 3.121686111111110939e+00 0.000000000000000000e+00
6.015983230708765728e-01 4.935999999999999943e+00 1.596999999999999975e+00 4.935999999999999943e+00 1.596999999999999975e+00 3.121188962924414501e+00 0.000000000000000000e+00
6.031993149885183092e-01 4.940000000000000391e+00 1.586999999999999966e+00 4.940000000000000391e+00 1.586999999999999966e+00 3.120694941201239025e+00 0.000000000000000000e+00
6.048000000000001153e-01 4.943999999999999950e+00 1.576999999999999957e+00 4.943999999999999950e+00 1.576999999999999957e+00 3.120204931097953605e+00 0.000000000000000000e+00
6.064003051956626811e-01 4.947000000000000064e+00 1.568000000000000060e+00 4.947000000000000064e+00 1.568000000000000060e+00 3.119718911130424654e+00 0.000000000000000000e+00
6.080001569235145009e-01 4.950999999999999623e+00 1.558999999999999941e+00 4.950999999999999623e+00 1.558999999999999941e+00 3.119236859932998485e+00 0.000000000000000000e+00
6.095994807902216372e-01 4.955000000000000071e+00 1.550000000000000044e+00 4.955000000000000071e+00 1.550000000000000044e+00 3.118758756258499076e+00 0.000000000000000000e+00
6.111982016622793390e-01 4.958999999999999631e+00 1.540999999999999925e+00 4.958999999999999631e+00 1.540999999999999925e+00 3.118284578978230304e+00 0.000000000000000000e+00
6.127992724540836100e-01 4.963000000000000078e+00 1.532000000000000028e+00 4.963000000000000078e+00 1.532000000000000028e+00 3.117813419262028596e+00 0.000000000000000000e+00
6.143996194195157079e-01 4.966999999999999638e+00 1.524000000000000021e+00 4.966999999999999638e+00 1.524000000000000021e+00 3.117346148658767468e+00 0.000000000000000000e+00
6.159991653127842026e-01 4.971000000000000085e+00 1.514999999999999902e+00 4.971000000000000085e+00 1.514999999999999902e+00 3.116882746355693179e+00 0.000000000000000000e+00
6.175978321511118585e-01 4.975999999999999979e+00 1.506999999999999895e+00 4.975999999999999979e+00 1.506999999999999895e+00 3.116423191658530989e+00 0.000000000000000000e+00
6.191986335918654438e-01 4.980000000000000426e+00 1.497999999999999998e+00 4.980000000000000426e+00 1.497999999999999998e+00 3.115966585347054618e+00 0.000000000000000000e+00
6.207984297781360405e-01 4.983999999999999986e+00 1.489999999999999991e+00 4.983999999999999986e+00 1.489999999999999991e+00 3.115513790132506511e+00 0.000000000000000000e+00
6.224002650562492356e-01 4.988999999999999879e+00 1.481999999999999984e+00 4.988999999999999879e+00 1.481999999999999984e+00 3.115063911511866568e+00 0.000000000000000000e+00
6.239978257915477222e-01 4.995000000000000107e+00 1.473000000000000087e+00 4.995000000000000107e+00 1.473000000000000087e+00 3.114618679712587213e+00 0.000000000000000000e+00
6.256004521051143907e-01 4.998999999999999666e+00 1.465000000000000080e+00 4.998999999999999666e+00 1.465000000000000080e+00 3.114175458906694782e+00 0.000000000000000000e+00
6.271986402197502475e-01 5.004999999999999893e+00 1.457000000000000073e+00 5.004999999999999893e+00 1.457000000000000073e+00 3.113736844678906213e+00 0.000000000000000000e+00
6.287986367509230679e-01 5.009999999999999787e+00 1.449000000000000066e+00 5.009999999999999787e+00 1.449000000000000066e+00 3.113301079972932595e+00 0.000000000000000000e+00
6.304004067624253693e-01 5.017000000000000348e+00 1.439999999999999947e+00 5.017000000000000348e+00 1.439999999999999947e+00 3.112868151545490569e+00 0.000000000000000000e+00
6.319974716838789863e-01 5.022000000000000242e+00 1.431999999999999940e+00 5.022000000000000242e+00 1.431999999999999940e+00 3.112439767894165765e+00 0.000000000000000000e+00
6.335994112897457287e-01 5.027999999999999581e+00 1.423000000000000043e+00 5.027999999999999581e+00 1.423000000000000043e+00 3.112013326812599345e+00 0.000000000000000000e+00
6.351997294929531135e-01 5.035000000000000142e+00 1.415000000000000036e+00 5.035000000000000142e+00 1.415000000000000036e+00 3.111590534779851591e+00 0.000000000000000000e+00
6.367983400017462881e-01 5.041999999999999815e+00 1.405999999999999917e+00 5.041999999999999815e+00 1.405999999999999917e+00 3.111171372325926665e+00 0.000000000000000000e+00
6.383984429306270858e-01 5.049000000000000377e+00 1.397000000000000020e+00 5.049000000000000377e+00 1.397000000000000020e+00 3.110754967880010824e+00 0.000000000000000000e+00
6.400000000000000133e-01 5.056000000000000050e+00 1.387999999999999901e+00 5.056000000000000050e+00 1.387999999999999901e+00 3.110341308593750131e+00 0.000000000000000000e+00
6.415996522495109877e-01 5.062999999999999723e+00 1.377999999999999892e+00 5.062999999999999723e+00 1.377999999999999892e+00 3.109931229634288474e+00 0.000000000000000000e+00
6.432006474338688440e-01 5.070000000000000284e+00 1.368999999999999995e+00 5.070000000000000284e+00 1.368999999999999995e+00 3.109523866070006637e+00 0.000000000000000000e+00
6.447995922676472702e-01 5.078000000000000291e+00 1.358000000000000096e+00 5.078000000000000291e+00 1.358000000000000096e+00 3.109120048991504071e+00 0.000000000000000000e+00
6.463997664318820169e-01 5.086000000000000298e+00 1.348000000000000087e+00 5.086000000000000298e+00 1.348000000000000087e+00 3.108718917850872288e+00 0.000000000000000000e+00
6.479977421681457628e-01 5.092999999999999972e+00 1.336999999999999966e+00 5.092999999999999972e+00 1.336999999999999966e+00 3.108321299706048091e+00 0.000000000000000000e+00
6.496002347245654063e-01 5.100999999999999979e+00 1.326000000000000068e+00 5.100999999999999979e+00 1.326000000000000068e+00 3.107925500825399201e+00 0.000000000000000000e+00
6.512004117798448899e-01 5.108999999999999986e+00 1.314999999999999947e+00 5.108999999999999986e+00 1.314999999999999947e+00 3.107533185913282647e+00 0.000000000000000000e+00
6.527981803535042316e-01 5.118000000000000327e+00 1.302999999999999936e+00 5.118000000000000327e+00 1.302999999999999936e+00 3.107144336447532407e+00 0.000000000000000000e+00
6.544003546885391875e-01 5.125000000000000000e+00 1.290000000000000036e+00 5.125000000000000000e+00 1.290000000000000036e+00 3.106757271259644071e+00 0.000000000000000000e+00
6.560000000000001386e-01 5.133000000000000007e+00 1.276999999999999913e+00 5.133000000000000007e+00 1.276999999999999913e+00 3.106373642920880584e+00 0.000000000000000000e+00
6.576005091757717302e-01 5.141000000000000014e+00 1.264000000000000012e+00 5.141000000000000014e+00 1.264000000000000012e+00 3.105992605851138677e+00 0.000000000000000000e+00
6.591983326510104657e-01 5.149000000000000021e+00 1.250000000000000000e+00 5.149000000000000021e+00 1.250000000000000000e+00 3.105614973263903789e+00 0.000000000000000000e+00
6.608004178503094073e-01 5.157000000000000028e+00 1.235000000000000098e+00 5.157000000000000028e+00 1.235000000000000098e+00 3.105239080450429512e+00 0.000000000000000000e+00
6.623996922649514341e-01 5.163999999999999702e+00 1.219999999999999973e+00 5.163999999999999702e+00 1.219999999999999973e+00 3.104866564075121182e+00 0.000000000000000000e+00
6.639996144020822166e-01 5.171000000000000263e+00 1.205000000000000071e+00 5.171000000000000263e+00 1.205000000000000071e+00 3.104496586886487108e+00 0.000000000000000000e+00
6.656001374319551189e-01 5.177999999999999936e+00 1.189000000000000057e+00 5.177999999999999936e+00 1.189000000000000057e+00 3.104129137010330997e+00 0.000000000000000000e+00
6.671976236089287582e-01 5.184000000000000163e+00 1.173000000000000043e+00 5.184000000000000163e+00 1.173000000000000043e+00 3.103765018054589042e+00 0.000000000000000000e+00
6.687991887066235819e-01 5.190000000000000391e+00 1.155999999999999917e+00 5.190000000000000391e+00 1.155999999999999917e+00 3.103402585438726824e+00 0.000000000000000000e+00
6.703975862572388866e-01 5.195999999999999730e+00 1.137999999999999901e+00 5.195999999999999730e+00 1.137999999999999901e+00 3.103043456374704689e+00 0.000000000000000000e+00
6.720000000000001528e-01 5.200000000000000178e+00 1.120000000000000107e+00 5.200000000000000178e+00 1.120000000000000107e+00 3.102685994189342544e+00 0.000000000000000000e+00
6.735991133422434274e-01 5.205000000000000071e+00 1.102000000000000091e+00 5.205000000000000071e+00 1.102000000000000091e+00 3.102331808432980509e+00 0.000000000000000000e+00
6.751985013015585624e-01 5.208999999999999631e+00 1.084000000000000075e+00 5.208999999999999631e+00 1.084000000000000075e+00 3.101980076036463529e+00 0.000000000000000000e+00
6.767981134547360611e-01 5.211999999999999744e+00 1.064999999999999947e+00 5.211999999999999744e+00 1.064999999999999947e+00 3.101630785520525180e+00 0.000000000000000000e+00
6.783978988837821023e-01 5.214000000000000412e+00 1.046000000000000041e+00 5.214000000000000412e+00 1.046000000000000041e+00 3.101283925458554691e+00 0.000000000000000000e+00
6.799978061756156711e-01 5.216000000000000192e+00 1.026000000000000023e+00 5.216000000000000192e+00 1.026000000000000023e+00 3.100939484476599617e+00 0.000000000000000000e+00
6.815977834218425180e-01 5.216999999999999638e+00 1.006999999999999895e+00 5.216999999999999638e+00 1.006999999999999895e+00 3.100597451253364500e+00 0.000000000000000000e+00
6.831977782186074988e-01 5.216999999999999638e+00 9.869999999999999885e-01 5.216999999999999638e+00 9.869999999999999885e-01 3.100257814520211319e+00 0.000000000000000000e+00
6.847977376665267402e-01 5.216999999999999638e+00 9.669999999999999707e-01 5.216999999999999638e+00 9.669999999999999707e-01 3.099920563061158152e+00 0.000000000000000000e+00
6.863976083707025166e-01 5.216000000000000192e+00 9.479999999999999538e-01 5.216000000000000192e+00 9.479999999999999538e-01 3.099585685712881844e+00 0.000000000000000000e+00
6.879973364408190628e-01 5.214000000000000412e+00 9.280000000000000471e-01 5.214000000000000412e+00 9.280000000000000471e-01 3.099253171364715342e+00 0.000000000000000000e+00
6.896007030385280512e-01 5.211000000000000298e+00 9.090000000000000302e-01 5.211000000000000298e+00 9.090000000000000302e-01 3.098922220015740248e+00 0.000000000000000000e+00
6.912000000000000366e-01 5.206999999999999851e+00 8.890000000000000124e-01 5.206999999999999851e+00 8.890000000000000124e-01 3.098594400371870616e+00 0.000000000000000000e+00
6.927989897240180994e-01 5.203000000000000291e+00 8.699999999999999956e-01 5.203000000000000291e+00 8.699999999999999956e-01 3.098268910703277701e+00 0.000000000000000000e+00
6.943976163406123669e-01 5.198000000000000398e+00 8.509999999999999787e-01 5.198000000000000398e+00 8.509999999999999787e-01 3.097945740109922852e+00 0.000000000000000000e+00
6.959997305459811878e-01 5.192000000000000171e+00 8.329999999999999627e-01 5.192000000000000171e+00 8.329999999999999627e-01 3.097624096055044518e+00 0.000000000000000000e+00
6.975974793225678816e-01 5.185999999999999943e+00 8.149999999999999467e-01 5.185999999999999943e+00 8.149999999999999467e-01 3.097305532913025683e+00 0.000000000000000000e+00
6.991986375145919919e-01 5.177999999999999936e+00 7.970000000000000417e-01 5.177999999999999936e+00 7.970000000000000417e-01 3.096988478340217732e+00 0.000000000000000000e+00
7.007992403260266956e-01 5.171000000000000263e+00 7.800000000000000266e-01 5.171000000000000263e+00 7.800000000000000266e-01 3.096673703310263814e+00 0.000000000000000000e+00
7.023992295272356579e-01 5.161999999999999922e+00 7.630000000000000115e-01 5.161999999999999922e+00 7.630000000000000115e-01 3.096361197160083290e+00 0.000000000000000000e+00
7.039985463960843903e-01 5.152999999999999581e+00 7.469999999999999973e-01 5.152999999999999581e+00 7.469999999999999973e-01 3.096050949279252507e+00 0.000000000000000000e+00
7.055971317189767555e-01 5.144000000000000128e+00 7.319999999999999840e-01 5.144000000000000128e+00 7.319999999999999840e-01 3.095742949110005693e+00 0.000000000000000000e+00
7.071989595988981137e-01 5.134000000000000341e+00 7.169999999999999707e-01 5.134000000000000341e+00 7.169999999999999707e-01 3.095436416836679694e+00 0.000000000000000000e+00
7.087999725590410360e-01 5.123999999999999666e+00 7.029999999999999583e-01 5.123999999999999666e+00 7.029999999999999583e-01 3.095132114788362809e+00 0.000000000000000000e+00
7.104001100116315026e-01 5.113000000000000433e+00 6.889999999999999458e-01 5.113000000000000433e+00 6.889999999999999458e-01 3.094830032538931519e+00 0.000000000000000000e+00
7.119993108794900882e-01 5.102000000000000313e+00 6.760000000000000453e-01 5.102000000000000313e+00 6.760000000000000453e-01 3.094530159714919737e+00 0.000000000000000000e+00
7.135975135975136663e-01 5.091000000000000192e+00 6.640000000000000346e-01 5.091000000000000192e+00 6.640000000000000346e-01 3.094232485995518367e+00 0.000000000000000000e+00
7.151987816977780632e-01 5.078999999999999737e+00 6.520000000000000240e-01 5.078999999999999737e+00 6.520000000000000240e-01 3.093936240407084259e+00 0.000000000000000000e+00
7.167989639762039067e-01 5.067000000000000171e+00 6.410000000000000142e-01 5.067000000000000171e+00 6.410000000000000142e-01 3.093642176831615576e+00 0.000000000000000000e+00
7.183979974968711657e-01 5.054999999999999716e+00 6.310000000000000053e-01 5.054999999999999716e+00 6.310000000000000053e-01 3.093350285079945028e+00 0.000000000000000000e+00
7.200000000000000844e-01 5.043000000000000149e+00 6.219999999999999973e-01 5.043000000000000149e+00 6.219999999999999973e-01 3.093059799382716246e+00 0.000000000000000000e+00
7.216007635986917412e-01 5.030999999999999694e+00 6.129999999999999893e-01 5.030999999999999694e+00 6.129999999999999893e-01 3.092771468637045107e+00 0.000000000000000000e+00
7.232002239876808014e-01 5.019000000000000128e+00 6.049999999999999822e-01 5.019000000000000128e+00 6.049999999999999822e-01 3.092485282785408796e+00 0.000000000000000000e+00
7.247983163802175222e-01 5.006000000000000227e+00 5.979999999999999760e-01 5.006000000000000227e+00 5.979999999999999760e-01 3.092201231822942376e+00 0.000000000000000000e+00
7.263992313235646536e-01 4.993999999999999773e+00 5.909999999999999698e-01 4.993999999999999773e+00 5.909999999999999698e-01 3.091918556821333208e+00 0.000000000000000000e+00
7.279986847358902446e-01 4.982000000000000206e+00 5.849999999999999645e-01 4.982000000000000206e+00 5.849999999999999645e-01 3.091638000143819731e+00 0.000000000000000000e+00
7.296009038803299429e-01 4.969999999999999751e+00 5.799999999999999600e-01 4.969999999999999751e+00 5.799999999999999600e-01 3.091358806227761935e+00 0.000000000000000000e+00
7.311972541179384555e-01 4.958000000000000185e+00 5.749999999999999556e-01 4.958000000000000185e+00 5.749999999999999556e-01 3.091082458259412746e+00 0.000000000000000000e+00
7.328006052295615858e-01 4.945999999999999730e+00 5.709999999999999520e-01 4.945999999999999730e+00 5.709999999999999520e-01 3.090806714273403255e+00 0.000000000000000000e+00
7.343979528976923854e-01 4.934000000000000163e+00 5.669999999999999485e-01 4.934000000000000163e+00 5.669999999999999485e-01 3.090533796699284963e+00 0.000000000000000000e+00
7.359979104459892785e-01 4.921999999999999709e+00 5.649999999999999467e-01 4.921999999999999709e+00 5.649999999999999467e-01 3.090262212582897128e+00 0.000000000000000000e+00
7.376004664140257683e-01 4.910999999999999588e+00 5.629999999999999449e-01 4.910999999999999588e+00 5.629999999999999449e-01 3.089991957092943053e+00 0.000000000000000000e+00
7.391967948106458186e-01 4.900000000000000355e+00 5.610000000000000542e-01 4.900000000000000355e+00 5.610000000000000542e-01 3.089724497416665550e+00 0.000000000000000000e+00
7.408000477997191968e-01 4.889000000000000234e+00 5.600000000000000533e-01 4.889000000000000234e+00 5.600000000000000533e-01 3.089457615955810255e+00 0.000000000000000000e+00
7.423969342235261504e-01 4.878000000000000114e+00 5.600000000000000533e-01 4.878000000000000114e+00 5.600000000000000533e-01 3.089193511194072261e+00 0.000000000000000000e+00
7.440007200936121778e-01 4.868000000000000327e+00 5.600000000000000533e-01 4.868000000000000327e+00 5.600000000000000533e-01 3.088929975129969918e+00 0.000000000000000000e+00
7.455979986529395198e-01 4.857999999999999652e+00 5.610000000000000542e-01 4.857999999999999652e+00 5.610000000000000542e-01 3.088669196808397022e+00 0.000000000000000000e+00
7.471976472289854065e-01 4.847999999999999865e+00 5.629999999999999449e-01 4.847999999999999865e+00 5.629999999999999449e-01 3.088409705869514355e+00 0.000000000000000000e+00
7.487996521255971816e-01 4.839000000000000412e+00 5.649999999999999467e-01 4.839000000000000412e+00 5.649999999999999467e-01 3.088151497626832942e+00 0.000000000000000000e+00
7.503994577059023285e-01 4.831000000000000405e+00 5.679999999999999494e-01 4.831000000000000405e+00 5.679999999999999494e-01 3.087895292424108984e+00 0.000000000000000000e+00
7.519969916238559149e-01 4.822000000000000064e+00 5.709999999999999520e-01 4.822000000000000064e+00 5.709999999999999520e-01 3.087641080967348017e+00 0.000000000000000000e+00
7.535967615470178238e-01 4.814000000000000057e+00 5.739999999999999547e-01 4.814000000000000057e+00 5.739999999999999547e-01 3.087388132069802005e+00 0.000000000000000000e+00
7.551987525430337023e-01 4.807000000000000384e+00 5.789999999999999591e-01 4.807000000000000384e+00 5.789999999999999591e-01 3.087136441123966346e+00 0.000000000000000000e+00
7.567983299456134683e-01 4.801000000000000156e+00 5.829999999999999627e-01 4.801000000000000156e+00 5.829999999999999627e-01 3.086886722422408802e+00 0.000000000000000000e+00
7.584000587224203338e-01 4.793999999999999595e+00 5.889999999999999680e-01 4.793999999999999595e+00 5.889999999999999680e-01 3.086638249456093774e+00 0.000000000000000000e+00
7.599992644219275562e-01 4.788999999999999702e+00 5.939999999999999725e-01 4.788999999999999702e+00 5.939999999999999725e-01 3.086391733529294079e+00 0.000000000000000000e+00
7.616005503888350070e-01 4.785000000000000142e+00 5.999999999999999778e-01 4.785000000000000142e+00 5.999999999999999778e-01 3.086146451226583487e+00 0.000000000000000000e+00
7.631992022307990675e-01 4.780000000000000249e+00 6.069999999999999840e-01 4.780000000000000249e+00 6.069999999999999840e-01 3.085903110890267698e+00 0.000000000000000000e+00
7.647998618247765501e-01 4.777000000000000135e+00 6.139999999999999902e-01 4.777000000000000135e+00 6.139999999999999902e-01 3.085660992172202910e+00 0.000000000000000000e+00
7.663977746870653807e-01 4.775000000000000355e+00 6.209999999999999964e-01 4.775000000000000355e+00 6.209999999999999964e-01 3.085420800479055092e+00 0.000000000000000000e+00
7.679976213778665350e-01 4.774000000000000021e+00 6.290000000000000036e-01 4.774000000000000021e+00 6.290000000000000036e-01 3.085181818503633266e+00 0.000000000000000000e+00
7.695993842410399077e-01 4.772000000000000242e+00 6.370000000000000107e-01 4.772000000000000242e+00 6.370000000000000107e-01 3.084944041809569271e+00 0.000000000000000000e+00
7.711982484076433941e-01 4.774000000000000021e+00 6.460000000000000187e-01 4.774000000000000021e+00 6.460000000000000187e-01 3.084708171437371416e+00 0.000000000000000000e+00
7.727989528469474401e-01 4.775999999999999801e+00 6.540000000000000258e-01 4.775999999999999801e+00 6.540000000000000258e-01 3.084473494586425613e+00 0.000000000000000000e+00
7.743966421825814184e-01 4.777999999999999581e+00 6.630000000000000338e-01 4.777999999999999581e+00 6.630000000000000338e-01 3.084240709423036186e+00 0.000000000000000000e+00
7.760009513497273526e-01 4.780999999999999694e+00 6.710000000000000409e-01 4.780999999999999694e+00 6.710000000000000409e-01 3.084008405024165622e+00 0.000000000000000000e+00
7.775972906017750708e-01 4.786999999999999922e+00 6.800000000000000488e-01 4.786999999999999922e+00 6.800000000000000488e-01 3.083778680351421997e+00 0.000000000000000000e+00
7.792002111653689722e-01 4.793000000000000149e+00 6.879999999999999449e-01 4.793000000000000149e+00 6.879999999999999449e-01 3.083549427767926066e+00 0.000000000000000000e+00
7.807999193908975455e-01 4.799999999999999822e+00 6.959999999999999520e-01 4.799999999999999822e+00 6.959999999999999520e-01 3.083322040846170786e+00 0.000000000000000000e+00
7.823963348836034948e-01 4.809000000000000163e+00 7.039999999999999591e-01 4.809000000000000163e+00 7.039999999999999591e-01 3.083096511003034390e+00 0.000000000000000000e+00
7.839992917802243166e-01 4.820000000000000284e+00 7.109999999999999654e-01 4.820000000000000284e+00 7.109999999999999654e-01 3.082871441804982737e+00 0.000000000000000000e+00
7.855988746744730911e-01 4.831000000000000405e+00 7.169999999999999707e-01 4.831000000000000405e+00 7.169999999999999707e-01 3.082648218311597521e+00 0.000000000000000000e+00
7.872000000000000108e-01 4.841999999999999638e+00 7.229999999999999760e-01 4.841999999999999638e+00 7.229999999999999760e-01 3.082426140917278179e+00 0.000000000000000000e+00
7.887976282120612304e-01 4.857000000000000206e+00 7.279999999999999805e-01 4.857000000000000206e+00 7.279999999999999805e-01 3.082205895119886296e+00 0.000000000000000000e+00
7.903967156053371967e-01 4.873000000000000220e+00 7.309999999999999831e-01 4.873000000000000220e+00 7.309999999999999831e-01 3.081986784188027073e+00 0.000000000000000000e+00
7.919972404277336731e-01 4.889000000000000234e+00 7.339999999999999858e-01 4.889000000000000234e+00 7.339999999999999858e-01 3.081768803935453604e+00 0.000000000000000000e+00
7.935991806951290251e-01 4.905000000000000249e+00 7.349999999999999867e-01 4.905000000000000249e+00 7.349999999999999867e-01 3.081551950189083566e+00 0.000000000000000000e+00
7.951974139921496043e-01 4.924999999999999822e+00 7.339999999999999858e-01 4.924999999999999822e+00 7.339999999999999858e-01 3.081336902961655522e+00 0.000000000000000000e+00
7.967969769220388798e-01 4.943999999999999950e+00 7.319999999999999840e-01 4.943999999999999950e+00 7.319999999999999840e-01 3.081122971182421733e+00 0.000000000000000000e+00
7.983978466234359361e-01 4.963000000000000078e+00 7.279999999999999805e-01 4.963000000000000078e+00 7.279999999999999805e-01 3.080910150730956865e+00 0.000000000000000000e+00
8.000000000000000444e-01 4.982999999999999652e+00 7.219999999999999751e-01 4.982999999999999652e+00 7.219999999999999751e-01 3.080698437500000164e+00 0.000000000000000000e+00
8.015982310840429337e-01 5.003000000000000114e+00 7.129999999999999671e-01 5.003000000000000114e+00 7.129999999999999671e-01 3.080488506104928081e+00 0.000000000000000000e+00
8.031976574697304860e-01 5.024000000000000021e+00 7.019999999999999574e-01 5.024000000000000021e+00 7.019999999999999574e-01 3.080279671047879031e+00 0.000000000000000000e+00
8.047982551799346407e-01 5.043999999999999595e+00 6.889999999999999458e-01 5.043999999999999595e+00 6.889999999999999458e-01 3.080071928274248805e+00 0.000000000000000000e+00
8.064000000000000057e-01 5.062999999999999723e+00 6.730000000000000426e-01 5.062999999999999723e+00 6.730000000000000426e-01 3.079865273742599108e+00 0.000000000000000000e+00
8.079976017621836037e-01 5.080000000000000071e+00 6.560000000000000275e-01 5.080000000000000071e+00 6.560000000000000275e-01 3.079660376758705187e+00 0.000000000000000000e+00
8.095962597049815024e-01 5.096000000000000085e+00 6.360000000000000098e-01 5.096000000000000085e+00 6.360000000000000098e-01 3.079456557309830256e+00 0.000000000000000000e+00
8.112012562156504236e-01 5.112000000000000099e+00 6.149999999999999911e-01 5.112000000000000099e+00 6.149999999999999911e-01 3.079253140727939986e+00 0.000000000000000000e+00
8.127966435033433523e-01 5.128000000000000114e+00 5.909999999999999698e-01 5.128000000000000114e+00 5.909999999999999698e-01 3.079052135075171392e+00 0.000000000000000000e+00
8.143983184445612311e-01 5.136999999999999567e+00 5.669999999999999485e-01 5.136999999999999567e+00 5.669999999999999485e-01 3.078851524351315927e+00 0.000000000000000000e+00
8.160009477362925034e-01 5.144999999999999574e+00 5.410000000000000364e-01 5.144999999999999574e+00 5.410000000000000364e-01 3.078651975286336828e+00 0.000000000000000000e+00
8.175991137136978670e-01 5.152999999999999581e+00 5.140000000000000124e-01 5.152999999999999581e+00 5.140000000000000124e-01 3.078454149370806192e+00 0.000000000000000000e+00
8.191981393873721817e-01 5.161999999999999922e+00 4.869999999999999885e-01 5.161999999999999922e+00 4.869999999999999885e-01 3.078257374652923151e+00 0.000000000000000000e+00
8.207979980536633802e-01 5.161999999999999922e+00 4.600000000000000200e-01 5.161999999999999922e+00 4.600000000000000200e-01 3.078061647236055798e+00 0.000000000000000000e+00
8.223986627664020554e-01 5.160999999999999588e+00 4.319999999999999951e-01 5.160999999999999588e+00 4.319999999999999951e-01 3.077866963236736808e+00 0.000000000000000000e+00
8.240001063363151523e-01 5.160000000000000142e+00 4.050000000000000266e-01 5.160000000000000142e+00 4.050000000000000266e-01 3.077673318784662992e+00 0.000000000000000000e+00
8.255968037289829198e-01 5.158999999999999808e+00 3.790000000000000036e-01 5.158999999999999808e+00 3.790000000000000036e-01 3.077481369003274736e+00 0.000000000000000000e+00
8.271997011021857693e-01 5.153999999999999915e+00 3.529999999999999805e-01 5.153999999999999915e+00 3.529999999999999805e-01 3.077289790810501025e+00 0.000000000000000000e+00
8.287977539356262691e-01 5.145999999999999908e+00 3.280000000000000138e-01 5.145999999999999908e+00 3.280000000000000138e-01 3.077099897072918200e+00 0.000000000000000000e+00
8.303964315135928809e-01 5.136999999999999567e+00 3.049999999999999933e-01 5.136999999999999567e+00 3.049999999999999933e-01 3.076911025005464317e+00 0.000000000000000000e+00
8.320012884263081610e-01 5.128999999999999559e+00 2.819999999999999729e-01 5.128999999999999559e+00 2.819999999999999729e-01 3.076722516904498050e+00 0.000000000000000000e+00
8.336011510559189208e-01 5.120000000000000107e+00 2.610000000000000098e-01 5.120000000000000107e+00 2.610000000000000098e-01 3.076535678071511182e+00 0.000000000000000000e+00
8.351959258735323077e-01 5.107000000000000206e+00 2.409999999999999920e-01 5.107000000000000206e+00 2.409999999999999920e-01 3.076350500976526625e+00 0.000000000000000000e+00
8.367968143623663035e-01 5.094000000000000306e+00 2.220000000000000029e-01 5.094000000000000306e+00 2.220000000000000029e-01 3.076165677808058163e+00 0.000000000000000000e+00
8.383981823345640905e-01 5.081999999999999851e+00 2.039999999999999869e-01 5.081999999999999851e+00 2.039999999999999869e-01 3.075981857484774373e+00 0.000000000000000000e+00
8.400000000000000799e-01 5.068999999999999950e+00 1.880000000000000004e-01 5.068999999999999950e+00 1.880000000000000004e-01 3.075799036281179344e+00 0.000000000000000000e+00
8.415965245723594501e-01 5.054999999999999716e+00 1.729999999999999871e-01 5.054999999999999716e+00 1.729999999999999871e-01 3.075617856937497230e+00 0.000000000000000000e+00
8.431991294885746724e-01 5.041000000000000369e+00 1.580000000000000016e-01 5.041000000000000369e+00 1.580000000000000016e-01 3.075437021620780254e+00 0.000000000000000000e+00
8.447963369264523958e-01 5.027000000000000135e+00 1.449999999999999900e-01 5.027000000000000135e+00 1.449999999999999900e-01 3.075257818334634408e+00 0.000000000000000000e+00
8.463996067829935299e-01 5.012999999999999901e+00 1.340000000000000080e-01 5.012999999999999901e+00 1.340000000000000080e-01 3.075078954178334989e+00 0.000000000000000000e+00
8.479973736047274890e-01 4.998999999999999666e+00 1.229999999999999982e-01 4.998999999999999666e+00 1.229999999999999982e-01 3.074901712293474976e+00 0.000000000000000000e+00
8.496011841131486664e-01 4.985000000000000320e+00 1.120000000000000023e-01 4.985000000000000320e+00 1.120000000000000023e-01 3.074724804676447487e+00 0.000000000000000000e+00
8.511993848604264556e-01 4.971000000000000085e+00 1.029999999999999943e-01 4.971000000000000085e+00 1.029999999999999943e-01 3.074549509641936407e+00 0.000000000000000000e+00
8.527977439213123567e-01 4.956999999999999851e+00 9.500000000000000111e-02 4.956999999999999851e+00 9.500000000000000111e-02 3.074375182009934093e+00 0.000000000000000000e+00
8.543962291455624580e-01 4.942999999999999616e+00 8.699999999999999400e-02 4.942999999999999616e+00 8.699999999999999400e-02 3.074201818186586888e+00 0.000000000000000000e+00
8.560007180287350081e-01 4.929000000000000270e+00 8.000000000000000167e-02 4.929000000000000270e+00 8.000000000000000167e-02 3.074028779012359713e+00 0.000000000000000000e+00
8.575993802353168993e-01 4.916999999999999815e+00 7.399999999999999634e-02 4.916999999999999815e+00 7.399999999999999634e-02 3.073857333262208336e+00 0.000000000000000000e+00
8.591980707128107353e-01 4.903999999999999915e+00 6.800000000000000488e-02 4.903999999999999915e+00 6.800000000000000488e-02 3.073686840613750970e+00 0.000000000000000000e+00
8.607967563214241613e-01 4.891000000000000014e+00 6.199999999999999956e-02 4.891000000000000014e+00 6.199999999999999956e-02 3.073517297525791392e+00 0.000000000000000000e+00
8.624014022787029887e-01 4.878999999999999559e+00 5.800000000000000294e-02 4.878999999999999559e+00 5.800000000000000294e-02 3.073348069608657251e+00 0.000000000000000000e+00
8.639999999999999902e-01 4.865999999999999659e+00 5.299999999999999850e-02 4.865999999999999659e+00 5.299999999999999850e-02 3.073180416237997203e+00 0.000000000000000000e+00
8.655984919886898776e-01 4.855000000000000426e+00 4.900000000000000189e-02 4.855000000000000426e+00 4.900000000000000189e-02 3.073013701878845261e+00 0.000000000000000000e+00
8.671968441152401175e-01 4.844000000000000306e+00 4.599999999999999922e-02 4.844000000000000306e+00 4.599999999999999922e-02 3.072847923042662188e+00 0.000000000000000000e+00
8.688011099665748915e-01 4.831999999999999851e+00 4.299999999999999656e-02 4.831999999999999851e+00 4.299999999999999656e-02 3.072682450039429636e+00 0.000000000000000000e+00
8.703991014075608268e-01 4.820999999999999730e+00 4.000000000000000083e-02 4.820999999999999730e+00 4.000000000000000083e-02 3.072518532985907935e+00 0.000000000000000000e+00
8.719968491532099630e-01 4.809999999999999609e+00 3.699999999999999817e-02 4.809999999999999609e+00 3.699999999999999817e-02 3.072355541064336393e+00 0.000000000000000000e+00
8.736004734961916318e-01 4.799999999999999822e+00 3.500000000000000333e-02 4.799999999999999822e+00 3.500000000000000333e-02 3.072192848064459803e+00 0.000000000000000000e+00
8.751976507793088889e-01 4.791000000000000369e+00 3.300000000000000155e-02 4.791000000000000369e+00 3.300000000000000155e-02 3.072031697248826632e+00 0.000000000000000000e+00
8.768006789010289737e-01 4.780999999999999694e+00 3.099999999999999978e-02 4.780999999999999694e+00 3.099999999999999978e-02 3.071870840791265600e+00 0.000000000000000000e+00
8.783971434239238318e-01 4.770999999999999908e+00 2.900000000000000147e-02 4.770999999999999908e+00 2.900000000000000147e-02 3.071711517425806726e+00 0.000000000000000000e+00
8.799994321851644097e-01 4.761000000000000121e+00 2.800000000000000058e-02 4.761000000000000121e+00 2.800000000000000058e-02 3.071552483889901541e+00 0.000000000000000000e+00
8.816013083514061544e-01 4.753000000000000114e+00 2.699999999999999969e-02 4.753000000000000114e+00 2.699999999999999969e-02 3.071394357301664435e+00 0.000000000000000000e+00
8.831964439632143948e-01 4.745000000000000107e+00 2.599999999999999881e-02 4.745000000000000107e+00 2.599999999999999881e-02 3.071237750294572688e+00 0.000000000000000000e+00
8.847973623926865816e-01 4.735999999999999766e+00 2.500000000000000139e-02 4.735999999999999766e+00 2.500000000000000139e-02 3.071081426390078750e+00 0.000000000000000000e+00
8.863977579821840092e-01 4.727999999999999758e+00 2.400000000000000050e-02 4.727999999999999758e+00 2.400000000000000050e-02 3.070925999366953985e+00 0.000000000000000000e+00
8.879975935024566613e-01 4.719999999999999751e+00 2.299999999999999961e-02 4.719999999999999751e+00 2.299999999999999961e-02 3.070771465894631014e+00 0.000000000000000000e+00
8.895968314785717146e-01 4.711999999999999744e+00 2.299999999999999961e-02 4.711999999999999744e+00 2.299999999999999961e-02 3.070617822655706597e+00 0.000000000000000000e+00
8.911954341903809418e-01 4.705000000000000071e+00 2.199999999999999872e-02 4.705000000000000071e+00 2.199999999999999872e-02 3.070465066345942518e+00 0.000000000000000000e+00
8.927997926132885675e-01 4.698999999999999844e+00 2.100000000000000130e-02 4.698999999999999844e+00 2.100000000000000130e-02 3.070312584292368641e+00 0.000000000000000000e+00
8.943970336812794297e-01 4.692000000000000171e+00 2.100000000000000130e-02 4.692000000000000171e+00 2.100000000000000130e-02 3.070161593069115291e+00 0.000000000000000000e+00
8.960000000000000187e-01 4.684999999999999609e+00 2.000000000000000042e-02 4.684999999999999609e+00 2.000000000000000042e-02 3.070010871731505109e+00 0.000000000000000000e+00
8.975957257346394158e-01 4.677999999999999936e+00 2.000000000000000042e-02 4.677999999999999936e+00 2.000000000000000042e-02 3.069861632518227079e+00 0.000000000000000000e+00
8.991971454058876878e-01 4.671999999999999709e+00 1.899999999999999953e-02 4.671999999999999709e+00 1.899999999999999953e-02 3.069712658855150877e+00 0.000000000000000000e+00
9.007977448088464456e-01 4.666000000000000369e+00 1.899999999999999953e-02 4.666000000000000369e+00 1.899999999999999953e-02 3.069564554709257820e+00 0.000000000000000000e+00
9.023974846063147481e-01 4.660000000000000142e+00 1.799999999999999864e-02 4.660000000000000142e+00 1.799999999999999864e-02 3.069417316855295397e+00 0.000000000000000000e+00
9.039963252181901776e-01 4.653999999999999915e+00 1.799999999999999864e-02 4.653999999999999915e+00 1.799999999999999864e-02 3.069270942081174791e+00 0.000000000000000000e+00
9.056008414409676410e-01 4.647999999999999687e+00 1.700000000000000122e-02 4.647999999999999687e+00 1.700000000000000122e-02 3.069124826419914687e+00 0.000000000000000000e+00
9.071977873224699174e-01 4.642000000000000348e+00 1.700000000000000122e-02 4.642000000000000348e+00 1.700000000000000122e-02 3.068980169279401871e+00 0.000000000000000000e+00
9.088003752950317704e-01 4.636999999999999567e+00 1.600000000000000033e-02 4.636999999999999567e+00 1.600000000000000033e-02 3.068835767004069126e+00 0.000000000000000000e+00
9.103952653336957468e-01 4.631000000000000227e+00 1.600000000000000033e-02 4.631000000000000227e+00 1.600000000000000033e-02 3.068692814789228951e+00 0.000000000000000000e+00
9.119957630858858133e-01 4.626000000000000334e+00 1.499999999999999944e-02 4.626000000000000334e+00 1.499999999999999944e-02 3.068550113226994114e+00 0.000000000000000000e+00
9.136018981791923510e-01 4.620000000000000107e+00 1.499999999999999944e-02 4.620000000000000107e+00 1.499999999999999944e-02 3.068407662317364615e+00 0.000000000000000000e+00
9.152001889689382885e-01 4.615000000000000213e+00 1.400000000000000029e-02 4.615000000000000213e+00 1.400000000000000029e-02 3.068266650980671084e+00 0.000000000000000000e+00
9.167973024934189530e-01 4.610000000000000320e+00 1.400000000000000029e-02 4.610000000000000320e+00 1.400000000000000029e-02 3.068126479545880247e+00 0.000000000000000000e+00
9.183999999999999941e-01 4.605000000000000426e+00 1.299999999999999940e-02 4.605000000000000426e+00 1.299999999999999940e-02 3.067986552510653109e+00 0.000000000000000000e+00
9.200014840648537140e-01 4.599999999999999645e+00 1.299999999999999940e-02 4.599999999999999645e+00 1.299999999999999940e-02 3.067847461234963991e+00 0.000000000000000000e+00
9.216017126164230966e-01 4.594999999999999751e+00 1.299999999999999940e-02 4.594999999999999751e+00 1.299999999999999940e-02 3.067709202625202192e+00 0.000000000000000000e+00
9.232006433453959771e-01 4.589999999999999858e+00 1.200000000000000025e-02 4.589999999999999858e+00 1.200000000000000025e-02 3.067571773600922480e+00 0.000000000000000000e+00
9.247982337057867319e-01 4.584999999999999964e+00 1.200000000000000025e-02 4.584999999999999964e+00 1.200000000000000025e-02 3.067435171094843316e+00 0.000000000000000000e+00
9.264013628823766222e-01 4.581000000000000405e+00 1.200000000000000025e-02 4.581000000000000405e+00 1.200000000000000025e-02 3.067298804773807230e+00 0.000000000000000000e+00
9.279961677794079655e-01 4.575999999999999623e+00 1.099999999999999936e-02 4.575999999999999623e+00 1.099999999999999936e-02 3.067163847164206203e+00 0.000000000000000000e+00
9.295964730757119154e-01 4.572000000000000064e+00 1.099999999999999936e-02 4.572000000000000064e+00 1.099999999999999936e-02 3.067029121685044490e+00 0.000000000000000000e+00
9.311953133801493809e-01 4.567999999999999616e+00 1.000000000000000021e-02 4.567999999999999616e+00 1.000000000000000021e-02 3.066895212587574804e+00 0.000000000000000000e+00
9.327996629450180377e-01 4.562999999999999723e+00 1.000000000000000021e-02 4.562999999999999723e+00 1.000000000000000021e-02 3.066761533606406687e+00 0.000000000000000000e+00
9.343954660898795561e-01 4.559000000000000163e+00 1.000000000000000021e-02 4.559000000000000163e+00 1.000000000000000021e-02 3.066629249237711630e+00 0.000000000000000000e+00
9.359967386873218054e-01 4.554000000000000270e+00 8.999999999999999320e-03 4.554000000000000270e+00 8.999999999999999320e-03 3.066497190983372256e+00 0.000000000000000000e+00
9.375964185244562987e-01 4.549999999999999822e+00 8.999999999999999320e-03 4.549999999999999822e+00 8.999999999999999320e-03 3.066365939105858640e+00 0.000000000000000000e+00
9.392015756382092739e-01 4.546000000000000263e+00 8.999999999999999320e-03 4.546000000000000263e+00 8.999999999999999320e-03 3.066234911354892123e+00 0.000000000000000000e+00
9.407979603296252602e-01 4.541999999999999815e+00 8.999999999999999320e-03 4.541999999999999815e+00 8.999999999999999320e-03 3.066105264301735911e+00 0.000000000000000000e+00
9.423997810918046669e-01 4.538000000000000256e+00 8.000000000000000167e-03 4.538000000000000256e+00 8.000000000000000167e-03 3.065975837425837458e+00 0.000000000000000000e+00
9.439998781778451420e-01 4.533999999999999808e+00 8.000000000000000167e-03 4.533999999999999808e+00 8.000000000000000167e-03 3.065847207053542522e+00 0.000000000000000000e+00
9.455982061822647555e-01 4.530000000000000249e+00 8.000000000000000167e-03 4.530000000000000249e+00 8.000000000000000167e-03 3.065719370249212705e+00 0.000000000000000000e+00
9.472019557660720235e-01 4.525999999999999801e+00 7.000000000000000146e-03 4.525999999999999801e+00 7.000000000000000146e-03 3.065591749707955671e+00 0.000000000000000000e+00
9.487966328678016925e-01 4.522000000000000242e+00 7.000000000000000146e-03 4.522000000000000242e+00 7.000000000000000146e-03 3.065465492250680324e+00 0.000000000000000000e+00
9.503966885132805187e-01 4.517999999999999794e+00 7.000000000000000146e-03 4.517999999999999794e+00 7.000000000000000146e-03 3.065339447177398480e+00 0.000000000000000000e+00
9.520021499596883485e-01 4.514999999999999680e+00 7.000000000000000146e-03 4.514999999999999680e+00 7.000000000000000146e-03 3.065213614488110139e+00 0.000000000000000000e+00
9.535983755970373066e-01 4.511000000000000121e+00 7.000000000000000146e-03 4.511000000000000121e+00 7.000000000000000146e-03 3.065089135228984851e+00 0.000000000000000000e+00
9.551999630197459679e-01 4.506999999999999673e+00 6.000000000000000125e-03 4.506999999999999673e+00 6.000000000000000125e-03 3.064964864509879039e+00 0.000000000000000000e+00
9.567995554938185654e-01 4.503999999999999559e+00 6.000000000000000125e-03 4.503999999999999559e+00 6.000000000000000125e-03 3.064841370947247512e+00 0.000000000000000000e+00
9.583971058856268765e-01 4.500000000000000000e+00 6.000000000000000125e-03 4.500000000000000000e+00 6.000000000000000125e-03 3.064718651684438022e+00 0.000000000000000000e+00
9.599999999999999645e-01 4.496999999999999886e+00 6.000000000000000125e-03 4.496999999999999886e+00 6.000000000000000125e-03 3.064596137152777899e+00 0.000000000000000000e+00
9.616008066079808625e-01 4.493000000000000327e+00 6.000000000000000125e-03 4.493000000000000327e+00 6.000000000000000125e-03 3.064474393129621888e+00 0.000000000000000000e+00
9.631994779406625184e-01 4.490000000000000213e+00 5.000000000000000104e-03 4.490000000000000213e+00 5.000000000000000104e-03 3.064353416784647344e+00 0.000000000000000000e+00
9.647959660098982537e-01 4.485999999999999766e+00 5.000000000000000104e-03 4.485999999999999766e+00 5.000000000000000104e-03 3.064233205300693541e+00 0.000000000000000000e+00
9.663977551736232519e-01 4.482999999999999652e+00 5.000000000000000104e-03 4.482999999999999652e+00 5.000000000000000104e-03 3.064113192900404847e+00 0.000000000000000000e+00
9.679973142415466691e-01 4.480000000000000426e+00 5.000000000000000104e-03 4.480000000000000426e+00 5.000000000000000104e-03 3.063993941622477291e+00 0.000000000000000000e+00
9.696021771942034961e-01 4.475999999999999979e+00 5.000000000000000104e-03 4.475999999999999979e+00 5.000000000000000104e-03 3.063874887563273308e+00 0.000000000000000000e+00
9.711971549651029489e-01 4.472999999999999865e+00 5.000000000000000104e-03 4.472999999999999865e+00 5.000000000000000104e-03 3.063757151092239450e+00 0.000000000000000000e+00
9.727973888004016745e-01 4.469999999999999751e+00 4.000000000000000083e-03 4.469999999999999751e+00 4.000000000000000083e-03 3.063639608136373038e+00 0.000000000000000000e+00
9.743952468524543775e-01 4.466999999999999638e+00 4.000000000000000083e-03 4.466999999999999638e+00 4.000000000000000083e-03 3.063522817043978996e+00 0.000000000000000000e+00
9.759983626301826920e-01 4.464000000000000412e+00 4.000000000000000083e-03 4.464000000000000412e+00 4.000000000000000083e-03 3.063406217628138695e+00 0.000000000000000000e+00
9.775990538143110031e-01 4.461000000000000298e+00 4.000000000000000083e-03 4.461000000000000298e+00 4.000000000000000083e-03 3.063290366407319443e+00 0.000000000000000000e+00
9.791972705302562918e-01 4.458000000000000185e+00 4.000000000000000083e-03 4.458000000000000185e+00 4.000000000000000083e-03 3.063175260643347553e+00 0.000000000000000000e+00
9.808007214562023401e-01 4.455000000000000071e+00 4.000000000000000083e-03 4.455000000000000071e+00 4.000000000000000083e-03 3.063060342905031597e+00 0.000000000000000000e+00
9.824016481121985445e-01 4.451999999999999957e+00 4.000000000000000083e-03 4.451999999999999957e+00 4.000000000000000083e-03 3.062946166990216934e+00 0.000000000000000000e+00
9.839999999999999858e-01 4.448999999999999844e+00 3.000000000000000062e-03 4.448999999999999844e+00 3.000000000000000062e-03 3.062832730187058150e+00 0.000000000000000000e+00
9.855957264141944618e-01 4.445999999999999730e+00 3.000000000000000062e-03 4.445999999999999730e+00 3.000000000000000062e-03 3.062720029796874410e+00 0.000000000000000000e+00
9.871966367284541466e-01 4.442999999999999616e+00 3.000000000000000062e-03 4.442999999999999616e+00 3.000000000000000062e-03 3.062607512021820355e+00 0.000000000000000000e+00
9.887948703634290570e-01 4.440000000000000391e+00 3.000000000000000062e-03 4.440000000000000391e+00 3.000000000000000062e-03 3.062495727079052266e+00 0.000000000000000000e+00
9.903982873484256100e-01 4.437000000000000277e+00 3.000000000000000062e-03 4.437000000000000277e+00 3.000000000000000062e-03 3.062384122965458033e+00 0.000000000000000000e+00
9.919989758689111703e-01 4.434000000000000163e+00 3.000000000000000062e-03 4.434000000000000163e+00 3.000000000000000062e-03 3.062273248121013758e+00 0.000000000000000000e+00
9.935968841909554872e-01 4.432000000000000384e+00 3.000000000000000062e-03 4.432000000000000384e+00 3.000000000000000062e-03 3.062163099886531015e+00 0.000000000000000000e+00
9.951999486282128160e-01 4.429000000000000270e+00 3.000000000000000062e-03 4.429000000000000270e+00 3.000000000000000062e-03 3.062053128935637414e+00 0.000000000000000000e+00
9.968001800903669718e-01 4.426000000000000156e+00 3.000000000000000062e-03 4.426000000000000156e+00 3.000000000000000062e-03 3.061943881066674589e+00 0.000000000000000000e+00
9.983975262314488397e-01 4.423000000000000043e+00 2.000000000000000042e-03 4.423000000000000043e+00 2.000000000000000042e-03 3.061835353646782387e+00 0.000000000000000000e+00
1.000000000000000000e+00 4.421000000000000263e+00 2.000000000000000042e-03 4.421000000000000263e+00 2.000000000000000042e-03 3.061726999999999865e+00 0.000000000000000000e+00
