0.3599989547068679	3.288240708794368
0.36159905738792625	3.2859426357176766
0.3631996156617823	3.2836742272853328
0.3647993785841015	3.281436716287687
0.3663992198235738	3.279228341958312
0.36799895522299464	3.2770488503315884
0.3695994991876705	3.2748965176547036
0.3711995784544728	3.2727725791095224
0.37279899932646976	3.270676787233587
0.3743998260627986	3.2686059905073317
0.37599963608242737	3.26656287691348
0.37759937627151685	3.2645457644958644
0.3791988695968657	3.2625544325682077
0.3807991056208902	3.2605872336209187
0.3823999309123883	3.2586439686888107
0.38400000000000006	3.256725857204861
0.3855991242038217	3.2548326857494847
0.38719953030383475	3.2529614325899203
0.388799864529664	3.2511133220869795
0.3903999596954488	3.249288163384683
0.39199964589011216	3.2474857672199313
0.3936	3.245704563669112
0.39519961749940236	3.243945760093543
0.3967995903475645	3.2422078007563346
0.3983997686412493	3.24049051912913
0.4	3.23879375
0.40159882873486524	3.2371186841915156
0.4032	3.2354610949703955
0.4047994514912582	3.2338248852282123
0.4063996538601477	3.2322072015816232
0.40799913124459086	3.2306092346118547
0.4095990696936861	3.2290294986116916
0.411199331383201	3.227467852946948
0.41279977626028386	3.2259241580497453
0.41439887696781313	3.224399588291672
0.4159992484205088	3.222891375440448
0.41759936947830395	3.2214007010904715
0.41919909116728205	3.219927429939098
0.42079969046867527	3.2184701348426814
0.42239960752649713	3.217029985328349
0.42399868680236374	3.2156068491739
0.42559969243021323	3.214198038567745
0.4271995865276941	3.21280599920811
0.42879969011765845	3.2114293330488333
0.43039987225194143	3.2100679260344447
0.432	3.208721664951989
0.43359993844884087	3.2073904374310263
0.4351995507037804	3.2060741319436312
0.4367986978900605	3.2047726378043935
0.438398789297446	3.203484604165546
0.4399997160925822	3.202209935559606
0.441599794843301	3.2009497691690223
0.443198878991092	3.199703997467816
0.44480001148019127	3.198470067477517
0.4463998963066443	3.197250337169474
0.448	3.1960434869260204
0.44959857270294384	3.1948506354206034
0.4511987423031574	3.193669267421181
0.4527987670597516	3.1925005072135795
0.4543985222812284	3.1913442653200703
0.4559995586531566	3.1901992598035944
0.45760009448446914	3.189066603922684
0.4592	3.1879462100426132
0.46079914369497105	3.186837991173707
0.46239911685289337	3.1857406843793736
0.46399982036398746	3.1846542161238505
0.46559940515755444	3.183579681845599
0.46719949355068446	3.1825158324480936
0.4687999818505621	3.181462595896299
0.47039898016481263	3.1804210572069445
0.47199993908892257	3.1793888282141705
0.4735991688025944	3.1783681475944654
0.4752001655749706	3.1773566438128666
0.47679918779851865	3.1763565409159398
0.4783997777469093	3.1753654837889895
0.48	3.174384548611111
0.48159973897033126	3.1734136671385884
0.4831988775868116	3.1724527716016198
0.48479919293978724	3.1715006724765114
0.48639869440020084	3.1705584325454925
0.48799918131509135	3.1696248705125547
0.48959863526512815	3.168701042573391
0.4911988780203716	3.1677857755631402
0.4927998219332171	3.1668790151790773
0.49439940664415005	3.1659818078797026
0.4959994879344556	3.1650929924840545
0.4975999743141064	3.1642125157425505
0.4991987631157244	3.1633414145871286
0.5007997673404101	3.162477453237447
0.5023988589211619	3.161622755700189
0.504	3.1607751007810534
0.5055990082455897	3.159936599304874
0.5071998952742506	3.159105044487867
0.5087984241628366	3.158282534148541
0.5103986563256434	3.1574668757381064
0.511998414251911	3.1566590916331747
0.5135997216261672	3.155858072577161
0.5151982314785188	3.1550658908235083
0.516800260100789	3.154279328985089
0.5183992774922962	3.1535015060459095
0.5199994967097399	3.1527302710300305
0.5215986537652504	3.1519666282307077
0.5231988454380878	3.1512094896692484
0.5248	3.1504588170638756
0.5263998097923	3.149715605878992
0.5279981602851558	3.1489798088547705
0.5295994600805608	3.1482493244647594
0.5311991225514558	3.147526173059966
0.5320996184696728	3.1471219564384634
0.5327993193040056	3.146809287110238
0.5343999724145067	3.1460986297028866
0.5359986857691277	3.145395179162399
0.5376000000000001	3.1446968659208476
0.5391991858781165	3.1440056807666177
0.5407984785899042	3.1433205726556452
0.5424001679907605	3.142640502729616
0.5439994383797256	3.141967444443924
0.5455985636584464	3.1413003563951585
0.5471998728920157	3.1406382091550307
0.548798463166002	3.139982959161886
0.5503990908364483	3.1393325860208363
0.5519992520335338	3.138688049389394
0.5535988569387391	3.1380493148824162
0.5552003009215722	3.1374153683992434
0.5567985341734293	3.1367881386410477
0.5583984506947104	3.136165634784339
0.56	3.1355478316326533
0.561598043212393	3.1349366416204782
0.5632001162885774	3.1343291252458343
0.5647984912467713	3.133728155767958
0.5663982019104702	3.1331317710703046
0.5679991937035578	3.13253994666728
0.5695987944999059	3.131953613342707
0.5711995356101337	3.1313717863391455
0.5727987138085404	3.130795391380939
0.5743988881167478	3.13022344938446
0.5760000000000001	3.1296559365354937
0.5775992993375386	3.129093771059124
0.5791993870905956	3.1285359822486027
0.5808002023694084	3.1279825466846463
0.5823989477887123	3.127434375224718
0.583998266620192	3.1268905054073097
0.5855980956159492	3.126350914208065
0.5871983707878472	3.1258155787211077
0.588799027406433	3.1252844761590386
0.5904	3.1247575838529387
0.5919983956683046	3.1242357982629194
0.593599785510466	3.123717256456637
0.5951984330819415	3.123203771693154
0.5967999691934459	3.1226934911854123
0.5983985945471131	3.1221882185737604
0.6000000000000001	3.121686111111111
0.6015983230708766	3.1211889629244145
0.6031993149885183	3.120694941201239
0.6048000000000001	3.1202049310979536
0.6064003051956627	3.1197189111304247
0.6080001569235145	3.1192368599329985
0.6095994807902216	3.118758756258499
0.6111982016622793	3.1182845789782303
0.6127992724540836	3.1178134192620286
0.6143996194195157	3.1173461486587675
0.6159991653127842	3.116882746355693
0.6175978321511119	3.116423191658531
0.6191986335918654	3.1159665853470546
0.620798429778136	3.1155137901325065
0.6224002650562492	3.1150639115118666
0.6239978257915477	3.114618679712587
0.6256004521051144	3.114175458906695
0.6271986402197502	3.113736844678906
0.6287986367509231	3.1133010799729326
0.6304004067624254	3.1128681515454906
0.631997471683879	3.1124397678941658
0.6335994112897457	3.1120133268125993
0.6351997294929531	3.1115905347798516
0.6367983400017463	3.1111713723259267
0.6383984429306271	3.110754967880011
0.64	3.11034130859375
0.641599652249511	3.1099312296342885
0.6432006474338688	3.1095238660700066
0.6447995922676473	3.109120048991504
0.646399766431882	3.1087189178508723
0.6479977421681458	3.108321299706048
0.6496002347245654	3.107925500825399
0.6512004117798449	3.1075331859132826
0.6527981803535042	3.1071443364475324
0.6544003546885392	3.106757271259644
0.6560000000000001	3.1063736429208806
0.6576005091757717	3.1059926058511387
0.6591983326510105	3.105614973263904
0.6608004178503094	3.1052390804504295
0.6623996922649514	3.104866564075121
0.6639996144020822	3.104496586886487
0.6656001374319551	3.104129137010331
0.6671976236089288	3.103765018054589
0.6687991887066236	3.103402585438727
0.6703975862572389	3.1030434563747047
0.6720000000000002	3.1026859941893425
0.6735991133422434	3.1023318084329805
0.6751985013015586	3.1019800760364635
0.6767981134547361	3.101630785520525
0.6783978988837821	3.1012839254585547
0.6799978061756157	3.1009394844765996
0.6815977834218425	3.1005974512533645
0.6831977782186075	3.1002578145202113
0.6847977376665267	3.099920563061158
0.6863976083707025	3.099585685712882
0.6879973364408191	3.0992531713647153
0.689600703038528	3.0989222200157402
0.6912	3.0985944003718706
0.6927989897240181	3.0982689107032777
0.6943976163406124	3.097945740109923
0.6959997305459812	3.0976240960550445
0.6975974793225679	3.0973055329130257
0.699198637514592	3.0969884783402177
0.7007992403260267	3.096673703310264
0.7023992295272357	3.0963611971600833
0.7039985463960844	3.0960509492792525
0.7055971317189768	3.0957429491100057
0.7071989595988981	3.0954364168366797
0.708799972559041	3.095132114788363
0.7104001100116315	3.0948300325389315
0.7119993108794901	3.0945301597149197
0.7135975135975137	3.0942324859955184
0.7151987816977781	3.0939362404070843
0.7167989639762039	3.0936421768316156
0.7183979974968712	3.093350285079945
0.7200000000000001	3.0930597993827162
0.7216007635986917	3.092771468637045
0.7232002239876808	3.092485282785409
0.7247983163802175	3.0922012318229424
0.7263992313235647	3.091918556821333
0.7279986847358902	3.0916380001438197
0.7296009038803299	3.091358806227762
0.7311972541179385	3.0910824582594127
0.7328006052295616	3.0908067142734033
0.7343979528976924	3.090533796699285
0.7359979104459893	3.090262212582897
0.7376004664140258	3.089991957092943
0.7391967948106458	3.0897244974166655
0.7408000477997192	3.0894576159558103
0.7423969342235262	3.0891935111940723
0.7440007200936122	3.08892997512997
0.7455979986529395	3.088669196808397
0.7471976472289854	3.0884097058695144
0.7487996521255972	3.088151497626833
0.7503994577059023	3.087895292424109
0.7519969916238559	3.087641080967348
0.7535967615470178	3.087388132069802
0.7551987525430337	3.0871364411239663
0.7567983299456135	3.086886722422409
0.7584000587224203	3.0866382494560938
0.7599992644219276	3.086391733529294
0.761600550388835	3.0861464512265835
0.7631992022307991	3.0859031108902677
0.7647998618247766	3.085660992172203
0.7663977746870654	3.085420800479055
0.7679976213778665	3.0851818185036333
0.7695993842410399	3.0849440418095693
0.7711982484076434	3.0847081714373714
0.7727989528469474	3.0844734945864256
0.7743966421825814	3.084240709423036
0.7760009513497274	3.0840084050241656
0.7775972906017751	3.083778680351422
0.779200211165369	3.083549427767926
0.7807999193908975	3.083322040846171
0.7823963348836035	3.0830965110030344
0.7839992917802243	3.0828714418049827
0.7855988746744731	3.0826482183115975
0.7872	3.082426140917278
0.7887976282120612	3.0822058951198863
0.7903967156053372	3.081986784188027
0.7919972404277337	3.0817688039354536
0.793599180695129	3.0815519501890836
0.7951974139921496	3.0813369029616555
0.7967969769220389	3.0811229711824217
0.7983978466234359	3.080910150730957
0.8	3.0806984375
0.8015982310840429	3.080488506104928
0.8031976574697305	3.080279671047879
0.8047982551799346	3.080071928274249
0.8064	3.079865273742599
0.8079976017621836	3.079660376758705
0.8095962597049815	3.0794565573098303
0.8112012562156504	3.07925314072794
0.8127966435033434	3.0790521350751714
0.8143983184445612	3.078851524351316
0.8160009477362925	3.078651975286337
0.8175991137136979	3.078454149370806
0.8191981393873722	3.078257374652923
0.8207979980536634	3.078061647236056
0.822398662766402	3.077866963236737
0.8240001063363152	3.077673318784663
0.8255968037289829	3.0774813690032747
0.8271997011021858	3.077289790810501
0.8287977539356263	3.077099897072918
0.8303964315135929	3.0769110250054643
0.8320012884263082	3.076722516904498
0.8336011510559189	3.076535678071511
0.8351959258735323	3.0763505009765266
0.8367968143623663	3.076165677808058
0.8383981823345641	3.0759818574847744
0.8400000000000001	3.0757990362811793
0.8415965245723595	3.0756178569374972
0.8431991294885747	3.0754370216207803
0.8447963369264524	3.0752578183346344
0.8463996067829935	3.075078954178335
0.8479973736047275	3.074901712293475
0.8496011841131487	3.0747248046764475
0.8511993848604265	3.0745495096419364
0.8527977439213124	3.074375182009934
0.8543962291455625	3.074201818186587
0.856000718028735	3.0740287790123597
0.8575993802353169	3.0738573332622083
0.8591980707128107	3.073686840613751
0.8607967563214242	3.0735172975257914
0.862401402278703	3.0733480696086573
0.864	3.073180416237997
0.8655984919886899	3.0730137018788453
0.8671968441152401	3.072847923042662
0.8688011099665749	3.0726824500394296
0.8703991014075608	3.072518532985908
0.87199684915321	3.0723555410643364
0.8736004734961916	3.07219284806446
0.8751976507793089	3.0720316972488266
0.876800678901029	3.0718708407912656
0.8783971434239238	3.0717115174258067
0.8799994321851644	3.0715524838899015
0.8816013083514062	3.0713943573016644
0.8831964439632144	3.0712377502945727
0.8847973623926866	3.0710814263900788
0.886397757982184	3.070925999366954
0.8879975935024567	3.070771465894631
0.8895968314785717	3.0706178226557066
0.8911954341903809	3.0704650663459425
0.8927997926132886	3.0703125842923686
0.8943970336812794	3.0701615930691153
0.896	3.070010871731505
0.8975957257346394	3.069861632518227
0.8991971454058877	3.069712658855151
0.9007977448088464	3.069564554709258
0.9023974846063147	3.0694173168552954
0.9039963252181902	3.069270942081175
0.9056008414409676	3.0691248264199147
0.9071977873224699	3.068980169279402
0.9088003752950318	3.068835767004069
0.9103952653336957	3.068692814789229
0.9119957630858858	3.068550113226994
0.9136018981791924	3.0684076623173646
0.9152001889689383	3.068266650980671
0.916797302493419	3.0681264795458802
0.9184	3.067986552510653
0.9200014840648537	3.067847461234964
0.9216017126164231	3.067709202625202
0.923200643345396	3.0675717736009225
0.9247982337057867	3.0674351710948433
0.9264013628823766	3.0672988047738072
0.927996167779408	3.067163847164206
0.9295964730757119	3.0670291216850445
0.9311953133801494	3.066895212587575
0.932799662945018	3.0667615336064067
0.9343954660898796	3.0666292492377116
0.9359967386873218	3.0664971909833723
0.9375964185244563	3.0663659391058586
0.9392015756382093	3.066234911354892
0.9407979603296253	3.066105264301736
0.9423997810918047	3.0659758374258375
0.9439998781778451	3.0658472070535425
0.9455982061822648	3.0657193702492127
0.947201955766072	3.0655917497079557
0.9487966328678017	3.0654654922506803
0.9503966885132805	3.0653394471773985
0.9520021499596883	3.06521361448811
0.9535983755970373	3.065089135228985
0.955199963019746	3.064964864509879
0.9567995554938186	3.0648413709472475
0.9583971058856269	3.064718651684438
0.96	3.064596137152778
0.9616008066079809	3.064474393129622
0.9631994779406625	3.0643534167846473
0.9647959660098983	3.0642332053006935
0.9663977551736233	3.064113192900405
0.9679973142415467	3.0639939416224773
0.9696021771942035	3.0638748875632733
0.971197154965103	3.0637571510922395
0.9727973888004017	3.063639608136373
0.9743952468524544	3.063522817043979
0.9759983626301827	3.0634062176281387
0.977599053814311	3.0632903664073194
0.9791972705302563	3.0631752606433476
0.9808007214562023	3.0630603429050316
0.9824016481121985	3.062946166990217
0.984	3.062832730187058
0.9855957264141945	3.0627200297968744
0.9871966367284541	3.0626075120218204
0.9887948703634291	3.0624957270790523
0.9903982873484256	3.062384122965458
0.9919989758689112	3.0622732481210138
0.9935968841909555	3.062163099886531
0.9951999486282128	3.0620531289356374
0.996800180090367	3.0619438810666746
0.9983975262314488	3.0618353536467824
1.	3.061727