0.3599989547068679	2.67
0.36159905738792625	2.66
0.3631996156617823	2.651
0.3647993785841015	2.641
0.3663992198235738	2.633
0.36799895522299464	2.625
0.3695994991876705	2.619
0.3711995784544728	2.613
0.37279899932646976	2.609
0.3743998260627986	2.606
0.37599963608242737	2.605
0.37759937627151685	2.606
0.3791988695968657	2.609
0.3807991056208902	2.614
0.3823999309123883	2.623
0.38400000000000006	2.634
0.3855991242038217	2.648
0.38719953030383475	2.665
0.388799864529664	2.686
0.3903999596954488	2.711
0.39199964589011216	2.74
0.3936	2.772
0.39519961749940236	2.809
0.3967995903475645	2.85
0.3983997686412493	2.895
0.4	2.943
0.40159882873486524	2.996
0.4032	3.051
0.4047994514912582	3.109
0.4063996538601477	3.17
0.40799913124459086	3.233
0.4095990696936861	3.296
0.411199331383201	3.36
0.41279977626028386	3.423
0.41439887696781313	3.484
0.4159992484205088	3.544
0.41759936947830395	3.6
0.41919909116728205	3.652
0.42079969046867527	3.7
0.42239960752649713	3.743
0.42399868680236374	3.781
0.42559969243021323	3.813
0.4271995865276941	3.841
0.42879969011765845	3.863
0.43039987225194143	3.881
0.432	3.895
0.43359993844884087	3.906
0.4351995507037804	3.915
0.4367986978900605	3.922
0.438398789297446	3.929
0.4399997160925822	3.937
0.441599794843301	3.947
0.443198878991092	3.96
0.44480001148019127	3.979
0.4463998963066443	4.003
0.448	4.035
0.44959857270294384	4.074
0.4511987423031574	4.122
0.4527987670597516	4.178
0.4543985222812284	4.239
0.4559995586531566	4.306
0.45760009448446914	4.374
0.4592	4.441
0.46079914369497105	4.504
0.46239911685289337	4.56
0.46399982036398746	4.607
0.46559940515755444	4.644
0.46719949355068446	4.671
0.4687999818505621	4.688
0.47039898016481263	4.696
0.47199993908892257	4.697
0.4735991688025944	4.69
0.4752001655749706	4.678
0.47679918779851865	4.663
0.4783997777469093	4.644
0.48	4.624
0.48159973897033126	4.601
0.4831988775868116	4.578
0.48479919293978724	4.554
0.48639869440020084	4.531
0.48799918131509135	4.508
0.48959863526512815	4.485
0.4911988780203716	4.463
0.4927998219332171	4.442
0.49439940664415005	4.422
0.4959994879344556	4.404
0.4975999743141064	4.387
0.4991987631157244	4.371
0.5007997673404101	4.358
0.5023988589211619	4.346
0.504	4.337
0.5055990082455897	4.329
0.5071998952742506	4.324
0.5087984241628366	4.322
0.5103986563256434	4.322
0.511998414251911	4.324
0.5135997216261672	4.328
0.5151982314785188	4.335
0.516800260100789	4.343
0.5183992774922962	4.352
0.5199994967097399	4.362
0.5215986537652504	4.372
0.5231988454380878	4.382
0.5248	4.39
0.5263998097923	4.397
0.5279981602851558	4.402
0.5295994600805608	4.406
0.5311991225514558	4.407
0.5320996184696728	4.406
0.5327993193040056	4.406
0.5343999724145067	4.403
0.5359986857691277	4.397
0.5376000000000001	4.391
0.5391991858781165	4.382
0.5407984785899042	4.373
0.5424001679907605	4.363
0.5439994383797256	4.351
0.5455985636584464	4.339
0.5471998728920157	4.326
0.548798463166002	4.313
0.5503990908364483	4.3
0.5519992520335338	4.286
0.5535988569387391	4.273
0.5552003009215722	4.259
0.5567985341734293	4.245
0.5583984506947104	4.232
0.56	4.218
0.561598043212393	4.204
0.5632001162885774	4.191
0.5647984912467713	4.178
0.5663982019104702	4.164
0.5679991937035578	4.151
0.5695987944999059	4.138
0.5711995356101337	4.125
0.5727987138085404	4.111
0.5743988881167478	4.098
0.5760000000000001	4.085
0.5775992993375386	4.072
0.5791993870905956	4.059
0.5808002023694084	4.046
0.5823989477887123	4.032
0.583998266620192	4.019
0.5855980956159492	4.005
0.5871983707878472	3.991
0.588799027406433	3.977
0.5904	3.963
0.5919983956683046	3.948
0.593599785510466	3.933
0.5951984330819415	3.918
0.5967999691934459	3.902
0.5983985945471131	3.886
0.6000000000000001	3.869
0.6015983230708766	3.852
0.6031993149885183	3.834
0.6048000000000001	3.817
0.6064003051956627	3.799
0.6080001569235145	3.781
0.6095994807902216	3.764
0.6111982016622793	3.749
0.6127992724540836	3.737
0.6143996194195157	3.73
0.6159991653127842	3.731
0.6175978321511119	3.745
0.6191986335918654	3.776
0.620798429778136	3.835
0.6224002650562492	3.923
0.6239978257915477	4.048
0.6256004521051144	4.197
0.6271986402197502	4.361
0.6287986367509231	4.512
0.6304004067624254	4.626
0.631997471683879	4.699
0.6335994112897457	4.73
0.6351997294929531	4.73
0.6367983400017463	4.711
0.6383984429306271	4.68
0.64	4.644
0.641599652249511	4.607
0.6432006474338688	4.571
0.6447995922676473	4.537
0.646399766431882	4.504
0.6479977421681458	4.474
0.6496002347245654	4.447
0.6512004117798449	4.421
0.6527981803535042	4.398
0.6544003546885392	4.377
0.6560000000000001	4.357
0.6576005091757717	4.339
0.6591983326510105	4.322
0.6608004178503094	4.306
0.6623996922649514	4.291
0.6639996144020822	4.278
0.6656001374319551	4.265
0.6671976236089288	4.253
0.6687991887066236	4.242
0.6703975862572389	4.231
0.6720000000000002	4.221
0.6735991133422434	4.212
0.6751985013015586	4.203
0.6767981134547361	4.195
0.6783978988837821	4.187
0.6799978061756157	4.179
0.6815977834218425	4.172
0.6831977782186075	4.165
0.6847977376665267	4.158
0.6863976083707025	4.152
0.6879973364408191	4.146
0.689600703038528	4.14
0.6912	4.135
0.6927989897240181	4.13
0.6943976163406124	4.125
0.6959997305459812	4.12
0.6975974793225679	4.115
0.699198637514592	4.111
0.7007992403260267	4.106
0.7023992295272357	4.102
0.7039985463960844	4.098
0.7055971317189768	4.094
0.7071989595988981	4.09
0.708799972559041	4.087
0.7104001100116315	4.083
0.7119993108794901	4.08
0.7135975135975137	4.076
0.7151987816977781	4.073
0.7167989639762039	4.07
0.7183979974968712	4.066
0.7200000000000001	4.063
0.7216007635986917	4.06
0.7232002239876808	4.057
0.7247983163802175	4.055
0.7263992313235647	4.052
0.7279986847358902	4.049
0.7296009038803299	4.046
0.7311972541179385	4.044
0.7328006052295616	4.041
0.7343979528976924	4.039
0.7359979104459893	4.036
0.7376004664140258	4.034
0.7391967948106458	4.031
0.7408000477997192	4.029
0.7423969342235262	4.027
0.7440007200936122	4.025
0.7455979986529395	4.022
0.7471976472289854	4.02
0.7487996521255972	4.018
0.7503994577059023	4.016
0.7519969916238559	4.014
0.7535967615470178	4.012
0.7551987525430337	4.01
0.7567983299456135	4.008
0.7584000587224203	4.006
0.7599992644219276	4.004
0.761600550388835	4.003
0.7631992022307991	4.001
0.7647998618247766	3.999
0.7663977746870654	3.997
0.7679976213778665	3.995
0.7695993842410399	3.994
0.7711982484076434	3.992
0.7727989528469474	3.99
0.7743966421825814	3.989
0.7760009513497274	3.987
0.7775972906017751	3.986
0.779200211165369	3.984
0.7807999193908975	3.983
0.7823963348836035	3.981
0.7839992917802243	3.98
0.7855988746744731	3.978
0.7872	3.977
0.7887976282120612	3.975
0.7903967156053372	3.974
0.7919972404277337	3.973
0.793599180695129	3.971
0.7951974139921496	3.97
0.7967969769220389	3.969
0.7983978466234359	3.967
0.8	3.966
0.8015982310840429	3.965
0.8031976574697305	3.963
0.8047982551799346	3.962
0.8064	3.961
0.8079976017621836	3.96
0.8095962597049815	3.959
0.8112012562156504	3.957
0.8127966435033434	3.956
0.8143983184445612	3.955
0.8160009477362925	3.954
0.8175991137136979	3.953
0.8191981393873722	3.952
0.8207979980536634	3.951
0.822398662766402	3.949
0.8240001063363152	3.948
0.8255968037289829	3.947
0.8271997011021858	3.946
0.8287977539356263	3.945
0.8303964315135929	3.944
0.8320012884263082	3.943
0.8336011510559189	3.942
0.8351959258735323	3.941
0.8367968143623663	3.94
0.8383981823345641	3.939
0.8400000000000001	3.938
0.8415965245723595	3.937
0.8431991294885747	3.936
0.8447963369264524	3.935
0.8463996067829935	3.935
0.8479973736047275	3.934
0.8496011841131487	3.933
0.8511993848604265	3.932
0.8527977439213124	3.931
0.8543962291455625	3.93
0.856000718028735	3.929
0.8575993802353169	3.928
0.8591980707128107	3.928
0.8607967563214242	3.927
0.862401402278703	3.926
0.864	3.925
0.8655984919886899	3.924
0.8671968441152401	3.923
0.8688011099665749	3.923
0.8703991014075608	3.922
0.87199684915321	3.921
0.8736004734961916	3.92
0.8751976507793089	3.919
0.876800678901029	3.919
0.8783971434239238	3.918
0.8799994321851644	3.917
0.8816013083514062	3.916
0.8831964439632144	3.916
0.8847973623926866	3.915
0.886397757982184	3.914
0.8879975935024567	3.914
0.8895968314785717	3.913
0.8911954341903809	3.912
0.8927997926132886	3.912
0.8943970336812794	3.911
0.896	3.91
0.8975957257346394	3.909
0.8991971454058877	3.909
0.9007977448088464	3.908
0.9023974846063147	3.907
0.9039963252181902	3.907
0.9056008414409676	3.906
0.9071977873224699	3.906
0.9088003752950318	3.905
0.9103952653336957	3.904
0.9119957630858858	3.904
0.9136018981791924	3.903
0.9152001889689383	3.902
0.916797302493419	3.902
0.9184	3.901
0.9200014840648537	3.901
0.9216017126164231	3.9
0.923200643345396	3.899
0.9247982337057867	3.899
0.9264013628823766	3.898
0.927996167779408	3.898
0.9295964730757119	3.897
0.9311953133801494	3.897
0.932799662945018	3.896
0.9343954660898796	3.895
0.9359967386873218	3.895
0.9375964185244563	3.894
0.9392015756382093	3.894
0.9407979603296253	3.893
0.9423997810918047	3.893
0.9439998781778451	3.892
0.9455982061822648	3.892
0.947201955766072	3.891
0.9487966328678017	3.891
0.9503966885132805	3.89
0.9520021499596883	3.89
0.9535983755970373	3.889
0.955199963019746	3.889
0.9567995554938186	3.888
0.9583971058856269	3.888
0.96	3.887
0.9616008066079809	3.887
0.9631994779406625	3.886
0.9647959660098983	3.886
0.9663977551736233	3.885
0.9679973142415467	3.885
0.9696021771942035	3.884
0.971197154965103	3.884
0.9727973888004017	3.883
0.9743952468524544	3.883
0.9759983626301827	3.883
0.977599053814311	3.882
0.9791972705302563	3.882
0.9808007214562023	3.881
0.9824016481121985	3.881
0.984	3.88
0.9855957264141945	3.88
0.9871966367284541	3.879
0.9887948703634291	3.879
0.9903982873484256	3.879
0.9919989758689112	3.878
0.9935968841909555	3.878
0.9951999486282128	3.877
0.996800180090367	3.877
0.9983975262314488	3.877
1.	3.876