3.599989547068678797e-01 2.669999999999999929e+00 6.059999999999999831e-01 2.669999999999999929e+00 6.059999999999999831e-01 2.887188626938042013e+00 0.000000000000000000e+00
3.615990573879262482e-01 2.660000000000000142e+00 6.320000000000000062e-01 2.660000000000000142e+00 6.320000000000000062e-01 2.886648296653754553e+00 0.000000000000000000e+00
3.631996156617823268e-01 2.650999999999999801e+00 6.600000000000000311e-01 2.650999999999999801e+00 6.600000000000000311e-01 2.886114941215426555e+00 0.000000000000000000e+00
3.647993785841014969e-01 2.641000000000000014e+00 6.879999999999999449e-01 2.641000000000000014e+00 6.879999999999999449e-01 2.885588850480664380e+00 0.000000000000000000e+00
3.663992198235738185e-01 2.633000000000000007e+00 7.189999999999999725e-01 2.633000000000000007e+00 7.189999999999999725e-01 2.885069610452439370e+00 0.000000000000000000e+00
3.679989552229946392e-01 2.625000000000000000e+00 7.510000000000000009e-01 2.625000000000000000e+00 7.510000000000000009e-01 2.884557161417543814e+00 0.000000000000000000e+00
3.695994991876704883e-01 2.619000000000000217e+00 7.840000000000000302e-01 2.619000000000000217e+00 7.840000000000000302e-01 2.884051098081708897e+00 0.000000000000000000e+00
3.711995784544728227e-01 2.612999999999999989e+00 8.189999999999999503e-01 2.612999999999999989e+00 8.189999999999999503e-01 2.883551710864841411e+00 0.000000000000000000e+00
3.727989993264697599e-01 2.608999999999999986e+00 8.559999999999999831e-01 2.608999999999999986e+00 8.559999999999999831e-01 2.883058941582777646e+00 0.000000000000000000e+00
3.743998260627985908e-01 2.605999999999999872e+00 8.940000000000000169e-01 2.605999999999999872e+00 8.940000000000000169e-01 2.882572049240168077e+00 0.000000000000000000e+00
3.759996360824273687e-01 2.604999999999999982e+00 9.340000000000000524e-01 2.604999999999999982e+00 9.340000000000000524e-01 2.882091665844098038e+00 0.000000000000000000e+00
3.775993762715168511e-01 2.605999999999999872e+00 9.759999999999999787e-01 2.605999999999999872e+00 9.759999999999999787e-01 2.881617395927660752e+00 0.000000000000000000e+00
3.791988695968657175e-01 2.608999999999999986e+00 1.018999999999999906e+00 2.608999999999999986e+00 1.018999999999999906e+00 2.881149187602392470e+00 0.000000000000000000e+00
3.807991056208901992e-01 2.613999999999999879e+00 1.062999999999999945e+00 2.613999999999999879e+00 1.062999999999999945e+00 2.880686653500574845e+00 0.000000000000000000e+00
3.823999309123882751e-01 2.623000000000000220e+00 1.108000000000000096e+00 2.623000000000000220e+00 1.108000000000000096e+00 2.880229746840877514e+00 0.000000000000000000e+00
3.840000000000000635e-01 2.633999999999999897e+00 1.155000000000000027e+00 2.633999999999999897e+00 1.155000000000000027e+00 2.879778754340277747e+00 0.000000000000000000e+00
3.855991242038216971e-01 2.648000000000000131e+00 1.203000000000000069e+00 2.648000000000000131e+00 1.203000000000000069e+00 2.879333625818881526e+00 0.000000000000000000e+00
3.871995303038347491e-01 2.665000000000000036e+00 1.250999999999999890e+00 2.665000000000000036e+00 1.250999999999999890e+00 2.878893650797226922e+00 0.000000000000000000e+00
3.887998645296639744e-01 2.685999999999999943e+00 1.298999999999999932e+00 2.685999999999999943e+00 1.298999999999999932e+00 2.878459117150939939e+00 0.000000000000000000e+00
3.903999596954487727e-01 2.710999999999999854e+00 1.346999999999999975e+00 2.710999999999999854e+00 1.346999999999999975e+00 2.878029980005353039e+00 0.000000000000000000e+00
3.919996458901121583e-01 2.740000000000000213e+00 1.395000000000000018e+00 2.740000000000000213e+00 1.395000000000000018e+00 2.877606194860321320e+00 0.000000000000000000e+00
3.936000000000000054e-01 2.771999999999999797e+00 1.441999999999999948e+00 2.771999999999999797e+00 1.441999999999999948e+00 2.877187392590389248e+00 0.000000000000000000e+00
3.951996174994023558e-01 2.809000000000000163e+00 1.487999999999999989e+00 2.809000000000000163e+00 1.487999999999999989e+00 2.876773857074207630e+00 0.000000000000000000e+00
3.967995903475645125e-01 2.850000000000000089e+00 1.532000000000000028e+00 2.850000000000000089e+00 1.532000000000000028e+00 2.876365222521947818e+00 0.000000000000000000e+00
3.983997686412493189e-01 2.895000000000000018e+00 1.574000000000000066e+00 2.895000000000000018e+00 1.574000000000000066e+00 2.875961449778931200e+00 0.000000000000000000e+00
4.000000000000000222e-01 2.943000000000000060e+00 1.612999999999999989e+00 2.943000000000000060e+00 1.612999999999999989e+00 2.875562500000000021e+00 0.000000000000000000e+00
4.015988287348652430e-01 2.995999999999999996e+00 1.647999999999999909e+00 2.995999999999999996e+00 1.647999999999999909e+00 2.875168653175162792e+00 0.000000000000000000e+00
4.032000000000000028e-01 3.051000000000000156e+00 1.679999999999999938e+00 3.051000000000000156e+00 1.679999999999999938e+00 2.874778915501385868e+00 0.000000000000000000e+00
4.047994514912581776e-01 3.108999999999999986e+00 1.707000000000000073e+00 3.108999999999999986e+00 1.707000000000000073e+00 2.874394204639004968e+00 0.000000000000000000e+00
4.063996538601477027e-01 3.169999999999999929e+00 1.729999999999999982e+00 3.169999999999999929e+00 1.729999999999999982e+00 2.874013849691412492e+00 0.000000000000000000e+00
4.079991312445908624e-01 3.233000000000000096e+00 1.747000000000000108e+00 3.233000000000000096e+00 1.747000000000000108e+00 2.873638130591870343e+00 0.000000000000000000e+00
4.095990696936860909e-01 3.295999999999999819e+00 1.758000000000000007e+00 3.295999999999999819e+00 1.758000000000000007e+00 2.873266698016150755e+00 0.000000000000000000e+00
4.111993313832010277e-01 3.359999999999999876e+00 1.764000000000000012e+00 3.359999999999999876e+00 1.764000000000000012e+00 2.872899518897894744e+00 0.000000000000000000e+00
4.127997762602838572e-01 3.423000000000000043e+00 1.764000000000000012e+00 3.423000000000000043e+00 1.764000000000000012e+00 2.872536560421456997e+00 0.000000000000000000e+00
4.143988769678131345e-01 3.483999999999999986e+00 1.758999999999999897e+00 3.483999999999999986e+00 1.758999999999999897e+00 2.872178098708837446e+00 0.000000000000000000e+00
4.159992484205087826e-01 3.544000000000000039e+00 1.747999999999999998e+00 3.544000000000000039e+00 1.747999999999999998e+00 2.871823482884417356e+00 0.000000000000000000e+00
4.175993694783039500e-01 3.600000000000000089e+00 1.731999999999999984e+00 3.600000000000000089e+00 1.731999999999999984e+00 2.871472990768447975e+00 0.000000000000000000e+00
4.191990911672820452e-01 3.652000000000000135e+00 1.713000000000000078e+00 3.652000000000000135e+00 1.713000000000000078e+00 2.871126590548137791e+00 0.000000000000000000e+00
4.207996904686752693e-01 3.700000000000000178e+00 1.689000000000000057e+00 3.700000000000000178e+00 1.689000000000000057e+00 2.870783946668914233e+00 0.000000000000000000e+00
4.223996075264971339e-01 3.742999999999999883e+00 1.663000000000000034e+00 3.742999999999999883e+00 1.663000000000000034e+00 2.870445334113731040e+00 0.000000000000000000e+00
4.239986868023637445e-01 3.781000000000000139e+00 1.635000000000000009e+00 3.781000000000000139e+00 1.635000000000000009e+00 2.870110721794082664e+00 0.000000000000000000e+00
4.255996924302132278e-01 3.813000000000000167e+00 1.606999999999999984e+00 3.813000000000000167e+00 1.606999999999999984e+00 2.869779477743120477e+00 0.000000000000000000e+00
4.271995865276940751e-01 3.841000000000000192e+00 1.578000000000000069e+00 3.841000000000000192e+00 1.578000000000000069e+00 2.869452177001225124e+00 0.000000000000000000e+00
4.287996901176584497e-01 3.862999999999999989e+00 1.550999999999999934e+00 3.862999999999999989e+00 1.550999999999999934e+00 2.869128490855316294e+00 0.000000000000000000e+00
4.303998722519414288e-01 3.880999999999999783e+00 1.526000000000000023e+00 3.880999999999999783e+00 1.526000000000000023e+00 2.868808392488307657e+00 0.000000000000000000e+00
4.319999999999999951e-01 3.895000000000000018e+00 1.502999999999999892e+00 3.895000000000000018e+00 1.502999999999999892e+00 2.868491855281207314e+00 0.000000000000000000e+00
4.335999384488408714e-01 3.906000000000000139e+00 1.483999999999999986e+00 3.906000000000000139e+00 1.483999999999999986e+00 2.868178852813118240e+00 0.000000000000000000e+00
4.351995507037804134e-01 3.915000000000000036e+00 1.469000000000000083e+00 3.915000000000000036e+00 1.469000000000000083e+00 2.867869358861238727e+00 0.000000000000000000e+00
4.367986978900604833e-01 3.922000000000000153e+00 1.459000000000000075e+00 3.922000000000000153e+00 1.459000000000000075e+00 2.867563347400861051e+00 0.000000000000000000e+00
4.383987892974460232e-01 3.928999999999999826e+00 1.453000000000000069e+00 3.928999999999999826e+00 1.453000000000000069e+00 2.867260500816342539e+00 0.000000000000000000e+00
4.399997160925822048e-01 3.936999999999999833e+00 1.453000000000000069e+00 3.936999999999999833e+00 1.453000000000000069e+00 2.866960796661063071e+00 0.000000000000000000e+00
4.415997948433009745e-01 3.947000000000000064e+00 1.457000000000000073e+00 3.947000000000000064e+00 1.457000000000000073e+00 2.866664502312993967e+00 0.000000000000000000e+00
4.431988789910920046e-01 3.959999999999999964e+00 1.465999999999999970e+00 3.959999999999999964e+00 1.465999999999999970e+00 2.866371592490283060e+00 0.000000000000000000e+00
4.448000114801912708e-01 3.979000000000000092e+00 1.479000000000000092e+00 3.979000000000000092e+00 1.479000000000000092e+00 2.866081466928476207e+00 0.000000000000000000e+00
4.463998963066442838e-01 4.003000000000000114e+00 1.493999999999999995e+00 4.003000000000000114e+00 1.493999999999999995e+00 2.865794680041329645e+00 0.000000000000000000e+00
4.480000000000000093e-01 4.035000000000000142e+00 1.510000000000000009e+00 4.035000000000000142e+00 1.510000000000000009e+00 2.865510921556122526e+00 0.000000000000000000e+00
4.495985727029438439e-01 4.073999999999999844e+00 1.526000000000000023e+00 4.073999999999999844e+00 1.526000000000000023e+00 2.865230454498929102e+00 0.000000000000000000e+00
4.511987423031573741e-01 4.121999999999999886e+00 1.538999999999999924e+00 4.121999999999999886e+00 1.538999999999999924e+00 2.864952687480355920e+00 0.000000000000000000e+00
4.527987670597515835e-01 4.177999999999999936e+00 1.546000000000000041e+00 4.177999999999999936e+00 1.546000000000000041e+00 2.864677884846078548e+00 0.000000000000000000e+00
4.543985222812284008e-01 4.238999999999999879e+00 1.544999999999999929e+00 4.238999999999999879e+00 1.544999999999999929e+00 2.864406025557807212e+00 0.000000000000000000e+00
4.559995586531566114e-01 4.306000000000000050e+00 1.534999999999999920e+00 4.306000000000000050e+00 1.534999999999999920e+00 2.864136808202404794e+00 0.000000000000000000e+00
4.576000944844691443e-01 4.373999999999999666e+00 1.512999999999999901e+00 4.373999999999999666e+00 1.512999999999999901e+00 2.863870494532774647e+00 0.000000000000000000e+00
4.591999999999999971e-01 4.440999999999999837e+00 1.479999999999999982e+00 4.440999999999999837e+00 1.479999999999999982e+00 2.863607063943959474e+00 0.000000000000000000e+00
4.607991436949710473e-01 4.503999999999999559e+00 1.435999999999999943e+00 4.503999999999999559e+00 1.435999999999999943e+00 2.863346495982669548e+00 0.000000000000000000e+00
4.623991168528933660e-01 4.559999999999999609e+00 1.381999999999999895e+00 4.559999999999999609e+00 1.381999999999999895e+00 2.863088493703218163e+00 0.000000000000000000e+00
4.639998203639874585e-01 4.607000000000000206e+00 1.320999999999999952e+00 4.607000000000000206e+00 1.320999999999999952e+00 2.862833039815641190e+00 0.000000000000000000e+00
4.655994051575544357e-01 4.644000000000000128e+00 1.254000000000000004e+00 4.644000000000000128e+00 1.254000000000000004e+00 2.862580391882930897e+00 0.000000000000000000e+00
4.671994935506844637e-01 4.671000000000000263e+00 1.185999999999999943e+00 4.671000000000000263e+00 1.185999999999999943e+00 2.862330256213519775e+00 0.000000000000000000e+00
4.687999818505620975e-01 4.687999999999999723e+00 1.116999999999999993e+00 4.687999999999999723e+00 1.116999999999999993e+00 2.862082615870301439e+00 0.000000000000000000e+00
4.703989801648126301e-01 4.695999999999999730e+00 1.050000000000000044e+00 4.695999999999999730e+00 1.050000000000000044e+00 2.861837725965874935e+00 0.000000000000000000e+00
4.719999390889225710e-01 4.697000000000000064e+00 9.859999999999999876e-01 4.697000000000000064e+00 9.859999999999999876e-01 2.861595024987054092e+00 0.000000000000000000e+00
4.735991688025943946e-01 4.690000000000000391e+00 9.260000000000000453e-01 4.690000000000000391e+00 9.260000000000000453e-01 2.861355039298606684e+00 0.000000000000000000e+00
4.752001655749705789e-01 4.677999999999999936e+00 8.709999999999999964e-01 4.677999999999999936e+00 8.709999999999999964e-01 2.861117211297655505e+00 0.000000000000000000e+00
4.767991877985186533e-01 4.663000000000000256e+00 8.209999999999999520e-01 4.663000000000000256e+00 8.209999999999999520e-01 2.860882063909135464e+00 0.000000000000000000e+00
4.783997777469092827e-01 4.644000000000000128e+00 7.750000000000000222e-01 4.644000000000000128e+00 7.750000000000000222e-01 2.860649043390953494e+00 0.000000000000000000e+00
4.799999999999999822e-01 4.623999999999999666e+00 7.349999999999999867e-01 4.623999999999999666e+00 7.349999999999999867e-01 2.860418402777777924e+00 0.000000000000000000e+00
4.815997389703312592e-01 4.600999999999999979e+00 6.989999999999999547e-01 4.600999999999999979e+00 6.989999999999999547e-01 2.860190126023927526e+00 0.000000000000000000e+00
4.831988775868116259e-01 4.578000000000000291e+00 6.670000000000000373e-01 4.578000000000000291e+00 6.670000000000000373e-01 2.859964197195150604e+00 0.000000000000000000e+00
4.847991929397872379e-01 4.554000000000000270e+00 6.400000000000000133e-01 4.554000000000000270e+00 6.400000000000000133e-01 2.859740336606835243e+00 0.000000000000000000e+00
4.863986944002008372e-01 4.530999999999999694e+00 6.159999999999999920e-01 4.530999999999999694e+00 6.159999999999999920e-01 2.859518794143735221e+00 0.000000000000000000e+00
4.879991813150913460e-01 4.508000000000000007e+00 5.949999999999999734e-01 4.508000000000000007e+00 5.949999999999999734e-01 2.859299292055758279e+00 0.000000000000000000e+00
4.895986352651281459e-01 4.485000000000000320e+00 5.779999999999999583e-01 4.485000000000000320e+00 5.779999999999999583e-01 2.859082078679010763e+00 0.000000000000000000e+00
4.911988780203715987e-01 4.463000000000000078e+00 5.629999999999999449e-01 4.463000000000000078e+00 5.629999999999999449e-01 2.858866878175221782e+00 0.000000000000000000e+00
4.927998219332170859e-01 4.442000000000000171e+00 5.520000000000000462e-01 4.442000000000000171e+00 5.520000000000000462e-01 2.858653677776561430e+00 0.000000000000000000e+00
4.943994066441500523e-01 4.421999999999999709e+00 5.420000000000000373e-01 4.421999999999999709e+00 5.420000000000000373e-01 2.858442723529695417e+00 0.000000000000000000e+00
4.959994879344555851e-01 4.403999999999999915e+00 5.350000000000000311e-01 4.403999999999999915e+00 5.350000000000000311e-01 2.858233742414046485e+00 0.000000000000000000e+00
4.975999743141064080e-01 4.386999999999999567e+00 5.300000000000000266e-01 4.386999999999999567e+00 5.300000000000000266e-01 2.858026721909402657e+00 0.000000000000000000e+00
4.991987631157244198e-01 4.371000000000000441e+00 5.270000000000000240e-01 4.371000000000000441e+00 5.270000000000000240e-01 2.857821905822514275e+00 0.000000000000000000e+00
5.007997673404100958e-01 4.357999999999999652e+00 5.260000000000000231e-01 4.357999999999999652e+00 5.260000000000000231e-01 2.857618768469563086e+00 0.000000000000000000e+00
5.023988589211618727e-01 4.346000000000000085e+00 5.260000000000000231e-01 4.346000000000000085e+00 5.260000000000000231e-01 2.857417809253787855e+00 0.000000000000000000e+00
5.040000000000000036e-01 4.336999999999999744e+00 5.270000000000000240e-01 4.336999999999999744e+00 5.270000000000000240e-01 2.857218505920886997e+00 0.000000000000000000e+00
5.055990082455896761e-01 4.328999999999999737e+00 5.290000000000000258e-01 4.328999999999999737e+00 5.290000000000000258e-01 2.857021354774739841e+00 0.000000000000000000e+00
5.071998952742505784e-01 4.323999999999999844e+00 5.320000000000000284e-01 4.323999999999999844e+00 5.320000000000000284e-01 2.856825836949292707e+00 0.000000000000000000e+00
5.087984241628366044e-01 4.322000000000000064e+00 5.350000000000000311e-01 4.322000000000000064e+00 5.350000000000000311e-01 2.856632445690335143e+00 0.000000000000000000e+00
5.103986563256434072e-01 4.322000000000000064e+00 5.370000000000000329e-01 4.322000000000000064e+00 5.370000000000000329e-01 2.856440665478790830e+00 0.000000000000000000e+00
5.119984142519109493e-01 4.323999999999999844e+00 5.390000000000000346e-01 4.323999999999999844e+00 5.390000000000000346e-01 2.856250736699115667e+00 0.000000000000000000e+00
5.135997216261671827e-01 4.328000000000000291e+00 5.400000000000000355e-01 4.328000000000000291e+00 5.400000000000000355e-01 2.856062398539356728e+00 0.000000000000000000e+00
5.151982314785188422e-01 4.334999999999999964e+00 5.390000000000000346e-01 4.334999999999999964e+00 5.390000000000000346e-01 2.855876138234364703e+00 0.000000000000000000e+00
5.168002601007890551e-01 4.342999999999999972e+00 5.370000000000000329e-01 4.342999999999999972e+00 5.370000000000000329e-01 2.855691199301798378e+00 0.000000000000000000e+00
5.183992774922961955e-01 4.352000000000000313e+00 5.320000000000000284e-01 4.352000000000000313e+00 5.320000000000000284e-01 2.855508315087142979e+00 0.000000000000000000e+00
5.199994967097398835e-01 4.362000000000000099e+00 5.240000000000000213e-01 4.362000000000000099e+00 5.240000000000000213e-01 2.855326979846062319e+00 0.000000000000000000e+00
5.215986537652503863e-01 4.371999999999999886e+00 5.140000000000000124e-01 4.371999999999999886e+00 5.140000000000000124e-01 2.855147429711196061e+00 0.000000000000000000e+00
5.231988454380878117e-01 4.381999999999999673e+00 5.020000000000000018e-01 4.381999999999999673e+00 5.020000000000000018e-01 2.854969408873517800e+00 0.000000000000000000e+00
5.248000000000000442e-01 4.389999999999999680e+00 4.869999999999999885e-01 4.389999999999999680e+00 4.869999999999999885e-01 2.854792908332094203e+00 0.000000000000000000e+00
5.263998097923000552e-01 4.397000000000000242e+00 4.699999999999999734e-01 4.397000000000000242e+00 4.699999999999999734e-01 2.854618162143695237e+00 0.000000000000000000e+00
5.279981602851557820e-01 4.402000000000000135e+00 4.510000000000000120e-01 4.402000000000000135e+00 4.510000000000000120e-01 2.854445159196440152e+00 0.000000000000000000e+00
5.295994600805608021e-01 4.405999999999999694e+00 4.319999999999999951e-01 4.405999999999999694e+00 4.319999999999999951e-01 2.854273405372714567e+00 0.000000000000000000e+00
5.311991225514558490e-01 4.407000000000000028e+00 4.109999999999999765e-01 4.407000000000000028e+00 4.109999999999999765e-01 2.854103375703902934e+00 0.000000000000000000e+00
5.320996184696727971e-01 4.405999999999999694e+00 4.000000000000000222e-01 4.405999999999999694e+00 4.000000000000000222e-01 2.854008335000356222e+00 0.000000000000000000e+00
5.327993193040055919e-01 4.405999999999999694e+00 3.910000000000000142e-01 4.405999999999999694e+00 3.910000000000000142e-01 2.853934819188904903e+00 0.000000000000000000e+00
5.343999724145066521e-01 4.402999999999999581e+00 3.699999999999999956e-01 4.402999999999999581e+00 3.699999999999999956e-01 2.853767727148690536e+00 0.000000000000000000e+00
5.359986857691276807e-01 4.397000000000000242e+00 3.499999999999999778e-01 4.397000000000000242e+00 3.499999999999999778e-01 2.853602329610040123e+00 0.000000000000000000e+00
5.376000000000000778e-01 4.391000000000000014e+00 3.310000000000000164e-01 4.391000000000000014e+00 3.310000000000000164e-01 2.853438139969529441e+00 0.000000000000000000e+00
5.391991858781165492e-01 4.381999999999999673e+00 3.119999999999999996e-01 4.381999999999999673e+00 3.119999999999999996e-01 2.853275626307684831e+00 0.000000000000000000e+00
5.407984785899041524e-01 4.373000000000000220e+00 2.949999999999999845e-01 4.373000000000000220e+00 2.949999999999999845e-01 2.853114541499667034e+00 0.000000000000000000e+00
5.424001679907605178e-01 4.363000000000000433e+00 2.780000000000000249e-01 4.363000000000000433e+00 2.780000000000000249e-01 2.852954641285790682e+00 0.000000000000000000e+00
5.439994383797256416e-01 4.350999999999999979e+00 2.630000000000000115e-01 4.350999999999999979e+00 2.630000000000000115e-01 2.852796389671192756e+00 0.000000000000000000e+00
5.455985636584463894e-01 4.339000000000000412e+00 2.489999999999999991e-01 4.339000000000000412e+00 2.489999999999999991e-01 2.852639541797776346e+00 0.000000000000000000e+00
5.471998728920156596e-01 4.325999999999999623e+00 2.359999999999999876e-01 4.325999999999999623e+00 2.359999999999999876e-01 2.852483855623073605e+00 0.000000000000000000e+00
5.487984631660020041e-01 4.312999999999999723e+00 2.240000000000000047e-01 4.312999999999999723e+00 2.240000000000000047e-01 2.852329791151118066e+00 0.000000000000000000e+00
5.503990908364483348e-01 4.299999999999999822e+00 2.139999999999999958e-01 4.299999999999999822e+00 2.139999999999999958e-01 2.852176873340209085e+00 0.000000000000000000e+00
5.519992520335338382e-01 4.285999999999999588e+00 2.039999999999999869e-01 4.285999999999999588e+00 2.039999999999999869e-01 2.852025327828087153e+00 0.000000000000000000e+00
5.535988569387391145e-01 4.272999999999999687e+00 1.950000000000000067e-01 4.272999999999999687e+00 1.950000000000000067e-01 2.851875146530007399e+00 0.000000000000000000e+00
5.552003009215722429e-01 4.259000000000000341e+00 1.869999999999999996e-01 4.259000000000000341e+00 1.869999999999999996e-01 2.851726091007382724e+00 0.000000000000000000e+00
5.567985341734292826e-01 4.245000000000000107e+00 1.799999999999999933e-01 4.245000000000000107e+00 1.799999999999999933e-01 2.851578614742595441e+00 0.000000000000000000e+00
5.583984506947103910e-01 4.232000000000000206e+00 1.739999999999999880e-01 4.232000000000000206e+00 1.739999999999999880e-01 2.851432249646864925e+00 0.000000000000000000e+00
5.600000000000000533e-01 4.217999999999999972e+00 1.680000000000000104e-01 4.217999999999999972e+00 1.680000000000000104e-01 2.851286989795918547e+00 0.000000000000000000e+00
5.615980432123930388e-01 4.203999999999999737e+00 1.630000000000000060e-01 4.203999999999999737e+00 1.630000000000000060e-01 2.851143284847463377e+00 0.000000000000000000e+00
5.632001162885773571e-01 4.190999999999999837e+00 1.590000000000000024e-01 4.190999999999999837e+00 1.590000000000000024e-01 2.851000443656401817e+00 0.000000000000000000e+00
5.647984912467712837e-01 4.177999999999999936e+00 1.549999999999999989e-01 4.177999999999999936e+00 1.549999999999999989e-01 2.850859141792626339e+00 0.000000000000000000e+00
5.663982019104701893e-01 4.163999999999999702e+00 1.519999999999999962e-01 4.163999999999999702e+00 1.519999999999999962e-01 2.850718917917025585e+00 0.000000000000000000e+00
5.679991937035577809e-01 4.150999999999999801e+00 1.499999999999999944e-01 4.150999999999999801e+00 1.499999999999999944e-01 2.850579766272468341e+00 0.000000000000000000e+00
5.695987944999059138e-01 4.137999999999999901e+00 1.479999999999999927e-01 4.137999999999999901e+00 1.479999999999999927e-01 2.850441905707820744e+00 0.000000000000000000e+00
5.711995356101337018e-01 4.125000000000000000e+00 1.469999999999999918e-01 4.125000000000000000e+00 1.469999999999999918e-01 2.850305104683767521e+00 0.000000000000000000e+00
5.727987138085404162e-01 4.110999999999999766e+00 1.459999999999999909e-01 4.110999999999999766e+00 1.459999999999999909e-01 2.850169580859573948e+00 0.000000000000000000e+00
5.743988881167477745e-01 4.097999999999999865e+00 1.449999999999999900e-01 4.097999999999999865e+00 1.449999999999999900e-01 2.850035104029969180e+00 0.000000000000000000e+00
5.760000000000000675e-01 4.084999999999999964e+00 1.449999999999999900e-01 4.084999999999999964e+00 1.449999999999999900e-01 2.849901668595679283e+00 0.000000000000000000e+00
5.775992993375386186e-01 4.072000000000000064e+00 1.459999999999999909e-01 4.072000000000000064e+00 1.459999999999999909e-01 2.849769490452719101e+00 0.000000000000000000e+00
5.791993870905955966e-01 4.059000000000000163e+00 1.469999999999999918e-01 4.059000000000000163e+00 1.469999999999999918e-01 2.849638341365416938e+00 0.000000000000000000e+00
5.808002023694084359e-01 4.046000000000000263e+00 1.489999999999999936e-01 4.046000000000000263e+00 1.489999999999999936e-01 2.849508215827356139e+00 0.000000000000000000e+00
5.823989477887122623e-01 4.032000000000000028e+00 1.509999999999999953e-01 4.032000000000000028e+00 1.509999999999999953e-01 2.849379328002253686e+00 0.000000000000000000e+00
5.839982666201920525e-01 4.019000000000000128e+00 1.539999999999999980e-01 4.019000000000000128e+00 1.539999999999999980e-01 2.849251451593084905e+00 0.000000000000000000e+00
5.855980956159492212e-01 4.004999999999999893e+00 1.580000000000000016e-01 4.004999999999999893e+00 1.580000000000000016e-01 2.849124581186288641e+00 0.000000000000000000e+00
5.871983707878472014e-01 3.991000000000000103e+00 1.620000000000000051e-01 3.991000000000000103e+00 1.620000000000000051e-01 2.848998711396162786e+00 0.000000000000000000e+00
5.887990274064329732e-01 3.976999999999999869e+00 1.670000000000000095e-01 3.976999999999999869e+00 1.670000000000000095e-01 2.848873836864861175e+00 0.000000000000000000e+00
5.904000000000000359e-01 3.963000000000000078e+00 1.729999999999999871e-01 3.963000000000000078e+00 1.729999999999999871e-01 2.848749952262395357e+00 0.000000000000000000e+00
5.919983956683045889e-01 3.947999999999999954e+00 1.799999999999999933e-01 3.947999999999999954e+00 1.799999999999999933e-01 2.848627268367330156e+00 0.000000000000000000e+00
5.935997855104659937e-01 3.932999999999999829e+00 1.869999999999999996e-01 3.932999999999999829e+00 1.869999999999999996e-01 2.848505347161061962e+00 0.000000000000000000e+00
5.951984330819415359e-01 3.918000000000000149e+00 1.970000000000000084e-01 3.918000000000000149e+00 1.970000000000000084e-01 2.848384614982853780e+00 0.000000000000000000e+00
5.967999691934459117e-01 3.902000000000000135e+00 2.069999999999999896e-01 3.902000000000000135e+00 2.069999999999999896e-01 2.848264636199493438e+00 0.000000000000000000e+00
5.983985945471130830e-01 3.886000000000000121e+00 2.190000000000000002e-01 3.886000000000000121e+00 2.190000000000000002e-01 2.848145834888662353e+00 0.000000000000000000e+00
6.000000000000000888e-01 3.869000000000000217e+00 2.330000000000000127e-01 3.869000000000000217e+00 2.330000000000000127e-01 2.848027777777777825e+00 0.000000000000000000e+00
6.015983230708765728e-01 3.851999999999999869e+00 2.489999999999999991e-01 3.851999999999999869e+00 2.489999999999999991e-01 2.847910886707700318e+00 0.000000000000000000e+00
6.031993149885183092e-01 3.834000000000000075e+00 2.680000000000000160e-01 3.834000000000000075e+00 2.680000000000000160e-01 2.847794730741715075e+00 0.000000000000000000e+00
6.048000000000001153e-01 3.817000000000000171e+00 2.899999999999999800e-01 3.817000000000000171e+00 2.899999999999999800e-01 2.847679518000616028e+00 0.000000000000000000e+00
6.064003051956626811e-01 3.798999999999999932e+00 3.160000000000000031e-01 3.798999999999999932e+00 3.160000000000000031e-01 2.847565243432984783e+00 0.000000000000000000e+00
6.080001569235145009e-01 3.781000000000000139e+00 3.459999999999999742e-01 3.781000000000000139e+00 3.459999999999999742e-01 2.847451902015260217e+00 0.000000000000000000e+00
6.095994807902216372e-01 3.763999999999999790e+00 3.810000000000000053e-01 3.763999999999999790e+00 3.810000000000000053e-01 2.847339488751738923e+00 0.000000000000000000e+00
6.111982016622793390e-01 3.749000000000000110e+00 4.229999999999999871e-01 3.749000000000000110e+00 4.229999999999999871e-01 2.847227998674574323e+00 0.000000000000000000e+00
6.127992724540836100e-01 3.737000000000000099e+00 4.719999999999999751e-01 3.737000000000000099e+00 4.719999999999999751e-01 2.847117218096714364e+00 0.000000000000000000e+00
6.143996194195157079e-01 3.729999999999999982e+00 5.300000000000000266e-01 3.729999999999999982e+00 5.300000000000000266e-01 2.847007351939515374e+00 0.000000000000000000e+00
6.159991653127842026e-01 3.730999999999999872e+00 5.979999999999999760e-01 3.730999999999999872e+00 5.979999999999999760e-01 2.846898395309415353e+00 0.000000000000000000e+00
6.175978321511118585e-01 3.745000000000000107e+00 6.760000000000000453e-01 3.745000000000000107e+00 6.760000000000000453e-01 2.846790343340710905e+00 0.000000000000000000e+00
6.191986335918654438e-01 3.775999999999999801e+00 7.640000000000000124e-01 3.775999999999999801e+00 7.640000000000000124e-01 2.846682984605869215e+00 0.000000000000000000e+00
6.207984297781360405e-01 3.834999999999999964e+00 8.549999999999999822e-01 3.834999999999999964e+00 8.549999999999999822e-01 2.846576521948313676e+00 0.000000000000000000e+00
6.224002650562492356e-01 3.923000000000000043e+00 9.419999999999999485e-01 3.923000000000000043e+00 9.419999999999999485e-01 2.846470745049636708e+00 0.000000000000000000e+00
6.239978257915477222e-01 4.048000000000000043e+00 1.010999999999999899e+00 4.048000000000000043e+00 1.010999999999999899e+00 2.846366060726445379e+00 0.000000000000000000e+00
6.256004521051143907e-01 4.197000000000000064e+00 1.044000000000000039e+00 4.197000000000000064e+00 1.044000000000000039e+00 2.846261849234443808e+00 0.000000000000000000e+00
6.271986402197502475e-01 4.360999999999999766e+00 1.026999999999999913e+00 4.360999999999999766e+00 1.026999999999999913e+00 2.846158720855804791e+00 0.000000000000000000e+00
6.287986367509230679e-01 4.511999999999999567e+00 9.579999999999999627e-01 4.511999999999999567e+00 9.579999999999999627e-01 2.846056262465839204e+00 0.000000000000000000e+00
6.304004067624253693e-01 4.626000000000000334e+00 8.489999999999999769e-01 4.626000000000000334e+00 8.489999999999999769e-01 2.845954470950744053e+00 0.000000000000000000e+00
6.319974716838789863e-01 4.698999999999999844e+00 7.199999999999999734e-01 4.698999999999999844e+00 7.199999999999999734e-01 2.845853748017930229e+00 0.000000000000000000e+00
6.335994112897457287e-01 4.730000000000000426e+00 5.929999999999999716e-01 4.730000000000000426e+00 5.929999999999999716e-01 2.845753481828324993e+00 0.000000000000000000e+00
6.351997294929531135e-01 4.730000000000000426e+00 4.799999999999999822e-01 4.730000000000000426e+00 4.799999999999999822e-01 2.845654073614736657e+00 0.000000000000000000e+00
6.367983400017462881e-01 4.711000000000000298e+00 3.840000000000000080e-01 4.711000000000000298e+00 3.840000000000000080e-01 2.845555518799318229e+00 0.000000000000000000e+00
6.383984429306270858e-01 4.679999999999999716e+00 3.069999999999999951e-01 4.679999999999999716e+00 3.069999999999999951e-01 2.845457612455554397e+00 0.000000000000000000e+00
6.400000000000000133e-01 4.644000000000000128e+00 2.459999999999999964e-01 4.644000000000000128e+00 2.459999999999999964e-01 2.845360351562499890e+00 0.000000000000000000e+00
6.415996522495109877e-01 4.607000000000000206e+00 1.970000000000000084e-01 4.607000000000000206e+00 1.970000000000000084e-01 2.845263932487322123e+00 0.000000000000000000e+00
6.432006474338688440e-01 4.570999999999999730e+00 1.590000000000000024e-01 4.570999999999999730e+00 1.590000000000000024e-01 2.845168151864534423e+00 0.000000000000000000e+00
6.447995922676472702e-01 4.536999999999999922e+00 1.290000000000000036e-01 4.536999999999999922e+00 1.290000000000000036e-01 2.845073205102814473e+00 0.000000000000000000e+00
6.463997664318820169e-01 4.503999999999999559e+00 1.049999999999999961e-01 4.503999999999999559e+00 1.049999999999999961e-01 2.844978889867388894e+00 0.000000000000000000e+00
6.479977421681457628e-01 4.474000000000000199e+00 8.599999999999999312e-02 4.474000000000000199e+00 8.599999999999999312e-02 2.844885400618761384e+00 0.000000000000000000e+00
6.496002347245654063e-01 4.447000000000000064e+00 7.000000000000000666e-02 4.447000000000000064e+00 7.000000000000000666e-02 2.844792339121339442e+00 0.000000000000000000e+00
6.512004117798448899e-01 4.421000000000000263e+00 5.800000000000000294e-02 4.421000000000000263e+00 5.800000000000000294e-02 2.844700096785730548e+00 0.000000000000000000e+00
6.527981803535042316e-01 4.397999999999999687e+00 4.800000000000000100e-02 4.397999999999999687e+00 4.800000000000000100e-02 2.844608669256943667e+00 0.000000000000000000e+00
6.544003546885391875e-01 4.376999999999999780e+00 3.899999999999999994e-02 4.376999999999999780e+00 3.899999999999999994e-02 2.844517661253268326e+00 0.000000000000000000e+00
6.560000000000001386e-01 4.357000000000000206e+00 3.200000000000000067e-02 4.357000000000000206e+00 3.200000000000000067e-02 2.844427461332540208e+00 0.000000000000000000e+00
6.576005091757717302e-01 4.339000000000000412e+00 2.699999999999999969e-02 4.339000000000000412e+00 2.699999999999999969e-02 2.844337870679263691e+00 0.000000000000000000e+00
6.591983326510104657e-01 4.322000000000000064e+00 2.199999999999999872e-02 4.322000000000000064e+00 2.199999999999999872e-02 2.844249080498792104e+00 0.000000000000000000e+00
6.608004178503094073e-01 4.306000000000000050e+00 1.799999999999999864e-02 4.306000000000000050e+00 1.799999999999999864e-02 2.844160699379485457e+00 0.000000000000000000e+00
6.623996922649514341e-01 4.291000000000000369e+00 1.499999999999999944e-02 4.291000000000000369e+00 1.499999999999999944e-02 2.844073112139108517e+00 0.000000000000000000e+00
6.639996144020822166e-01 4.277999999999999581e+00 1.200000000000000025e-02 4.277999999999999581e+00 1.200000000000000025e-02 2.843986121920415222e+00 0.000000000000000000e+00
6.656001374319551189e-01 4.264999999999999680e+00 1.000000000000000021e-02 4.264999999999999680e+00 1.000000000000000021e-02 2.843899725931506861e+00 0.000000000000000000e+00
6.671976236089287582e-01 4.253000000000000114e+00 8.000000000000000167e-03 4.253000000000000114e+00 8.000000000000000167e-03 2.843814113119248699e+00 0.000000000000000000e+00
6.687991887066235819e-01 4.241999999999999993e+00 6.000000000000000125e-03 4.241999999999999993e+00 6.000000000000000125e-03 2.843728896804610606e+00 0.000000000000000000e+00
6.703975862572388866e-01 4.230999999999999872e+00 5.000000000000000104e-03 4.230999999999999872e+00 5.000000000000000104e-03 2.843644457231636835e+00 0.000000000000000000e+00
6.720000000000001528e-01 4.221000000000000085e+00 4.000000000000000083e-03 4.221000000000000085e+00 4.000000000000000083e-03 2.843560409580498938e+00 0.000000000000000000e+00
6.735991133422434274e-01 4.211999999999999744e+00 3.000000000000000062e-03 4.211999999999999744e+00 3.000000000000000062e-03 2.843477132293815934e+00 0.000000000000000000e+00
6.751985013015585624e-01 4.203000000000000291e+00 2.000000000000000042e-03 4.203000000000000291e+00 2.000000000000000042e-03 2.843394431848938808e+00 0.000000000000000000e+00
6.767981134547360611e-01 4.195000000000000284e+00 2.000000000000000042e-03 4.195000000000000284e+00 2.000000000000000042e-03 2.843312305546824792e+00 0.000000000000000000e+00
6.783978988837821023e-01 4.187000000000000277e+00 1.000000000000000021e-03 4.187000000000000277e+00 1.000000000000000021e-03 2.843230750700813658e+00 0.000000000000000000e+00
6.799978061756156711e-01 4.179000000000000270e+00 1.000000000000000021e-03 4.179000000000000270e+00 1.000000000000000021e-03 2.843149764636624610e+00 0.000000000000000000e+00
6.815977834218425180e-01 4.171999999999999709e+00 1.000000000000000021e-03 4.171999999999999709e+00 1.000000000000000021e-03 2.843069344692358946e+00 0.000000000000000000e+00
6.831977782186074988e-01 4.165000000000000036e+00 0.000000000000000000e+00 4.165000000000000036e+00 0.000000000000000000e+00 2.842989488218497840e+00 0.000000000000000000e+00
6.847977376665267402e-01 4.158000000000000362e+00 0.000000000000000000e+00 4.158000000000000362e+00 0.000000000000000000e+00 2.842910192577904560e+00 0.000000000000000000e+00
6.863976083707025166e-01 4.152000000000000135e+00 0.000000000000000000e+00 4.152000000000000135e+00 0.000000000000000000e+00 2.842831455145822694e+00 0.000000000000000000e+00
6.879973364408190628e-01 4.145999999999999908e+00 7.339000000000000037e-05 4.145999999999999908e+00 7.339000000000000037e-05 2.842753273309876150e+00 0.000000000000000000e+00
6.896007030385280512e-01 4.139999999999999680e+00 5.930999999999999966e-05 4.139999999999999680e+00 5.930999999999999966e-05 2.842675458971293700e+00 0.000000000000000000e+00
6.912000000000000366e-01 4.134999999999999787e+00 4.682999999999999717e-05 4.134999999999999787e+00 4.682999999999999717e-05 2.842598380969221683e+00 0.000000000000000000e+00
6.927989897240180994e-01 4.129999999999999893e+00 3.591000000000000008e-05 4.129999999999999893e+00 3.591000000000000008e-05 2.842521850798380711e+00 0.000000000000000000e+00
6.943976163406123669e-01 4.125000000000000000e+00 2.650999999999999860e-05 4.125000000000000000e+00 2.650999999999999860e-05 2.842445865895919965e+00 0.000000000000000000e+00
6.959997305459811878e-01 4.120000000000000107e+00 1.858999999999999989e-05 4.120000000000000107e+00 1.858999999999999989e-05 2.842370239918063035e+00 0.000000000000000000e+00
6.975974793225678816e-01 4.115000000000000213e+00 1.211999999999999916e-05 4.115000000000000213e+00 1.211999999999999916e-05 2.842295338334281052e+00 0.000000000000000000e+00
6.991986375145919919e-01 4.110999999999999766e+00 7.065999999999999771e-06 4.110999999999999766e+00 7.065999999999999771e-06 2.842220791450111861e+00 0.000000000000000000e+00
7.007992403260266956e-01 4.105999999999999872e+00 3.390999999999999805e-06 4.105999999999999872e+00 3.390999999999999805e-06 2.842146780539342110e+00 0.000000000000000000e+00
7.023992295272356579e-01 4.102000000000000313e+00 1.064000000000000104e-06 4.102000000000000313e+00 1.064000000000000104e-06 2.842073303094833747e+00 0.000000000000000000e+00
7.039985463960843903e-01 4.097999999999999865e+00 5.183999999999999966e-08 4.097999999999999865e+00 5.183999999999999966e-08 2.842000356621830370e+00 0.000000000000000000e+00
7.055971317189767555e-01 4.094000000000000306e+00 0.000000000000000000e+00 4.094000000000000306e+00 0.000000000000000000e+00 2.841927938637956341e+00 0.000000000000000000e+00
7.071989595988981137e-01 4.089999999999999858e+00 0.000000000000000000e+00 4.089999999999999858e+00 0.000000000000000000e+00 2.841855865790460900e+00 0.000000000000000000e+00
7.087999725590410360e-01 4.086999999999999744e+00 0.000000000000000000e+00 4.086999999999999744e+00 0.000000000000000000e+00 2.841784317320595221e+00 0.000000000000000000e+00
7.104001100116315026e-01 4.083000000000000185e+00 0.000000000000000000e+00 4.083000000000000185e+00 0.000000000000000000e+00 2.841713290776936240e+00 0.000000000000000000e+00
7.119993108794900882e-01 4.080000000000000071e+00 0.000000000000000000e+00 4.080000000000000071e+00 0.000000000000000000e+00 2.841642783720441212e+00 0.000000000000000000e+00
7.135975135975136663e-01 4.075999999999999623e+00 0.000000000000000000e+00 4.075999999999999623e+00 0.000000000000000000e+00 2.841572793724448154e+00 0.000000000000000000e+00
7.151987816977780632e-01 4.073000000000000398e+00 0.000000000000000000e+00 4.073000000000000398e+00 0.000000000000000000e+00 2.841503139515171306e+00 0.000000000000000000e+00
7.167989639762039067e-01 4.070000000000000284e+00 0.000000000000000000e+00 4.070000000000000284e+00 0.000000000000000000e+00 2.841433998347754564e+00 0.000000000000000000e+00
7.183979974968711657e-01 4.065999999999999837e+00 0.000000000000000000e+00 4.065999999999999837e+00 0.000000000000000000e+00 2.841365367826488075e+00 0.000000000000000000e+00
7.200000000000000844e-01 4.062999999999999723e+00 0.000000000000000000e+00 4.062999999999999723e+00 0.000000000000000000e+00 2.841297067901234819e+00 0.000000000000000000e+00
7.216007635986917412e-01 4.059999999999999609e+00 0.000000000000000000e+00 4.059999999999999609e+00 0.000000000000000000e+00 2.841229274655076686e+00 0.000000000000000000e+00
7.232002239876808014e-01 4.057000000000000384e+00 0.000000000000000000e+00 4.057000000000000384e+00 0.000000000000000000e+00 2.841161985723257288e+00 0.000000000000000000e+00
7.247983163802175222e-01 4.054999999999999716e+00 0.000000000000000000e+00 4.054999999999999716e+00 0.000000000000000000e+00 2.841095198753400553e+00 0.000000000000000000e+00
7.263992313235646536e-01 4.051999999999999602e+00 0.000000000000000000e+00 4.051999999999999602e+00 0.000000000000000000e+00 2.841028735303856578e+00 0.000000000000000000e+00
7.279986847358902446e-01 4.049000000000000377e+00 0.000000000000000000e+00 4.049000000000000377e+00 0.000000000000000000e+00 2.840962769921442366e+00 0.000000000000000000e+00
7.296009038803299429e-01 4.046000000000000263e+00 0.000000000000000000e+00 4.046000000000000263e+00 0.000000000000000000e+00 2.840897124955855890e+00 0.000000000000000000e+00
7.311972541179384555e-01 4.043999999999999595e+00 0.000000000000000000e+00 4.043999999999999595e+00 0.000000000000000000e+00 2.840832149138587504e+00 0.000000000000000000e+00
7.328006052295615858e-01 4.041000000000000369e+00 0.000000000000000000e+00 4.041000000000000369e+00 0.000000000000000000e+00 2.840767315331576892e+00 0.000000000000000000e+00
7.343979528976923854e-01 4.038999999999999702e+00 0.000000000000000000e+00 4.038999999999999702e+00 0.000000000000000000e+00 2.840703146079560426e+00 0.000000000000000000e+00
7.359979104459892785e-01 4.035999999999999588e+00 0.000000000000000000e+00 4.035999999999999588e+00 0.000000000000000000e+00 2.840639290354385782e+00 0.000000000000000000e+00
7.376004664140257683e-01 4.033999999999999808e+00 0.000000000000000000e+00 4.033999999999999808e+00 0.000000000000000000e+00 2.840575747020103847e+00 0.000000000000000000e+00
7.391967948106458186e-01 4.030999999999999694e+00 0.000000000000000000e+00 4.030999999999999694e+00 0.000000000000000000e+00 2.840512861046466053e+00 0.000000000000000000e+00
7.408000477997191968e-01 4.028999999999999915e+00 0.000000000000000000e+00 4.028999999999999915e+00 0.000000000000000000e+00 2.840450111024685587e+00 0.000000000000000000e+00
7.423969342235261504e-01 4.027000000000000135e+00 0.000000000000000000e+00 4.027000000000000135e+00 0.000000000000000000e+00 2.840388013869273642e+00 0.000000000000000000e+00
7.440007200936121778e-01 4.025000000000000355e+00 0.000000000000000000e+00 4.025000000000000355e+00 0.000000000000000000e+00 2.840326050427866900e+00 0.000000000000000000e+00
7.455979986529395198e-01 4.022000000000000242e+00 0.000000000000000000e+00 4.022000000000000242e+00 0.000000000000000000e+00 2.840264735395694462e+00 0.000000000000000000e+00
7.471976472289854065e-01 4.019999999999999574e+00 0.000000000000000000e+00 4.019999999999999574e+00 0.000000000000000000e+00 2.840203723057053598e+00 0.000000000000000000e+00
7.487996521255971816e-01 4.017999999999999794e+00 0.000000000000000000e+00 4.017999999999999794e+00 0.000000000000000000e+00 2.840143012310042181e+00 0.000000000000000000e+00
7.503994577059023285e-01 4.016000000000000014e+00 0.000000000000000000e+00 4.016000000000000014e+00 0.000000000000000000e+00 2.840082772524184840e+00 0.000000000000000000e+00
7.519969916238559149e-01 4.014000000000000234e+00 0.000000000000000000e+00 4.014000000000000234e+00 0.000000000000000000e+00 2.840023001514248691e+00 0.000000000000000000e+00
7.535967615470178238e-01 4.011999999999999567e+00 0.000000000000000000e+00 4.011999999999999567e+00 0.000000000000000000e+00 2.839963527361269335e+00 0.000000000000000000e+00
7.551987525430337023e-01 4.009999999999999787e+00 0.000000000000000000e+00 4.009999999999999787e+00 0.000000000000000000e+00 2.839904348981915128e+00 0.000000000000000000e+00
7.567983299456134683e-01 4.008000000000000007e+00 0.000000000000000000e+00 4.008000000000000007e+00 0.000000000000000000e+00 2.839845634322937240e+00 0.000000000000000000e+00
7.584000587224203338e-01 4.006000000000000227e+00 0.000000000000000000e+00 4.006000000000000227e+00 0.000000000000000000e+00 2.839787212565209717e+00 0.000000000000000000e+00
7.599992644219275562e-01 4.003999999999999559e+00 0.000000000000000000e+00 4.003999999999999559e+00 0.000000000000000000e+00 2.839729250952865769e+00 0.000000000000000000e+00
7.616005503888350070e-01 4.003000000000000114e+00 0.000000000000000000e+00 4.003000000000000114e+00 0.000000000000000000e+00 2.839671579394159373e+00 0.000000000000000000e+00
7.631992022307990675e-01 4.001000000000000334e+00 0.000000000000000000e+00 4.001000000000000334e+00 0.000000000000000000e+00 2.839614364436796379e+00 0.000000000000000000e+00
7.647998618247765501e-01 3.999000000000000110e+00 0.000000000000000000e+00 3.999000000000000110e+00 0.000000000000000000e+00 2.839557436710219207e+00 0.000000000000000000e+00
7.663977746870653807e-01 3.996999999999999886e+00 0.000000000000000000e+00 3.996999999999999886e+00 0.000000000000000000e+00 2.839500962071898282e+00 0.000000000000000000e+00
7.679976213778665350e-01 3.995000000000000107e+00 0.000000000000000000e+00 3.995000000000000107e+00 0.000000000000000000e+00 2.839444771866273864e+00 0.000000000000000000e+00
7.695993842410399077e-01 3.994000000000000217e+00 0.000000000000000000e+00 3.994000000000000217e+00 0.000000000000000000e+00 2.839388865050253230e+00 0.000000000000000000e+00
7.711982484076433941e-01 3.991999999999999993e+00 0.000000000000000000e+00 3.991999999999999993e+00 0.000000000000000000e+00 2.839333406454720432e+00 0.000000000000000000e+00
7.727989528469474401e-01 3.990000000000000213e+00 0.000000000000000000e+00 3.990000000000000213e+00 0.000000000000000000e+00 2.839278228483717914e+00 0.000000000000000000e+00
7.743966421825814184e-01 3.988999999999999879e+00 0.000000000000000000e+00 3.988999999999999879e+00 0.000000000000000000e+00 2.839223495292337862e+00 0.000000000000000000e+00
7.760009513497273526e-01 3.987000000000000099e+00 0.000000000000000000e+00 3.987000000000000099e+00 0.000000000000000000e+00 2.839168875139847614e+00 0.000000000000000000e+00
7.775972906017750708e-01 3.986000000000000210e+00 0.000000000000000000e+00 3.986000000000000210e+00 0.000000000000000000e+00 2.839114861540806611e+00 0.000000000000000000e+00
7.792002111653689722e-01 3.983999999999999986e+00 0.000000000000000000e+00 3.983999999999999986e+00 0.000000000000000000e+00 2.839060958940897716e+00 0.000000000000000000e+00
7.807999193908975455e-01 3.983000000000000096e+00 0.000000000000000000e+00 3.983000000000000096e+00 0.000000000000000000e+00 2.839007495001338199e+00 0.000000000000000000e+00
7.823963348836034948e-01 3.980999999999999872e+00 0.000000000000000000e+00 3.980999999999999872e+00 0.000000000000000000e+00 2.838954467704037476e+00 0.000000000000000000e+00
7.839992917802243166e-01 3.979999999999999982e+00 0.000000000000000000e+00 3.979999999999999982e+00 0.000000000000000000e+00 2.838901548715080381e+00 0.000000000000000000e+00
7.855988746744730911e-01 3.978000000000000203e+00 0.000000000000000000e+00 3.978000000000000203e+00 0.000000000000000000e+00 2.838849063694101726e+00 0.000000000000000000e+00
7.872000000000000108e-01 3.976999999999999869e+00 0.000000000000000000e+00 3.976999999999999869e+00 0.000000000000000000e+00 2.838796848147597363e+00 0.000000000000000000e+00
7.887976282120612304e-01 3.975000000000000089e+00 0.000000000000000000e+00 3.975000000000000089e+00 0.000000000000000000e+00 2.838745063252014589e+00 0.000000000000000000e+00
7.903967156053371967e-01 3.974000000000000199e+00 0.000000000000000000e+00 3.974000000000000199e+00 0.000000000000000000e+00 2.838693545189642009e+00 0.000000000000000000e+00
7.919972404277336731e-01 3.972999999999999865e+00 0.000000000000000000e+00 3.972999999999999865e+00 0.000000000000000000e+00 2.838642292976195414e+00 0.000000000000000000e+00
7.935991806951290251e-01 3.971000000000000085e+00 0.000000000000000000e+00 3.971000000000000085e+00 0.000000000000000000e+00 2.838591305630487227e+00 0.000000000000000000e+00
7.951974139921496043e-01 3.970000000000000195e+00 0.000000000000000000e+00 3.970000000000000195e+00 0.000000000000000000e+00 2.838540743039283942e+00 0.000000000000000000e+00
7.967969769220388798e-01 3.968999999999999861e+00 0.000000000000000000e+00 3.968999999999999861e+00 0.000000000000000000e+00 2.838490442715824180e+00 0.000000000000000000e+00
7.983978466234359361e-01 3.967000000000000082e+00 0.000000000000000000e+00 3.967000000000000082e+00 0.000000000000000000e+00 2.838440403691300240e+00 0.000000000000000000e+00
8.000000000000000444e-01 3.966000000000000192e+00 0.000000000000000000e+00 3.966000000000000192e+00 0.000000000000000000e+00 2.838390625000000167e+00 0.000000000000000000e+00
8.015982310840429337e-01 3.964999999999999858e+00 0.000000000000000000e+00 3.964999999999999858e+00 0.000000000000000000e+00 2.838341265259646029e+00 0.000000000000000000e+00
8.031976574697304860e-01 3.963000000000000078e+00 0.000000000000000000e+00 3.963000000000000078e+00 0.000000000000000000e+00 2.838292163293790971e+00 0.000000000000000000e+00
8.047982551799346407e-01 3.962000000000000188e+00 0.000000000000000000e+00 3.962000000000000188e+00 0.000000000000000000e+00 2.838243318149102912e+00 0.000000000000000000e+00
8.064000000000000057e-01 3.960999999999999854e+00 0.000000000000000000e+00 3.960999999999999854e+00 0.000000000000000000e+00 2.838194728875346406e+00 0.000000000000000000e+00
8.079976017621836037e-01 3.959999999999999964e+00 0.000000000000000000e+00 3.959999999999999964e+00 0.000000000000000000e+00 2.838146552841834147e+00 0.000000000000000000e+00
8.095962597049815024e-01 3.959000000000000075e+00 0.000000000000000000e+00 3.959000000000000075e+00 0.000000000000000000e+00 2.838098630161797864e+00 0.000000000000000000e+00
8.112012562156504236e-01 3.956999999999999851e+00 0.000000000000000000e+00 3.956999999999999851e+00 0.000000000000000000e+00 2.838050802205134282e+00 0.000000000000000000e+00
8.127966435033433523e-01 3.955999999999999961e+00 0.000000000000000000e+00 3.955999999999999961e+00 0.000000000000000000e+00 2.838003541113828909e+00 0.000000000000000000e+00
8.143983184445612311e-01 3.955000000000000071e+00 0.000000000000000000e+00 3.955000000000000071e+00 0.000000000000000000e+00 2.837956372879471445e+00 0.000000000000000000e+00
8.160009477362925034e-01 3.954000000000000181e+00 0.000000000000000000e+00 3.954000000000000181e+00 0.000000000000000000e+00 2.837909454265741260e+00 0.000000000000000000e+00
8.175991137136978670e-01 3.952999999999999847e+00 0.000000000000000000e+00 3.952999999999999847e+00 0.000000000000000000e+00 2.837862940804414702e+00 0.000000000000000000e+00
8.191981393873721817e-01 3.951999999999999957e+00 0.000000000000000000e+00 3.951999999999999957e+00 0.000000000000000000e+00 2.837816674504037628e+00 0.000000000000000000e+00
8.207979980536633802e-01 3.951000000000000068e+00 0.000000000000000000e+00 3.951000000000000068e+00 0.000000000000000000e+00 2.837770654448422025e+00 0.000000000000000000e+00
8.223986627664020554e-01 3.948999999999999844e+00 0.000000000000000000e+00 3.948999999999999844e+00 0.000000000000000000e+00 2.837724879724473848e+00 0.000000000000000000e+00
8.240001063363151523e-01 3.947999999999999954e+00 0.000000000000000000e+00 3.947999999999999954e+00 0.000000000000000000e+00 2.837679349422195241e+00 0.000000000000000000e+00
8.255968037289829198e-01 3.947000000000000064e+00 0.000000000000000000e+00 3.947000000000000064e+00 0.000000000000000000e+00 2.837634217576302742e+00 0.000000000000000000e+00
8.271997011021857693e-01 3.946000000000000174e+00 0.000000000000000000e+00 3.946000000000000174e+00 0.000000000000000000e+00 2.837589173099512863e+00 0.000000000000000000e+00
8.287977539356262691e-01 3.944999999999999840e+00 0.000000000000000000e+00 3.944999999999999840e+00 0.000000000000000000e+00 2.837544524677209523e+00 0.000000000000000000e+00
8.303964315135928809e-01 3.943999999999999950e+00 0.000000000000000000e+00 3.943999999999999950e+00 0.000000000000000000e+00 2.837500116473250955e+00 0.000000000000000000e+00
8.320012884263081610e-01 3.943000000000000060e+00 0.000000000000000000e+00 3.943000000000000060e+00 0.000000000000000000e+00 2.837455793846255681e+00 0.000000000000000000e+00
8.336011510559189208e-01 3.942000000000000171e+00 0.000000000000000000e+00 3.942000000000000171e+00 0.000000000000000000e+00 2.837411863702881565e+00 0.000000000000000000e+00
8.351959258735323077e-01 3.940999999999999837e+00 0.000000000000000000e+00 3.940999999999999837e+00 0.000000000000000000e+00 2.837368324272655506e+00 0.000000000000000000e+00
8.367968143623663035e-01 3.939999999999999947e+00 0.000000000000000000e+00 3.939999999999999947e+00 0.000000000000000000e+00 2.837324868058763272e+00 0.000000000000000000e+00
8.383981823345640905e-01 3.939000000000000057e+00 0.000000000000000000e+00 3.939000000000000057e+00 0.000000000000000000e+00 2.837281647637034609e+00 0.000000000000000000e+00
8.400000000000000799e-01 3.938000000000000167e+00 0.000000000000000000e+00 3.938000000000000167e+00 0.000000000000000000e+00 2.837238662131519540e+00 0.000000000000000000e+00
8.415965245723594501e-01 3.936999999999999833e+00 0.000000000000000000e+00 3.936999999999999833e+00 0.000000000000000000e+00 2.837196062665352958e+00 0.000000000000000000e+00
8.431991294885746724e-01 3.935999999999999943e+00 0.000000000000000000e+00 3.935999999999999943e+00 0.000000000000000000e+00 2.837153544087905654e+00 0.000000000000000000e+00
8.447963369264523958e-01 3.935000000000000053e+00 0.000000000000000000e+00 3.935000000000000053e+00 0.000000000000000000e+00 2.837111409238700421e+00 0.000000000000000000e+00
8.463996067829935299e-01 3.935000000000000053e+00 0.000000000000000000e+00 3.935000000000000053e+00 0.000000000000000000e+00 2.837069354126788401e+00 0.000000000000000000e+00
8.479973736047274890e-01 3.934000000000000163e+00 0.000000000000000000e+00 3.934000000000000163e+00 0.000000000000000000e+00 2.837027680448520606e+00 0.000000000000000000e+00
8.496011841131486664e-01 3.932999999999999829e+00 0.000000000000000000e+00 3.932999999999999829e+00 0.000000000000000000e+00 2.836986085364373800e+00 0.000000000000000000e+00
8.511993848604264556e-01 3.931999999999999940e+00 0.000000000000000000e+00 3.931999999999999940e+00 0.000000000000000000e+00 2.836944869435780170e+00 0.000000000000000000e+00
8.527977439213123567e-01 3.931000000000000050e+00 0.000000000000000000e+00 3.931000000000000050e+00 0.000000000000000000e+00 2.836903880965955249e+00 0.000000000000000000e+00
8.543962291455624580e-01 3.930000000000000160e+00 0.000000000000000000e+00 3.930000000000000160e+00 0.000000000000000000e+00 2.836863119109901188e+00 0.000000000000000000e+00
8.560007180287350081e-01 3.928999999999999826e+00 0.000000000000000000e+00 3.928999999999999826e+00 0.000000000000000000e+00 2.836822433586385195e+00 0.000000000000000000e+00
8.575993802353168993e-01 3.927999999999999936e+00 0.000000000000000000e+00 3.927999999999999936e+00 0.000000000000000000e+00 2.836782122713829235e+00 0.000000000000000000e+00
8.591980707128107353e-01 3.927999999999999936e+00 0.000000000000000000e+00 3.927999999999999936e+00 0.000000000000000000e+00 2.836742035937588557e+00 0.000000000000000000e+00
8.607967563214241613e-01 3.927000000000000046e+00 0.000000000000000000e+00 3.927000000000000046e+00 0.000000000000000000e+00 2.836702172425046076e+00 0.000000000000000000e+00
8.624014022787029887e-01 3.926000000000000156e+00 0.000000000000000000e+00 3.926000000000000156e+00 0.000000000000000000e+00 2.836662383016474998e+00 0.000000000000000000e+00
8.639999999999999902e-01 3.924999999999999822e+00 0.000000000000000000e+00 3.924999999999999822e+00 0.000000000000000000e+00 2.836622963820301990e+00 0.000000000000000000e+00
8.655984919886898776e-01 3.923999999999999932e+00 0.000000000000000000e+00 3.923999999999999932e+00 0.000000000000000000e+00 2.836583765407514779e+00 0.000000000000000000e+00
8.671968441152401175e-01 3.923000000000000043e+00 0.000000000000000000e+00 3.923000000000000043e+00 0.000000000000000000e+00 2.836544786957877040e+00 0.000000000000000000e+00
8.688011099665748915e-01 3.923000000000000043e+00 0.000000000000000000e+00 3.923000000000000043e+00 0.000000000000000000e+00 2.836505880416659853e+00 0.000000000000000000e+00
8.703991014075608268e-01 3.922000000000000153e+00 0.000000000000000000e+00 3.922000000000000153e+00 0.000000000000000000e+00 2.836467339715309954e+00 0.000000000000000000e+00
8.719968491532099630e-01 3.920999999999999819e+00 0.000000000000000000e+00 3.920999999999999819e+00 0.000000000000000000e+00 2.836429016533939862e+00 0.000000000000000000e+00
8.736004734961916318e-01 3.919999999999999929e+00 0.000000000000000000e+00 3.919999999999999929e+00 0.000000000000000000e+00 2.836390763635994183e+00 0.000000000000000000e+00
8.751976507793088889e-01 3.919000000000000039e+00 0.000000000000000000e+00 3.919000000000000039e+00 0.000000000000000000e+00 2.836352873341335012e+00 0.000000000000000000e+00
8.768006789010289737e-01 3.919000000000000039e+00 0.000000000000000000e+00 3.919000000000000039e+00 0.000000000000000000e+00 2.836315052257086133e+00 0.000000000000000000e+00
8.783971434239238318e-01 3.918000000000000149e+00 0.000000000000000000e+00 3.918000000000000149e+00 0.000000000000000000e+00 2.836277591638350692e+00 0.000000000000000000e+00
8.799994321851644097e-01 3.916999999999999815e+00 0.000000000000000000e+00 3.916999999999999815e+00 0.000000000000000000e+00 2.836240199165265707e+00 0.000000000000000000e+00
8.816013083514061544e-01 3.915999999999999925e+00 0.000000000000000000e+00 3.915999999999999925e+00 0.000000000000000000e+00 2.836203019936614833e+00 0.000000000000000000e+00
8.831964439632143948e-01 3.915999999999999925e+00 0.000000000000000000e+00 3.915999999999999925e+00 0.000000000000000000e+00 2.836166197996737637e+00 0.000000000000000000e+00
8.847973623926865816e-01 3.915000000000000036e+00 0.000000000000000000e+00 3.915000000000000036e+00 0.000000000000000000e+00 2.836129442620847652e+00 0.000000000000000000e+00
8.863977579821840092e-01 3.914000000000000146e+00 0.000000000000000000e+00 3.914000000000000146e+00 0.000000000000000000e+00 2.836092898122570816e+00 0.000000000000000000e+00
8.879975935024566613e-01 3.914000000000000146e+00 0.000000000000000000e+00 3.914000000000000146e+00 0.000000000000000000e+00 2.836056563718813539e+00 0.000000000000000000e+00
8.895968314785717146e-01 3.912999999999999812e+00 0.000000000000000000e+00 3.912999999999999812e+00 0.000000000000000000e+00 2.836020438629577534e+00 0.000000000000000000e+00
8.911954341903809418e-01 3.911999999999999922e+00 0.000000000000000000e+00 3.911999999999999922e+00 0.000000000000000000e+00 2.835984522077958925e+00 0.000000000000000000e+00
8.927997926132885675e-01 3.911999999999999922e+00 0.000000000000000000e+00 3.911999999999999922e+00 0.000000000000000000e+00 2.835948670010332684e+00 0.000000000000000000e+00
8.943970336812794297e-01 3.911000000000000032e+00 0.000000000000000000e+00 3.911000000000000032e+00 0.000000000000000000e+00 2.835913168471494217e+00 0.000000000000000000e+00
8.960000000000000187e-01 3.910000000000000142e+00 0.000000000000000000e+00 3.910000000000000142e+00 0.000000000000000000e+00 2.835877730389030571e+00 0.000000000000000000e+00
8.975957257346394158e-01 3.908999999999999808e+00 0.000000000000000000e+00 3.908999999999999808e+00 0.000000000000000000e+00 2.835842640788375668e+00 0.000000000000000000e+00
8.991971454058876878e-01 3.908999999999999808e+00 0.000000000000000000e+00 3.908999999999999808e+00 0.000000000000000000e+00 2.835807613624732326e+00 0.000000000000000000e+00
9.007977448088464456e-01 3.907999999999999918e+00 0.000000000000000000e+00 3.907999999999999918e+00 0.000000000000000000e+00 2.835772790904747431e+00 0.000000000000000000e+00
9.023974846063147481e-01 3.907000000000000028e+00 0.000000000000000000e+00 3.907000000000000028e+00 0.000000000000000000e+00 2.835738171870088919e+00 0.000000000000000000e+00
9.039963252181901776e-01 3.907000000000000028e+00 0.000000000000000000e+00 3.907000000000000028e+00 0.000000000000000000e+00 2.835703755765520917e+00 0.000000000000000000e+00
9.056008414409676410e-01 3.906000000000000139e+00 0.000000000000000000e+00 3.906000000000000139e+00 0.000000000000000000e+00 2.835669400584396094e+00 0.000000000000000000e+00
9.071977873224699174e-01 3.906000000000000139e+00 0.000000000000000000e+00 3.906000000000000139e+00 0.000000000000000000e+00 2.835635388335329576e+00 0.000000000000000000e+00
9.088003752950317704e-01 3.904999999999999805e+00 0.000000000000000000e+00 3.904999999999999805e+00 0.000000000000000000e+00 2.835601436010978471e+00 0.000000000000000000e+00
9.103952653336957468e-01 3.903999999999999915e+00 0.000000000000000000e+00 3.903999999999999915e+00 0.000000000000000000e+00 2.835567824629483535e+00 0.000000000000000000e+00
9.119957630858858133e-01 3.903999999999999915e+00 0.000000000000000000e+00 3.903999999999999915e+00 0.000000000000000000e+00 2.835534272182230087e+00 0.000000000000000000e+00
9.136018981791923510e-01 3.903000000000000025e+00 0.000000000000000000e+00 3.903000000000000025e+00 0.000000000000000000e+00 2.835500778669217681e+00 0.000000000000000000e+00
9.152001889689382885e-01 3.902000000000000135e+00 0.000000000000000000e+00 3.902000000000000135e+00 0.000000000000000000e+00 2.835467623633193490e+00 0.000000000000000000e+00
9.167973024934189530e-01 3.902000000000000135e+00 0.000000000000000000e+00 3.902000000000000135e+00 0.000000000000000000e+00 2.835434666077588428e+00 0.000000000000000000e+00
9.183999999999999941e-01 3.900999999999999801e+00 0.000000000000000000e+00 3.900999999999999801e+00 0.000000000000000000e+00 2.835401765985989808e+00 0.000000000000000000e+00
9.200014840648537140e-01 3.900999999999999801e+00 0.000000000000000000e+00 3.900999999999999801e+00 0.000000000000000000e+00 2.835369062400844076e+00 0.000000000000000000e+00
9.216017126164230966e-01 3.899999999999999911e+00 0.000000000000000000e+00 3.899999999999999911e+00 0.000000000000000000e+00 2.835336554594771297e+00 0.000000000000000000e+00
9.232006433453959771e-01 3.899000000000000021e+00 0.000000000000000000e+00 3.899000000000000021e+00 0.000000000000000000e+00 2.835304241843487727e+00 0.000000000000000000e+00
9.247982337057867319e-01 3.899000000000000021e+00 0.000000000000000000e+00 3.899000000000000021e+00 0.000000000000000000e+00 2.835272123425804480e+00 0.000000000000000000e+00
9.264013628823766222e-01 3.898000000000000131e+00 0.000000000000000000e+00 3.898000000000000131e+00 0.000000000000000000e+00 2.835240060540703322e+00 0.000000000000000000e+00
9.279961677794079655e-01 3.898000000000000131e+00 0.000000000000000000e+00 3.898000000000000131e+00 0.000000000000000000e+00 2.835208328876335226e+00 0.000000000000000000e+00
9.295964730757119154e-01 3.896999999999999797e+00 0.000000000000000000e+00 3.896999999999999797e+00 0.000000000000000000e+00 2.835176651791218028e+00 0.000000000000000000e+00
9.311953133801493809e-01 3.896999999999999797e+00 0.000000000000000000e+00 3.896999999999999797e+00 0.000000000000000000e+00 2.835145166656372506e+00 0.000000000000000000e+00
9.327996629450180377e-01 3.895999999999999908e+00 0.000000000000000000e+00 3.895999999999999908e+00 0.000000000000000000e+00 2.835113735627206921e+00 0.000000000000000000e+00
9.343954660898795561e-01 3.895000000000000018e+00 0.000000000000000000e+00 3.895000000000000018e+00 0.000000000000000000e+00 2.835082632503782119e+00 0.000000000000000000e+00
9.359967386873218054e-01 3.895000000000000018e+00 0.000000000000000000e+00 3.895000000000000018e+00 0.000000000000000000e+00 2.835051582545086823e+00 0.000000000000000000e+00
9.375964185244562987e-01 3.894000000000000128e+00 0.000000000000000000e+00 3.894000000000000128e+00 0.000000000000000000e+00 2.835020722184287578e+00 0.000000000000000000e+00
9.392015756382092739e-01 3.894000000000000128e+00 0.000000000000000000e+00 3.894000000000000128e+00 0.000000000000000000e+00 2.834989914520837928e+00 0.000000000000000000e+00
9.407979603296252602e-01 3.892999999999999794e+00 0.000000000000000000e+00 3.892999999999999794e+00 0.000000000000000000e+00 2.834959431491468784e+00 0.000000000000000000e+00
9.423997810918046669e-01 3.892999999999999794e+00 0.000000000000000000e+00 3.892999999999999794e+00 0.000000000000000000e+00 2.834929000230880014e+00 0.000000000000000000e+00
9.439998781778451420e-01 3.891999999999999904e+00 0.000000000000000000e+00 3.891999999999999904e+00 0.000000000000000000e+00 2.834898756246763352e+00 0.000000000000000000e+00
9.455982061822647555e-01 3.891999999999999904e+00 0.000000000000000000e+00 3.891999999999999904e+00 0.000000000000000000e+00 2.834868698848882484e+00 0.000000000000000000e+00
9.472019557660720235e-01 3.891000000000000014e+00 0.000000000000000000e+00 3.891000000000000014e+00 0.000000000000000000e+00 2.834838692299466167e+00 0.000000000000000000e+00
9.487966328678016925e-01 3.891000000000000014e+00 0.000000000000000000e+00 3.891000000000000014e+00 0.000000000000000000e+00 2.834809006242710705e+00 0.000000000000000000e+00
9.503966885132805187e-01 3.890000000000000124e+00 0.000000000000000000e+00 3.890000000000000124e+00 0.000000000000000000e+00 2.834779370122358255e+00 0.000000000000000000e+00
9.520021499596883485e-01 3.890000000000000124e+00 0.000000000000000000e+00 3.890000000000000124e+00 0.000000000000000000e+00 2.834749783938408818e+00 0.000000000000000000e+00
9.535983755970373066e-01 3.888999999999999790e+00 0.000000000000000000e+00 3.888999999999999790e+00 0.000000000000000000e+00 2.834720515977283917e+00 0.000000000000000000e+00
9.551999630197459679e-01 3.888999999999999790e+00 0.000000000000000000e+00 3.888999999999999790e+00 0.000000000000000000e+00 2.834691297048754333e+00 0.000000000000000000e+00
9.567995554938185654e-01 3.887999999999999901e+00 0.000000000000000000e+00 3.887999999999999901e+00 0.000000000000000000e+00 2.834662260847738313e+00 0.000000000000000000e+00
9.583971058856268765e-01 3.887999999999999901e+00 0.000000000000000000e+00 3.887999999999999901e+00 0.000000000000000000e+00 2.834633406702570468e+00 0.000000000000000000e+00
9.599999999999999645e-01 3.887000000000000011e+00 0.000000000000000000e+00 3.887000000000000011e+00 0.000000000000000000e+00 2.834604600694444532e+00 0.000000000000000000e+00
9.616008066079808625e-01 3.887000000000000011e+00 0.000000000000000000e+00 3.887000000000000011e+00 0.000000000000000000e+00 2.834575975850739837e+00 0.000000000000000000e+00
9.631994779406625184e-01 3.886000000000000121e+00 0.000000000000000000e+00 3.886000000000000121e+00 0.000000000000000000e+00 2.834547531505982043e+00 0.000000000000000000e+00
9.647959660098982537e-01 3.886000000000000121e+00 0.000000000000000000e+00 3.886000000000000121e+00 0.000000000000000000e+00 2.834519266997791220e+00 0.000000000000000000e+00
9.663977551736232519e-01 3.884999999999999787e+00 0.000000000000000000e+00 3.884999999999999787e+00 0.000000000000000000e+00 2.834491049298787591e+00 0.000000000000000000e+00
9.679973142415466691e-01 3.884999999999999787e+00 0.000000000000000000e+00 3.884999999999999787e+00 0.000000000000000000e+00 2.834463010557305651e+00 0.000000000000000000e+00
9.696021771942034961e-01 3.883999999999999897e+00 0.000000000000000000e+00 3.883999999999999897e+00 0.000000000000000000e+00 2.834435018186519883e+00 0.000000000000000000e+00
9.711971549651029489e-01 3.883999999999999897e+00 0.000000000000000000e+00 3.883999999999999897e+00 0.000000000000000000e+00 2.834407335611274448e+00 0.000000000000000000e+00
9.727973888004016745e-01 3.883000000000000007e+00 0.000000000000000000e+00 3.883000000000000007e+00 0.000000000000000000e+00 2.834379698535933745e+00 0.000000000000000000e+00
9.743952468524543775e-01 3.883000000000000007e+00 0.000000000000000000e+00 3.883000000000000007e+00 0.000000000000000000e+00 2.834352238241134803e+00 0.000000000000000000e+00
9.759983626301826920e-01 3.883000000000000007e+00 0.000000000000000000e+00 3.883000000000000007e+00 0.000000000000000000e+00 2.834324823013939731e+00 0.000000000000000000e+00
9.775990538143110031e-01 3.882000000000000117e+00 0.000000000000000000e+00 3.882000000000000117e+00 0.000000000000000000e+00 2.834297583704748380e+00 0.000000000000000000e+00
9.791972705302562918e-01 3.882000000000000117e+00 0.000000000000000000e+00 3.882000000000000117e+00 0.000000000000000000e+00 2.834270519669752630e+00 0.000000000000000000e+00
9.808007214562023401e-01 3.880999999999999783e+00 0.000000000000000000e+00 3.880999999999999783e+00 0.000000000000000000e+00 2.834243499843950076e+00 0.000000000000000000e+00
9.824016481121985445e-01 3.880999999999999783e+00 0.000000000000000000e+00 3.880999999999999783e+00 0.000000000000000000e+00 2.834216654438059368e+00 0.000000000000000000e+00
9.839999999999999858e-01 3.879999999999999893e+00 0.000000000000000000e+00 3.879999999999999893e+00 0.000000000000000000e+00 2.834189982814462549e+00 0.000000000000000000e+00
9.855957264141944618e-01 3.879999999999999893e+00 0.000000000000000000e+00 3.879999999999999893e+00 0.000000000000000000e+00 2.834163484338636962e+00 0.000000000000000000e+00
9.871966367284541466e-01 3.879000000000000004e+00 0.000000000000000000e+00 3.879000000000000004e+00 0.000000000000000000e+00 2.834137028799864844e+00 0.000000000000000000e+00
9.887948703634290570e-01 3.879000000000000004e+00 0.000000000000000000e+00 3.879000000000000004e+00 0.000000000000000000e+00 2.834110745566960965e+00 0.000000000000000000e+00
9.903982873484256100e-01 3.879000000000000004e+00 0.000000000000000000e+00 3.879000000000000004e+00 0.000000000000000000e+00 2.834084504851190012e+00 0.000000000000000000e+00
9.919989758689111703e-01 3.878000000000000114e+00 0.000000000000000000e+00 3.878000000000000114e+00 0.000000000000000000e+00 2.834058435603511672e+00 0.000000000000000000e+00
9.935968841909554872e-01 3.878000000000000114e+00 0.000000000000000000e+00 3.878000000000000114e+00 0.000000000000000000e+00 2.834032537198689194e+00 0.000000000000000000e+00
9.951999486282128160e-01 3.876999999999999780e+00 0.000000000000000000e+00 3.876999999999999780e+00 0.000000000000000000e+00 2.834006680477350937e+00 0.000000000000000000e+00
9.968001800903669718e-01 3.876999999999999780e+00 0.000000000000000000e+00 3.876999999999999780e+00 0.000000000000000000e+00 2.833980993769345869e+00 0.000000000000000000e+00
9.983975262314488397e-01 3.876999999999999780e+00 0.000000000000000000e+00 3.876999999999999780e+00 0.000000000000000000e+00 2.833955476455628730e+00 0.000000000000000000e+00
1.000000000000000000e+00 3.875999999999999890e+00 0.000000000000000000e+00 3.875999999999999890e+00 0.000000000000000000e+00 2.833930000000000060e+00 0.000000000000000000e+00
