0.3599989547068679	2.986867498046654
0.36159905738792625	2.98654193712631
0.3631996156617823	2.986220578704579
0.3647993785841015	2.985903597427064
0.3663992198235738	2.9855907438514193
0.36799895522299464	2.9852819819991203
0.3695994991876705	2.984977067671426
0.3711995784544728	2.984676175852738
0.37279899932646976	2.9843792714858153
0.3743998260627986	2.9840859081046056
0.37599963608242737	2.983796466507327
0.37759937627151685	2.983510708416439
0.3791988695968657	2.983228602567999
0.3807991056208902	2.982949915564407
0.3823999309123883	2.9826746192188796
0.38400000000000006	2.9824028862847225
0.3855991242038217	2.9821346865274423
0.38719953030383475	2.9818695918674845
0.388799864529664	2.9816077757562662
0.3903999596954488	2.9813492111558104
0.39199964589011216	2.981093871253798
0.3936	2.980841533643995
0.39519961749940236	2.980592369369554
0.3967995903475645	2.980346158034031
0.3983997686412493	2.980102876045868
0.4	2.9798625000000003
0.40159882873486524	2.9796251985965863
0.4032	2.979390373047367
0.4047994514912582	2.9791585762629467
0.4063996538601477	2.978929404013313
0.40799913124459086	2.9787030249644335
0.4095990696936861	2.9784792286407527
0.411199331383201	2.9782579951190598
0.41279977626028386	2.9780393046272033
0.41439887696781313	2.977823323534783
0.4159992484205088	2.9776096596748736
0.41759936947830395	2.9773984804403084
0.41919909116728205	2.9771897666631784
0.42079969046867527	2.976983316164448
0.42239960752649713	2.976779294627416
0.42399868680236374	2.976577683320571
0.42559969243021323	2.976378101469941
0.4271995865276941	2.9761808955500446
0.42879969011765845	2.9759858675039976
0.43039987225194143	2.9757930011739133
0.432	2.975602280521262
0.43359993844884087	2.9754136896268704
0.4351995507037804	2.9752272126909207
0.4367986978900605	2.9750428340329527
0.438398789297446	2.974860362282533
0.4399997160925822	2.974679783915077
0.441599794843301	2.974501260031713
0.443198878991092	2.974324775399568
0.44480001148019127	2.9741499683460604
0.4463998963066443	2.9739771729177145
0.448	2.9738062021683676
0.44959857270294384	2.973637214577035
0.4511987423031574	2.973469853818555
0.4527987670597516	2.973304279167032
0.4543985222812284	2.9731404779464317
0.4559995586531566	2.972978268548687
0.45760009448446914	2.9728178086857
0.4592	2.972659085942527
0.46079914369497105	2.972502087995611
0.46239911685289337	2.9723466359286226
0.46399982036398746	2.9721927193239766
0.46559940515755444	2.9720404933690596
0.46719949355068446	2.9718897811082217
0.4687999818505621	2.971740572336482
0.47039898016481263	2.971593020764811
0.47199993908892257	2.971446788069123
0.4735991688025944	2.9713021913958064
0.4752001655749706	2.9711588947768224
0.47679918779851865	2.9710172132859833
0.4783997777469093	2.97087681328146
0.48	2.9707378472222223
0.48159973897033126	2.9706003054403944
0.4831988775868116	2.970464178335237
0.48479919293978724	2.9703292973906
0.48639869440020084	2.970195813167562
0.48799918131509135	2.970063558315563
0.48959863526512815	2.969932682462587
0.4911988780203716	2.969803019409989
0.4927998219332171	2.969674561464869
0.49439940664415005	2.969547456875774
0.4959994879344556	2.96942154114178
0.4975999743141064	2.969296806719184
0.4991987631157244	2.969173400506932
0.5007997673404101	2.969051005768925
0.5023988589211619	2.968929923406633
0.504	2.9688098387503152
0.5055990082455897	2.968691050834011
0.5071998952742506	2.968573247029473
0.5087984241628366	2.9684567245281746
0.5103986563256434	2.9683411727184947
0.511998414251911	2.9682267364373742
0.5135997216261672	2.9681132585398546
0.5151982314785188	2.9680010325956867
0.516800260100789	2.9678896028075656
0.5183992774922962	2.9677794110323292
0.5199994967097399	2.9676701525478544
0.5215986537652504	2.9675619696292683
0.5231988454380878	2.9674547081459863
0.5248	2.9673483626747474
0.5263998097923	2.9672430742399216
0.5279981602851558	2.9671388361463547
0.5295994600805608	2.96703535067728
0.5311991225514558	2.96693290404959
0.5320996184696728	2.966875639928336
0.5327993193040056	2.9668313450295822
0.5343999724145067	2.9667306683879504
0.5359986857691277	2.9666310127209043
0.5376000000000001	2.966532084839144
0.5391991858781165	2.9664341667715157
0.5407984785899042	2.96633710961985
0.5424001679907605	2.9662407662122963
0.5439994383797256	2.966145416122189
0.5455985636584464	2.966050911817122
0.5471998728920157	2.9659571074611657
0.548798463166002	2.9658642802169033
0.5503990908364483	2.965772143861226
0.5519992520335338	2.9656808343458514
0.5535988569387391	2.965590346799543
0.5552003009215722	2.9655005375577903
0.5567985341734293	2.965411679853735
0.5583984506947104	2.965323491653559
0.56	2.9652359693877552
0.561598043212393	2.9651493839850165
0.5632001162885774	2.9650633190151687
0.5647984912467713	2.964978181523981
0.5663982019104702	2.9648936935444574
0.5679991937035578	2.9648098516078
0.5695987944999059	2.96472678757528
0.5711995356101337	2.9646443619393494
0.5727987138085404	2.96456270584452
0.5743988881167478	2.9644816805870358
0.5760000000000001	2.9644012827932102
0.5775992993375386	2.9643216425451566
0.5791993870905956	2.9642426223258465
0.5808002023694084	2.964164218817542
0.5823989477887123	2.964086561058609
0.583998266620192	2.9640095127000956
0.5855980956159492	2.963933070480213
0.5871983707878472	2.9638572311539555
0.588799027406433	2.963781991493103
0.5904	2.96370734828622
0.5919983956683046	2.9636334285320434
0.593599785510466	2.963559968314698
0.5951984330819415	2.963487224512998
0.5967999691934459	2.9634149346483203
0.5983985945471131	2.963343354236826
0.6000000000000001	2.9632722222222223
0.6015983230708766	2.9632017927729373
0.6031993149885183	2.9631318062400904
0.6048000000000001	2.963062388021052
0.6064003051956627	2.9629935350722323
0.6080001569235145	2.962925244366824
0.6095994807902216	2.962857512894806
0.6111982016622793	2.9627903376629403
0.6127992724540836	2.9627235899200635
0.6143996194195157	2.9626573931358138
0.6159991653127842	2.9625917443617134
0.6175978321511119	2.9625266406660677
0.6191986335918654	2.9624619546591227
0.620798429778136	2.9623978085585176
0.6224002650562492	2.96233407564277
0.6239978257915477	2.9622710010278634
0.6256004521051144	2.9622082113041834
0.6271986402197502	2.962146074180206
0.6287986367509231	2.9620843407391906
0.6304004067624254	2.9620230091050006
0.631997471683879	2.9619623213152173
0.6335994112897457	2.961901908723296
0.6351997294929531	2.961842013080859
0.6367983400017463	2.9617826316296525
0.6383984429306271	2.961723640896928
0.64	2.9616650390625003
0.641599652249511	2.96160694444192
0.6432006474338688	2.9615492345029946
0.6447995922676473	2.9614920269837643
0.646399766431882	2.9614351999730624
0.6479977421681458	2.9613788706376347
0.6496002347245654	2.961322799031748
0.6512004117798449	2.961267220988931
0.6527981803535042	2.9612121338852053
0.6544003546885392	2.9611572995546176
0.6560000000000001	2.961102952111838
0.6576005091757717	2.9610489717661443
0.6591983326510105	2.9609954737229796
0.6608004178503094	2.9609422221481947
0.6623996922649514	2.960889448902984
0.6639996144020822	2.9608370353765125
0.6656001374319551	2.9607849798866
0.6671976236089288	2.9607333962779028
0.6687991887066236	2.960682051567772
0.6703975862572389	2.9606311748616343
0.6720000000000002	2.960580534297052
0.6735991133422434	2.9605303578940547
0.6751985013015586	2.960480529050975
0.6767981134547361	2.96043104614158
0.6783978988837821	2.9603819075470983
0.6799978061756157	2.960333111656216
0.6815977834218425	2.9602846568650807
0.6831977782186075	2.9602365415772995
0.6847977376665267	2.960188764203938
0.6863976083707025	2.9601413231635236
0.6879973364408191	2.9600942168820414
0.689600703038528	2.960047332025831
0.6912	2.960000890828618
0.6927989897240181	2.9599547797118113
0.6943976163406124	2.9599089971312367
0.6959997305459812	2.9598634308106564
0.6975974793225679	2.9598183009534926
0.699198637514592	2.959773384810673
0.7007992403260267	2.9597287916036543
0.7023992295272357	2.9596845198218307
0.7039985463960844	2.9596405679620563
0.7055971317189768	2.959596934528645
0.7071989595988981	2.9595535090475185
0.708799972559041	2.9595103995154863
0.7104001100116315	2.959467604455511
0.7119993108794901	2.959425122398016
0.7135975135975137	2.9593829518808845
0.7151987816977781	2.9593409836826594
0.7167989639762039	2.9592993246034767
0.7183979974968712	2.959257973199869
0.7200000000000001	2.9592168209876544
0.7216007635986917	2.9591759740607766
0.7232002239876808	2.9591354309944164
0.7247983163802175	2.9590951903712166
0.7263992313235647	2.9590551446761446
0.7279986847358902	2.95901539907751
0.7296009038803299	2.9589758465370846
0.7311972541179385	2.958936697173288
0.7328006052295616	2.9588976333738053
0.7343979528976924	2.958858969983372
0.7359979104459893	2.95882049549978
0.7376004664140258	2.9587822092385947
0.7391967948106458	2.9587443190517044
0.7408000477997192	2.9587065107788084
0.7423969342235262	2.9586690958723065
0.7440007200936122	2.9586317615314437
0.7455979986529395	2.958594817871454
0.7471976472289854	2.958558056590997
0.7487996521255972	2.9585214770261516
0.7503994577059023	2.9584851812257953
0.7519969916238559	2.9584491678732765
0.7535967615470178	2.958413333383625
0.7551987525430337	2.95837767710411
0.7567983299456135	2.958342300226355
0.7584000587224203	2.958307099828067
0.7599992644219276	2.9582721766775277
0.761600550388835	2.9582374282907056
0.7631992022307991	2.958202955016269
0.7647998618247766	2.95816865480472
0.7663977746870654	2.958134627588844
0.7679976213778665	2.9581007717499443
0.7695993842410399	2.958067086659535
0.7711982484076434	2.9580336716318607
0.7727989528469474	2.958000425686659
0.7743966421825814	2.957967447730995
0.7760009513497274	2.957934537883757
0.7775972906017751	2.9579019934983575
0.779200211165369	2.9578695159923845
0.7807999193908975	2.9578373027889526
0.7823963348836035	2.9578053526721173
0.7839992917802243	2.9577734678134497
0.7855988746744731	2.9577418444300654
0.7872	2.957710383410999
0.7887976282120612	2.9576791818686163
0.7903967156053372	2.9576481410991313
0.7919972404277337	2.957617260509491
0.793599180695129	2.957586539508508
0.7951974139921496	2.957556074431488
0.7967969769220389	2.957525767376571
0.7983978466234359	2.9574956177600296
0.8	2.957465625
0.8015982310840429	2.9574358846671616
0.8031976574697305	2.9574062996491466
0.8047982551799346	2.957376869371553
0.8064	2.957347593261842
0.8079976017621836	2.9573185661384973
0.8095962597049815	2.9572896916662135
0.8112012562156504	2.9572608742668516
0.8127966435033434	2.957232398416378
0.8143983184445612	2.9572039785142645
0.8160009477362925	2.9571757090140873
0.8175991137136979	2.9571476836271744
0.8191981393873722	2.9571198071601885
0.8207979980536634	2.9570920790611046
0.822398662766402	2.957064498779765
0.8240001063363152	2.9570370657678753
0.8255968037289829	2.9570098728347514
0.8271997011021858	2.9569827325434392
0.8287977539356263	2.956955830883696
0.8303964315135929	2.9569290739608065
0.8320012884263082	2.9569023685999256
0.8336011510559189	2.9568758997190883
0.8351959258735323	2.9568496662515447
0.8367968143623663	2.956823482923679
0.8383981823345641	2.9567974416657945
0.8400000000000001	2.9567715419501135
0.8415965245723595	2.9567458748316593
0.8431991294885747	2.956720256450443
0.8447963369264524	2.9566948692739614
0.8463996067829935	2.956669530140958
0.8479973736047275	2.956644420830143
0.8496011841131487	2.95661935887402
0.8511993848604265	2.9565945253674855
0.8527977439213124	2.9565698289098785
0.8543962291455625	2.9565452689920693
0.856000718028735	2.9565207550662986
0.8575993802353169	2.9564964668759997
0.8591980707128107	2.9564723137086757
0.8607967563214242	2.956448295062657
0.862401402278703	2.9564243210659167
0.864	2.9564005701303158
0.8655984919886899	2.956376952221577
0.8671968441152401	2.9563534668454903
0.8688011099665749	2.9563300247958133
0.8703991014075608	2.95630680317273
0.87199684915321	2.9562837126102353
0.8736004734961916	2.9562606643950544
0.8751976507793089	2.9562378346563554
0.876800678901029	2.956215046618456
0.8783971434239238	2.9561924757689835
0.8799994321851644	2.9561699459787696
0.8816013083514062	2.956147544673032
0.8831964439632144	2.9561253586416663
0.8847973623926866	2.956103212716571
0.886397757982184	2.9560811938498923
0.8879975935024567	2.9560593015697973
0.8895968314785717	2.9560375354063204
0.8911954341903809	2.9560158948913604
0.8927997926132886	2.9559942932294287
0.8943970336812794	2.9559729027688273
0.896	2.955951550542092
0.8975957257346394	2.955930408283337
0.8991971454058877	2.9559093036442587
0.9007977448088464	2.955888322186997
0.9023974846063147	2.955867463454639
0.9039963252181902	2.9558467269921387
0.9056008414409676	2.9558260272373573
0.9071977873224699	2.9558055341067093
0.9088003752950318	2.955785077082025
0.9103952653336957	2.9557648254829347
0.9119957630858858	2.955744609393026
0.9136018981791924	2.955724428812298
0.9152001889689383	2.955704452171425
0.916797302493419	2.9556845945168626
0.9184	2.955664771485632
0.9200014840648537	2.955645066853876
0.9216017126164231	2.9556254801833317
0.923200643345396	2.9556060110376023
0.9247982337057867	2.955586658982156
0.9264013628823766	2.9555673403863154
0.927996167779408	2.9555482213582764
0.9295964730757119	2.95552913521544
0.9311953133801494	2.9555101647268787
0.932799662945018	2.9554912268381837
0.9343954660898796	2.9554724865199336
0.9359967386873218	2.955453778234606
0.9375964185244563	2.955435184186195
0.9392015756382093	2.9554166218891003
0.9407979603296253	2.955398255191203
0.9423997810918047	2.9553799196851385
0.9439998781778451	2.9553616970172807
0.9455982061822648	2.955343586771748
0.947201955766072	2.955325507163537
0.9487966328678017	2.955307620659227
0.9503966885132805	2.955289764242702
0.9520021499596883	2.955271937913962
0.9535983755970373	2.955254303321496
0.955199963019746	2.955236698272251
0.9567995554938186	2.955219203320365
0.9583971058856269	2.9552018180611452
0.96	2.9551844618055556
0.9616008066079809	2.955167214705528
0.9631994779406625	2.955150076360099
0.9647959660098983	2.95513304637017
0.9663977551736233	2.9551160445838094
0.9679973142415467	2.9550991506233046
0.9696021771942035	2.955082284602168
0.971197154965103	2.9550656052396813
0.9727973888004017	2.955048953291891
0.9743952468524544	2.955032407858278
0.9759983626301827	2.955015889578891
0.977599053814311	2.9549994772939834
0.9791972705302563	2.954983170615647
0.9808007214562023	2.9549668905743247
0.9824016481121985	2.9549507156248485
0.984	2.954934645383039
0.9855957264141945	2.9549186794665836
0.9871966367284541	2.95490273942065
0.9887948703634291	2.9548869031928047
0.9903982873484256	2.95487109258247
0.9919989758689112	2.954855385285445
0.9935968841909555	2.954839780925011
0.9951999486282128	2.954824201679796
0.996800180090367	2.9548087248713664
0.9983975262314488	2.9547933501267334
1.	2.954778