3.599989547068678797e-01 3.394000000000000128e+00 2.390000000000000124e+00 3.394000000000000128e+00 2.390000000000000124e+00 2.986867498046653857e+00 0.000000000000000000e+00
3.615990573879262482e-01 3.415000000000000036e+00 2.379000000000000004e+00 3.415000000000000036e+00 2.379000000000000004e+00 2.986541937126310220e+00 0.000000000000000000e+00
3.631996156617823268e-01 3.435000000000000053e+00 2.366999999999999993e+00 3.435000000000000053e+00 2.366999999999999993e+00 2.986220578704578799e+00 0.000000000000000000e+00
3.647993785841014969e-01 3.455000000000000071e+00 2.355999999999999872e+00 3.455000000000000071e+00 2.355999999999999872e+00 2.985903597427063794e+00 0.000000000000000000e+00
3.663992198235738185e-01 3.474000000000000199e+00 2.343999999999999861e+00 3.474000000000000199e+00 2.343999999999999861e+00 2.985590743851419315e+00 0.000000000000000000e+00
3.679989552229946392e-01 3.491999999999999993e+00 2.331999999999999851e+00 3.491999999999999993e+00 2.331999999999999851e+00 2.985281981999120315e+00 0.000000000000000000e+00
3.695994991876704883e-01 3.509999999999999787e+00 2.319999999999999840e+00 3.509999999999999787e+00 2.319999999999999840e+00 2.984977067671426010e+00 0.000000000000000000e+00
3.711995784544728227e-01 3.527000000000000135e+00 2.307999999999999829e+00 3.527000000000000135e+00 2.307999999999999829e+00 2.984676175852738034e+00 0.000000000000000000e+00
3.727989993264697599e-01 3.543000000000000149e+00 2.295999999999999819e+00 3.543000000000000149e+00 2.295999999999999819e+00 2.984379271485815277e+00 0.000000000000000000e+00
3.743998260627985908e-01 3.559000000000000163e+00 2.283999999999999808e+00 3.559000000000000163e+00 2.283999999999999808e+00 2.984085908104605611e+00 0.000000000000000000e+00
3.759996360824273687e-01 3.573999999999999844e+00 2.271999999999999797e+00 3.573999999999999844e+00 2.271999999999999797e+00 2.983796466507326883e+00 0.000000000000000000e+00
3.775993762715168511e-01 3.588000000000000078e+00 2.259999999999999787e+00 3.588000000000000078e+00 2.259999999999999787e+00 2.983510708416439172e+00 0.000000000000000000e+00
3.791988695968657175e-01 3.601999999999999869e+00 2.249000000000000110e+00 3.601999999999999869e+00 2.249000000000000110e+00 2.983228602567999044e+00 0.000000000000000000e+00
3.807991056208901992e-01 3.615000000000000213e+00 2.237999999999999989e+00 3.615000000000000213e+00 2.237999999999999989e+00 2.982949915564407029e+00 0.000000000000000000e+00
3.823999309123882751e-01 3.628000000000000114e+00 2.225999999999999979e+00 3.628000000000000114e+00 2.225999999999999979e+00 2.982674619218879553e+00 0.000000000000000000e+00
3.840000000000000635e-01 3.640000000000000124e+00 2.216000000000000192e+00 3.640000000000000124e+00 2.216000000000000192e+00 2.982402886284722499e+00 0.000000000000000000e+00
3.855991242038216971e-01 3.652000000000000135e+00 2.205000000000000071e+00 3.652000000000000135e+00 2.205000000000000071e+00 2.982134686527442291e+00 0.000000000000000000e+00
3.871995303038347491e-01 3.662999999999999812e+00 2.194999999999999840e+00 3.662999999999999812e+00 2.194999999999999840e+00 2.981869591867484459e+00 0.000000000000000000e+00
3.887998645296639744e-01 3.673999999999999932e+00 2.185000000000000053e+00 3.673999999999999932e+00 2.185000000000000053e+00 2.981607775756266232e+00 0.000000000000000000e+00
3.903999596954487727e-01 3.684000000000000163e+00 2.174999999999999822e+00 3.684000000000000163e+00 2.174999999999999822e+00 2.981349211155810419e+00 0.000000000000000000e+00
3.919996458901121583e-01 3.693999999999999950e+00 2.165999999999999925e+00 3.693999999999999950e+00 2.165999999999999925e+00 2.981093871253797989e+00 0.000000000000000000e+00
3.936000000000000054e-01 3.704000000000000181e+00 2.157000000000000028e+00 3.704000000000000181e+00 2.157000000000000028e+00 2.980841533643995067e+00 0.000000000000000000e+00
3.951996174994023558e-01 3.713999999999999968e+00 2.149000000000000021e+00 3.713999999999999968e+00 2.149000000000000021e+00 2.980592369369554184e+00 0.000000000000000000e+00
3.967995903475645125e-01 3.722999999999999865e+00 2.141000000000000014e+00 3.722999999999999865e+00 2.141000000000000014e+00 2.980346158034031134e+00 0.000000000000000000e+00
3.983997686412493189e-01 3.732000000000000206e+00 2.133000000000000007e+00 3.732000000000000206e+00 2.133000000000000007e+00 2.980102876045867877e+00 0.000000000000000000e+00
4.000000000000000222e-01 3.741000000000000103e+00 2.125999999999999890e+00 3.741000000000000103e+00 2.125999999999999890e+00 2.979862500000000303e+00 0.000000000000000000e+00
4.015988287348652430e-01 3.750000000000000000e+00 2.119000000000000217e+00 3.750000000000000000e+00 2.119000000000000217e+00 2.979625198596586255e+00 0.000000000000000000e+00
4.032000000000000028e-01 3.758000000000000007e+00 2.112000000000000099e+00 3.758000000000000007e+00 2.112000000000000099e+00 2.979390373047367202e+00 0.000000000000000000e+00
4.047994514912581776e-01 3.766999999999999904e+00 2.105999999999999872e+00 3.766999999999999904e+00 2.105999999999999872e+00 2.979158576262946667e+00 0.000000000000000000e+00
4.063996538601477027e-01 3.774999999999999911e+00 2.100000000000000089e+00 3.774999999999999911e+00 2.100000000000000089e+00 2.978929404013312965e+00 0.000000000000000000e+00
4.079991312445908624e-01 3.783999999999999808e+00 2.095000000000000195e+00 3.783999999999999808e+00 2.095000000000000195e+00 2.978703024964433510e+00 0.000000000000000000e+00
4.095990696936860909e-01 3.791999999999999815e+00 2.089999999999999858e+00 3.791999999999999815e+00 2.089999999999999858e+00 2.978479228640752652e+00 0.000000000000000000e+00
4.111993313832010277e-01 3.799999999999999822e+00 2.084999999999999964e+00 3.799999999999999822e+00 2.084999999999999964e+00 2.978257995119059753e+00 0.000000000000000000e+00
4.127997762602838572e-01 3.809000000000000163e+00 2.080999999999999961e+00 3.809000000000000163e+00 2.080999999999999961e+00 2.978039304627203343e+00 0.000000000000000000e+00
4.143988769678131345e-01 3.818000000000000060e+00 2.076999999999999957e+00 3.818000000000000060e+00 2.076999999999999957e+00 2.977823323534782851e+00 0.000000000000000000e+00
4.159992484205087826e-01 3.826999999999999957e+00 2.072999999999999954e+00 3.826999999999999957e+00 2.072999999999999954e+00 2.977609659674873566e+00 0.000000000000000000e+00
4.175993694783039500e-01 3.834999999999999964e+00 2.069999999999999840e+00 3.834999999999999964e+00 2.069999999999999840e+00 2.977398480440308415e+00 0.000000000000000000e+00
4.191990911672820452e-01 3.845000000000000195e+00 2.067000000000000171e+00 3.845000000000000195e+00 2.067000000000000171e+00 2.977189766663178361e+00 0.000000000000000000e+00
4.207996904686752693e-01 3.854000000000000092e+00 2.064000000000000057e+00 3.854000000000000092e+00 2.064000000000000057e+00 2.976983316164448112e+00 0.000000000000000000e+00
4.223996075264971339e-01 3.863999999999999879e+00 2.061999999999999833e+00 3.863999999999999879e+00 2.061999999999999833e+00 2.976779294627415862e+00 0.000000000000000000e+00
4.239986868023637445e-01 3.874000000000000110e+00 2.059000000000000163e+00 3.874000000000000110e+00 2.059000000000000163e+00 2.976577683320571044e+00 0.000000000000000000e+00
4.255996924302132278e-01 3.883999999999999897e+00 2.056999999999999940e+00 3.883999999999999897e+00 2.056999999999999940e+00 2.976378101469940862e+00 0.000000000000000000e+00
4.271995865276940751e-01 3.894000000000000128e+00 2.055000000000000160e+00 3.894000000000000128e+00 2.055000000000000160e+00 2.976180895550044614e+00 0.000000000000000000e+00
4.287996901176584497e-01 3.904999999999999805e+00 2.053999999999999826e+00 3.904999999999999805e+00 2.053999999999999826e+00 2.975985867503997628e+00 0.000000000000000000e+00
4.303998722519414288e-01 3.915999999999999925e+00 2.052000000000000046e+00 3.915999999999999925e+00 2.052000000000000046e+00 2.975793001173913321e+00 0.000000000000000000e+00
4.319999999999999951e-01 3.927000000000000046e+00 2.049999999999999822e+00 3.927000000000000046e+00 2.049999999999999822e+00 2.975602280521262077e+00 0.000000000000000000e+00
4.335999384488408714e-01 3.939000000000000057e+00 2.048000000000000043e+00 3.939000000000000057e+00 2.048000000000000043e+00 2.975413689626870362e+00 0.000000000000000000e+00
4.351995507037804134e-01 3.951999999999999957e+00 2.047000000000000153e+00 3.951999999999999957e+00 2.047000000000000153e+00 2.975227212690920719e+00 0.000000000000000000e+00
4.367986978900604833e-01 3.963999999999999968e+00 2.044999999999999929e+00 3.963999999999999968e+00 2.044999999999999929e+00 2.975042834032952666e+00 0.000000000000000000e+00
4.383987892974460232e-01 3.976999999999999869e+00 2.043000000000000149e+00 3.976999999999999869e+00 2.043000000000000149e+00 2.974860362282532922e+00 0.000000000000000000e+00
4.399997160925822048e-01 3.990000000000000213e+00 2.040999999999999925e+00 3.990000000000000213e+00 2.040999999999999925e+00 2.974679783915076925e+00 0.000000000000000000e+00
4.415997948433009745e-01 4.003999999999999559e+00 2.039000000000000146e+00 4.003999999999999559e+00 2.039000000000000146e+00 2.974501260031713112e+00 0.000000000000000000e+00
4.431988789910920046e-01 4.017000000000000348e+00 2.036999999999999922e+00 4.017000000000000348e+00 2.036999999999999922e+00 2.974324775399567855e+00 0.000000000000000000e+00
4.448000114801912708e-01 4.032000000000000028e+00 2.033999999999999808e+00 4.032000000000000028e+00 2.033999999999999808e+00 2.974149968346060380e+00 0.000000000000000000e+00
4.463998963066442838e-01 4.046000000000000263e+00 2.032000000000000028e+00 4.046000000000000263e+00 2.032000000000000028e+00 2.973977172917714462e+00 0.000000000000000000e+00
4.480000000000000093e-01 4.060999999999999943e+00 2.028999999999999915e+00 4.060999999999999943e+00 2.028999999999999915e+00 2.973806202168367552e+00 0.000000000000000000e+00
4.495985727029438439e-01 4.075999999999999623e+00 2.024999999999999911e+00 4.075999999999999623e+00 2.024999999999999911e+00 2.973637214577034893e+00 0.000000000000000000e+00
4.511987423031573741e-01 4.091999999999999638e+00 2.021999999999999797e+00 4.091999999999999638e+00 2.021999999999999797e+00 2.973469853818555109e+00 0.000000000000000000e+00
4.527987670597515835e-01 4.107000000000000206e+00 2.017999999999999794e+00 4.107000000000000206e+00 2.017999999999999794e+00 2.973304279167031883e+00 0.000000000000000000e+00
4.543985222812284008e-01 4.123000000000000220e+00 2.013999999999999790e+00 4.123000000000000220e+00 2.013999999999999790e+00 2.973140477946431659e+00 0.000000000000000000e+00
4.559995586531566114e-01 4.139000000000000234e+00 2.008999999999999897e+00 4.139000000000000234e+00 2.008999999999999897e+00 2.972978268548687186e+00 0.000000000000000000e+00
4.576000944844691443e-01 4.155000000000000249e+00 2.003000000000000114e+00 4.155000000000000249e+00 2.003000000000000114e+00 2.972817808685699781e+00 0.000000000000000000e+00
4.591999999999999971e-01 4.171999999999999709e+00 1.997999999999999998e+00 4.171999999999999709e+00 1.997999999999999998e+00 2.972659085942527035e+00 0.000000000000000000e+00
4.607991436949710473e-01 4.187999999999999723e+00 1.991999999999999993e+00 4.187999999999999723e+00 1.991999999999999993e+00 2.972502087995611220e+00 0.000000000000000000e+00
4.623991168528933660e-01 4.205000000000000071e+00 1.985000000000000098e+00 4.205000000000000071e+00 1.985000000000000098e+00 2.972346635928622582e+00 0.000000000000000000e+00
4.639998203639874585e-01 4.221000000000000085e+00 1.977999999999999980e+00 4.221000000000000085e+00 1.977999999999999980e+00 2.972192719323976551e+00 0.000000000000000000e+00
4.655994051575544357e-01 4.238000000000000433e+00 1.969999999999999973e+00 4.238000000000000433e+00 1.969999999999999973e+00 2.972040493369059622e+00 0.000000000000000000e+00
4.671994935506844637e-01 4.253999999999999559e+00 1.961999999999999966e+00 4.253999999999999559e+00 1.961999999999999966e+00 2.971889781108221662e+00 0.000000000000000000e+00
4.687999818505620975e-01 4.270999999999999908e+00 1.953999999999999959e+00 4.270999999999999908e+00 1.953999999999999959e+00 2.971740572336481812e+00 0.000000000000000000e+00
4.703989801648126301e-01 4.286999999999999922e+00 1.943999999999999950e+00 4.286999999999999922e+00 1.943999999999999950e+00 2.971593020764811133e+00 0.000000000000000000e+00
4.719999390889225710e-01 4.302999999999999936e+00 1.935000000000000053e+00 4.302999999999999936e+00 1.935000000000000053e+00 2.971446788069123102e+00 0.000000000000000000e+00
4.735991688025943946e-01 4.318999999999999950e+00 1.925000000000000044e+00 4.318999999999999950e+00 1.925000000000000044e+00 2.971302191395806425e+00 0.000000000000000000e+00
4.752001655749705789e-01 4.333999999999999631e+00 1.913999999999999924e+00 4.333999999999999631e+00 1.913999999999999924e+00 2.971158894776822379e+00 0.000000000000000000e+00
4.767991877985186533e-01 4.349999999999999645e+00 1.903000000000000025e+00 4.349999999999999645e+00 1.903000000000000025e+00 2.971017213285983338e+00 0.000000000000000000e+00
4.783997777469092827e-01 4.365000000000000213e+00 1.891999999999999904e+00 4.365000000000000213e+00 1.891999999999999904e+00 2.970876813281460027e+00 0.000000000000000000e+00
4.799999999999999822e-01 4.379999999999999893e+00 1.879999999999999893e+00 4.379999999999999893e+00 1.879999999999999893e+00 2.970737847222222339e+00 0.000000000000000000e+00
4.815997389703312592e-01 4.394000000000000128e+00 1.866999999999999993e+00 4.394000000000000128e+00 1.866999999999999993e+00 2.970600305440394440e+00 0.000000000000000000e+00
4.831988775868116259e-01 4.408000000000000362e+00 1.854000000000000092e+00 4.408000000000000362e+00 1.854000000000000092e+00 2.970464178335237015e+00 0.000000000000000000e+00
4.847991929397872379e-01 4.421999999999999709e+00 1.840999999999999970e+00 4.421999999999999709e+00 1.840999999999999970e+00 2.970329297390600143e+00 0.000000000000000000e+00
4.863986944002008372e-01 4.434999999999999609e+00 1.828000000000000069e+00 4.434999999999999609e+00 1.828000000000000069e+00 2.970195813167562093e+00 0.000000000000000000e+00
4.879991813150913460e-01 4.448000000000000398e+00 1.814000000000000057e+00 4.448000000000000398e+00 1.814000000000000057e+00 2.970063558315562791e+00 0.000000000000000000e+00
4.895986352651281459e-01 4.459999999999999964e+00 1.800000000000000044e+00 4.459999999999999964e+00 1.800000000000000044e+00 2.969932682462586904e+00 0.000000000000000000e+00
4.911988780203715987e-01 4.472000000000000419e+00 1.786000000000000032e+00 4.472000000000000419e+00 1.786000000000000032e+00 2.969803019409988920e+00 0.000000000000000000e+00
4.927998219332170859e-01 4.482999999999999652e+00 1.770999999999999908e+00 4.482999999999999652e+00 1.770999999999999908e+00 2.969674561464869189e+00 0.000000000000000000e+00
4.943994066441500523e-01 4.493999999999999773e+00 1.756000000000000005e+00 4.493999999999999773e+00 1.756000000000000005e+00 2.969547456875774039e+00 0.000000000000000000e+00
4.959994879344555851e-01 4.503999999999999559e+00 1.741000000000000103e+00 4.503999999999999559e+00 1.741000000000000103e+00 2.969421541141779919e+00 0.000000000000000000e+00
4.975999743141064080e-01 4.514000000000000234e+00 1.725999999999999979e+00 4.514000000000000234e+00 1.725999999999999979e+00 2.969296806719183834e+00 0.000000000000000000e+00
4.991987631157244198e-01 4.522999999999999687e+00 1.711000000000000076e+00 4.522999999999999687e+00 1.711000000000000076e+00 2.969173400506932126e+00 0.000000000000000000e+00
5.007997673404100958e-01 4.532000000000000028e+00 1.695999999999999952e+00 4.532000000000000028e+00 1.695999999999999952e+00 2.969051005768924778e+00 0.000000000000000000e+00
5.023988589211618727e-01 4.540000000000000036e+00 1.679999999999999938e+00 4.540000000000000036e+00 1.679999999999999938e+00 2.968929923406633087e+00 0.000000000000000000e+00
5.040000000000000036e-01 4.548000000000000043e+00 1.665000000000000036e+00 4.548000000000000043e+00 1.665000000000000036e+00 2.968809838750315233e+00 0.000000000000000000e+00
5.055990082455896761e-01 4.554999999999999716e+00 1.649999999999999911e+00 4.554999999999999716e+00 1.649999999999999911e+00 2.968691050834010969e+00 0.000000000000000000e+00
5.071998952742505784e-01 4.560999999999999943e+00 1.635000000000000009e+00 4.560999999999999943e+00 1.635000000000000009e+00 2.968573247029473006e+00 0.000000000000000000e+00
5.087984241628366044e-01 4.567000000000000171e+00 1.620000000000000107e+00 4.567000000000000171e+00 1.620000000000000107e+00 2.968456724528174551e+00 0.000000000000000000e+00
5.103986563256434072e-01 4.573000000000000398e+00 1.604999999999999982e+00 4.573000000000000398e+00 1.604999999999999982e+00 2.968341172718494736e+00 0.000000000000000000e+00
5.119984142519109493e-01 4.576999999999999957e+00 1.590000000000000080e+00 4.576999999999999957e+00 1.590000000000000080e+00 2.968226736437374225e+00 0.000000000000000000e+00
5.135997216261671827e-01 4.581999999999999851e+00 1.576000000000000068e+00 4.581999999999999851e+00 1.576000000000000068e+00 2.968113258539854638e+00 0.000000000000000000e+00
5.151982314785188422e-01 4.586000000000000298e+00 1.560999999999999943e+00 4.586000000000000298e+00 1.560999999999999943e+00 2.968001032595686706e+00 0.000000000000000000e+00
5.168002601007890551e-01 4.589000000000000412e+00 1.546999999999999931e+00 4.589000000000000412e+00 1.546999999999999931e+00 2.967889602807565641e+00 0.000000000000000000e+00
5.183992774922961955e-01 4.591999999999999638e+00 1.532999999999999918e+00 4.591999999999999638e+00 1.532999999999999918e+00 2.967779411032329229e+00 0.000000000000000000e+00
5.199994967097398835e-01 4.594000000000000306e+00 1.520000000000000018e+00 4.594000000000000306e+00 1.520000000000000018e+00 2.967670152547854379e+00 0.000000000000000000e+00
5.215986537652503863e-01 4.596000000000000085e+00 1.506999999999999895e+00 4.596000000000000085e+00 1.506999999999999895e+00 2.967561969629268326e+00 0.000000000000000000e+00
5.231988454380878117e-01 4.597999999999999865e+00 1.493999999999999995e+00 4.597999999999999865e+00 1.493999999999999995e+00 2.967454708145986331e+00 0.000000000000000000e+00
5.248000000000000442e-01 4.599000000000000199e+00 1.481999999999999984e+00 4.599000000000000199e+00 1.481999999999999984e+00 2.967348362674747442e+00 0.000000000000000000e+00
5.263998097923000552e-01 4.599999999999999645e+00 1.469999999999999973e+00 4.599999999999999645e+00 1.469999999999999973e+00 2.967243074239921619e+00 0.000000000000000000e+00
5.279981602851557820e-01 4.600999999999999979e+00 1.459000000000000075e+00 4.600999999999999979e+00 1.459000000000000075e+00 2.967138836146354652e+00 0.000000000000000000e+00
5.295994600805608021e-01 4.600999999999999979e+00 1.447999999999999954e+00 4.600999999999999979e+00 1.447999999999999954e+00 2.967035350677280192e+00 0.000000000000000000e+00
5.311991225514558490e-01 4.600999999999999979e+00 1.437999999999999945e+00 4.600999999999999979e+00 1.437999999999999945e+00 2.966932904049590203e+00 0.000000000000000000e+00
5.320996184696727971e-01 4.599999999999999645e+00 1.433000000000000052e+00 4.599999999999999645e+00 1.433000000000000052e+00 2.966875639928336028e+00 0.000000000000000000e+00
5.327993193040055919e-01 4.599999999999999645e+00 1.427999999999999936e+00 4.599999999999999645e+00 1.427999999999999936e+00 2.966831345029582234e+00 0.000000000000000000e+00
5.343999724145066521e-01 4.599999999999999645e+00 1.419000000000000039e+00 4.599999999999999645e+00 1.419000000000000039e+00 2.966730668387950409e+00 0.000000000000000000e+00
5.359986857691276807e-01 4.599000000000000199e+00 1.411000000000000032e+00 4.599000000000000199e+00 1.411000000000000032e+00 2.966631012720904348e+00 0.000000000000000000e+00
5.376000000000000778e-01 4.599000000000000199e+00 1.403000000000000025e+00 4.599000000000000199e+00 1.403000000000000025e+00 2.966532084839144101e+00 0.000000000000000000e+00
5.391991858781165492e-01 4.597999999999999865e+00 1.397000000000000020e+00 4.597999999999999865e+00 1.397000000000000020e+00 2.966434166771515724e+00 0.000000000000000000e+00
5.407984785899041524e-01 4.597000000000000419e+00 1.389999999999999902e+00 4.597000000000000419e+00 1.389999999999999902e+00 2.966337109619849866e+00 0.000000000000000000e+00
5.424001679907605178e-01 4.596000000000000085e+00 1.385000000000000009e+00 4.596000000000000085e+00 1.385000000000000009e+00 2.966240766212296265e+00 0.000000000000000000e+00
5.439994383797256416e-01 4.596000000000000085e+00 1.379999999999999893e+00 4.596000000000000085e+00 1.379999999999999893e+00 2.966145416122189182e+00 0.000000000000000000e+00
5.455985636584463894e-01 4.594999999999999751e+00 1.377000000000000002e+00 4.594999999999999751e+00 1.377000000000000002e+00 2.966050911817121882e+00 0.000000000000000000e+00
5.471998728920156596e-01 4.594999999999999751e+00 1.374000000000000110e+00 4.594999999999999751e+00 1.374000000000000110e+00 2.965957107461165698e+00 0.000000000000000000e+00
5.487984631660020041e-01 4.596000000000000085e+00 1.372000000000000108e+00 4.596000000000000085e+00 1.372000000000000108e+00 2.965864280216903293e+00 0.000000000000000000e+00
5.503990908364483348e-01 4.597000000000000419e+00 1.370999999999999996e+00 4.597000000000000419e+00 1.370999999999999996e+00 2.965772143861225896e+00 0.000000000000000000e+00
5.519992520335338382e-01 4.599000000000000199e+00 1.370000000000000107e+00 4.599000000000000199e+00 1.370000000000000107e+00 2.965680834345851391e+00 0.000000000000000000e+00
5.535988569387391145e-01 4.602000000000000313e+00 1.370999999999999996e+00 4.602000000000000313e+00 1.370999999999999996e+00 2.965590346799543031e+00 0.000000000000000000e+00
5.552003009215722429e-01 4.605000000000000426e+00 1.372000000000000108e+00 4.605000000000000426e+00 1.372000000000000108e+00 2.965500537557790306e+00 0.000000000000000000e+00
5.567985341734292826e-01 4.610000000000000320e+00 1.374000000000000110e+00 4.610000000000000320e+00 1.374000000000000110e+00 2.965411679853735105e+00 0.000000000000000000e+00
5.583984506947103910e-01 4.615999999999999659e+00 1.377000000000000002e+00 4.615999999999999659e+00 1.377000000000000002e+00 2.965323491653558907e+00 0.000000000000000000e+00
5.600000000000000533e-01 4.623999999999999666e+00 1.379999999999999893e+00 4.623999999999999666e+00 1.379999999999999893e+00 2.965235969387755244e+00 0.000000000000000000e+00
5.615980432123930388e-01 4.633000000000000007e+00 1.383000000000000007e+00 4.633000000000000007e+00 1.383000000000000007e+00 2.965149383985016485e+00 0.000000000000000000e+00
5.632001162885773571e-01 4.644000000000000128e+00 1.387000000000000011e+00 4.644000000000000128e+00 1.387000000000000011e+00 2.965063319015168730e+00 0.000000000000000000e+00
5.647984912467712837e-01 4.658000000000000362e+00 1.389999999999999902e+00 4.658000000000000362e+00 1.389999999999999902e+00 2.964978181523981071e+00 0.000000000000000000e+00
5.663982019104701893e-01 4.673000000000000043e+00 1.393000000000000016e+00 4.673000000000000043e+00 1.393000000000000016e+00 2.964893693544457420e+00 0.000000000000000000e+00
5.679991937035577809e-01 4.690000000000000391e+00 1.395000000000000018e+00 4.690000000000000391e+00 1.395000000000000018e+00 2.964809851607800084e+00 0.000000000000000000e+00
5.695987944999059138e-01 4.709999999999999964e+00 1.395999999999999908e+00 4.709999999999999964e+00 1.395999999999999908e+00 2.964726787575279854e+00 0.000000000000000000e+00
5.711995356101337018e-01 4.732000000000000206e+00 1.395000000000000018e+00 4.732000000000000206e+00 1.395000000000000018e+00 2.964644361939349437e+00 0.000000000000000000e+00
5.727987138085404162e-01 4.754999999999999893e+00 1.391999999999999904e+00 4.754999999999999893e+00 1.391999999999999904e+00 2.964562705844520085e+00 0.000000000000000000e+00
5.743988881167477745e-01 4.780000000000000249e+00 1.385999999999999899e+00 4.780000000000000249e+00 1.385999999999999899e+00 2.964481680587035761e+00 0.000000000000000000e+00
5.760000000000000675e-01 4.806000000000000050e+00 1.377999999999999892e+00 4.806000000000000050e+00 1.377999999999999892e+00 2.964401282793210246e+00 0.000000000000000000e+00
5.775992993375386186e-01 4.831999999999999851e+00 1.366000000000000103e+00 4.831999999999999851e+00 1.366000000000000103e+00 2.964321642545156621e+00 0.000000000000000000e+00
5.791993870905955966e-01 4.858999999999999986e+00 1.352000000000000091e+00 4.858999999999999986e+00 1.352000000000000091e+00 2.964242622325846455e+00 0.000000000000000000e+00
5.808002023694084359e-01 4.886000000000000121e+00 1.332999999999999963e+00 4.886000000000000121e+00 1.332999999999999963e+00 2.964164218817542107e+00 0.000000000000000000e+00
5.823989477887122623e-01 4.910999999999999588e+00 1.312000000000000055e+00 4.910999999999999588e+00 1.312000000000000055e+00 2.964086561058608904e+00 0.000000000000000000e+00
5.839982666201920525e-01 4.934999999999999609e+00 1.286999999999999922e+00 4.934999999999999609e+00 1.286999999999999922e+00 2.964009512700095605e+00 0.000000000000000000e+00
5.855980956159492212e-01 4.956000000000000405e+00 1.260000000000000009e+00 4.956000000000000405e+00 1.260000000000000009e+00 2.963933070480213150e+00 0.000000000000000000e+00
5.871983707878472014e-01 4.974999999999999645e+00 1.229999999999999982e+00 4.974999999999999645e+00 1.229999999999999982e+00 2.963857231153955496e+00 0.000000000000000000e+00
5.887990274064329732e-01 4.990999999999999659e+00 1.199000000000000066e+00 4.990999999999999659e+00 1.199000000000000066e+00 2.963781991493103174e+00 0.000000000000000000e+00
5.904000000000000359e-01 5.003999999999999559e+00 1.165999999999999925e+00 5.003999999999999559e+00 1.165999999999999925e+00 2.963707348286220178e+00 0.000000000000000000e+00
5.919983956683045889e-01 5.014999999999999680e+00 1.131999999999999895e+00 5.014999999999999680e+00 1.131999999999999895e+00 2.963633428532043368e+00 0.000000000000000000e+00
5.935997855104659937e-01 5.020999999999999908e+00 1.098999999999999977e+00 5.020999999999999908e+00 1.098999999999999977e+00 2.963559968314697812e+00 0.000000000000000000e+00
5.951984330819415359e-01 5.025999999999999801e+00 1.064999999999999947e+00 5.025999999999999801e+00 1.064999999999999947e+00 2.963487224512998175e+00 0.000000000000000000e+00
5.967999691934459117e-01 5.027999999999999581e+00 1.032000000000000028e+00 5.027999999999999581e+00 1.032000000000000028e+00 2.963414934648320287e+00 0.000000000000000000e+00
5.983985945471130830e-01 5.025999999999999801e+00 1.000000000000000000e+00 5.025999999999999801e+00 1.000000000000000000e+00 2.963343354236826155e+00 0.000000000000000000e+00
6.000000000000000888e-01 5.024000000000000021e+00 9.689999999999999725e-01 5.024000000000000021e+00 9.689999999999999725e-01 2.963272222222222307e+00 0.000000000000000000e+00
6.015983230708765728e-01 5.019000000000000128e+00 9.389999999999999458e-01 5.019000000000000128e+00 9.389999999999999458e-01 2.963201792772937271e+00 0.000000000000000000e+00
6.031993149885183092e-01 5.012999999999999901e+00 9.100000000000000311e-01 5.012999999999999901e+00 9.100000000000000311e-01 2.963131806240090427e+00 0.000000000000000000e+00
6.048000000000001153e-01 5.004999999999999893e+00 8.830000000000000071e-01 5.004999999999999893e+00 8.830000000000000071e-01 2.963062388021052040e+00 0.000000000000000000e+00
6.064003051956626811e-01 4.996000000000000441e+00 8.569999999999999840e-01 4.996000000000000441e+00 8.569999999999999840e-01 2.962993535072232287e+00 0.000000000000000000e+00
6.080001569235145009e-01 4.987000000000000099e+00 8.329999999999999627e-01 4.987000000000000099e+00 8.329999999999999627e-01 2.962925244366823918e+00 0.000000000000000000e+00
6.095994807902216372e-01 4.975999999999999979e+00 8.100000000000000533e-01 4.975999999999999979e+00 8.100000000000000533e-01 2.962857512894805811e+00 0.000000000000000000e+00
6.111982016622793390e-01 4.964999999999999858e+00 7.880000000000000338e-01 4.964999999999999858e+00 7.880000000000000338e-01 2.962790337662940310e+00 0.000000000000000000e+00
6.127992724540836100e-01 4.953999999999999737e+00 7.680000000000000160e-01 4.953999999999999737e+00 7.680000000000000160e-01 2.962723589920063461e+00 0.000000000000000000e+00
6.143996194195157079e-01 4.942000000000000171e+00 7.479999999999999982e-01 4.942000000000000171e+00 7.479999999999999982e-01 2.962657393135813777e+00 0.000000000000000000e+00
6.159991653127842026e-01 4.929999999999999716e+00 7.299999999999999822e-01 4.929999999999999716e+00 7.299999999999999822e-01 2.962591744361713353e+00 0.000000000000000000e+00
6.175978321511118585e-01 4.918000000000000149e+00 7.129999999999999671e-01 4.918000000000000149e+00 7.129999999999999671e-01 2.962526640666067745e+00 0.000000000000000000e+00
6.191986335918654438e-01 4.905999999999999694e+00 6.969999999999999529e-01 4.905999999999999694e+00 6.969999999999999529e-01 2.962461954659122654e+00 0.000000000000000000e+00
6.207984297781360405e-01 4.892999999999999794e+00 6.820000000000000506e-01 4.892999999999999794e+00 6.820000000000000506e-01 2.962397808558517642e+00 0.000000000000000000e+00
6.224002650562492356e-01 4.881000000000000227e+00 6.670000000000000373e-01 4.881000000000000227e+00 6.670000000000000373e-01 2.962334075642770070e+00 0.000000000000000000e+00
6.239978257915477222e-01 4.868999999999999773e+00 6.540000000000000258e-01 4.868999999999999773e+00 6.540000000000000258e-01 2.962271001027863448e+00 0.000000000000000000e+00
6.256004521051143907e-01 4.857000000000000206e+00 6.410000000000000142e-01 4.857000000000000206e+00 6.410000000000000142e-01 2.962208211304183436e+00 0.000000000000000000e+00
6.271986402197502475e-01 4.844999999999999751e+00 6.280000000000000027e-01 4.844999999999999751e+00 6.280000000000000027e-01 2.962146074180206146e+00 0.000000000000000000e+00
6.287986367509230679e-01 4.833000000000000185e+00 6.169999999999999929e-01 4.833000000000000185e+00 6.169999999999999929e-01 2.962084340739190580e+00 0.000000000000000000e+00
6.304004067624253693e-01 4.822000000000000064e+00 6.059999999999999831e-01 4.822000000000000064e+00 6.059999999999999831e-01 2.962023009105000604e+00 0.000000000000000000e+00
6.319974716838789863e-01 4.809999999999999609e+00 5.949999999999999734e-01 4.809999999999999609e+00 5.949999999999999734e-01 2.961962321315217306e+00 0.000000000000000000e+00
6.335994112897457287e-01 4.798000000000000043e+00 5.849999999999999645e-01 4.798000000000000043e+00 5.849999999999999645e-01 2.961901908723295840e+00 0.000000000000000000e+00
6.351997294929531135e-01 4.786999999999999922e+00 5.759999999999999565e-01 4.786999999999999922e+00 5.759999999999999565e-01 2.961842013080858926e+00 0.000000000000000000e+00
6.367983400017462881e-01 4.775999999999999801e+00 5.669999999999999485e-01 4.775999999999999801e+00 5.669999999999999485e-01 2.961782631629652496e+00 0.000000000000000000e+00
6.383984429306270858e-01 4.764999999999999680e+00 5.580000000000000515e-01 4.764999999999999680e+00 5.580000000000000515e-01 2.961723640896928078e+00 0.000000000000000000e+00
6.400000000000000133e-01 4.753999999999999559e+00 5.500000000000000444e-01 4.753999999999999559e+00 5.500000000000000444e-01 2.961665039062500338e+00 0.000000000000000000e+00
6.415996522495109877e-01 4.743000000000000327e+00 5.420000000000000373e-01 4.743000000000000327e+00 5.420000000000000373e-01 2.961606944441919964e+00 0.000000000000000000e+00
6.432006474338688440e-01 4.732000000000000206e+00 5.340000000000000302e-01 4.732000000000000206e+00 5.340000000000000302e-01 2.961549234502994565e+00 0.000000000000000000e+00
6.447995922676472702e-01 4.722000000000000419e+00 5.270000000000000240e-01 4.722000000000000419e+00 5.270000000000000240e-01 2.961492026983764347e+00 0.000000000000000000e+00
6.463997664318820169e-01 4.711000000000000298e+00 5.200000000000000178e-01 4.711000000000000298e+00 5.200000000000000178e-01 2.961435199973062371e+00 0.000000000000000000e+00
6.479977421681457628e-01 4.700999999999999623e+00 5.140000000000000124e-01 4.700999999999999623e+00 5.140000000000000124e-01 2.961378870637634719e+00 0.000000000000000000e+00
6.496002347245654063e-01 4.690999999999999837e+00 5.070000000000000062e-01 4.690999999999999837e+00 5.070000000000000062e-01 2.961322799031747888e+00 0.000000000000000000e+00
6.512004117798448899e-01 4.681000000000000050e+00 5.010000000000000009e-01 4.681000000000000050e+00 5.010000000000000009e-01 2.961267220988931026e+00 0.000000000000000000e+00
6.527981803535042316e-01 4.671000000000000263e+00 4.959999999999999964e-01 4.671000000000000263e+00 4.959999999999999964e-01 2.961212133885205322e+00 0.000000000000000000e+00
6.544003546885391875e-01 4.660999999999999588e+00 4.899999999999999911e-01 4.660999999999999588e+00 4.899999999999999911e-01 2.961157299554617595e+00 0.000000000000000000e+00
6.560000000000001386e-01 4.650999999999999801e+00 4.849999999999999867e-01 4.650999999999999801e+00 4.849999999999999867e-01 2.961102952111838160e+00 0.000000000000000000e+00
6.576005091757717302e-01 4.641000000000000014e+00 4.799999999999999822e-01 4.641000000000000014e+00 4.799999999999999822e-01 2.961048971766144344e+00 0.000000000000000000e+00
6.591983326510104657e-01 4.631000000000000227e+00 4.749999999999999778e-01 4.631000000000000227e+00 4.749999999999999778e-01 2.960995473722979554e+00 0.000000000000000000e+00
6.608004178503094073e-01 4.621999999999999886e+00 4.699999999999999734e-01 4.621999999999999886e+00 4.699999999999999734e-01 2.960942222148194691e+00 0.000000000000000000e+00
6.623996922649514341e-01 4.612000000000000099e+00 4.660000000000000253e-01 4.612000000000000099e+00 4.660000000000000253e-01 2.960889448902984000e+00 0.000000000000000000e+00
6.639996144020822166e-01 4.602000000000000313e+00 4.610000000000000209e-01 4.602000000000000313e+00 4.610000000000000209e-01 2.960837035376512549e+00 0.000000000000000000e+00
6.656001374319551189e-01 4.592999999999999972e+00 4.570000000000000173e-01 4.592999999999999972e+00 4.570000000000000173e-01 2.960784979886600166e+00 0.000000000000000000e+00
6.671976236089287582e-01 4.583000000000000185e+00 4.540000000000000147e-01 4.583000000000000185e+00 4.540000000000000147e-01 2.960733396277902774e+00 0.000000000000000000e+00
6.687991887066235819e-01 4.573999999999999844e+00 4.500000000000000111e-01 4.573999999999999844e+00 4.500000000000000111e-01 2.960682051567772088e+00 0.000000000000000000e+00
6.703975862572388866e-01 4.564000000000000057e+00 4.470000000000000084e-01 4.564000000000000057e+00 4.470000000000000084e-01 2.960631174861634296e+00 0.000000000000000000e+00
6.720000000000001528e-01 4.554999999999999716e+00 4.430000000000000049e-01 4.554999999999999716e+00 4.430000000000000049e-01 2.960580534297052147e+00 0.000000000000000000e+00
6.735991133422434274e-01 4.544999999999999929e+00 4.400000000000000022e-01 4.544999999999999929e+00 4.400000000000000022e-01 2.960530357894054720e+00 0.000000000000000000e+00
6.751985013015585624e-01 4.535999999999999588e+00 4.380000000000000004e-01 4.535999999999999588e+00 4.380000000000000004e-01 2.960480529050975029e+00 0.000000000000000000e+00
6.767981134547360611e-01 4.525999999999999801e+00 4.349999999999999978e-01 4.525999999999999801e+00 4.349999999999999978e-01 2.960431046141580147e+00 0.000000000000000000e+00
6.783978988837821023e-01 4.517000000000000348e+00 4.329999999999999960e-01 4.517000000000000348e+00 4.329999999999999960e-01 2.960381907547098290e+00 0.000000000000000000e+00
6.799978061756156711e-01 4.506999999999999673e+00 4.299999999999999933e-01 4.506999999999999673e+00 4.299999999999999933e-01 2.960333111656216154e+00 0.000000000000000000e+00
6.815977834218425180e-01 4.498000000000000220e+00 4.279999999999999916e-01 4.498000000000000220e+00 4.279999999999999916e-01 2.960284656865080688e+00 0.000000000000000000e+00
6.831977782186074988e-01 4.488000000000000433e+00 4.269999999999999907e-01 4.488000000000000433e+00 4.269999999999999907e-01 2.960236541577299541e+00 0.000000000000000000e+00
6.847977376665267402e-01 4.479000000000000092e+00 4.249999999999999889e-01 4.479000000000000092e+00 4.249999999999999889e-01 2.960188764203937950e+00 0.000000000000000000e+00
6.863976083707025166e-01 4.469000000000000306e+00 4.239999999999999880e-01 4.469000000000000306e+00 4.239999999999999880e-01 2.960141323163523630e+00 0.000000000000000000e+00
6.879973364408190628e-01 4.458999999999999631e+00 4.229999999999999871e-01 4.458999999999999631e+00 4.229999999999999871e-01 2.960094216882041440e+00 0.000000000000000000e+00
6.896007030385280512e-01 4.448999999999999844e+00 4.219999999999999862e-01 4.448999999999999844e+00 4.219999999999999862e-01 2.960047332025831146e+00 0.000000000000000000e+00
6.912000000000000366e-01 4.439000000000000057e+00 4.219999999999999862e-01 4.439000000000000057e+00 4.219999999999999862e-01 2.960000890828617948e+00 0.000000000000000000e+00
6.927989897240180994e-01 4.429000000000000270e+00 4.219999999999999862e-01 4.429000000000000270e+00 4.219999999999999862e-01 2.959954779711811312e+00 0.000000000000000000e+00
6.943976163406123669e-01 4.418999999999999595e+00 4.219999999999999862e-01 4.418999999999999595e+00 4.219999999999999862e-01 2.959908997131236674e+00 0.000000000000000000e+00
6.959997305459811878e-01 4.408999999999999808e+00 4.219999999999999862e-01 4.408999999999999808e+00 4.219999999999999862e-01 2.959863430810656393e+00 0.000000000000000000e+00
6.975974793225678816e-01 4.399000000000000021e+00 4.229999999999999871e-01 4.399000000000000021e+00 4.229999999999999871e-01 2.959818300953492631e+00 0.000000000000000000e+00
6.991986375145919919e-01 4.387999999999999901e+00 4.239999999999999880e-01 4.387999999999999901e+00 4.239999999999999880e-01 2.959773384810672869e+00 0.000000000000000000e+00
7.007992403260266956e-01 4.376999999999999780e+00 4.259999999999999898e-01 4.376999999999999780e+00 4.259999999999999898e-01 2.959728791603654319e+00 0.000000000000000000e+00
7.023992295272356579e-01 4.366999999999999993e+00 4.279999999999999916e-01 4.366999999999999993e+00 4.279999999999999916e-01 2.959684519821830673e+00 0.000000000000000000e+00
7.039985463960843903e-01 4.355999999999999872e+00 4.299999999999999933e-01 4.355999999999999872e+00 4.299999999999999933e-01 2.959640567962056323e+00 0.000000000000000000e+00
7.055971317189767555e-01 4.344999999999999751e+00 4.329999999999999960e-01 4.344999999999999751e+00 4.329999999999999960e-01 2.959596934528645029e+00 0.000000000000000000e+00
7.071989595988981137e-01 4.333000000000000185e+00 4.359999999999999987e-01 4.333000000000000185e+00 4.359999999999999987e-01 2.959553509047518460e+00 0.000000000000000000e+00
7.087999725590410360e-01 4.322000000000000064e+00 4.400000000000000022e-01 4.322000000000000064e+00 4.400000000000000022e-01 2.959510399515486334e+00 0.000000000000000000e+00
7.104001100116315026e-01 4.309999999999999609e+00 4.450000000000000067e-01 4.309999999999999609e+00 4.450000000000000067e-01 2.959467604455511047e+00 0.000000000000000000e+00
7.119993108794900882e-01 4.298000000000000043e+00 4.500000000000000111e-01 4.298000000000000043e+00 4.500000000000000111e-01 2.959425122398016139e+00 0.000000000000000000e+00
7.135975135975136663e-01 4.285999999999999588e+00 4.570000000000000173e-01 4.285999999999999588e+00 4.570000000000000173e-01 2.959382951880884516e+00 0.000000000000000000e+00
7.151987816977780632e-01 4.274000000000000021e+00 4.630000000000000226e-01 4.274000000000000021e+00 4.630000000000000226e-01 2.959340983682659409e+00 0.000000000000000000e+00
7.167989639762039067e-01 4.261000000000000121e+00 4.709999999999999742e-01 4.261000000000000121e+00 4.709999999999999742e-01 2.959299324603476666e+00 0.000000000000000000e+00
7.183979974968711657e-01 4.248999999999999666e+00 4.799999999999999822e-01 4.248999999999999666e+00 4.799999999999999822e-01 2.959257973199869163e+00 0.000000000000000000e+00
7.200000000000000844e-01 4.235999999999999766e+00 4.899999999999999911e-01 4.235999999999999766e+00 4.899999999999999911e-01 2.959216820987654373e+00 0.000000000000000000e+00
7.216007635986917412e-01 4.222999999999999865e+00 5.020000000000000018e-01 4.222999999999999865e+00 5.020000000000000018e-01 2.959175974060776593e+00 0.000000000000000000e+00
7.232002239876808014e-01 4.209999999999999964e+00 5.140000000000000124e-01 4.209999999999999964e+00 5.140000000000000124e-01 2.959135430994416449e+00 0.000000000000000000e+00
7.247983163802175222e-01 4.197000000000000064e+00 5.280000000000000249e-01 4.197000000000000064e+00 5.280000000000000249e-01 2.959095190371216599e+00 0.000000000000000000e+00
7.263992313235646536e-01 4.184999999999999609e+00 5.440000000000000391e-01 4.184999999999999609e+00 5.440000000000000391e-01 2.959055144676144611e+00 0.000000000000000000e+00
7.279986847358902446e-01 4.171999999999999709e+00 5.620000000000000551e-01 4.171999999999999709e+00 5.620000000000000551e-01 2.959015399077510100e+00 0.000000000000000000e+00
7.296009038803299429e-01 4.160000000000000142e+00 5.819999999999999618e-01 4.160000000000000142e+00 5.819999999999999618e-01 2.958975846537084564e+00 0.000000000000000000e+00
7.311972541179384555e-01 4.147999999999999687e+00 6.049999999999999822e-01 4.147999999999999687e+00 6.049999999999999822e-01 2.958936697173288000e+00 0.000000000000000000e+00
7.328006052295615858e-01 4.137999999999999901e+00 6.300000000000000044e-01 4.137999999999999901e+00 6.300000000000000044e-01 2.958897633373805292e+00 0.000000000000000000e+00
7.343979528976923854e-01 4.128000000000000114e+00 6.580000000000000293e-01 4.128000000000000114e+00 6.580000000000000293e-01 2.958858969983372056e+00 0.000000000000000000e+00
7.359979104459892785e-01 4.121000000000000441e+00 6.889999999999999458e-01 4.121000000000000441e+00 6.889999999999999458e-01 2.958820495499780101e+00 0.000000000000000000e+00
7.376004664140257683e-01 4.115999999999999659e+00 7.229999999999999760e-01 4.115999999999999659e+00 7.229999999999999760e-01 2.958782209238594696e+00 0.000000000000000000e+00
7.391967948106458186e-01 4.113000000000000433e+00 7.610000000000000098e-01 4.113000000000000433e+00 7.610000000000000098e-01 2.958744319051704430e+00 0.000000000000000000e+00
7.408000477997191968e-01 4.115000000000000213e+00 8.020000000000000462e-01 4.115000000000000213e+00 8.020000000000000462e-01 2.958706510778808418e+00 0.000000000000000000e+00
7.423969342235261504e-01 4.121999999999999886e+00 8.469999999999999751e-01 4.121999999999999886e+00 8.469999999999999751e-01 2.958669095872306531e+00 0.000000000000000000e+00
7.440007200936121778e-01 4.134999999999999787e+00 8.950000000000000178e-01 4.134999999999999787e+00 8.950000000000000178e-01 2.958631761531443694e+00 0.000000000000000000e+00
7.455979986529395198e-01 4.155999999999999694e+00 9.449999999999999512e-01 4.155999999999999694e+00 9.449999999999999512e-01 2.958594817871453841e+00 0.000000000000000000e+00
7.471976472289854065e-01 4.184999999999999609e+00 9.949999999999999956e-01 4.184999999999999609e+00 9.949999999999999956e-01 2.958558056590996799e+00 0.000000000000000000e+00
7.487996521255971816e-01 4.224000000000000199e+00 1.046000000000000041e+00 4.224000000000000199e+00 1.046000000000000041e+00 2.958521477026151647e+00 0.000000000000000000e+00
7.503994577059023285e-01 4.274000000000000021e+00 1.092999999999999972e+00 4.274000000000000021e+00 1.092999999999999972e+00 2.958485181225795291e+00 0.000000000000000000e+00
7.519969916238559149e-01 4.333000000000000185e+00 1.135000000000000009e+00 4.333000000000000185e+00 1.135000000000000009e+00 2.958449167873276497e+00 0.000000000000000000e+00
7.535967615470178238e-01 4.403999999999999915e+00 1.167999999999999927e+00 4.403999999999999915e+00 1.167999999999999927e+00 2.958413333383624888e+00 0.000000000000000000e+00
7.551987525430337023e-01 4.482999999999999652e+00 1.187999999999999945e+00 4.482999999999999652e+00 1.187999999999999945e+00 2.958377677104110148e+00 0.000000000000000000e+00
7.567983299456134683e-01 4.567999999999999616e+00 1.195000000000000062e+00 4.567999999999999616e+00 1.195000000000000062e+00 2.958342300226354915e+00 0.000000000000000000e+00
7.584000587224203338e-01 4.652999999999999581e+00 1.187000000000000055e+00 4.652999999999999581e+00 1.187000000000000055e+00 2.958307099828067166e+00 0.000000000000000000e+00
7.599992644219275562e-01 4.735000000000000320e+00 1.161999999999999922e+00 4.735000000000000320e+00 1.161999999999999922e+00 2.958272176677527732e+00 0.000000000000000000e+00
7.616005503888350070e-01 4.812000000000000277e+00 1.122999999999999998e+00 4.812000000000000277e+00 1.122999999999999998e+00 2.958237428290705573e+00 0.000000000000000000e+00
7.631992022307990675e-01 4.878000000000000114e+00 1.072999999999999954e+00 4.878000000000000114e+00 1.072999999999999954e+00 2.958202955016269176e+00 0.000000000000000000e+00
7.647998618247765501e-01 4.932000000000000384e+00 1.014000000000000012e+00 4.932000000000000384e+00 1.014000000000000012e+00 2.958168654804719910e+00 0.000000000000000000e+00
7.663977746870653807e-01 4.974999999999999645e+00 9.499999999999999556e-01 4.974999999999999645e+00 9.499999999999999556e-01 2.958134627588843824e+00 0.000000000000000000e+00
7.679976213778665350e-01 5.006000000000000227e+00 8.840000000000000080e-01 5.006000000000000227e+00 8.840000000000000080e-01 2.958100771749944347e+00 0.000000000000000000e+00
7.695993842410399077e-01 5.027000000000000135e+00 8.189999999999999503e-01 5.027000000000000135e+00 8.189999999999999503e-01 2.958067086659534883e+00 0.000000000000000000e+00
7.711982484076433941e-01 5.035999999999999588e+00 7.570000000000000062e-01 5.035999999999999588e+00 7.570000000000000062e-01 2.958033671631860706e+00 0.000000000000000000e+00
7.727989528469474401e-01 5.038000000000000256e+00 6.979999999999999538e-01 5.038000000000000256e+00 6.979999999999999538e-01 2.958000425686658996e+00 0.000000000000000000e+00
7.743966421825814184e-01 5.033999999999999808e+00 6.450000000000000178e-01 5.033999999999999808e+00 6.450000000000000178e-01 2.957967447730994959e+00 0.000000000000000000e+00
7.760009513497273526e-01 5.025999999999999801e+00 5.959999999999999742e-01 5.025999999999999801e+00 5.959999999999999742e-01 2.957934537883756931e+00 0.000000000000000000e+00
7.775972906017750708e-01 5.014999999999999680e+00 5.520000000000000462e-01 5.014999999999999680e+00 5.520000000000000462e-01 2.957901993498357474e+00 0.000000000000000000e+00
7.792002111653689722e-01 5.000000000000000000e+00 5.120000000000000107e-01 5.000000000000000000e+00 5.120000000000000107e-01 2.957869515992384457e+00 0.000000000000000000e+00
7.807999193908975455e-01 4.983999999999999986e+00 4.769999999999999796e-01 4.983999999999999986e+00 4.769999999999999796e-01 2.957837302788952627e+00 0.000000000000000000e+00
7.823963348836034948e-01 4.967999999999999972e+00 4.450000000000000067e-01 4.967999999999999972e+00 4.450000000000000067e-01 2.957805352672117305e+00 0.000000000000000000e+00
7.839992917802243166e-01 4.950999999999999623e+00 4.169999999999999818e-01 4.950999999999999623e+00 4.169999999999999818e-01 2.957773467813449741e+00 0.000000000000000000e+00
7.855988746744730911e-01 4.932999999999999829e+00 3.920000000000000151e-01 4.932999999999999829e+00 3.920000000000000151e-01 2.957741844430065381e+00 0.000000000000000000e+00
7.872000000000000108e-01 4.916000000000000369e+00 3.689999999999999947e-01 4.916000000000000369e+00 3.689999999999999947e-01 2.957710383410999011e+00 0.000000000000000000e+00
7.887976282120612304e-01 4.897999999999999687e+00 3.489999999999999769e-01 4.897999999999999687e+00 3.489999999999999769e-01 2.957679181868616336e+00 0.000000000000000000e+00
7.903967156053371967e-01 4.881000000000000227e+00 3.310000000000000164e-01 4.881000000000000227e+00 3.310000000000000164e-01 2.957648141099131323e+00 0.000000000000000000e+00
7.919972404277336731e-01 4.865000000000000213e+00 3.150000000000000022e-01 4.865000000000000213e+00 3.150000000000000022e-01 2.957617260509490809e+00 0.000000000000000000e+00
7.935991806951290251e-01 4.849000000000000199e+00 2.999999999999999889e-01 4.849000000000000199e+00 2.999999999999999889e-01 2.957586539508508139e+00 0.000000000000000000e+00
7.951974139921496043e-01 4.833000000000000185e+00 2.869999999999999774e-01 4.833000000000000185e+00 2.869999999999999774e-01 2.957556074431487936e+00 0.000000000000000000e+00
7.967969769220388798e-01 4.818999999999999950e+00 2.740000000000000213e-01 4.818999999999999950e+00 2.740000000000000213e-01 2.957525767376571135e+00 0.000000000000000000e+00
7.983978466234359361e-01 4.804000000000000270e+00 2.630000000000000115e-01 4.804000000000000270e+00 2.630000000000000115e-01 2.957495617760029560e+00 0.000000000000000000e+00
8.000000000000000444e-01 4.790000000000000036e+00 2.530000000000000027e-01 4.790000000000000036e+00 2.530000000000000027e-01 2.957465625000000209e+00 0.000000000000000000e+00
8.015982310840429337e-01 4.777000000000000135e+00 2.439999999999999947e-01 4.777000000000000135e+00 2.439999999999999947e-01 2.957435884667161563e+00 0.000000000000000000e+00
8.031976574697304860e-01 4.764000000000000234e+00 2.359999999999999876e-01 4.764000000000000234e+00 2.359999999999999876e-01 2.957406299649146586e+00 0.000000000000000000e+00
8.047982551799346407e-01 4.751999999999999780e+00 2.280000000000000082e-01 4.751999999999999780e+00 2.280000000000000082e-01 2.957376869371552974e+00 0.000000000000000000e+00
8.064000000000000057e-01 4.740000000000000213e+00 2.200000000000000011e-01 4.740000000000000213e+00 2.200000000000000011e-01 2.957347593261841823e+00 0.000000000000000000e+00
8.079976017621836037e-01 4.727999999999999758e+00 2.139999999999999958e-01 4.727999999999999758e+00 2.139999999999999958e-01 2.957318566138497307e+00 0.000000000000000000e+00
8.095962597049815024e-01 4.716999999999999638e+00 2.079999999999999905e-01 4.716999999999999638e+00 2.079999999999999905e-01 2.957289691666213471e+00 0.000000000000000000e+00
8.112012562156504236e-01 4.706999999999999851e+00 2.020000000000000129e-01 4.706999999999999851e+00 2.020000000000000129e-01 2.957260874266851580e+00 0.000000000000000000e+00
8.127966435033433523e-01 4.695999999999999730e+00 1.960000000000000075e-01 4.695999999999999730e+00 1.960000000000000075e-01 2.957232398416377972e+00 0.000000000000000000e+00
8.143983184445612311e-01 4.685999999999999943e+00 1.910000000000000031e-01 4.685999999999999943e+00 1.910000000000000031e-01 2.957203978514264531e+00 0.000000000000000000e+00
8.160009477362925034e-01 4.676999999999999602e+00 1.869999999999999996e-01 4.676999999999999602e+00 1.869999999999999996e-01 2.957175709014087328e+00 0.000000000000000000e+00
8.175991137136978670e-01 4.666999999999999815e+00 1.819999999999999951e-01 4.666999999999999815e+00 1.819999999999999951e-01 2.957147683627174395e+00 0.000000000000000000e+00
8.191981393873721817e-01 4.658000000000000362e+00 1.779999999999999916e-01 4.658000000000000362e+00 1.779999999999999916e-01 2.957119807160188518e+00 0.000000000000000000e+00
8.207979980536633802e-01 4.650000000000000355e+00 1.739999999999999880e-01 4.650000000000000355e+00 1.739999999999999880e-01 2.957092079061104606e+00 0.000000000000000000e+00
8.223986627664020554e-01 4.641000000000000014e+00 1.700000000000000122e-01 4.641000000000000014e+00 1.700000000000000122e-01 2.957064498779764961e+00 0.000000000000000000e+00
8.240001063363151523e-01 4.633000000000000007e+00 1.670000000000000095e-01 4.633000000000000007e+00 1.670000000000000095e-01 2.957037065767875283e+00 0.000000000000000000e+00
8.255968037289829198e-01 4.625000000000000000e+00 1.630000000000000060e-01 4.625000000000000000e+00 1.630000000000000060e-01 2.957009872834751363e+00 0.000000000000000000e+00
8.271997011021857693e-01 4.618000000000000327e+00 1.600000000000000033e-01 4.618000000000000327e+00 1.600000000000000033e-01 2.956982732543439241e+00 0.000000000000000000e+00
8.287977539356262691e-01 4.610000000000000320e+00 1.570000000000000007e-01 4.610000000000000320e+00 1.570000000000000007e-01 2.956955830883695846e+00 0.000000000000000000e+00
8.303964315135928809e-01 4.602999999999999758e+00 1.539999999999999980e-01 4.602999999999999758e+00 1.539999999999999980e-01 2.956929073960806509e+00 0.000000000000000000e+00
8.320012884263081610e-01 4.596000000000000085e+00 1.509999999999999953e-01 4.596000000000000085e+00 1.509999999999999953e-01 2.956902368599925612e+00 0.000000000000000000e+00
8.336011510559189208e-01 4.589000000000000412e+00 1.489999999999999936e-01 4.589000000000000412e+00 1.489999999999999936e-01 2.956875899719088263e+00 0.000000000000000000e+00
8.351959258735323077e-01 4.581999999999999851e+00 1.459999999999999909e-01 4.581999999999999851e+00 1.459999999999999909e-01 2.956849666251544662e+00 0.000000000000000000e+00
8.367968143623663035e-01 4.575999999999999623e+00 1.439999999999999891e-01 4.575999999999999623e+00 1.439999999999999891e-01 2.956823482923678803e+00 0.000000000000000000e+00
8.383981823345640905e-01 4.570000000000000284e+00 1.409999999999999865e-01 4.570000000000000284e+00 1.409999999999999865e-01 2.956797441665794501e+00 0.000000000000000000e+00
8.400000000000000799e-01 4.562999999999999723e+00 1.390000000000000124e-01 4.562999999999999723e+00 1.390000000000000124e-01 2.956771541950113491e+00 0.000000000000000000e+00
8.415965245723594501e-01 4.557000000000000384e+00 1.370000000000000107e-01 4.557000000000000384e+00 1.370000000000000107e-01 2.956745874831659293e+00 0.000000000000000000e+00
8.431991294885746724e-01 4.551999999999999602e+00 1.350000000000000089e-01 4.551999999999999602e+00 1.350000000000000089e-01 2.956720256450442896e+00 0.000000000000000000e+00
8.447963369264523958e-01 4.546000000000000263e+00 1.330000000000000071e-01 4.546000000000000263e+00 1.330000000000000071e-01 2.956694869273961412e+00 0.000000000000000000e+00
8.463996067829935299e-01 4.540000000000000036e+00 1.310000000000000053e-01 4.540000000000000036e+00 1.310000000000000053e-01 2.956669530140958013e+00 0.000000000000000000e+00
8.479973736047274890e-01 4.535000000000000142e+00 1.290000000000000036e-01 4.535000000000000142e+00 1.290000000000000036e-01 2.956644420830143005e+00 0.000000000000000000e+00
8.496011841131486664e-01 4.528999999999999915e+00 1.270000000000000018e-01 4.528999999999999915e+00 1.270000000000000018e-01 2.956619358874020165e+00 0.000000000000000000e+00
8.511993848604264556e-01 4.524000000000000021e+00 1.250000000000000000e-01 4.524000000000000021e+00 1.250000000000000000e-01 2.956594525367485460e+00 0.000000000000000000e+00
8.527977439213123567e-01 4.519000000000000128e+00 1.239999999999999991e-01 4.519000000000000128e+00 1.239999999999999991e-01 2.956569828909878517e+00 0.000000000000000000e+00
8.543962291455624580e-01 4.514000000000000234e+00 1.219999999999999973e-01 4.514000000000000234e+00 1.219999999999999973e-01 2.956545268992069264e+00 0.000000000000000000e+00
8.560007180287350081e-01 4.509000000000000341e+00 1.199999999999999956e-01 4.509000000000000341e+00 1.199999999999999956e-01 2.956520755066298634e+00 0.000000000000000000e+00
8.575993802353168993e-01 4.503999999999999559e+00 1.189999999999999947e-01 4.503999999999999559e+00 1.189999999999999947e-01 2.956496466875999651e+00 0.000000000000000000e+00
8.591980707128107353e-01 4.500000000000000000e+00 1.170000000000000068e-01 4.500000000000000000e+00 1.170000000000000068e-01 2.956472313708675692e+00 0.000000000000000000e+00
8.607967563214241613e-01 4.495000000000000107e+00 1.160000000000000059e-01 4.495000000000000107e+00 1.160000000000000059e-01 2.956448295062656939e+00 0.000000000000000000e+00
8.624014022787029887e-01 4.490000000000000213e+00 1.140000000000000041e-01 4.490000000000000213e+00 1.140000000000000041e-01 2.956424321065916683e+00 0.000000000000000000e+00
8.639999999999999902e-01 4.485999999999999766e+00 1.130000000000000032e-01 4.485999999999999766e+00 1.130000000000000032e-01 2.956400570130315764e+00 0.000000000000000000e+00
8.655984919886898776e-01 4.482000000000000206e+00 1.110000000000000014e-01 4.482000000000000206e+00 1.110000000000000014e-01 2.956376952221576815e+00 0.000000000000000000e+00
8.671968441152401175e-01 4.477000000000000313e+00 1.100000000000000006e-01 4.477000000000000313e+00 1.100000000000000006e-01 2.956353466845490274e+00 0.000000000000000000e+00
8.688011099665748915e-01 4.472999999999999865e+00 1.089999999999999997e-01 4.472999999999999865e+00 1.089999999999999997e-01 2.956330024795813305e+00 0.000000000000000000e+00
8.703991014075608268e-01 4.469000000000000306e+00 1.069999999999999979e-01 4.469000000000000306e+00 1.069999999999999979e-01 2.956306803172730202e+00 0.000000000000000000e+00
8.719968491532099630e-01 4.464999999999999858e+00 1.059999999999999970e-01 4.464999999999999858e+00 1.059999999999999970e-01 2.956283712610235259e+00 0.000000000000000000e+00
8.736004734961916318e-01 4.461000000000000298e+00 1.049999999999999961e-01 4.461000000000000298e+00 1.049999999999999961e-01 2.956260664395054416e+00 0.000000000000000000e+00
8.751976507793088889e-01 4.456999999999999851e+00 1.039999999999999952e-01 4.456999999999999851e+00 1.039999999999999952e-01 2.956237834656355368e+00 0.000000000000000000e+00
8.768006789010289737e-01 4.453000000000000291e+00 1.029999999999999943e-01 4.453000000000000291e+00 1.029999999999999943e-01 2.956215046618456022e+00 0.000000000000000000e+00
8.783971434239238318e-01 4.448999999999999844e+00 1.010000000000000064e-01 4.448999999999999844e+00 1.010000000000000064e-01 2.956192475768983474e+00 0.000000000000000000e+00
8.799994321851644097e-01 4.445999999999999730e+00 1.000000000000000056e-01 4.445999999999999730e+00 1.000000000000000056e-01 2.956169945978769587e+00 0.000000000000000000e+00
8.816013083514061544e-01 4.442000000000000171e+00 9.900000000000000466e-02 4.442000000000000171e+00 9.900000000000000466e-02 2.956147544673032090e+00 0.000000000000000000e+00
8.831964439632143948e-01 4.437999999999999723e+00 9.800000000000000377e-02 4.437999999999999723e+00 9.800000000000000377e-02 2.956125358641666256e+00 0.000000000000000000e+00
8.847973623926865816e-01 4.434999999999999609e+00 9.700000000000000289e-02 4.434999999999999609e+00 9.700000000000000289e-02 2.956103212716571171e+00 0.000000000000000000e+00
8.863977579821840092e-01 4.431000000000000050e+00 9.600000000000000200e-02 4.431000000000000050e+00 9.600000000000000200e-02 2.956081193849892319e+00 0.000000000000000000e+00
8.879975935024566613e-01 4.427999999999999936e+00 9.500000000000000111e-02 4.427999999999999936e+00 9.500000000000000111e-02 2.956059301569797348e+00 0.000000000000000000e+00
8.895968314785717146e-01 4.424000000000000377e+00 9.400000000000000022e-02 4.424000000000000377e+00 9.400000000000000022e-02 2.956037535406320416e+00 0.000000000000000000e+00
8.911954341903809418e-01 4.421000000000000263e+00 9.299999999999999933e-02 4.421000000000000263e+00 9.299999999999999933e-02 2.956015894891360407e+00 0.000000000000000000e+00
8.927997926132885675e-01 4.416999999999999815e+00 9.199999999999999845e-02 4.416999999999999815e+00 9.199999999999999845e-02 2.955994293229428749e+00 0.000000000000000000e+00
8.943970336812794297e-01 4.413999999999999702e+00 9.099999999999999756e-02 4.413999999999999702e+00 9.099999999999999756e-02 2.955972902768827293e+00 0.000000000000000000e+00
8.960000000000000187e-01 4.410999999999999588e+00 8.999999999999999667e-02 4.410999999999999588e+00 8.999999999999999667e-02 2.955951550542092132e+00 0.000000000000000000e+00
8.975957257346394158e-01 4.408000000000000362e+00 8.899999999999999578e-02 4.408000000000000362e+00 8.899999999999999578e-02 2.955930408283336863e+00 0.000000000000000000e+00
8.991971454058876878e-01 4.405000000000000249e+00 8.799999999999999489e-02 4.405000000000000249e+00 8.799999999999999489e-02 2.955909303644258745e+00 0.000000000000000000e+00
9.007977448088464456e-01 4.400999999999999801e+00 8.699999999999999400e-02 4.400999999999999801e+00 8.699999999999999400e-02 2.955888322186996930e+00 0.000000000000000000e+00
9.023974846063147481e-01 4.397999999999999687e+00 8.599999999999999312e-02 4.397999999999999687e+00 8.599999999999999312e-02 2.955867463454639132e+00 0.000000000000000000e+00
9.039963252181901776e-01 4.394999999999999574e+00 8.500000000000000611e-02 4.394999999999999574e+00 8.500000000000000611e-02 2.955846726992138684e+00 0.000000000000000000e+00
9.056008414409676410e-01 4.392000000000000348e+00 8.500000000000000611e-02 4.392000000000000348e+00 8.500000000000000611e-02 2.955826027237357323e+00 0.000000000000000000e+00
9.071977873224699174e-01 4.389000000000000234e+00 8.400000000000000522e-02 4.389000000000000234e+00 8.400000000000000522e-02 2.955805534106709320e+00 0.000000000000000000e+00
9.088003752950317704e-01 4.386000000000000121e+00 8.300000000000000433e-02 4.386000000000000121e+00 8.300000000000000433e-02 2.955785077082024870e+00 0.000000000000000000e+00
9.103952653336957468e-01 4.383000000000000007e+00 8.200000000000000344e-02 4.383000000000000007e+00 8.200000000000000344e-02 2.955764825482934732e+00 0.000000000000000000e+00
9.119957630858858133e-01 4.381000000000000227e+00 8.100000000000000255e-02 4.381000000000000227e+00 8.100000000000000255e-02 2.955744609393025968e+00 0.000000000000000000e+00
9.136018981791923510e-01 4.378000000000000114e+00 8.000000000000000167e-02 4.378000000000000114e+00 8.000000000000000167e-02 2.955724428812298132e+00 0.000000000000000000e+00
9.152001889689382885e-01 4.375000000000000000e+00 8.000000000000000167e-02 4.375000000000000000e+00 8.000000000000000167e-02 2.955704452171425078e+00 0.000000000000000000e+00
9.167973024934189530e-01 4.371999999999999886e+00 7.900000000000000078e-02 4.371999999999999886e+00 7.900000000000000078e-02 2.955684594516862607e+00 0.000000000000000000e+00
9.183999999999999941e-01 4.370000000000000107e+00 7.799999999999999989e-02 4.370000000000000107e+00 7.799999999999999989e-02 2.955664771485631892e+00 0.000000000000000000e+00
9.200014840648537140e-01 4.366999999999999993e+00 7.699999999999999900e-02 4.366999999999999993e+00 7.699999999999999900e-02 2.955645066853875846e+00 0.000000000000000000e+00
9.216017126164230966e-01 4.363999999999999879e+00 7.699999999999999900e-02 4.363999999999999879e+00 7.699999999999999900e-02 2.955625480183331710e+00 0.000000000000000000e+00
9.232006433453959771e-01 4.362000000000000099e+00 7.599999999999999811e-02 4.362000000000000099e+00 7.599999999999999811e-02 2.955606011037602343e+00 0.000000000000000000e+00
9.247982337057867319e-01 4.358999999999999986e+00 7.499999999999999722e-02 4.358999999999999986e+00 7.499999999999999722e-02 2.955586658982155779e+00 0.000000000000000000e+00
9.264013628823766222e-01 4.355999999999999872e+00 7.399999999999999634e-02 4.355999999999999872e+00 7.399999999999999634e-02 2.955567340386315411e+00 0.000000000000000000e+00
9.279961677794079655e-01 4.354000000000000092e+00 7.399999999999999634e-02 4.354000000000000092e+00 7.399999999999999634e-02 2.955548221358276439e+00 0.000000000000000000e+00
9.295964730757119154e-01 4.350999999999999979e+00 7.299999999999999545e-02 4.350999999999999979e+00 7.299999999999999545e-02 2.955529135215440029e+00 0.000000000000000000e+00
9.311953133801493809e-01 4.349000000000000199e+00 7.199999999999999456e-02 4.349000000000000199e+00 7.199999999999999456e-02 2.955510164726878664e+00 0.000000000000000000e+00
9.327996629450180377e-01 4.346000000000000085e+00 7.199999999999999456e-02 4.346000000000000085e+00 7.199999999999999456e-02 2.955491226838183660e+00 0.000000000000000000e+00
9.343954660898795561e-01 4.344000000000000306e+00 7.099999999999999367e-02 4.344000000000000306e+00 7.099999999999999367e-02 2.955472486519933550e+00 0.000000000000000000e+00
9.359967386873218054e-01 4.341999999999999638e+00 7.000000000000000666e-02 4.341999999999999638e+00 7.000000000000000666e-02 2.955453778234605977e+00 0.000000000000000000e+00
9.375964185244562987e-01 4.339000000000000412e+00 7.000000000000000666e-02 4.339000000000000412e+00 7.000000000000000666e-02 2.955435184186195219e+00 0.000000000000000000e+00
9.392015756382092739e-01 4.336999999999999744e+00 6.900000000000000577e-02 4.336999999999999744e+00 6.900000000000000577e-02 2.955416621889100259e+00 0.000000000000000000e+00
9.407979603296252602e-01 4.333999999999999631e+00 6.900000000000000577e-02 4.333999999999999631e+00 6.900000000000000577e-02 2.955398255191203027e+00 0.000000000000000000e+00
9.423997810918046669e-01 4.331999999999999851e+00 6.800000000000000488e-02 4.331999999999999851e+00 6.800000000000000488e-02 2.955379919685138468e+00 0.000000000000000000e+00
9.439998781778451420e-01 4.330000000000000071e+00 6.700000000000000400e-02 4.330000000000000071e+00 6.700000000000000400e-02 2.955361697017280687e+00 0.000000000000000000e+00
9.455982061822647555e-01 4.326999999999999957e+00 6.700000000000000400e-02 4.326999999999999957e+00 6.700000000000000400e-02 2.955343586771748132e+00 0.000000000000000000e+00
9.472019557660720235e-01 4.325000000000000178e+00 6.600000000000000311e-02 4.325000000000000178e+00 6.600000000000000311e-02 2.955325507163537146e+00 0.000000000000000000e+00
9.487966328678016925e-01 4.323000000000000398e+00 6.600000000000000311e-02 4.323000000000000398e+00 6.600000000000000311e-02 2.955307620659227030e+00 0.000000000000000000e+00
9.503966885132805187e-01 4.320999999999999730e+00 6.500000000000000222e-02 4.320999999999999730e+00 6.500000000000000222e-02 2.955289764242702066e+00 0.000000000000000000e+00
9.520021499596883485e-01 4.318999999999999950e+00 6.400000000000000133e-02 4.318999999999999950e+00 6.400000000000000133e-02 2.955271937913961811e+00 0.000000000000000000e+00
9.535983755970373066e-01 4.315999999999999837e+00 6.400000000000000133e-02 4.315999999999999837e+00 6.400000000000000133e-02 2.955254303321495968e+00 0.000000000000000000e+00
9.551999630197459679e-01 4.314000000000000057e+00 6.300000000000000044e-02 4.314000000000000057e+00 6.300000000000000044e-02 2.955236698272250884e+00 0.000000000000000000e+00
9.567995554938185654e-01 4.312000000000000277e+00 6.300000000000000044e-02 4.312000000000000277e+00 6.300000000000000044e-02 2.955219203320365029e+00 0.000000000000000000e+00
9.583971058856268765e-01 4.309999999999999609e+00 6.199999999999999956e-02 4.309999999999999609e+00 6.199999999999999956e-02 2.955201818061145236e+00 0.000000000000000000e+00
9.599999999999999645e-01 4.307999999999999829e+00 6.199999999999999956e-02 4.307999999999999829e+00 6.199999999999999956e-02 2.955184461805555607e+00 0.000000000000000000e+00
9.616008066079808625e-01 4.306000000000000050e+00 6.099999999999999867e-02 4.306000000000000050e+00 6.099999999999999867e-02 2.955167214705527901e+00 0.000000000000000000e+00
9.631994779406625184e-01 4.304000000000000270e+00 6.099999999999999867e-02 4.304000000000000270e+00 6.099999999999999867e-02 2.955150076360098854e+00 0.000000000000000000e+00
9.647959660098982537e-01 4.301999999999999602e+00 5.999999999999999778e-02 4.301999999999999602e+00 5.999999999999999778e-02 2.955133046370169936e+00 0.000000000000000000e+00
9.663977551736232519e-01 4.299999999999999822e+00 5.999999999999999778e-02 4.299999999999999822e+00 5.999999999999999778e-02 2.955116044583809387e+00 0.000000000000000000e+00
9.679973142415466691e-01 4.298000000000000043e+00 5.899999999999999689e-02 4.298000000000000043e+00 5.899999999999999689e-02 2.955099150623304638e+00 0.000000000000000000e+00
9.696021771942034961e-01 4.296000000000000263e+00 5.899999999999999689e-02 4.296000000000000263e+00 5.899999999999999689e-02 2.955082284602168041e+00 0.000000000000000000e+00
9.711971549651029489e-01 4.293999999999999595e+00 5.800000000000000294e-02 4.293999999999999595e+00 5.800000000000000294e-02 2.955065605239681314e+00 0.000000000000000000e+00
9.727973888004016745e-01 4.291999999999999815e+00 5.800000000000000294e-02 4.291999999999999815e+00 5.800000000000000294e-02 2.955048953291890879e+00 0.000000000000000000e+00
9.743952468524543775e-01 4.290000000000000036e+00 5.700000000000000205e-02 4.290000000000000036e+00 5.700000000000000205e-02 2.955032407858277921e+00 0.000000000000000000e+00
9.759983626301826920e-01 4.288000000000000256e+00 5.700000000000000205e-02 4.288000000000000256e+00 5.700000000000000205e-02 2.955015889578890942e+00 0.000000000000000000e+00
9.775990538143110031e-01 4.285999999999999588e+00 5.600000000000000117e-02 4.285999999999999588e+00 5.600000000000000117e-02 2.954999477293983379e+00 0.000000000000000000e+00
9.791972705302562918e-01 4.283999999999999808e+00 5.600000000000000117e-02 4.283999999999999808e+00 5.600000000000000117e-02 2.954983170615646859e+00 0.000000000000000000e+00
9.808007214562023401e-01 4.283000000000000362e+00 5.500000000000000028e-02 4.283000000000000362e+00 5.500000000000000028e-02 2.954966890574324712e+00 0.000000000000000000e+00
9.824016481121985445e-01 4.280999999999999694e+00 5.500000000000000028e-02 4.280999999999999694e+00 5.500000000000000028e-02 2.954950715624848456e+00 0.000000000000000000e+00
9.839999999999999858e-01 4.278999999999999915e+00 5.399999999999999939e-02 4.278999999999999915e+00 5.399999999999999939e-02 2.954934645383039182e+00 0.000000000000000000e+00
9.855957264141944618e-01 4.277000000000000135e+00 5.399999999999999939e-02 4.277000000000000135e+00 5.399999999999999939e-02 2.954918679466583598e+00 0.000000000000000000e+00
9.871966367284541466e-01 4.275000000000000355e+00 5.399999999999999939e-02 4.275000000000000355e+00 5.399999999999999939e-02 2.954902739420650182e+00 0.000000000000000000e+00
9.887948703634290570e-01 4.272999999999999687e+00 5.299999999999999850e-02 4.272999999999999687e+00 5.299999999999999850e-02 2.954886903192804670e+00 0.000000000000000000e+00
9.903982873484256100e-01 4.272000000000000242e+00 5.299999999999999850e-02 4.272000000000000242e+00 5.299999999999999850e-02 2.954871092582469938e+00 0.000000000000000000e+00
9.919989758689111703e-01 4.269999999999999574e+00 5.199999999999999761e-02 4.269999999999999574e+00 5.199999999999999761e-02 2.954855385285445113e+00 0.000000000000000000e+00
9.935968841909554872e-01 4.267999999999999794e+00 5.199999999999999761e-02 4.267999999999999794e+00 5.199999999999999761e-02 2.954839780925011095e+00 0.000000000000000000e+00
9.951999486282128160e-01 4.266000000000000014e+00 5.199999999999999761e-02 4.266000000000000014e+00 5.199999999999999761e-02 2.954824201679795870e+00 0.000000000000000000e+00
9.968001800903669718e-01 4.264999999999999680e+00 5.099999999999999672e-02 4.264999999999999680e+00 5.099999999999999672e-02 2.954808724871366366e+00 0.000000000000000000e+00
9.983975262314488397e-01 4.262999999999999901e+00 5.099999999999999672e-02 4.262999999999999901e+00 5.099999999999999672e-02 2.954793350126733387e+00 0.000000000000000000e+00
1.000000000000000000e+00 4.261000000000000121e+00 5.000000000000000278e-02 4.261000000000000121e+00 5.000000000000000278e-02 2.954778000000000127e+00 0.000000000000000000e+00
