0.3599989547068679	2.2663442481379157
0.36159905738792625	2.2661734274540937
0.3631996156617823	2.2660048118066927
0.3647993785841015	2.265838492831655
0.3663992198235738	2.265674339647448
0.36799895522299464	2.265512333376265
0.3695994991876705	2.2653523458878744
0.3711995784544728	2.2651944689959844
0.37279899932646976	2.265038684306182
0.3743998260627986	2.264884757559281
0.37599963608242737	2.2647328885587834
0.37759937627151685	2.264582952281292
0.3791988695968657	2.2644349323227235
0.3807991056208902	2.264288706220169
0.3823999309123883	2.2641442591841208
0.38400000000000006	2.2640016818576387
0.3855991242038217	2.263860958376789
0.38719953030383475	2.2637218641297157
0.388799864529664	2.2635844901257762
0.3903999596954488	2.263448822178237
0.39199964589011216	2.2633148462187673
0.3936	2.2631824455515894
0.39519961749940236	2.263051709922451
0.3967995903475645	2.262922523690104
0.3983997686412493	2.2627948744761386
0.4	2.26266875
0.40159882873486524	2.2625442387780748
0.4032	2.262421026628244
0.4047994514912582	2.26229940366078
0.4063996538601477	2.2621791577776005
0.40799913124459086	2.262060377477152
0.4095990696936861	2.261942952323643
0.411199331383201	2.2618268718634327
0.41279977626028386	2.2617121257221426
0.41439887696781313	2.2615988011933235
0.4159992484205088	2.261486692508352
0.41759936947830395	2.2613758874976666
0.41919909116728205	2.261266376103932
0.42079969046867527	2.2611580522445105
0.42239960752649713	2.2610510028528528
0.42399868680236374	2.2609452181006007
0.42559969243021323	2.260840498196974
0.4271995865276941	2.260737024935948
0.42879969011765845	2.260634694397765
0.43039987225194143	2.260533498104437
0.432	2.2604334276406033
0.43359993844884087	2.260334474653529
0.4351995507037804	2.260236630853105
0.4367986978900605	2.2601398880118486
0.438398789297446	2.2600441457183567
0.4399997160925822	2.2599493968763285
0.441599794843301	2.2598557260149654
0.443198878991092	2.2597631251416317
0.44480001148019127	2.259671404487981
0.4463998963066443	2.2595807393270633
0.448	2.2594910315688774
0.44959857270294384	2.2594023643668115
0.4511987423031574	2.2593145507582917
0.4527987670597516	2.259227674313886
0.4543985222812284	2.2591417283825246
0.4559995586531566	2.2590566176750855
0.45760009448446914	2.2589724249424545
0.4592	2.2588891436705554
0.46079914369497105	2.25880676739326
0.46239911685289337	2.2587252022337916
0.46399982036398746	2.2586444427260797
0.46559940515755444	2.258564570296407
0.46719949355068446	2.2584854920967583
0.4687999818505621	2.258407202772616
0.47039898016481263	2.2583297829755926
0.47199993908892257	2.2582530551882147
0.4735991688025944	2.2581771858160917
0.4752001655749706	2.25810199857796
0.47679918779851865	2.2580276587919546
0.4783997777469093	2.257953991397367
0.48	2.257881076388889
0.48159973897033126	2.257808908693819
0.4831988775868116	2.2577374832746835
0.48479919293978724	2.257666711711644
0.48639869440020084	2.257596673003574
0.48799918131509135	2.2575272793422174
0.48959863526512815	2.257458609236857
0.4911988780203716	2.2573905754836416
0.4927998219332171	2.2573231740461335
0.49439940664415005	2.2572564827098294
0.4959994879344556	2.2571904151616664
0.4975999743141064	2.2571249674434894
0.4991987631157244	2.257060216632666
0.5007997673404101	2.256995996538864
0.5023988589211619	2.256932465044041
0.504	2.256869457042076
0.5055990082455897	2.256807129435091
0.5071998952742506	2.2567453181881305
0.5087984241628366	2.256684179236528
0.5103986563256434	2.256623549603446
0.511998414251911	2.256563505284323
0.5135997216261672	2.2565039638257463
0.5151982314785188	2.256445079262743
0.516800260100789	2.2563866124400516
0.5183992774922962	2.2563287951984194
0.5199994967097399	2.256271467651208
0.5215986537652504	2.2562147044496808
0.5231988454380878	2.2561584247220567
0.5248	2.256102625622769
0.5263998097923	2.256047381146815
0.5279981602851558	2.25599268778127
0.5295994600805608	2.2559383893151823
0.5311991225514558	2.255884635925559
0.5320996184696728	2.2558545896400872
0.5327993193040056	2.255831348260603
0.5343999724145067	2.2557785235765153
0.5359986857691277	2.255726234594246
0.5376000000000001	2.255674327478387
0.5391991858781165	2.255622950208495
0.5407984785899042	2.2555720246582176
0.5424001679907605	2.2555214736069957
0.5439994383797256	2.2554714437459875
0.5455985636584464	2.255421857665451
0.5471998728920157	2.255372638845781
0.548798463166002	2.2553239327132224
0.5503990908364483	2.2552755890875034
0.5519992520335338	2.255227679302019
0.5535988569387391	2.2551802008008486
0.5552003009215722	2.255133078203721
0.5567985341734293	2.255086454875118
0.5583984506947104	2.255040182832874
0.56	2.2549942602040813
0.561598043212393	2.2549488291440842
0.5632001162885774	2.2549036711534174
0.5647984912467713	2.2548589998075803
0.5663982019104702	2.2548146692582574
0.5679991937035578	2.2547706776853818
0.5695987944999059	2.254727094276104
0.5711995356101337	2.254683845831299
0.5727987138085404	2.2546410011620366
0.5743988881167478	2.254598487490937
0.5760000000000001	2.2545563030478393
0.5775992993375386	2.2545145160863767
0.5791993870905956	2.254473054451841
0.5808002023694084	2.2544319164034277
0.5823989477887123	2.2543911696471186
0.583998266620192	2.2543507426410923
0.5855980956159492	2.2543106336739
0.5871983707878472	2.254270841042898
0.588799027406433	2.2542313630542505
0.5904	2.2541921980229285
0.5919983956683046	2.2541534125847282
0.593599785510466	2.254114868263907
0.5951984330819415	2.254076699843886
0.5967999691934459	2.2540387696030426
0.5983985945471131	2.2540012116098205
0.6000000000000001	2.253963888888889
0.6015983230708766	2.2539269348015387
0.6031993149885183	2.253890213110905
0.6048000000000001	2.2538537896125526
0.6064003051956627	2.25381766270952
0.6080001569235145	2.2537818308136517
0.6095994807902216	2.2537462923456
0.6111982016622793	2.2537110457348244
0.6127992724540836	2.2536760234260353
0.6143996194195157	2.2536412902033245
0.6159991653127842	2.2536068445196347
0.6175978321511119	2.2535726848367164
0.6191986335918654	2.2535387443136083
0.620798429778136	2.2535050870774804
0.6224002650562492	2.2534716466380122
0.6239978257915477	2.2534385516067084
0.6256004521051144	2.253405606056841
0.6271986402197502	2.253373002923771
0.6287986367509231	2.2533406116017476
0.6304004067624254	2.25330843110637
0.631997471683879	2.2532765884339154
0.6335994112897457	2.2532448901568234
0.6351997294929531	2.2532134631213294
0.6367983400017463	2.2531823058801876
0.6383984429306271	2.2531513536476764
0.64	2.25312060546875
0.641599652249511	2.253090123423167
0.6432006474338688	2.253059843218712
0.6447995922676473	2.2530298266321256
0.646399766431882	2.253000009697042
0.6479977421681458	2.2529704538904456
0.6496002347245654	2.252941033313644
0.6512004117798449	2.25291187170767
0.6527981803535042	2.252882967695732
0.6544003546885392	2.2528541963129816
0.6560000000000001	2.2528256803985722
0.6576005091757717	2.252797357098728
0.6591983326510105	2.2527692868613456
0.6608004178503094	2.2527413459450654
0.6623996922649514	2.252713656006651
0.6639996144020822	2.2526861548114097
0.6656001374319551	2.252658841476707
0.6671976236089288	2.2526317757364382
0.6687991887066236	2.252604835345417
0.6703975862572389	2.2525781405144656
0.6720000000000002	2.2525515695861675
0.6735991133422434	2.2525252422018407
0.6751985013015586	2.2524990971809946
0.6767981134547361	2.252473133670352
0.6783978988837821	2.252447350820547
0.6799978061756157	2.252421747786131
0.6815977834218425	2.2523963237255664
0.6831977782186075	2.2523710778012322
0.6847977376665267	2.2523460091794205
0.6863976083707025	2.2523211170303377
0.6879973364408191	2.2522964005281034
0.689600703038528	2.2522718002069397
0.6912	2.2522474326721107
0.6927989897240181	2.252223238329324
0.6943976163406124	2.252199216368357
0.6959997305459812	2.2521753078782574
0.6975974793225679	2.2521516283989964
0.699198637514592	2.252128061054909
0.7007992403260267	2.252104663154115
0.7023992295272357	2.2520814339040034
0.7039985463960844	2.25205837251588
0.7055971317189768	2.252035478204963
0.7071989595988981	2.252012693005887
0.708799972559041	2.2519900735842033
0.7104001100116315	2.2519676191649154
0.7119993108794901	2.2519453289769413
0.7135975135975137	2.2519232022531135
0.7151987816977781	2.251901181685313
0.7167989639762039	2.2518793233112
0.7183979974968712	2.251857626373393
0.7200000000000001	2.2518360339506174
0.7216007635986917	2.251814601709997
0.7232002239876808	2.251793328903935
0.7247983163802175	2.2517722147887484
0.7263992313235647	2.2517512029516733
0.7279986847358902	2.251730348574156
0.7296009038803299	2.2517095954936104
0.7311972541179385	2.251689053958441
0.7328006052295616	2.2516685573185704
0.7343979528976924	2.2516482707719367
0.7359979104459893	2.251628083344066
0.7376004664140258	2.2516079946758385
0.7391967948106458	2.251588113826417
0.7408000477997192	2.251568275956984
0.7423969342235262	2.2515486444855317
0.7440007200936122	2.25152905528659
0.7455979986529395	2.2515096710765454
0.7471976472289854	2.251490382560408
0.7487996521255972	2.2514711893898203
0.7503994577059023	2.2514521451094742
0.7519969916238559	2.251433249028527
0.7535967615470178	2.2514144467963053
0.7551987525430337	2.2513957380703227
0.7567983299456135	2.251377175945473
0.7584000587224203	2.2513587064187868
0.7599992644219276	2.251340382363031
0.761600550388835	2.25132215000519
0.7631992022307991	2.251304061997862
0.7647998618247766	2.25128606479603
0.7663977746870654	2.251268210834079
0.7679976213778665	2.2512504467930325
0.7695993842410399	2.2512327723431254
0.7711982484076434	2.251215239594197
0.7727989528469474	2.2511977955622546
0.7743966421825814	2.251180492143492
0.7760009513497274	2.251163224460983
0.7775972906017751	2.2511461485350317
0.779200211165369	2.251129107700483
0.7807999193908975	2.251112205544559
0.7823963348836035	2.2510954414292588
0.7839992917802243	2.2510787115546917
0.7855988746744731	2.2510621188752977
0.7872	2.251045611387897
0.7887976282120612	2.2510292400470115
0.7903967156053372	2.251012953063106
0.7919972404277337	2.250996750125009
0.793599180695129	2.250980630922526
0.7951974139921496	2.250964646002457
0.7967969769220389	2.2509487439960365
0.7983978466234359	2.250932924596985
0.8	2.2509171875
0.8015982310840429	2.250901582850685
0.8031976574697305	2.2508860596945186
0.8047982551799346	2.2508706177301137
0.8064	2.250855256657061
0.8079976017621836	2.2508400262262898
0.8095962597049815	2.2508248758909994
0.8112012562156504	2.2508097555016735
0.8127966435033434	2.2507948143218623
0.8143983184445612	2.2507799024979613
0.8160009477362925	2.250765069589434
0.8175991137136979	2.2507503647662883
0.8191981393873722	2.2507357380809108
0.8207979980536634	2.2507211892436563
0.822398662766402	2.250706717965858
0.8240001063363152	2.2506923239598287
0.8255968037289829	2.250678055922294
0.8271997011021858	2.250663815505735
0.8287977539356263	2.2506497002983306
0.8303964315135929	2.250635661033851
0.8320012884263082	2.2506216488237785
0.8336011510559189	2.2506077606939625
0.8351959258735323	2.2505939960846844
0.8367968143623663	2.2505802577835206
0.8383981823345641	2.250566594025983
0.8400000000000001	2.2505530045351474
0.8415965245723595	2.2505395370872683
0.8431991294885747	2.250526095211649
0.8447963369264524	2.250512774648351
0.8463996067829935	2.2504994792932984
0.8479973736047275	2.25048630452515
0.8496011841131487	2.250473154603844
0.8511993848604265	2.2504601245492433
0.8527977439213124	2.2504471664037387
0.8543962291455625	2.2504342799001917
0.856000718028735	2.2504214175285076
0.8575993802353169	2.2504086735994413
0.8591980707128107	2.2503960005164605
0.8607967563214242	2.2503833980163415
0.862401402278703	2.250370818943544
0.864	2.2503583569101506
0.8655984919886899	2.2503459646754904
0.8671968441152401	2.2503336419802515
0.8688011099665749	2.25032134201823
0.8703991014075608	2.2503091577132763
0.87199684915321	2.2502970421753576
0.8736004734961916	2.2502849488569274
0.8751976507793089	2.2502729701723485
0.876800678901029	2.2502610133680343
0.8783971434239238	2.2502491705217333
0.8799994321851644	2.250237349219082
0.8816013083514062	2.2502255953317896
0.8831964439632144	2.250213954398212
0.8847973623926866	2.250202334508255
0.886397757982184	2.250190781285408
0.8879975935024567	2.2501792944821015
0.8895968314785717	2.2501678738517463
0.8911954341903809	2.2501565191487316
0.8927997926132886	2.2501451848317657
0.8943970336812794	2.250133961331404
0.896	2.2501227578922194
0.8975957257346394	2.250111664622504
0.8991971454058877	2.250100591091703
0.9007977448088464	2.250089582193972
0.9023974846063147	2.250078637689573
0.9039963252181902	2.2500677573397425
0.9056008414409676	2.2500568962503253
0.9071977873224699	2.2500461435758727
0.9088003752950318	2.2500354098460935
0.9103952653336957	2.2500247839024103
0.9119957630858858	2.250014176590271
0.9136018981791924	2.2500035879096756
0.9152001889689383	2.2499931062356135
0.916797302493419	2.2499826869932553
0.9184	2.249972285917639
0.9200014840648537	2.2499619469658154
0.9216017126164231	2.24995166990783
0.923200643345396	2.2499414545147065
0.9247982337057867	2.2499313005584476
0.9264013628823766	2.249921164158328
0.927996167779408	2.2499111324707406
0.9295964730757119	2.2499011180379043
0.9311953133801494	2.2498911642884645
0.932799662945018	2.249881227644061
0.9343954660898796	2.249871394664184
0.9359967386873218	2.2498615784918705
0.9375964185244563	2.2498518222592696
0.9392015756382093	2.2498420826864742
0.9407979603296253	2.249832445743898
0.9423997810918047	2.249822825167568
0.9439998781778451	2.2498132637970536
0.9455982061822648	2.249803761414142
0.947201955766072	2.249794275106527
0.9487966328678017	2.249784890119858
0.9503966885132805	2.249775520920145
0.9520021499596883	2.2497661675073886
0.9535983755970373	2.2497569146979886
0.955199963019746	2.249747677389814
0.9567995554938186	2.2497384978493415
0.9583971058856269	2.24972937586423
0.96	2.2497202690972222
0.9616008066079809	2.2497112196037583
0.9631994779406625	2.249702227173455
0.9647959660098983	2.2496932915969055
0.9663977551736233	2.2496843708186707
0.9679973142415467	2.249675506616288
0.9696021771942035	2.2496666570735946
0.971197154965103	2.249657905470046
0.9727973888004017	2.2496491682508934
0.9743952468524544	2.24964048691936
0.9759983626301827	2.2496318198355545
0.977599053814311	2.249623208366684
0.9791972705302563	2.2496146523092144
0.9808007214562023	2.2496061102280933
0.9824016481121985	2.2495976232882993
0.984	2.2495891912882544
0.9855957264141945	2.2495808140273597
0.9871966367284541	2.2495724503406382
0.9887948703634291	2.2495641411269065
0.9903982873484256	2.2495558453545943
0.9919989758689112	2.2495476037904165
0.9935968841909555	2.2495394162367104
0.9951999486282128	2.2495312418608724
0.996800180090367	2.24952312123326
0.9983975262314488	2.2495150541581665
1.	2.249507