nan,-5.000000000000000000e+00,-4.919354838709677047e+00,-4.838709677419354982e+00,-4.758064516129032029e+00,-4.677419354838709964e+00,-4.596774193548387011e+00,-4.516129032258064058e+00,-4.435483870967741993e+00,-4.354838709677419040e+00,-4.274193548387096975e+00,-4.193548387096774022e+00,-4.112903225806451957e+00,-4.032258064516129004e+00,-3.951612903225806495e+00,-3.870967741935483986e+00,-3.790322580645161032e+00,-3.709677419354838968e+00,-3.629032258064516014e+00,-3.548387096774193505e+00,-3.467741935483870996e+00,-3.387096774193548487e+00,-3.306451612903225978e+00,-3.225806451612903025e+00,-3.145161290322580960e+00,-3.064516129032258007e+00,-2.983870967741935498e+00,-2.903225806451612989e+00,-2.822580645161290480e+00,-2.741935483870967971e+00,-2.661290322580645018e+00,-2.580645161290322509e+00,-2.500000000000000000e+00,-2.419354838709677491e+00,-2.338709677419354982e+00,-2.258064516129032473e+00,-2.177419354838709964e+00,-2.096774193548387011e+00,-2.016129032258064502e+00,-1.935483870967741993e+00,-1.854838709677419484e+00,-1.774193548387096975e+00,-1.693548387096774466e+00,-1.612903225806451513e+00,-1.532258064516129004e+00,-1.451612903225806495e+00,-1.370967741935483986e+00,-1.290322580645161477e+00,-1.209677419354838968e+00,-1.129032258064516014e+00,-1.048387096774193505e+00,-9.677419354838709964e-01,-8.870967741935489315e-01,-8.064516129032259784e-01,-7.258064516129030253e-01,-6.451612903225809603e-01,-5.645161290322580072e-01,-4.838709677419359423e-01,-4.032258064516129892e-01,-3.225806451612900361e-01,-2.419354838709679711e-01,-1.612903225806450180e-01,-8.064516129032295311e-02,0.000000000000000000e+00,8.064516129032206493e-02,1.612903225806450180e-01,2.419354838709679711e-01,3.225806451612900361e-01,4.032258064516129892e-01,4.838709677419350541e-01,5.645161290322580072e-01,6.451612903225800721e-01,7.258064516129030253e-01,8.064516129032259784e-01,8.870967741935480433e-01,9.677419354838709964e-01,1.048387096774193061e+00,1.129032258064516014e+00,1.209677419354838968e+00,1.290322580645161032e+00,1.370967741935483986e+00,1.451612903225806051e+00,1.532258064516129004e+00,1.612903225806451069e+00,1.693548387096774022e+00,1.774193548387096975e+00,1.854838709677419040e+00,1.935483870967741993e+00,2.016129032258064058e+00,2.096774193548387011e+00,2.177419354838709076e+00,2.258064516129032029e+00,2.338709677419354982e+00,2.419354838709677047e+00,2.500000000000000000e+00,2.580645161290322065e+00,2.661290322580645018e+00,2.741935483870967971e+00,2.822580645161290036e+00,2.903225806451612989e+00,2.983870967741935054e+00,3.064516129032258007e+00,3.145161290322580072e+00,3.225806451612902137e+00,3.306451612903225978e+00,3.387096774193548043e+00,3.467741935483870108e+00,3.548387096774193949e+00,3.629032258064516014e+00,3.709677419354838079e+00,3.790322580645161921e+00,3.870967741935483986e+00,3.951612903225806051e+00,4.032258064516128115e+00,4.112903225806451957e+00,4.193548387096774022e+00,4.274193548387096087e+00,4.354838709677419928e+00,4.435483870967741993e+00,4.516129032258064058e+00,4.596774193548386123e+00,4.677419354838709964e+00,4.758064516129032029e+00,4.838709677419354094e+00,4.919354838709677935e+00,5.000000000000000000e+00
5.636363636363636020e-01,2.994495590545365529e-02,3.013500960038253962e-02,3.033395559917968776e-02,3.054183452581219621e-02,3.075873662271074588e-02,3.098480394578201347e-02,3.122023363722570277e-02,3.146528233379208145e-02,3.172027177122502956e-02,3.198559563937876382e-02,3.226172772148066387e-02,3.254923130712059076e-02,3.284876978950510007e-02,3.316111822508409357e-02,3.348717542117733703e-02,3.382797578609375577e-02,3.418469967185840119e-02,3.455868018653294321e-02,3.495140335081237809e-02,3.536449689577832178e-02,3.579970080192194926e-02,3.625880973284089509e-02,3.674357377434708805e-02,3.725553953983397337e-02,3.779580944540060494e-02,3.836469445632181147e-02,3.896123811336792142e-02,3.958260263050557282e-02,4.022333902020399504e-02,4.087462060645209033e-02,4.152360553116671293e-02,4.215319492583417121e-02,4.274252505686801373e-02,4.326849630617609493e-02,4.370841824459777841e-02,4.404342931302736991e-02,4.426187680923904244e-02,4.436160319941900160e-02,4.435032212471230056e-02,4.424394436085448551e-02,4.406347016683153511e-02,4.383147775619618269e-02,4.356914682780445996e-02,4.329432986266715244e-02,4.302072059988974045e-02,4.275787177227141633e-02,4.251172030052276229e-02,4.228532140798701294e-02,4.207958885192827209e-02,4.189392898706423285e-02,4.172671455024044157e-02,4.157555180880515011e-02,4.143716853568078784e-02,4.130557760803257178e-02,4.118317048186686397e-02,4.111783870080036596e-02,4.105564583503649306e-02,4.099626821779080860e-02,4.093863206727169773e-02,4.088172881364316585e-02,4.082469583197184670e-02,4.076682351306253060e-02,4.070754987650514883e-02,4.064645476093056708e-02,4.058325755124868317e-02,4.051782157626614839e-02,4.045017078801881050e-02,4.038053284952267813e-02,4.030945287684893630e-02,4.023816758075583061e-02,4.017089826730212837e-02,4.018578945304936145e-02,4.015026608764035027e-02,4.009831773012768191e-02,4.003772535399068022e-02,3.997076134115088580e-02,3.989811413615330232e-02,3.981957797647709546e-02,3.973418035754260058e-02,3.964013919218155324e-02,3.953476412632560971e-02,3.941436865613996698e-02,3.927426172615897104e-02,3.910890040315332522e-02,3.891228718368027611e-02,3.867866365954293617e-02,3.840346824344749443e-02,3.808439506017971543e-02,3.772226391030390064e-02,3.732137443578371211e-02,3.688913934038021841e-02,3.643504641214459494e-02,3.596925562286330119e-02,3.550124762773369108e-02,3.503885573080155191e-02,3.458781362328346154e-02,3.415176113689416537e-02,3.373254825740240603e-02,3.333066791738934637e-02,3.294569195555037411e-02,3.257664102382105270e-02,3.222226438769021373e-02,3.188123289886771183e-02,3.155226075190860346e-02,3.123417447669786517e-02,3.092594572456603200e-02,3.062670084762473752e-02,3.033571665500758158e-02,3.005240871334544095e-02,2.977631629094202453e-02,2.950708645049804693e-02,2.924445872821476722e-02,2.898825115230095964e-02,2.873834793193135589e-02,2.849468889951304804e-02,2.825726065220220476e-02,2.802608927073826917e-02,2.780123446728569730e-02,2.758278501148380205e-02,2.737085529445716647e-02,2.716558290754894633e-02,2.696712713221176283e-02,2.677566825777513704e-02,2.659140766365199887e-02,2.641456862159983349e-02
5.674242424242423866e-01,3.173058273875501573e-02,3.192632743567748455e-02,3.213100163201251108e-02,3.234465892701416517e-02,3.256738762646578522e-02,3.279931221299082350e-02,3.304059559369838805e-02,3.329144217326100719e-02,3.355210180446053375e-02,3.382287466750336785e-02,3.410411712128315342e-02,3.439624855033560774e-02,3.469975919456542990e-02,3.501521888614057137e-02,3.534328651651261893e-02,3.568471989784800097e-02,3.604038544101291486e-02,3.641126670978104413e-02,3.679847037771050849e-02,3.720322734315715391e-02,3.762688566428569470e-02,3.807089046055680409e-02,3.853674389064277311e-02,3.902593569603089729e-02,3.953983164466310513e-02,4.007950382814877421e-02,4.064548397329692531e-02,4.123742041531360675e-02,4.185362417221728110e-02,4.249050435447011137e-02,4.314192397104226612e-02,4.379855935799750744e-02,4.444741938133724146e-02,4.507175904779912867e-02,4.565166728448112610e-02,4.616555880248975757e-02,4.659259764754121458e-02,4.691572968069023658e-02,4.712462521259031673e-02,4.721765315154275583e-02,4.720220779313132747e-02,4.709325876428403779e-02,4.691061845952293474e-02,4.667578673149840041e-02,4.640919335940106583e-02,4.612832596222527642e-02,4.584683743060159050e-02,4.557445067669421701e-02,4.531737009605659589e-02,4.507892613385991454e-02,4.486025216824553880e-02,4.466086524909472499e-02,4.447905021054102820e-02,4.431181649696184360e-02,4.415271148818148556e-02,4.400557325777215006e-02,4.391680027834812122e-02,4.383430989366546987e-02,4.375639789624067438e-02,4.368151171618173123e-02,4.360836869111460457e-02,4.353592796214528216e-02,4.346336525759584429e-02,4.339005715544851788e-02,4.331557626826366275e-02,4.323970242785755980e-02,4.316246535409450774e-02,4.308426887691284290e-02,4.300630817825190633e-02,4.293298043034304845e-02,4.294664194198597601e-02,4.290646763646263628e-02,4.284580220734463679e-02,4.277375340448150154e-02,4.269241987136858374e-02,4.260194917511073154e-02,4.250138365570985816e-02,4.238884426631048252e-02,4.226154841039864163e-02,4.211581344713410946e-02,4.194713572475131103e-02,4.175042303501101670e-02,4.152044366447033008e-02,4.125251272919418233e-02,4.094335506238586109e-02,4.059197716476590362e-02,4.020029601244858725e-02,3.977327562999385252e-02,3.931845014047510162e-02,3.884492484164817072e-02,3.836213568754402031e-02,3.787870867254340690e-02,3.740167378475622167e-02,3.693612270906881934e-02,3.648525028249030577e-02,3.605064249702050888e-02,3.563266899045581387e-02,3.523087484990698043e-02,3.484431323635287653e-02,3.447179807194492018e-02,3.411207930748084982e-02,3.376395412725861911e-02,3.342633020613983152e-02,3.309825571442818332e-02,3.277892777761737264e-02,3.246768795788732009e-02,3.216401064666182807e-02,3.186748820835984958e-02,3.157781525200603623e-02,3.129477341389094724e-02,3.101821738793270750e-02,3.074806253626946942e-02,3.048427417110173565e-02,3.022685846279140123e-02,2.997585485951638137e-02,2.973132987442079697e-02,2.949337209037120044e-02,2.926208823961044120e-02,2.903760022931445306e-02,2.882004300049413256e-02,2.860956312470037954e-02,2.840631805946580019e-02,2.821047599886272739e-02,2.802221626985802044e-02,2.784173023838450167e-02
5.712121212121211711e-01,3.363633429589421575e-02,3.382571954784557855e-02,3.402419892851775429e-02,3.423185187364700260e-02,3.444878340324384475e-02,3.467512489459403241e-02,3.491103542618856359e-02,3.515670373311086117e-02,3.541235081803272705e-02,3.567823326293497604e-02,3.595464728360648482e-02,3.624193355983502257e-02,3.654048285586241479e-02,3.685074241372368609e-02,3.717322304997067867e-02,3.750850680472098131e-02,3.785725486773656306e-02,3.822021532075796368e-02,3.859822996297029157e-02,3.899223909242415659e-02,3.940328255474546265e-02,3.983249458352491890e-02,4.028108887600973659e-02,4.075032890155893400e-02,4.124147657384365923e-02,4.175571013416856658e-02,4.229399953367050241e-02,4.285692518346168739e-02,4.344442457292396753e-02,4.405545263083029267e-02,4.468754859985888533e-02,4.533631855893642537e-02,4.599487304927317444e-02,4.665330642630129143e-02,4.729836535351826521e-02,4.791351231567134855e-02,4.847961205346271868e-02,4.897640628060120904e-02,4.938475676478578519e-02,4.968934439436852729e-02,4.988121748507108599e-02,4.995945841622728700e-02,4.993141668066500283e-02,4.981140747922575135e-02,4.961828465368172542e-02,4.937260684517970344e-02,4.909410387299771583e-02,4.879989050744339141e-02,4.850354590590655324e-02,4.821492855940343047e-02,4.794048270688642394e-02,4.768378731402946047e-02,4.744614435472355868e-02,4.722703095663427497e-02,4.702408722801475205e-02,4.683027069508576001e-02,4.665070222204369121e-02,4.653346831513800047e-02,4.642642458409179662e-02,4.632651058144444944e-02,4.623166564249951704e-02,4.614032414527793891e-02,4.605127766084787105e-02,4.596362289903987985e-02,4.587675198273297866e-02,4.579038983222337433e-02,4.570473378238116419e-02,4.562094045416666827e-02,4.554378098825989651e-02,4.556223917141662832e-02,4.552162395568091352e-02,4.545526064512183523e-02,4.537450069902646682e-02,4.528129277650169010e-02,4.517515201263219704e-02,4.505426936390763415e-02,4.491581071745755910e-02,4.475605521137173554e-02,4.457056528548080515e-02,4.435448704536586878e-02,4.410303733780007729e-02,4.381218112188798447e-02,4.347942487783548748e-02,4.310456362964550092e-02,4.269016204611129212e-02,4.224157323186006341e-02,4.176642098644210016e-02,4.127365029561019111e-02,4.077239766160870027e-02,4.027097135821496032e-02,3.977615277923409604e-02,3.929289116456092384e-02,3.882433973945083328e-02,3.837211550477338806e-02,3.793665868883774189e-02,3.751759748197844996e-02,3.711406320112922708e-02,3.672493431549041926e-02,3.634900928360648709e-02,3.598511891724602563e-02,3.563219237932108846e-02,3.528929025027112421e-02,3.495561570964119541e-02,3.463051213832938485e-02,3.431345299729688519e-02,3.400402789919362151e-02,3.370192736464360656e-02,3.340692776257879471e-02,3.311887727169920970e-02,3.283768327498667872e-02,3.256330133715234360e-02,3.229572576123417027e-02,3.203498163670616405e-02,3.178111825120112643e-02,3.153420372396006921e-02,3.129432072024652262e-02,3.106156311518686389e-02,3.083603348856635978e-02,3.061784134647935890e-02,3.040710198006182224e-02,3.020393588506114363e-02,3.000846867849186334e-02,2.982083146000406165e-02,2.964116157597702569e-02,2.946960375387513986e-02
5.749999999999999556e-01,3.560174001948189504e-02,3.577103234926841402e-02,3.594955447686420252e-02,3.613742536249130860e-02,3.633478513828441309e-02,3.654179523388929873e-02,3.675863891732508021e-02,3.698552228593258995e-02,3.722267574556244185e-02,3.747035601784922537e-02,3.772884871471881424e-02,3.799847151500378856e-02,3.827957796847526045e-02,3.857256193530851640e-02,3.887786264045726969e-02,3.919597027761969471e-02,3.952743202941728234e-02,3.987285826924522047e-02,4.023292856242972199e-02,4.060839687134443904e-02,4.100009506626849792e-02,4.140893341880581835e-02,4.183589616708018738e-02,4.228202944392284862e-02,4.274841779984673434e-02,4.323614418919845964e-02,4.374622661012400604e-02,4.427952266489282307e-02,4.483659136279236762e-02,4.541750003513540801e-02,4.602156424989964356e-02,4.664701176157640128e-02,4.729057030422676583e-02,4.794699663012425006e-02,4.860859367385025886e-02,4.926480487321504426e-02,4.990202420416799123e-02,5.050380121609198553e-02,5.105162277138279581e-02,5.152638065635786746e-02,5.191046406323764073e-02,5.219017193436600865e-02,5.235791349697470343e-02,5.241358902503363143e-02,5.236470971341797287e-02,5.222519078060268438e-02,5.201316708694578295e-02,5.174843683629987146e-02,5.145013893469191357e-02,5.113506459882482397e-02,5.081673055237701658e-02,5.050512165436246009e-02,5.020689578131018460e-02,4.992581499554277213e-02,4.966315467795934246e-02,4.941762138209117305e-02,4.918120113634390222e-02,4.896042946745222252e-02,4.880944119648654433e-02,4.867351405334591902e-02,4.854826889656086580e-02,4.843113477305990844e-02,4.832029377053134733e-02,4.821445075077439302e-02,4.811280383104088454e-02,4.801518134301933222e-02,4.792260738056026287e-02,4.784025523089054793e-02,4.786632051989614389e-02,4.782676938056552168e-02,4.775416411999698629e-02,4.766368685794901416e-02,4.755718438226898964e-02,4.743345663053510214e-02,4.728978909234374250e-02,4.712244625923800445e-02,4.692699562258497575e-02,4.669869182377957284e-02,4.643300378814231577e-02,4.612628798797969304e-02,4.577653174101424527e-02,4.538401493054257385e-02,4.495169877873991110e-02,4.448518222576328118e-02,4.399217826818714594e-02,4.348161460132691364e-02,4.296258268547546028e-02,4.244338824312950120e-02,4.193088884035876124e-02,4.143018666799567346e-02,4.094463696855033669e-02,4.047607185380916461e-02,4.002512898558607812e-02,3.959159694411802655e-02,3.917472265597576886e-02,3.877345640151867723e-02,3.838663071014724454e-02,3.801308081347017781e-02,3.765171873909058803e-02,3.730157339385096332e-02,3.696180727182211273e-02,3.663171808646093625e-02,3.631073137809192469e-02,3.599838827920461698e-02,3.569433119360576612e-02,3.539828911776851661e-02,3.511006362442441187e-02,3.482951605842689313e-02,3.455655619428549957e-02,3.429113242019026647e-02,3.403322340585772376e-02,3.378283115379154128e-02,3.353997530697657575e-02,3.330468857825102935e-02,3.307701316966835808e-02,3.285699805899904707e-02,3.264469704204104455e-02,3.244016743178865236e-02,3.224346932770904423e-02,3.205466537989361264e-02,3.187382098347064235e-02,3.170100484834397631e-02,3.153628989814247913e-02,3.137975446032602311e-02,3.123148371685000729e-02
5.787878787878787401e-01,3.762965307858451985e-02,3.776476838922292883e-02,3.790906339886677967e-02,3.806270233400536190e-02,3.822587012547967039e-02,3.839877201876328722e-02,3.858163347080645345e-02,3.877470036223662486e-02,3.897823955694322551e-02,3.919253984331406288e-02,3.941791329210103667e-02,3.965469706437710351e-02,3.990325569827298663e-02,4.016398389373781325e-02,4.043730979837135975e-02,4.072369877164648544e-02,4.102365756554591375e-02,4.133773880135845763e-02,4.166654553753854767e-02,4.201073560195046908e-02,4.237102518972681031e-02,4.274819098736572232e-02,4.314306975120724141e-02,4.355655381529631442e-02,4.398958039581291751e-02,4.444311176058914764e-02,4.491810231123112562e-02,4.541544737017706723e-02,4.593590701121236242e-02,4.647999675080231180e-02,4.704783563361569776e-02,4.763894178906718374e-02,4.825196692479255534e-02,4.888436603630592903e-02,4.953200900725474032e-02,5.018875917714290397e-02,5.084607207472696677e-02,5.149270433036428479e-02,5.211466143231995723e-02,5.269553767393664323e-02,5.321738743093139268e-02,5.366218721694646088e-02,5.401379256803874596e-02,5.426009205040765310e-02,5.439489121861761090e-02,5.441902362585823022e-02,5.434034494290421180e-02,5.417258130246561942e-02,5.393333947653559252e-02,5.364179259697395008e-02,5.331655692331530028e-02,5.297411037612052148e-02,5.262787634524754982e-02,5.228790258692596338e-02,5.196094323932091974e-02,5.165065843339540497e-02,5.135728350105946832e-02,5.107081215942877589e-02,5.080114442113989326e-02,5.061185148463138300e-02,5.044347345366656521e-02,5.029046380149472528e-02,5.014985084135988730e-02,5.001977707879542989e-02,4.989934884071752647e-02,4.978919683605757818e-02,4.969467252663339885e-02,4.972454910046770343e-02,4.968360644144877158e-02,4.959879758789971504e-02,4.949216203771065331e-02,4.936557726520774542e-02,4.921713015950410219e-02,4.904329070802591894e-02,4.883968505313579511e-02,4.860164920635363234e-02,4.832482281876430974e-02,4.800582864048913434e-02,4.764297744617772279e-02,4.723686517369040522e-02,4.679069826780177244e-02,4.631021679256856066e-02,4.580318383730125342e-02,4.527853872526529239e-02,4.474541185587560532e-02,4.421222414810034584e-02,4.368603918215129001e-02,4.317223704963090575e-02,4.267448422012434101e-02,4.219491587143439637e-02,4.173443211485906856e-02,4.129302478594835263e-02,4.087007938939497126e-02,4.046462408897666396e-02,4.007551789667739006e-02,3.970158233338157150e-02,3.934168640173689446e-02,3.899479602824962310e-02,3.865999817558525564e-02,3.833650794987037563e-02,3.802366500995697784e-02,3.772092379798269723e-02,3.742784068068650410e-02,3.714406001983883848e-02,3.686930042516249617e-02,3.660334191741517612e-02,3.634601438032936810e-02,3.609718745647446519e-02,3.585676190454736151e-02,3.562466235551341176e-02,3.540083136230306321e-02,3.518522461865514206e-02,3.497780721796862197e-02,3.477855082668584313e-02,3.458743165491446475e-02,3.440442911732424780e-02,3.422952508839149227e-02,3.406270366698287838e-02,3.390395137565138661e-02,3.375325772964861415e-02,3.361061611952422673e-02,3.347602495927620020e-02,3.334948905943850572e-02,3.323102119132682886e-02,3.312064381500293142e-02
5.825757575757575246e-01,3.972864091424581356e-02,3.981664794724955325e-02,3.991346708276134053e-02,4.001929892515095066e-02,4.013436725321604948e-02,4.025891834333279740e-02,4.039322047209628619e-02,4.053756361924165663e-02,4.069225939479696741e-02,4.085764121692856549e-02,4.103406476853396767e-02,4.122190876083040023e-02,4.142157603029074375e-02,4.163349499050370689e-02,4.185812145150671210e-02,4.209594080425622942e-02,4.234747054472964151e-02,4.261326307752909964e-02,4.289390868838779264e-02,4.319003850278238521e-02,4.350232714608514434e-02,4.383149467894605772e-02,4.417830718644261828e-02,4.454357513394098522e-02,4.492814824567060300e-02,4.533290518954373460e-02,4.575873573808910549e-02,4.620651229813423772e-02,4.667704675151579385e-02,4.717102744657132585e-02,4.768893000717509129e-02,4.823089457336284663e-02,4.879656152570020777e-02,4.938485831707518231e-02,4.999373275217833951e-02,5.061983434824043199e-02,5.125815702848351280e-02,5.190167495872425457e-02,5.254102928375293385e-02,5.316435432835916325e-02,5.375735968271021931e-02,5.430379474861785072e-02,5.478639466033007055e-02,5.518832332595684231e-02,5.549499015421079096e-02,5.569595393254554022e-02,5.578650675294695438e-02,5.576852808193732969e-02,5.565035025591288237e-02,5.544564114263517141e-02,5.517157958869983031e-02,5.484676009565570692e-02,5.448926113866933707e-02,5.411517560419016465e-02,5.373770933020468460e-02,5.336677049054533439e-02,5.300878346831625759e-02,5.266586960972016729e-02,5.232305995847214009e-02,5.200164456773856414e-02,5.177160464787924216e-02,5.156914852376715680e-02,5.138802193437314036e-02,5.122546018583992028e-02,5.108107728378596252e-02,5.095984873680074051e-02,5.097774692619851805e-02,5.092973814332259208e-02,5.081992330531550500e-02,5.068428143335254599e-02,5.052502415417198939e-02,5.033970321772401890e-02,5.012429226381252129e-02,4.987429998828129402e-02,4.958554158893008212e-02,4.925486032601406744e-02,4.888080878432453369e-02,4.846419306092241558e-02,4.800834805824544943e-02,4.751904067892315925e-02,4.700398186145823831e-02,4.647203624995916577e-02,4.593230234212034024e-02,4.539325891923429168e-02,4.486213030848155980e-02,4.434454054281598140e-02,4.384444367555014738e-02,4.336426265823672965e-02,4.290515019273515029e-02,4.246729367091781754e-02,4.205020870644572695e-02,4.165298998129379759e-02,4.127450754222255352e-02,4.091354931182798055e-02,4.056891718577969319e-02,4.023948644071730085e-02,3.992423802121124882e-02,3.962227191824800598e-02,3.933280812043551261e-02,3.905517995514273810e-02,3.878882323156226941e-02,3.853326349926534944e-02,3.828810292180814812e-02,3.805300768588316257e-02,3.782769646856121160e-02,3.761193022049755946e-02,3.740550335292788797e-02,3.720823631153097333e-02,3.701996945943564210e-02,3.684055815964775576e-02,3.666986893357514210e-02,3.650777657007459043e-02,3.635416206387952209e-02,3.620891127040385543e-02,3.607191417378237397e-02,3.594306467551607737e-02,3.582226082148156493e-02,3.570940539499577182e-02,3.560440681291925091e-02,3.550718027034095725e-02,3.541764908723745581e-02,3.533574621768818119e-02,3.526141588877771543e-02,3.519461534235576727e-02,3.513531665835346179e-02
5.863636363636363091e-01,4.200929485141650932e-02,4.204017162609080538e-02,4.207914103194623084e-02,4.212641632408833936e-02,4.218223798570194805e-02,4.224687302922455062e-02,4.232061439836595079e-02,4.240378048229341557e-02,4.249671475597791015e-02,4.259978556306982106e-02,4.271338605945221301e-02,4.283793433659553035e-02,4.297387374349252720e-02,4.312167342377661722e-02,4.328182907981287936e-02,4.345486396699287795e-02,4.364133010772863058e-02,4.384180969378295017e-02,4.405691661488921052e-02,4.428729800764451274e-02,4.453363565673644497e-02,4.479664699452953758e-02,4.507708532704281928e-02,4.537573875424748271e-02,4.569342703787685617e-02,4.603099538550311370e-02,4.638930374827499731e-02,4.676920975367915984e-02,4.717154279877163597e-02,4.759706610758599604e-02,4.804642272362923128e-02,4.852006051971374800e-02,4.901813048916810189e-02,4.954035207720022121e-02,5.008583953677496481e-02,5.065288490908598923e-02,5.123869718207167689e-02,5.183910467883068307e-02,5.244824003152191022e-02,5.305824498558327912e-02,5.365905504768247319e-02,5.423834797127682905e-02,5.478175712406153225e-02,5.527344791748455000e-02,5.569711757440815730e-02,5.603739575221269864e-02,5.628150268739438855e-02,5.642089491306901544e-02,5.645255048245823720e-02,5.637956908448266136e-02,5.621090459069324335e-02,5.596026743314180124e-02,5.564444607440152679e-02,5.528141617771264310e-02,5.488859553501376776e-02,5.448148346761659544e-02,5.407274164544111777e-02,5.367151272625363817e-02,5.328187083392326578e-02,5.285409515350390081e-02,5.250986124492500878e-02,5.223978575012476477e-02,5.200485868500762804e-02,5.180006060595734874e-02,5.162853851461435273e-02,5.155399812047384289e-02,5.153914070472745412e-02,5.138391416697173780e-02,5.119985063883078502e-02,5.099006581478014027e-02,5.075198738286027661e-02,5.048164069677441718e-02,5.017510522556232339e-02,4.982941922676428076e-02,4.944328500560937062e-02,4.901758113634458597e-02,4.855560151070806296e-02,4.806294999346637925e-02,4.754708426771084989e-02,4.701658913898679182e-02,4.648032844400134395e-02,4.594664546979274761e-02,4.542274877316172799e-02,4.491435299915526314e-02,4.442557315290084768e-02,4.395901989589787173e-02,4.351602174006370671e-02,4.309690299685666609e-02,4.270126332089224652e-02,4.232822545461567554e-02,4.197663582513848357e-02,4.164521535210200659e-02,4.133266520873515870e-02,4.103773556083160218e-02,4.075926594816662446e-02,4.049620518340313335e-02,4.024761725950901092e-02,4.001267827216853368e-02,3.979066802662861030e-02,3.958095890315663223e-02,3.938300371179007109e-02,3.919632364613703790e-02,3.902049700519526904e-02,3.885514904919736695e-02,3.869994315380586442e-02,3.855457329744041428e-02,3.841875783706048125e-02,3.829223448218611187e-02,3.817475635384803834e-02,3.806608900649777888e-02,3.796600829126120513e-02,3.787429894458293339e-02,3.779075379493608555e-02,3.771517349026708155e-02,3.764736665928951342e-02,3.758715043001811112e-02,3.753435123872685131e-02,3.748880587164964140e-02,3.745036269014930669e-02,3.741888299773783733e-02,3.739424251428757895e-02,3.737633292904342375e-02,3.736506350971361551e-02,3.736036275002813101e-02,3.736218004275618232e-02
5.901515151515150936e-01,4.460433180587622393e-02,4.457146134334397103e-02,4.454567120646112099e-02,4.452715424014187795e-02,4.451613467061726198e-02,4.451286759106631158e-02,4.451763850356045549e-02,4.453076291963642408e-02,4.455258602367346416e-02,4.458348240493095055e-02,4.462385586546691735e-02,4.467413931199301635e-02,4.473479473979458804e-02,4.480631331571179737e-02,4.488921556440175070e-02,4.498405165693553781e-02,4.509140179233340345e-02,4.521187664965643782e-02,4.534611786914057724e-02,4.549479849336695442e-02,4.565862326086883582e-02,4.583832859110067298e-02,4.603468202668118542e-02,4.624848080021768532e-02,4.648054906131253439e-02,4.673173312545781527e-02,4.700289387963025450e-02,4.729489518782626495e-02,4.760858677155225399e-02,4.794477958620028957e-02,4.830421117202559483e-02,4.868749784076237958e-02,4.909506990650161495e-02,4.952708557080165441e-02,4.998331869222010643e-02,5.046301578891154022e-02,5.096471867580860265e-02,5.148605175211565244e-02,5.202347794305674233e-02,5.257203556057698374e-02,5.312508058569548330e-02,5.367407504586456379e-02,5.420848059219050830e-02,5.471583271602017268e-02,5.518207751636657749e-02,5.559223900159229736e-02,5.593144053949654360e-02,5.618622614962519995e-02,5.634602744494608684e-02,5.640453030893706476e-02,5.636065378764068545e-02,5.621889650001941907e-02,5.598893611728788383e-02,5.568454599458710214e-02,5.532205312043954326e-02,5.491864233571392556e-02,5.449078650274911256e-02,5.405295370588564935e-02,5.361645664868999045e-02,5.318702854279840769e-02,5.269432605747525339e-02,5.231908697255233109e-02,5.201524682813470080e-02,5.176095539169549981e-02,5.159164734052867907e-02,5.155426928766907585e-02,5.132706701439727209e-02,5.107052224754359687e-02,5.078951325305788855e-02,5.048194070417855173e-02,5.014452338858301633e-02,4.977453542835879458e-02,4.937071585902656073e-02,4.893381521667469064e-02,4.846683025580119514e-02,4.797490944254714784e-02,4.746494221592565538e-02,4.694490689598592587e-02,4.642310504314989261e-02,4.590742750733932398e-02,4.540477277281274038e-02,4.492068465081201778e-02,4.445921679911786495e-02,4.402298578422571274e-02,4.361335151297154877e-02,4.323066215461719014e-02,4.287451250238034223e-02,4.254398170270322355e-02,4.223783237942991403e-02,4.195466542628943640e-02,4.169303252850200397e-02,4.145151249412528521e-02,4.122875885356379333e-02,4.102352598346567514e-02,4.083468002932300056e-02,4.066119965727210683e-02,4.050217045062284166e-02,4.035677571629152360e-02,4.022428562306820665e-02,4.010404595067054018e-02,3.999546725731215752e-02,3.989801493957099987e-02,3.981120042898529665e-02,3.973457361738001042e-02,3.966771650551454559e-02,3.961023801059408711e-02,3.956176983531959485e-02,3.952196328566427719e-02,3.949048692035144609e-02,3.946702491779208871e-02,3.945127605317617220e-02,3.944295318756364799e-02,3.944178318097189828e-02,3.944750715178304418e-02,3.945988101484257382e-02,3.947867624010272664e-02,3.950368078241681125e-02,3.953470014108647484e-02,3.957155851496044208e-02,3.961410002533769653e-02,3.966218998466820161e-02,3.971571619410507736e-02,3.977459025747524801e-02,3.983874890314489242e-02,3.990815530873861872e-02
5.939393939393938782e-01,4.752739713416243017e-02,4.742756878298397261e-02,4.733362839861999377e-02,4.724571374256346379e-02,4.716399699370246723e-02,4.708868450609648981e-02,4.702001660955248269e-02,4.695826744872165504e-02,4.690374485732175247e-02,4.685679026484615428e-02,4.681777863366835823e-02,4.678711842460122478e-02,4.676525158865423720e-02,4.675265358157335710e-02,4.674983339553855782e-02,4.675733359859944593e-02,4.677573036650579247e-02,4.680563348276507024e-02,4.684768626996439755e-02,4.690256539735949970e-02,4.697098048464731779e-02,4.705367338758385809e-02,4.715141700468875041e-02,4.726501338229828486e-02,4.739529081304699742e-02,4.754309951523908589e-02,4.770930534098635073e-02,4.789478078228923824e-02,4.810039231874536220e-02,4.832698287125831993e-02,4.857534778842658579e-02,4.884620239739197178e-02,4.914013871134560035e-02,4.945756843400775371e-02,4.979864900253390403e-02,5.016318918073024019e-02,5.055053084482735021e-02,5.095940438531208760e-02,5.138775699276712516e-02,5.183255653618259323e-02,5.228957937909202436e-02,5.275319882700869184e-02,5.321620207989945228e-02,5.366967679777546324e-02,5.410302134040030630e-02,5.450414093005528232e-02,5.485988875644896151e-02,5.515678886810632814e-02,5.538203141659674145e-02,5.552466255797253170e-02,5.557681493365199121e-02,5.553476587109790197e-02,5.539959903765431792e-02,5.517730013117329302e-02,5.487823176635046873e-02,5.451607191370759498e-02,5.410641377391409157e-02,5.366526893964132516e-02,5.320765895274767732e-02,5.274622200795456989e-02,5.228808804997133602e-02,5.175276198281975049e-02,5.135875527199984525e-02,5.107239147385649741e-02,5.096481162120562042e-02,5.063840613503026861e-02,5.028630076162575457e-02,4.991606228225922010e-02,4.952667353168813819e-02,4.911607464446911958e-02,4.868305104666510036e-02,4.822802843992020361e-02,4.775339008169714877e-02,4.726344022738336592e-02,4.676406938773758348e-02,4.626219927727989040e-02,4.576511829065760262e-02,4.527983028690650558e-02,4.481252104912065298e-02,4.436820536678859339e-02,4.395056940361576764e-02,4.356198333307730042e-02,4.320363656749246634e-02,4.287574258006777300e-02,4.257776734236542321e-02,4.230864831817763433e-02,4.206698452612092631e-02,4.185118936803333689e-02,4.165960565716026603e-02,4.149058676934244683e-02,4.134254984530510990e-02,4.121400734931208315e-02,4.110358275538242984e-02,4.101001519367769577e-02,4.093215686011347776e-02,4.086896603991726357e-02,4.081949779333518546e-02,4.078289371539611796e-02,4.075837169926599390e-02,4.074521628003438534e-02,4.074276988603735966e-02,4.075042515348242106e-02,4.076761834665130341e-02,4.079382385396990857e-02,4.082854968740249474e-02,4.087133388972301329e-02,4.092174174464972142e-02,4.097936368387930517e-02,4.104381378942918712e-02,4.111472879721830148e-02,4.119176751688776589e-02,4.127461059258016179e-02,4.136296053907560777e-02,4.145654199696079817e-02,4.155510215915395045e-02,4.165841132901384331e-02,4.176626357739057077e-02,4.187847747231503159e-02,4.199489686063936217e-02,4.211539168583764564e-02,4.223985883045519585e-02,4.236822297537552046e-02,4.250043747125490518e-02,4.263648522017565029e-02,4.277637956787771339e-02
5.977272727272726627e-01,5.099373821529224610e-02,5.082642125953071993e-02,5.066379530847531926e-02,5.050591516820755744e-02,5.035287156259277142e-02,5.020479113056008913e-02,5.006183647286997079e-02,4.992420624055447093e-02,4.979213525723667072e-02,4.966589466746609838e-02,4.954579210288358876e-02,4.943217185743669501e-02,4.932541506180374707e-02,4.922593984558733260e-02,4.913420147337718008e-02,4.905069243725884015e-02,4.897594248333740630e-02,4.891051854285907718e-02,4.885502452892732939e-02,4.881010094677235012e-02,4.877642424802232368e-02,4.875470583603958713e-02,4.874569059850654418e-02,4.875015480289308922e-02,4.876890313768732915e-02,4.880276461416856171e-02,4.885258695638505788e-02,4.891922899679012476e-02,4.900355045715888008e-02,4.910639832488769563e-02,4.922858883015161086e-02,4.937088378910758912e-02,4.953395980653820668e-02,4.971836854098036357e-02,4.992448595415106827e-02,5.015244824470057455e-02,5.040207208844064979e-02,5.067275700540960215e-02,5.096336834296733703e-02,5.127210077107014624e-02,5.159632466866552469e-02,5.193242171327616674e-02,5.227562169142298265e-02,5.261986011973873723e-02,5.295768528589605423e-02,5.328025247009617743e-02,5.357744980395351408e-02,5.383820046936227399e-02,5.405097483500064665e-02,5.420451941917203004e-02,5.428876635088644709e-02,5.429583284354416728e-02,5.422096882520369143e-02,5.406328201799539407e-02,5.382608196546994489e-02,5.351674504752295530e-02,5.314610028974078859e-02,5.272744329193790325e-02,5.227537141807671317e-02,5.180467687684132266e-02,5.132949852549394815e-02,5.086172688125466246e-02,5.033866939607806179e-02,5.011206913376611144e-02,4.966372418886709494e-02,4.920029274397278579e-02,4.873105850219690283e-02,4.825605204738771942e-02,4.777454960551198726e-02,4.728671476154532732e-02,4.679415284922146950e-02,4.630001184748321758e-02,4.580877978789595767e-02,4.532586952812153042e-02,4.485708866070720058e-02,4.440809746055888324e-02,4.398394421990532016e-02,4.358873670451347826e-02,4.322547096137385747e-02,4.289600560698305504e-02,4.260114830559173088e-02,4.234081304262553302e-02,4.211420931275928342e-02,4.192003295237866495e-02,4.175663883199074583e-02,4.162218513870720449e-02,4.151474617547733226e-02,4.143239525188415623e-02,4.137326172729874352e-02,4.133556719492850751e-02,4.131764574732811612e-02,4.131795269727909364e-02,4.133506535449708169e-02,4.136767866653524167e-02,4.141459781947514490e-02,4.147472930023068938e-02,4.154707145322838330e-02,4.163070520848819595e-02,4.172478539732595026e-02,4.182853288660834390e-02,4.194122763497290518e-02,4.206220268984409150e-02,4.219083909050764386e-02,4.232656161093852065e-02,4.246883525963083411e-02,4.261716244742845550e-02,4.277108073469628596e-02,4.293016107364210077e-02,4.309400646839035148e-02,4.326225098341656555e-02,4.343455903932951639e-02,4.361062494326829742e-02,4.379017260906416242e-02,4.397295542957991438e-02,4.415875627025970390e-02,4.434738755881401789e-02,4.453869145119265793e-02,4.473254005853819631e-02,4.492883572377123075e-02,4.512751133983863155e-02,4.532853070454827965e-02,4.553188890934970617e-02,4.573761276146762200e-02,4.594576124048582039e-02,4.615642599187630424e-02
6.015151515151514472e-01,5.511291704865940722e-02,5.487952944818481199e-02,5.464978198323826308e-02,5.442363079652432628e-02,5.420106813815040586e-02,5.398212249829609233e-02,5.376685880289260033e-02,5.355537866332037156e-02,5.334782067060755972e-02,5.314436072394717464e-02,5.294521238241668010e-02,5.275062722760316680e-02,5.256089522320959301e-02,5.237634505564793541e-02,5.219734443683224367e-02,5.202430034679378368e-02,5.185765918901906468e-02,5.169790682526288067e-02,5.154556844865108844e-02,5.140120824356900903e-02,5.126542876754990041e-02,5.113886997334177176e-02,5.102220776746328040e-02,5.091615197378274865e-02,5.082144353537967896e-02,5.073885074358633340e-02,5.066916422757087451e-02,5.061319036901330143e-02,5.057174272204276178e-02,5.054563091652407997e-02,5.053564640147092252e-02,5.054254424462457235e-02,5.056702004626887487e-02,5.060968085670378147e-02,5.067100882082948426e-02,5.075131613414490123e-02,5.085068982192970238e-02,5.096892490963277067e-02,5.110544482915586884e-02,5.125920853111769898e-02,5.142860491535163059e-02,5.161133705312311026e-02,5.180430146673629249e-02,5.200347162109859173e-02,5.220379978431038959e-02,5.239915723889838201e-02,5.258233866394750045e-02,5.274516083073099715e-02,5.287868622089483134e-02,5.297359586539316517e-02,5.302071987353464133e-02,5.301170762432232814e-02,5.293978468133102300e-02,5.280050726116294890e-02,5.259239929632044536e-02,5.231735550447080829e-02,5.198072745728807981e-02,5.159108396081784481e-02,5.115976055508636433e-02,5.070055055924699294e-02,5.023069271859313678e-02,4.978030526841937392e-02,4.950156924223266669e-02,4.884100385973665082e-02,4.825716525877699059e-02,4.769320135764315571e-02,4.714238504688710724e-02,4.660366044523472223e-02,4.607776123426250009e-02,4.556666131783340679e-02,4.507333824315790799e-02,4.460148661819871713e-02,4.415515281093503747e-02,4.373833978671495815e-02,4.335464512315982677e-02,4.300698269618050823e-02,4.269741445462494484e-02,4.242709370122004636e-02,4.219630235174262611e-02,4.200455461839456422e-02,4.185073784834299204e-02,4.173326527477632525e-02,4.165022221937698943e-02,4.159949442453252100e-02,4.157887324734869938e-02,4.158613683965569491e-02,4.161910917994769699e-02,4.167570022357842269e-02,4.175393089163098592e-02,4.185194648762605163e-02,4.196802169266642540e-02,4.210055973278607061e-02,4.224808775191659510e-02,4.240924992032768515e-02,4.258279938654757624e-02,4.276758984438034511e-02,4.296256722850793491e-02,4.316676186043017643e-02,4.337928122829803196e-02,4.359930348758494362e-02,4.382607170433534816e-02,4.405888882059029454e-02,4.429711329607847331e-02,4.454015536638232520e-02,4.478747385189332103e-02,4.503857345127375983e-02,4.529300245587436491e-02,4.555035082631144622e-02,4.581024857819950696e-02,4.607236443024637779e-02,4.633640467414813086e-02,4.660211223165913741e-02,4.686926586976286613e-02,4.713767954990603221e-02,4.740720189176921701e-02,4.767771573603896834e-02,4.794913779411770494e-02,4.822141837572244127e-02,4.849454118790122448e-02,4.876852320117613243e-02,4.904341458036504120e-02,4.931929867916129417e-02,4.959629209881113304e-02,4.987454481223019265e-02,5.015424035571915823e-02
6.053030303030302317e-01,5.981060196755471486e-02,5.951447887483432564e-02,5.922119322865386504e-02,5.893060447660992268e-02,5.864260784682412408e-02,5.835713450360458660e-02,5.807415177522130822e-02,5.779366344477770284e-02,5.751571009428690928e-02,5.724036949105935912e-02,5.696775700425687344e-02,5.669802603795065510e-02,5.643136846516268873e-02,5.616801504505754272e-02,5.590823580260918801e-02,5.565234034653740447e-02,5.540067809692574702e-02,5.515363838852340578e-02,5.491165040896545807e-02,5.467518292279877068e-02,5.444474372182195321e-02,5.422087872938360920e-02,5.400417067040051006e-02,5.379523719925187464e-02,5.359472835362569937e-02,5.340332317295914955e-02,5.322172528431427796e-02,5.305065721540361962e-02,5.289085314297897744e-02,5.274304972415714415e-02,5.260797458811551641e-02,5.248633198635892227e-02,5.237878501335005432e-02,5.228593371982698246e-02,5.220828835631328990e-02,5.214623691716975540e-02,5.210000612659296954e-02,5.206961504833509946e-02,5.205482065538982739e-02,5.205505502637335080e-02,5.206935442270665265e-02,5.209628144404543360e-02,5.213384286821337588e-02,5.217940775743386966e-02,5.222963301132144825e-02,5.228040672038017367e-02,5.232682318170001068e-02,5.236320674585957791e-02,5.238320384709281574e-02,5.237996229493893652e-02,5.234641257886488153e-02,5.227565611869169210e-02,5.216144956118836523e-02,5.199875380447877005e-02,5.178429585862056456e-02,5.151707915948948446e-02,5.119878665630914899e-02,5.083407466353824511e-02,5.043092279707197395e-02,5.000182054306518548e-02,4.957045010943246510e-02,4.930654237365369313e-02,4.874882911602533564e-02,4.813511352885933847e-02,4.742616148400877196e-02,4.682026008598984962e-02,4.624941619575242968e-02,4.570960239398422220e-02,4.520155221528322775e-02,4.472726571075573421e-02,4.428915755051402586e-02,4.388966179896360009e-02,4.353095993949732123e-02,4.321477660134002280e-02,4.294224226286320889e-02,4.271382628166526391e-02,4.252933557766886558e-02,4.238796624684990078e-02,4.228839110393864398e-02,4.222886592184896953e-02,4.220733976480264132e-02,4.222155879569119974e-02,4.226915705117551686e-02,4.234773117423924760e-02,4.245489866724048988e-02,4.258834087579543848e-02,4.274583279214293208e-02,4.292526208553092137e-02,4.312463972532380035e-02,4.334210431863997487e-02,4.357592195137412888e-02,4.382448297170229295e-02,4.408629682977609210e-02,4.435998580597567964e-02,4.464427822878531960e-02,4.493800160046922121e-02,4.524007590853127564e-02,4.554950729658847203e-02,4.586538219263476546e-02,4.618686193945604340e-02,4.651317793575436566e-02,4.684362727297276124e-02,4.717756883846870031e-02,4.751441984783586620e-02,4.785365276589070849e-02,4.819479257558002133e-02,4.853741435576833241e-02,4.888114113175408976e-02,4.922564196588609386e-02,4.957063025943871104e-02,4.991586224070528044e-02,5.026113561790811202e-02,5.060628837893845627e-02,5.095119772303050715e-02,5.129577911226127634e-02,5.163998543321769025e-02,5.198380626133402432e-02,5.232726722223111221e-02,5.267042944598718940e-02,5.301338911160217299e-02,5.335627708001271230e-02,5.369925861494415781e-02,5.404253319159305763e-02,5.438633439370491734e-02,5.473092990000499175e-02
6.090909090909091272e-01,6.447837883593214581e-02,6.412670549702005618e-02,6.377739478725255595e-02,6.343023649498383265e-02,6.308505653520797563e-02,6.274171703817472967e-02,6.240011650546507804e-02,6.206019002451251820e-02,6.172190953148426473e-02,6.138528411125522555e-02,6.105036032183810274e-02,6.071722252906200379e-02,6.038599323548173026e-02,6.005683338532122328e-02,5.972994262471804927e-02,5.940555949347204462e-02,5.908396152086956704e-02,5.876546519377735811e-02,5.845042575993653067e-02,5.813923682305641855e-02,5.783232967869048058e-02,5.753017233066654718e-02,5.723326811682580978e-02,5.694215385951806319e-02,5.665739744047822851e-02,5.637959468077135411e-02,5.610936538416191194e-02,5.584734837600821566e-02,5.559419533936570818e-02,5.535056321516602235e-02,5.511710489437610105e-02,5.489445788758759437e-02,5.468323061314728922e-02,5.448398590155525273e-02,5.429722127628620887e-02,5.412334554687428523e-02,5.396265125043429173e-02,5.381528251907653077e-02,5.368119805571845704e-02,5.356012910016164086e-02,5.345153260014415958e-02,5.335454031567839900e-02,5.326790533192383298e-02,5.318994848656551089e-02,5.311850856693748485e-02,5.305090179581627152e-02,5.298389802671791410e-02,5.291372301858691951e-02,5.283609780684558194e-02,5.274632699970786126e-02,5.263944711594321924e-02,5.251044312988985274e-02,5.235453577110250889e-02,5.216753426189837950e-02,5.194624134891175776e-02,5.168889592318560294e-02,5.139565948583391108e-02,5.106924763337914591e-02,5.071620449109725398e-02,5.035165709752895125e-02,5.006190895389249496e-02,4.965807497727848380e-02,4.910802058686970090e-02,4.854355597572279635e-02,4.793857620144362230e-02,4.733819879830953453e-02,4.681157276714156823e-02,4.632875865643872743e-02,4.588791663143151900e-02,4.548973649238515632e-02,4.513529875524975588e-02,4.482552603763165222e-02,4.456098393404755303e-02,4.434179973127282126e-02,4.416763929863178062e-02,4.403772192678252068e-02,4.395086208244238651e-02,4.390552891175826533e-02,4.389991508057057568e-02,4.393200772573407908e-02,4.399965597238936210e-02,4.410063132242816181e-02,4.423267892246243033e-02,4.439355908595978006e-02,4.458107941241144789e-02,4.479311844313520891e-02,4.502764209020283098e-02,4.528271415568600050e-02,4.555650219976324633e-02,4.584727987939848232e-02,4.615342670839592265e-02,4.647342601356138636e-02,4.680586169744519603e-02,4.714941427432081666e-02,4.750285652560996830e-02,4.786504902359419583e-02,4.823493569575006135e-02,4.861153954350541651e-02,4.899395858549686344e-02,4.938136206358688385e-02,4.977298692743064440e-02,5.016813459802586112e-02,5.056616800072220169e-02,5.096650885215204402e-02,5.136863518237241161e-02,5.177207907235938100e-02,5.217642458717403758e-02,5.258130588620821971e-02,5.298640549352229279e-02,5.339145271318078423e-02,5.379622217649272092e-02,5.420053251005077510e-02,5.460424511535064834e-02,5.500726305253610809e-02,5.540953002238696579e-02,5.581102944208062716e-02,5.621178361146281915e-02,5.661185296762049485e-02,5.701133542639390261e-02,5.741036581018509749e-02,5.780911536196488287e-02,5.820779134578420860e-02,5.860663673436480869e-02,5.900592998449360332e-02,5.940598490092688366e-02
6.128787878787878007e-01,6.765007724799453059e-02,6.725992072402361965e-02,6.687235571487386288e-02,6.648715618089262591e-02,6.610413402486164935e-02,6.572313895952906770e-02,6.534405841190736586e-02,6.496681745590852930e-02,6.459137876374260179e-02,6.421774256540657699e-02,6.384594660436050673e-02,6.347606607628576703e-02,6.310821353639234355e-02,6.274253875924475088e-02,6.237922853330239714e-02,6.201850637036392111e-02,6.166063210772760456e-02,6.130590137809940887e-02,6.095464491896758485e-02,6.060722768917372466e-02,6.026404775570370215e-02,5.992553490801086347e-02,5.959214895039443433e-02,5.926437761482638428e-02,5.894273402697548098e-02,5.862775364674885359e-02,5.831999059129681917e-02,5.802001323288979301e-02,5.772839894627387891e-02,5.744572786009675275e-02,5.717257544496528315e-02,5.690950374727413857e-02,5.665705105421791482e-02,5.641571975321180848e-02,5.618596213122146327e-02,5.596816385063815846e-02,5.576262484465208807e-02,5.556953740554033960e-02,5.538896130596484418e-02,5.522079591215366817e-02,5.506474943874083150e-02,5.492030578198262014e-02,5.478668977761696340e-02,5.466283228827057555e-02,5.454733725377931136e-02,5.443845374206840448e-02,5.433405709709558662e-02,5.423164442911541927e-02,5.412835080742001842e-02,5.402099340708282904e-02,5.390615129356531032e-02,5.378028830337786004e-02,5.363992565164325127e-02,5.348187031559086674e-02,5.330350795316753792e-02,5.310318474921239124e-02,5.288076447646096467e-02,5.263870032447518638e-02,5.238534082651589985e-02,5.215974586847716560e-02,5.192846248329368447e-02,5.149992738461019182e-02,5.105338678495335153e-02,5.060177533900617891e-02,5.015258090630837079e-02,4.965781055271165090e-02,4.920847029375065296e-02,4.881178670151795074e-02,4.845539338729990680e-02,4.813796271046362485e-02,4.785954251005374721e-02,4.762029882542563597e-02,4.742020518782925215e-02,4.725896023745246310e-02,4.713597934369861964e-02,4.705041506922409689e-02,4.700119030733501679e-02,4.698703694248099194e-02,4.700653604516385337e-02,4.705815697594257357e-02,4.714029359830177596e-02,4.725129645161028208e-02,4.738950028754786853e-02,4.755324682196316460e-02,4.774090288850790786e-02,4.795087440255640931e-02,4.818161666812707800e-02,4.843164160746884356e-02,4.869952248484648444e-02,4.898389665249971991e-02,4.928346678381765461e-02,4.959700098811769403e-02,4.992333213100286909e-02,5.026135661890441392e-02,5.061003284864962204e-02,5.096837947375103955e-02,5.133547359851322461e-02,5.171044897839117277e-02,5.209249427939487143e-02,5.248085142965655536e-02,5.287481408158593160e-02,5.327372619235620083e-02,5.367698072299420531e-02,5.408401845137147945e-02,5.449432689134627028e-02,5.490743930866125860e-02,5.532293382364640577e-02,5.574043259093940106e-02,5.615960104711290729e-02,5.658014721810363662e-02,5.700182107952647681e-02,5.742441396421826133e-02,5.784775801263639106e-02,5.827172566294043510e-02,5.869622917873298235e-02,5.912122021342774286e-02,5.954668941111415648e-02,5.997266604450404714e-02,6.039921769115911415e-02,6.082644994962404378e-02,6.125450619739462171e-02,6.168356739278613859e-02,6.211385192277034395e-02,6.254561549868545289e-02,6.297915110141039108e-02
6.166666666666666963e-01,6.741029322680355818e-02,6.702084119395036732e-02,6.663604974062507791e-02,6.625571422865028648e-02,6.587966761375539659e-02,6.550777985444986018e-02,6.513995730936786299e-02,6.477614212023603824e-02,6.441631157674825026e-02,6.406047745889847933e-02,6.370868535161695878e-02,6.336101392581446057e-02,6.301757417922609905e-02,6.267850862958823654e-02,6.234399045175153392e-02,6.201422254913996346e-02,6.168943654861925446e-02,6.136989170604591204e-02,6.105587370766453470e-02,6.074769334982620117e-02,6.044568507622945924e-02,6.015020534783275391e-02,5.986163081564416233e-02,5.958035626062948426e-02,5.930679225777173158e-02,5.904136251276805719e-02,5.878450080978784437e-02,5.853664749695811076e-02,5.829824542284772065e-02,5.806973522204406102e-02,5.785154983127881873e-02,5.764410809975586275e-02,5.744780733915804544e-02,5.726301464146343889e-02,5.709005677808552670e-02,5.692920848482372481e-02,5.678067893767941438e-02,5.664459624045001251e-02,5.652098978374024696e-02,5.640977040651384833e-02,5.631070840828403951e-02,5.622340963747930048e-02,5.614729013676025837e-02,5.608155017743422788e-02,5.602514897939452065e-02,5.597678200201517545e-02,5.593486340681617930e-02,5.589751712065955946e-02,5.586258083697542148e-02,5.582762824013415975e-02,5.579001571027855655e-02,5.574696088888737855e-02,5.569566234060986665e-02,5.563347407676709488e-02,5.555816212899674505e-02,5.546831430309952238e-02,5.536413954336685123e-02,5.524971118212312210e-02,5.514540066370864774e-02,5.508431808604187518e-02,5.481015158806133714e-02,5.451219092886584044e-02,5.420108439519280563e-02,5.388335073626698141e-02,5.356409908021728117e-02,5.324648920202474517e-02,5.287287161514647033e-02,5.254781707399776985e-02,5.225720625983269058e-02,5.199432556871971811e-02,5.175826749768432794e-02,5.154903564108730130e-02,5.136673713963759574e-02,5.121137520731790932e-02,5.108279683139586858e-02,5.098069029850368916e-02,5.090459996356989925e-02,5.085394666562662730e-02,5.082804930516945929e-02,5.082614572514038143e-02,5.084741206488246901e-02,5.089098019149963098e-02,5.095595302910416180e-02,5.104141773984344904e-02,5.114645680719298593e-02,5.127015714458749845e-02,5.141161740394204621e-02,5.156995369031465437e-02,5.174430390314218448e-02,5.193383092434276233e-02,5.213772486274190210e-02,5.235520454636517773e-02,5.258551843217065813e-02,5.282794507917188548e-02,5.308179330743562768e-02,5.334640214334084724e-02,5.362114063141915771e-02,5.390540757547704342e-02,5.419863125656090852e-02,5.450026916263270987e-02,5.480980775438814429e-02,5.512676228324203676e-02,5.545067667084651458e-02,5.578112345437893915e-02,5.611770379798650815e-02,5.646004756795137969e-02,5.680781346721581332e-02,5.716068922365705185e-02,5.751839182579294302e-02,5.788066779935154005e-02,5.824729351817847789e-02,5.861807554326497333e-02,5.899285098413539069e-02,5.937148787741521744e-02,5.975388557802844419e-02,6.013997515913764580e-02,6.052971981755823211e-02,6.092311528200255316e-02,6.132019022201004588e-02,6.172100665588257928e-02,6.212566035627025557e-02,6.253428125226198619e-02,6.294703382691273219e-02,6.336411750905121543e-02,6.378576705795227508e-02
6.204545454545454808e-01,6.210916068605746437e-02,6.179152830210724728e-02,6.148206055772680034e-02,6.118053269315064380e-02,6.088674899759118769e-02,6.060054217094443946e-02,6.032177267682038713e-02,6.005032809040890956e-02,5.978612244371962758e-02,5.952909556983886075e-02,5.927921244694047548e-02,5.903646254184694020e-02,5.880085915191648333e-02,5.857243874288281527e-02,5.835126027894182998e-02,5.813740453979281131e-02,5.793097341747694556e-02,5.773208918358437719e-02,5.754089371466770270e-02,5.735754766042525793e-02,5.718222953525335661e-02,5.701513470902393882e-02,5.685647426727906406e-02,5.670647370430088874e-02,5.656537140456381618e-02,5.643341685874748298e-02,5.631086854966058791e-02,5.619799143095142308e-02,5.609505390730528535e-02,5.600232420903501068e-02,5.592006603661554831e-02,5.584853333234578859e-02,5.578796401753217254e-02,5.573857251567686938e-02,5.570054086686798689e-02,5.567400822862033499e-02,5.565905855778430916e-02,5.565570628202704678e-02,5.566387980489054949e-02,5.568340275488168484e-02,5.571397299795829983e-02,5.575513959820967841e-02,5.580627814933684233e-02,5.586656522705578387e-02,5.593495314633028376e-02,5.601014676159431216e-02,5.609058473179567156e-02,5.617442848875685985e-02,5.625956310134389710e-02,5.634361535074196986e-02,5.642399576096984032e-02,5.649797352854765004e-02,5.656279770217866043e-02,5.661588903295718816e-02,5.665515968489798909e-02,5.667963255177004694e-02,5.669104867797304659e-02,5.670105314675987634e-02,5.678109805522912196e-02,5.663315188132868327e-02,5.645462238692070672e-02,5.625431410975386542e-02,5.603708772516837605e-02,5.580720520847645000e-02,5.556863970583838380e-02,5.532499066674035487e-02,5.507893306081609180e-02,5.476263843423850863e-02,5.448937913153675816e-02,5.423569614894344776e-02,5.399778256121817721e-02,5.377528145751798994e-02,5.356847975049735394e-02,5.337775357540268384e-02,5.320341406892583475e-02,5.304566463050866543e-02,5.290459544096622752e-02,5.278019113871160878e-02,5.267234286737064453e-02,5.258086134220769231e-02,5.250548965243006377e-02,5.244591531502443282e-02,5.240178139589089790e-02,5.237269662359142486e-02,5.235824446464808907e-02,5.235799115456193920e-02,5.237149270087998465e-02,5.239830089620660381e-02,5.243796839873830773e-02,5.249005295378120911e-02,5.255412084078106560e-02,5.262974963636429110e-02,5.271653038528913843e-02,5.281406926881877101e-02,5.292198885483461596e-02,5.303992900696519186e-02,5.316754752192569267e-02,5.330452055572879738e-02,5.345054289100216460e-02,5.360532808961686324e-02,5.376860856745821482e-02,5.394013562150273833e-02,5.411967943348783977e-02,5.430702906937819041e-02,5.450199248946535624e-02,5.470439658024688762e-02,5.491408721618568772e-02,5.513092935688489182e-02,5.535480718317810356e-02,5.558562427393463901e-02,5.582330382408409036e-02,5.606778890328195653e-02,5.631904275384378572e-02,5.657704912593024965e-02,5.684181264748368323e-02,5.711335922604632298e-02,5.739173647929146638e-02,5.767701419086632142e-02,5.796928478791878864e-02,5.826866383648658665e-02,5.857529055066336421e-02,5.888932831121378858e-02,5.921096518891728194e-02,5.954041446750757416e-02,5.987791516048895230e-02
6.242424242424242653e-01,5.095085861320823584e-02,5.076086529020432114e-02,5.057969766177070059e-02,5.040712882530653388e-02,5.024295387032700483e-02,5.008698961144331802e-02,4.993907434427845293e-02,4.979906762761249217e-02,4.966685009403244005e-02,4.954232329040383215e-02,4.942540954847104984e-02,4.931605188483844521e-02,4.921421392838773445e-02,4.911987987183592114e-02,4.903305444254117684e-02,4.895376288575153945e-02,4.888205095120750493e-02,4.881798487119834440e-02,4.876165131481103449e-02,4.871315729895835112e-02,4.867263003177795672e-02,4.864021665790378007e-02,4.861608386778277363e-02,4.860041732437727496e-02,4.859342085003909295e-02,4.859531530380257341e-02,4.860633706456069653e-02,4.862673601831115494e-02,4.865677292774225199e-02,4.869671603976398477e-02,4.874683676129109439e-02,4.880740420596620804e-02,4.887867838553924815e-02,4.896090179070003434e-02,4.905428907956075474e-02,4.915901457135114783e-02,4.927519723347979080e-02,4.940288285927288414e-02,4.954202317138368256e-02,4.969245166531562063e-02,4.985385614528142773e-02,5.002574812109983338e-02,5.020742955335778801e-02,5.039795788009109739e-02,5.059611085695302907e-02,5.080035351656855130e-02,5.100881051879283673e-02,5.121924833674530025e-02,5.142907313413355719e-02,5.163535194412565560e-02,5.183486721935322283e-02,5.202421911839818364e-02,5.219999954121685298e-02,5.235908854292935233e-02,5.249921164846358540e-02,5.262026284469126930e-02,5.272922790493419359e-02,5.293401845548063173e-02,5.287462297100874870e-02,5.277187581083137707e-02,5.263525626147189801e-02,5.246868867843103301e-02,5.227607757578518755e-02,5.206156442766980696e-02,5.182944940297806724e-02,5.158407999721519033e-02,5.132989879392667321e-02,5.107416681207914422e-02,5.072997726520206418e-02,5.042873127794592764e-02,5.013839655419347063e-02,4.985732483149921818e-02,4.958589756994431080e-02,4.932487162128484925e-02,4.907500514882365966e-02,4.883694867538556500e-02,4.861121527381835616e-02,4.839817864986000612e-02,4.819808179656324965e-02,4.801104968348157004e-02,4.783710333770881118e-02,4.767617416569062960e-02,4.752811794841148990e-02,4.739272817811662764e-02,4.726974851348304113e-02,4.715888419781605334e-02,4.705981234101526411e-02,4.697219101771125949e-02,4.689566718046000310e-02,4.682988342594432418e-02,4.677448368226982262e-02,4.672911790635491530e-02,4.669344589278801722e-02,4.666714030070093222e-02,4.664988900469535515e-02,4.664139687126509642e-02,4.664138705481677555e-02,4.664960189846330263e-02,4.666580351512675945e-02,4.668977411482494455e-02,4.672131613472729067e-02,4.676025221992805014e-02,4.680642509506195703e-02,4.685969736000047264e-02,4.691995123681231422e-02,4.698708828999675208e-02,4.706102913758037493e-02,4.714171316696100233e-02,4.722909826628274993e-02,4.732316057957495353e-02,4.742389429177222560e-02,4.753131144802349994e-02,4.764544181028740333e-02,4.776633275307859416e-02,4.789404919930009136e-02,4.802867359632849442e-02,4.817030593189487730e-02,4.831906378874549490e-02,4.847508243659246624e-02,4.863851495941742126e-02,4.880953241572837803e-02,4.898832402893178728e-02,4.917509740444566541e-02,4.937007876963207809e-02,4.957351323192512454e-02
6.280303030303030498e-01,3.731807160879457158e-02,3.723227167091521655e-02,3.715341772579854041e-02,3.708134728217959281e-02,3.701591591460766384e-02,3.695699721009865213e-02,3.690448276735570909e-02,3.685828225167953748e-02,3.681832350829474659e-02,3.678455273642650125e-02,3.675693472605813528e-02,3.673545315882650875e-02,3.672011097392710588e-02,3.671093079917304297e-02,3.670795544640173547e-02,3.671124846916366119e-02,3.672089477902899801e-02,3.673700131470017394e-02,3.675969775540586376e-02,3.678913726648706112e-02,3.682549726056731643e-02,3.686898015190358258e-02,3.691981407418475775e-02,3.697825352278330535e-02,3.704457987085729709e-02,3.711910169424031264e-02,3.720215482214189046e-02,3.729410200852951301e-02,3.739533209200102820e-02,3.750625847934938722e-02,3.762731674875928467e-02,3.775896112207129118e-02,3.790165950141174273e-02,3.805588670361501752e-02,3.822211545713716935e-02,3.840080465261967724e-02,3.859238426410884631e-02,3.879723629020628839e-02,3.901567101450649500e-02,3.924789786970952349e-02,3.949399023469588738e-02,3.975384363340007249e-02,4.002712708514076512e-02,4.031322783838909435e-02,4.061119047826401707e-02,4.091965252087223504e-02,4.123678019777184123e-02,4.156021031519547410e-02,4.188700702401768755e-02,4.221364641245662491e-02,4.253604795735888705e-02,4.284968281013975394e-02,4.314981375784791851e-02,4.343199438204962265e-02,4.369323089557881901e-02,4.393573175761895933e-02,4.419690278470287531e-02,4.438165041222371515e-02,4.438277332934814634e-02,4.432848423762884155e-02,4.422191860760163462e-02,4.406639653109972743e-02,4.386619868519331389e-02,4.362651068039915397e-02,4.335316907542843823e-02,4.305236212501820092e-02,4.273039157396165549e-02,4.239377218588544216e-02,4.201939491011980748e-02,4.161226642790411684e-02,4.122217771716318868e-02,4.084047399656595689e-02,4.046783665764715210e-02,4.010585723553123511e-02,3.975608228821739254e-02,3.941979230426325559e-02,3.909795525949102957e-02,3.879123652238562064e-02,3.850002921791007698e-02,3.822449157198546527e-02,3.796458539480394856e-02,3.772011291710326147e-02,3.749075059516499692e-02,3.727607923047151356e-02,3.707561017448413043e-02,3.688880765406928053e-02,3.671510742174981939e-02,3.655393203791577894e-02,3.640470314747201730e-02,3.626685113393371407e-02,3.613982252971267156e-02,3.602308554047851941e-02,3.591613401045923304e-02,3.581849011936574095e-02,3.572970606386565579e-02,3.564936493967157949e-02,3.557708100592107264e-02,3.551249948246672922e-02,3.545529600333672399e-02,3.540517582604181535e-02,3.536187287636008425e-02,3.532514869147081876e-02,3.529479131042124324e-02,3.527061414963596903e-02,3.525245489198117893e-02,3.524017441051437161e-02,3.523365574221653390e-02,3.523280312242452889e-02,3.523754108708145039e-02,3.524781364718465593e-02,3.526358353769135090e-02,3.528483154158182367e-02,3.531155588861174810e-02,3.534377172744936763e-02,3.538151066929491606e-02,3.542482040068045679e-02,3.547376436287613677e-02,3.552842149515858527e-02,3.558888603908381965e-02,3.565526740084273144e-02,3.572769006870194636e-02,3.580629358247312821e-02,3.589123255183759853e-02,3.598267672021154828e-02,3.608081107061296422e-02
6.318181818181818343e-01,3.072419519666511750e-02,3.068955555448311598e-02,3.066077690352673329e-02,3.063773250680096316e-02,3.062031093960423944e-02,3.060841611646967705e-02,3.060196738275889825e-02,3.060089967459779861e-02,3.060516375087669536e-02,3.061472650110393101e-02,3.062957133297442361e-02,3.064969864359101681e-02,3.067512637829381342e-02,3.070589068100650770e-02,3.074204663985004651e-02,3.078366913142817005e-02,3.083085376663069824e-02,3.088371793988800920e-02,3.094240198248551441e-02,3.100707041863242502e-02,3.107791332028323958e-02,3.115514775306399073e-02,3.123901930077051942e-02,3.132980364926762212e-02,3.142780820167159067e-02,3.153337368546162145e-02,3.164687569726323813e-02,3.176872611171029093e-02,3.189937425607185933e-02,3.203930772082076023e-02,3.218905263641196057e-02,3.234917319643838829e-02,3.252027014496214341e-02,3.270297786901792125e-02,3.289795964394157113e-02,3.310590046755665372e-02,3.332749678863491244e-02,3.356344228659332435e-02,3.381440869767264601e-02,3.408102051798984899e-02,3.436382226481705243e-02,3.466323687658062758e-02,3.497951383148641818e-02,3.531266574481198989e-02,3.566239268597429235e-02,3.602799441424348048e-02,3.640827242190983193e-02,3.680142647656532706e-02,3.720495488478441082e-02,3.761557511459460990e-02,3.802919438504186872e-02,3.844098593794251228e-02,3.884569199331626421e-02,3.923849002914674838e-02,3.961778471314356120e-02,4.000104468560280319e-02,4.043198612765280114e-02,4.059003329281826028e-02,4.066760425125409695e-02,4.066948469573556518e-02,4.059733843913032603e-02,4.045399423869013023e-02,4.024410323728006694e-02,3.997404176362202161e-02,3.965149820143776260e-02,3.928491234302136648e-02,3.888286158554480482e-02,3.845338830124758744e-02,3.800269258555835639e-02,3.749162640748265191e-02,3.699770605488947317e-02,3.651749302231672989e-02,3.604970521496977942e-02,3.559651974726243256e-02,3.516010413767372417e-02,3.474213513693896055e-02,3.434373959184558456e-02,3.396554202685917595e-02,3.360774238313819773e-02,3.327019845595981934e-02,3.295250314240924516e-02,3.265405261176564100e-02,3.237410421635200652e-02,3.211182428849352483e-02,3.186632662703025448e-02,3.163670277280284521e-02,3.142204526227727890e-02,3.122146502011683214e-02,3.103410395869867985e-02,3.085914372903729788e-02,3.069581143439910689e-02,3.054338298783535258e-02,3.040118467507501102e-02,3.026859337816244222e-02,3.014503582397665832e-02,3.002998714499284516e-02,2.992296897616692278e-02,2.982354726012226634e-02,2.973132989122994826e-02,2.964596429609897901e-02,2.956713502196747084e-02,2.949456138420106580e-02,2.942799520846050773e-02,2.936721869115984165e-02,2.931204239282640678e-02,2.926230337223338293e-02,2.921786346425999867e-02,2.917860770098247222e-02,2.914444287296241373e-02,2.911529622600549441e-02,2.909111428765797855e-02,2.907186181709663086e-02,2.905752087179649945e-02,2.904808998433197967e-02,2.904358344278706178e-02,2.904403066851315995e-02,2.904947568526977664e-02,2.905997667413720564e-02,2.907560560895725010e-02,2.909644796739574088e-02,2.912260251306281189e-02,2.915418114440856273e-02,2.919130880635816688e-02,2.923412346083184218e-02,2.928277611241415779e-02
6.356060606060606188e-01,3.373243691812739115e-02,3.373665716078429189e-02,3.374751484474975555e-02,3.376484697237187860e-02,3.378850496396954700e-02,3.381835459675887334e-02,3.385427601306803536e-02,3.389616380166357579e-02,3.394392715600780958e-02,3.399749011333440263e-02,3.405679187848199840e-02,3.412178723648566503e-02,3.419244705794355355e-02,3.426875890112554557e-02,3.435072771461727958e-02,3.443837664397395720e-02,3.453174794527337499e-02,3.463090400754108983e-02,3.473592848482835727e-02,3.484692753693593992e-02,3.496403117463417476e-02,3.508739470176563263e-02,3.521720024189829712e-02,3.535365833026574145e-02,3.549700954279571413e-02,3.564752612225388639e-02,3.580551354605815417e-02,3.597131196015951327e-02,3.614529737728643111e-02,3.632788250423603371e-02,3.651951701993792765e-02,3.672068707146911026e-02,3.693191368654664963e-02,3.715374971544314203e-02,3.738677480993124469e-02,3.763158781920532964e-02,3.788879583123554162e-02,3.815899891333152105e-02,3.844276941261019070e-02,3.874062447746975252e-02,3.905299027881196233e-02,3.938015628706271337e-02,3.972221796936172000e-02,4.007900652540499070e-02,4.045000495942227547e-02,4.083425116462160998e-02,4.123023119902431699e-02,4.163577023962931889e-02,4.204793602929953605e-02,4.246298254074389045e-02,4.287638674081895723e-02,4.328309011461186490e-02,4.367823414577481911e-02,4.405942986772621445e-02,4.443711440480403729e-02,4.497588817509966252e-02,4.517902091375328860e-02,4.526659590803377986e-02,4.526420871275765867e-02,4.517908688289906660e-02,4.501738684034327365e-02,4.478624873798466716e-02,4.449388736432190877e-02,4.414911773858336969e-02,4.376073496629467874e-02,4.333694431340275044e-02,4.288490754994198767e-02,4.241031020132154244e-02,4.191639722808821605e-02,4.139719031170319835e-02,4.082316673025802173e-02,4.031052698670794382e-02,3.981374167438377076e-02,3.933271845188172910e-02,3.886900139269235110e-02,3.842401357193719891e-02,3.799875902384095006e-02,3.759378821273375720e-02,3.720923996526462330e-02,3.684490838726524331e-02,3.650031516484222860e-02,3.617477835012770926e-02,3.586747347453890511e-02,3.557748535099753556e-02,3.530385036611222854e-02,3.504558987326780728e-02,3.480173570859846494e-02,3.457134900816671158e-02,3.435353350475565948e-02,3.414744439425172057e-02,3.395229373012587093e-02,3.376735315900646073e-02,3.359195466812570779e-02,3.342548988583443625e-02,3.326740836358731829e-02,3.311721517273703841e-02,3.297446807130925694e-02,3.283877443288273773e-02,3.270978807966472279e-02,3.258720612269579847e-02,3.247076588185985463e-02,3.236024193528617282e-02,3.225544333031885730e-02,3.215621097527859851e-02,3.206241522175931613e-02,3.197395364036876436e-02,3.189074898803578167e-02,3.181274736174287410e-02,3.173991653142036601e-02,3.167224444337681660e-02,3.160973788508737725e-02,3.155242130202447204e-02,3.150033575711604777e-02,3.145353802375416147e-02,3.141209980376205579e-02,3.137610706221607287e-02,3.134565947156924687e-02,3.132086995806847990e-02,3.130186434400346329e-02,3.128878107982846490e-02,3.128177106065783974e-02,3.128099752205042855e-02,3.128663601032792563e-02,3.129887442295114369e-02,3.131791311465610683e-02
6.393939393939394034e-01,4.137183220222115376e-02,4.144033492092930732e-02,4.151878272517731117e-02,4.160690057032796763e-02,4.170442717830433188e-02,4.181111453952869594e-02,4.192672749622822909e-02,4.205104341099265980e-02,4.218385192401027245e-02,4.232495480191223597e-02,4.247416588055991787e-02,4.263131110340136892e-02,4.279622865613705307e-02,4.296876919724704202e-02,4.314879618255296201e-02,4.333618628058118205e-02,4.353082987251161162e-02,4.373263162712735103e-02,4.394151113817681975e-02,4.415740360619852672e-02,4.438026054026041750e-02,4.461005044683923754e-02,4.484675946246721029e-02,4.509039187325183939e-02,4.534097044709513996e-02,4.559853648250773023e-02,4.586314945007594762e-02,4.613488606751488946e-02,4.641383860508360021e-02,4.670011216295037043e-02,4.699382059370210002e-02,4.729508065916000065e-02,4.760400390882561783e-02,4.792068564587710633e-02,4.824519020538980268e-02,4.857753161058844804e-02,4.891764850347886384e-02,4.926537208109786625e-02,4.962038563552854248e-02,4.998217424226475414e-02,5.034996324439338505e-02,5.072264455873497918e-02,5.109869066210658700e-02,5.147605765527574900e-02,5.185208139871921862e-02,5.222337483494770421e-02,5.258574088168858907e-02,5.293412461673911024e-02,5.326264261340492995e-02,5.356475078030120685e-02,5.383366021971466853e-02,5.406324486829065801e-02,5.425021323376768428e-02,5.440159693085096226e-02,5.469220613802924097e-02,5.476775764919534356e-02,5.459312179478241489e-02,5.431241385681903622e-02,5.395279446952181562e-02,5.353524848397299418e-02,5.307901242958047022e-02,5.260150829308257725e-02,5.211745293102158783e-02,5.163802844102092365e-02,5.117043959602179948e-02,5.071794714337389542e-02,5.028030888643103546e-02,4.985442822096160936e-02,4.943480674959004062e-02,4.901246515698066963e-02,4.853803034820632772e-02,4.808640745751595336e-02,4.767268029648064065e-02,4.726873872633337997e-02,4.687324264678562058e-02,4.648639992840557927e-02,4.610880390386529193e-02,4.574107336939384899e-02,4.538369919847296680e-02,4.503698235761820906e-02,4.470102230922757408e-02,4.437573381835151903e-02,4.406087813588853430e-02,4.375609941380548956e-02,4.346096068920057842e-02,4.317497627031625929e-02,4.289763906579845826e-02,4.262844249077076680e-02,4.236689722237564626e-02,4.211254340416939468e-02,4.186495902407204317e-02,4.162376519557828281e-02,4.138862901202809697e-02,4.115926455466469708e-02,4.093543253849039887e-02,4.071693898754868979e-02,4.050363324906364887e-02,4.029540558598157518e-02,4.009218452992204668e-02,3.989393413028845953e-02,3.970065119882319749e-02,3.951236262057643278e-02,3.932912278062826450e-02,3.915101113953783213e-02,3.897812997833278309e-02,3.881060232489443040e-02,3.864857006713053045e-02,3.849219225372080277e-02,3.834164358003061546e-02,3.819711305463883294e-02,3.805880284053519969e-02,3.792692726424463229e-02,3.780171198559583584e-02,3.768339332051613699e-02,3.757221770974735614e-02,3.746844132631455687e-02,3.737232981446225039e-02,3.728415815325041016e-02,3.720421063829001257e-02,3.713278097530742228e-02,3.707017247946480659e-02,3.701669837455886375e-02,3.697268218637174420e-02,3.693845822456356953e-02,3.691437214751611823e-02
6.431818181818181879e-01,5.224978992272633072e-02,5.236785859335198884e-02,5.250363193878160306e-02,5.265674748620589873e-02,5.282685235366174625e-02,5.301360092332131624e-02,5.321665266552982887e-02,5.343567013125330445e-02,5.367031712860351883e-02,5.392025709670445616e-02,5.418515168718819608e-02,5.446465956070405817e-02,5.475843540186950409e-02,5.506612914957619009e-02,5.538738543534402897e-02,5.572184321592687367e-02,5.606913557781807722e-02,5.642888968193562199e-02,5.680072680559081211e-02,5.718426242528808212e-02,5.757910626762165890e-02,5.798486223568695419e-02,5.840112809426373230e-02,5.882749476743305561e-02,5.926354506600601396e-02,5.970885161762896909e-02,6.016297371793147275e-02,6.062545275462527528e-02,6.109580577598102552e-02,6.157351667869147976e-02,6.205802437630403290e-02,6.254870717803968916e-02,6.304486246096642488e-02,6.354568056253236119e-02,6.405021166848955116e-02,6.455732434752298188e-02,6.506565432945546346e-02,6.557354220470318351e-02,6.607895903972796359e-02,6.657941960450335095e-02,6.707188419948284519e-02,6.755265222104542278e-02,6.801725394089483401e-02,6.846035184033440191e-02,6.887566951931557713e-02,6.925597479796959111e-02,6.959315397228703348e-02,6.987842601341098803e-02,7.010275985056553527e-02,7.025758296635957467e-02,7.033594527302562682e-02,7.033462488069437690e-02,7.025952726613973742e-02,7.016063348654129339e-02,7.017693956012137357e-02,6.973789359860038672e-02,6.917789470686083741e-02,6.854545030855453691e-02,6.787252264682518132e-02,6.718490163361483247e-02,6.650350617895602057e-02,6.584442043919085108e-02,6.521891919078438848e-02,6.463373540498250358e-02,6.409155894034403167e-02,6.359168099275840091e-02,6.313069130623738534e-02,6.270314332989559980e-02,6.230208522846317903e-02,6.191920657240911063e-02,6.154322623434178158e-02,6.113001258845791180e-02,6.075822793755793899e-02,6.039477341333573945e-02,6.003388842817868054e-02,5.967378900399190195e-02,5.931368884392185237e-02,5.895328714894197686e-02,5.859253817947751575e-02,5.823151710046613888e-02,5.787034114758581038e-02,5.750912809049665841e-02,5.714797963232005201e-02,5.678698026894377776e-02,5.642620456872206314e-02,5.606572800257462325e-02,5.570563823842197837e-02,5.534604515490392646e-02,5.498708875639082144e-02,5.462894476083291623e-02,5.427182797238050416e-02,5.391599372133897006e-02,5.356173771738651640e-02,5.320939466304327320e-02,5.285933594313595163e-02,5.251196666127460472e-02,5.216772224706715810e-02,5.182706481374377977e-02,5.149047940760241582e-02,5.115847025893756339e-02,5.083155711859509845e-02,5.051027174422612759e-02,5.019515458479439224e-02,4.988675169999381986e-02,4.958561194216196816e-02,4.929228442130409449e-02,4.900731626843180672e-02,4.873125070812586723e-02,4.846462544767859981e-02,4.820797138716628738e-02,4.796181165209070091e-02,4.772666094776157469e-02,4.750302523222961482e-02,4.729140170233492313e-02,4.709227908526567030e-02,4.690613822597377441e-02,4.673345295828775642e-02,4.657469124581115755e-02,4.643031657803427248e-02,4.630078960412036676e-02,4.618656998548615472e-02,4.608811844743123526e-02,4.600589900896320111e-02,4.594038136907552944e-02,4.589204342709148760e-02
6.469696969696969724e-01,6.257010874637591868e-02,6.259528342296050152e-02,6.265564959380628962e-02,6.275144458855363983e-02,6.288289649162040473e-02,6.305021310294459114e-02,6.325357109288735902e-02,6.349310546570641201e-02,6.376889944859012727e-02,6.408097492051534338e-02,6.442928349206955563e-02,6.481369834283869091e-02,6.523400691177444477e-02,6.568990452204656605e-02,6.618098900389324246e-02,6.670675635632523914e-02,6.726659746091766257e-02,6.785979582802305343e-02,6.848552631729926121e-02,6.914285472977250990e-02,6.983073811746258464e-02,7.054802559790397665e-02,7.129345939388884168e-02,7.206567574228071871e-02,7.286320522835200431e-02,7.368447200234734540e-02,7.452779122136561629e-02,7.539136393112391699e-02,7.627326845864079718e-02,7.717144723036876985e-02,7.808368776643623277e-02,7.900759644227665912e-02,7.994056347574661492e-02,8.087971752761688449e-02,8.182186835515810330e-02,8.276343622261951583e-02,8.370036738058798942e-02,8.462803606138724621e-02,8.554113533836538164e-02,8.643356214773856294e-02,8.729830606621069577e-02,8.812735729349258085e-02,8.891165669354028633e-02,8.964111922674057598e-02,9.030477044758526695e-02,9.089104184493645988e-02,9.138827202378781156e-02,9.178545571705964967e-02,9.207327719388071208e-02,9.224549128842177148e-02,9.230091695127197460e-02,9.224748026372590892e-02,9.212035190408106311e-02,9.219855797356464600e-02,9.174645416951578147e-02,9.114105041554525222e-02,9.045621616009301424e-02,8.972890225164721623e-02,8.898443025347439750e-02,8.824058878755776381e-02,8.750913583191652356e-02,8.679686048438131629e-02,8.610658910220859996e-02,8.543816610467849793e-02,8.478936809881022774e-02,8.415671109245563553e-02,8.353612659718345768e-02,8.292349468472762219e-02,8.231502454369650501e-02,8.170745987086781847e-02,8.109801824783292867e-02,8.048335061453201766e-02,7.986328621365225422e-02,7.924387195079550528e-02,7.861834058888175769e-02,7.798766629688085039e-02,7.735247703470354841e-02,7.671320666074871175e-02,7.607010285081559908e-02,7.542324955389285990e-02,7.477261463008393061e-02,7.411811248717090073e-02,7.345966943098336532e-02,7.279728237888212494e-02,7.213106557588710999e-02,7.146128340668143897e-02,7.078836978306887739e-02,7.011293591867912012e-02,6.943576882485542889e-02,6.875782286269252475e-02,6.808020640954046132e-02,6.740416531479144491e-02,6.673106443228571383e-02,6.606236817727788313e-02,6.539962078370263610e-02,6.474442673269968640e-02,6.409843167730426561e-02,6.346330408893999242e-02,6.284071778702168820e-02,6.223233547329539567e-02,6.163979336909059664e-02,6.106468704018750554e-02,6.050855848574765439e-02,5.997288456158513664e-02,5.945906680177154985e-02,5.896842269489603605e-02,5.850217846161394342e-02,5.806146336818820974e-02,5.764730559668714005e-02,5.726062967674985099e-02,5.690225546683110730e-02,5.657289865519968958e-02,5.627317273328077268e-02,5.600359237683191077e-02,5.576457815440759302e-02,5.555646246814345546e-02,5.537949661940733126e-02,5.523385888161491675e-02,5.511966345482172819e-02,5.503697017116683521e-02,5.498579481616502895e-02,5.496611993227708964e-02,5.497790597257101730e-02,5.502110267362125828e-02,5.509566052276877735e-02
6.507575757575757569e-01,6.315611944164696567e-02,6.255424060530770380e-02,6.200625010677823096e-02,6.151457254630782190e-02,6.108176667032998858e-02,6.071050662985977980e-02,6.040356061619074624e-02,6.016376675595103141e-02,5.999400619055457462e-02,5.989717331864429645e-02,5.987614324387487141e-02,5.993373654256300975e-02,6.007268154479904199e-02,6.029557440599488810e-02,6.060483733027632186e-02,6.100267538821326635e-02,6.149103244411782687e-02,6.207154676623546918e-02,6.274550693033822957e-02,6.351380863576960856e-02,6.437691302583728459e-02,6.533480703415245339e-02,6.638696615833940273e-02,6.753231988708310873e-02,6.876921977205553704e-02,7.009540984195250513e-02,7.150799870508141309e-02,7.300343228837972986e-02,7.457746573163874515e-02,7.622513252502706449e-02,7.794070859097723680e-02,7.971766873771189699e-02,8.154863285220580182e-02,8.342529950038576891e-02,8.533836545974306242e-02,8.727743138372467957e-02,8.923089660340945140e-02,9.118585035272663841e-02,9.312797275659413787e-02,9.504146685680571471e-02,9.690905245998061857e-02,9.871206262703245693e-02,1.004306920494593691e-01,1.020444499629634683e-01,1.035328642736926402e-01,1.048764643431597393e-01,1.060580374230384870e-01,1.070641191413142790e-01,1.078866814730707890e-01,1.085251560402646365e-01,1.089898848563186640e-01,1.093147404034332942e-01,1.098979505167449605e-01,1.098632657271511187e-01,1.095422674034793875e-01,1.090871966222947409e-01,1.085468437642271577e-01,1.079499410861735620e-01,1.073144389060754489e-01,1.066506612155971589e-01,1.059631523660203994e-01,1.052520953302727436e-01,1.045144975526603875e-01,1.037451920900372693e-01,1.029376762894761294e-01,1.020848129698377765e-01,1.011794237014169706e-01,1.002148025262431658e-01,9.918516832579897524e-02,9.808605033327744138e-02,9.691454269953914125e-02,9.566911592001151043e-02,9.434477392758142122e-02,9.298109294165665673e-02,9.156700354919231066e-02,9.010174156730779704e-02,8.859389931653383066e-02,8.705203996031363189e-02,8.548445783159623612e-02,8.389888902535265480e-02,8.230233913438099458e-02,8.070104215815553095e-02,7.910052545237407362e-02,7.750574208072703863e-02,7.592123189040654585e-02,7.435128011285632721e-02,7.280005262730109006e-02,7.127169697291012296e-02,6.977040604892052744e-02,6.830044672016866159e-02,6.686615851062227556e-02,6.547192879424340584e-02,6.412215098540834102e-02,6.282117168627883441e-02,6.157323191500914394e-02,6.038240663191905833e-02,5.925254591656359954e-02,5.818722037720423790e-02,5.718967270813970355e-02,5.626277674338425044e-02,5.540900487454422652e-02,5.463040429283590182e-02,5.392858216920422970e-02,5.330469959454980922e-02,5.275947385902106379e-02,5.229318845236690522e-02,5.190571001420703212e-02,5.159651135225052504e-02,5.136469957591838220e-02,5.120904835979889907e-02,5.112803335256558418e-02,5.111986977811210781e-02,5.118255133200233509e-02,5.131388955266964758e-02,5.151155293785690537e-02,5.177310517733994116e-02,5.209604197832398698e-02,5.247782606550299017e-02,5.291592004021528073e-02,5.340781687919481796e-02,5.395106794101184322e-02,5.454330842575955129e-02,5.518228030006282203e-02,5.586585275344673612e-02,5.659204029536355623e-02
6.545454545454545414e-01,6.683802234512892237e-02,6.534731448514226326e-02,6.389033889074179073e-02,6.246867125253457997e-02,6.108422134269424209e-02,5.973924569610476049e-02,5.843635958390095558e-02,5.717854789679081146e-02,5.596917448078367330e-02,5.481198938813374583e-02,5.371113342195307783e-02,5.267113926497892645e-02,5.169692839250245031e-02,5.079380287847331393e-02,4.996743111423524591e-02,4.922382637389526722e-02,4.856931708190162511e-02,4.801050756992793211e-02,4.755422805479084247e-02,4.720747252952852552e-02,4.697732323831848439e-02,4.687086040405721854e-02,4.689505589622155329e-02,4.705664956636930463e-02,4.736200704043877496e-02,4.781695784414236039e-02,4.842661285898970658e-02,4.919516028166752430e-02,5.012563952628414088e-02,5.121969293444150750e-02,5.247729585133804192e-02,5.389646675321017183e-02,5.547296091053822986e-02,5.719995385595294524e-02,5.906772507394963956e-02,6.106335822966704047e-02,6.317048219397636277e-02,6.536908708244544564e-02,6.763546087332303336e-02,6.994230326081525562e-02,7.225908120509788590e-02,7.455269061528466135e-02,7.678847518888835821e-02,7.893162167374935534e-02,8.094889944966832118e-02,8.281064842084537303e-02,8.449286456215632235e-02,8.597923569096434238e-02,8.726316216363945444e-02,8.835061481872120981e-02,8.926915357938296214e-02,9.015655111417321399e-02,9.113219656308799155e-02,9.131559739628405947e-02,9.130696936182526591e-02,9.117061906659319759e-02,9.093705279035986522e-02,9.062253149883291170e-02,9.023459477841766496e-02,8.977482565306275919e-02,8.924070685405997849e-02,8.862702253888737891e-02,8.792694877756525307e-02,8.713289745879064518e-02,8.623715879516766214e-02,8.523238291513401954e-02,8.411193839872294076e-02,8.287018074014992908e-02,8.150265294034693409e-02,8.000621447525603502e-02,7.837902014946962481e-02,7.661998232987721202e-02,7.472548789668309599e-02,7.263278619519636381e-02,7.053835972809840982e-02,6.837233612276068240e-02,6.614356647368582753e-02,6.387087371145711012e-02,6.157556985656179038e-02,5.927986160061982090e-02,5.700581185232098114e-02,5.477453524120382694e-02,5.260560256214232705e-02,5.051665099812819443e-02,4.852317986950897138e-02,4.663849522743675896e-02,4.487375967806489507e-02,4.323810615093007237e-02,4.173878252213060469e-02,4.038130432408510578e-02,3.916960243289973470e-02,3.810616013355152404e-02,3.719213891639599340e-02,3.642749502655678179e-02,3.581108974139179252e-02,3.534079620372477387e-02,3.501360490947299370e-02,3.482572901606863919e-02,3.477270974362956651e-02,3.484952141444960100e-02,3.505067516921746978e-02,3.537032011118976943e-02,3.580234053443861336e-02,3.634044794845479182e-02,3.697826677510909765e-02,3.770941282447567988e-02,3.852756391880805820e-02,3.942652230175838074e-02,4.040026872281348574e-02,4.144300831167566090e-02,4.254920854621502269e-02,4.371362976750778340e-02,4.493134880651911134e-02,4.619777636164990736e-02,4.750866880863379577e-02,4.886013513896719784e-02,5.024863971509180294e-02,5.167100150498581124e-02,5.312439042005550477e-02,5.460632133231066443e-02,5.611464629313879515e-02,5.764754541928428927e-02,5.920351685401240710e-02,6.078136615449769575e-02,6.238019540124439821e-02
6.583333333333333259e-01,8.606385714614737947e-02,8.411062343769905303e-02,8.218008085327747902e-02,8.027159323301374938e-02,7.838478066108550690e-02,7.651953331005707792e-02,7.467602603373291181e-02,7.285473365491786091e-02,7.105644683630381320e-02,6.928228835563499111e-02,6.753372952806539764e-02,6.581260642654815363e-02,6.412113544255008957e-02,6.246192760130452049e-02,6.083800089520893101e-02,5.925278972252330523e-02,5.771015031333358997e-02,5.621436078794932872e-02,5.477011422259522172e-02,5.338250279300750523e-02,5.205699073028507290e-02,5.079937346093284234e-02,4.961571992668868669e-02,4.851229471066171445e-02,4.749545626952887678e-02,4.657152734140430211e-02,4.574663354704586182e-02,4.502650644554716253e-02,4.441624800827337349e-02,4.392005485447624674e-02,4.354090292481924834e-02,4.328019687956343592e-02,4.313739373591116838e-02,4.310961738455785369e-02,4.319128973677644617e-02,4.337381503845746250e-02,4.364536535481128299e-02,4.399082540289575571e-02,4.439196061285724526e-02,4.482786924679586782e-02,4.527576288110649744e-02,4.571208595782075973e-02,4.611393435952954728e-02,4.646067137720678863e-02,4.673558206610938653e-02,4.692737877955201892e-02,4.703140931254810864e-02,4.705059753202860129e-02,4.699671579911339492e-02,4.689502777560711905e-02,4.681739271130451463e-02,4.713966358345493546e-02,4.674747716347678328e-02,4.626311476142707518e-02,4.575838980345443147e-02,4.525592146305585511e-02,4.476274104411514382e-02,4.427780179150281326e-02,4.379534536564611696e-02,4.330699575722548461e-02,4.280325975975936281e-02,4.227465183125277831e-02,4.171253492610096231e-02,4.110972818439423415e-02,4.046091669008646668e-02,3.976289052287789588e-02,3.901463453351804861e-02,3.821728445105485733e-02,3.737395694409498259e-02,3.648944604518439272e-02,3.556973942227478758e-02,3.462117856092367801e-02,3.364849193611717942e-02,3.264573703470612098e-02,3.150062639003489706e-02,3.049153687169386950e-02,2.952601281253063384e-02,2.860642441217134749e-02,2.774410536864883176e-02,2.695198811408392944e-02,2.624305675053035386e-02,2.562960975731239793e-02,2.512276203728003310e-02,2.473208029821059861e-02,2.446533284165576874e-02,2.432834965073795569e-02,2.432498545830324641e-02,2.445717197730881698e-02,2.472504067472525505e-02,2.512709572642079711e-02,2.566041779957535518e-02,2.632088211492391791e-02,2.710337783148967367e-02,2.800201939777308829e-02,2.901034366810532547e-02,3.012148910376510197e-02,3.132835525854008735e-02,3.262374207461664344e-02,3.400046940577644561e-02,3.545147775541959007e-02,3.696991156140243956e-02,3.854918654898873559e-02,4.018304275736097469e-02,4.186558485823067138e-02,4.359131134975601646e-02,4.535513414067453286e-02,4.715238994883165502e-02,4.897884483296132546e-02,5.083069306247534058e-02,5.270455141182196768e-02,5.459744984736755735e-02,5.650681945866162931e-02,5.843047837469538680e-02,6.036661630089514702e-02,6.231377821538163636e-02,6.427084767396656906e-02,6.623703009282526366e-02,6.821183630561153399e-02,7.019506662758165372e-02,7.218679560264898432e-02,7.418735755925032205e-02,7.619733305680599644e-02,7.821753626539089399e-02,8.024900328599397781e-02,8.229298138639536131e-02
6.621212121212121104e-01,1.129354536320192337e-01,1.106867542149962136e-01,1.084672431674835597e-01,1.062749570073530797e-01,1.041081280598253334e-01,1.019651925439022666e-01,9.984479871769590120e-02,9.774581508992190304e-02,9.566733864037357815e-02,9.360870291891254524e-02,9.156948581010027066e-02,8.954951665600328903e-02,8.754888231970105184e-02,8.556793164374537630e-02,8.360727760843329748e-02,8.166779632191459304e-02,7.975062177664891949e-02,7.785713508480118783e-02,7.598894666214416060e-02,7.414786957355307129e-02,7.233588199749312053e-02,7.055507653610765262e-02,6.880759392927428275e-02,6.709553868112604069e-02,6.542087425644410592e-02,6.378529596114351774e-02,6.219008052867179559e-02,6.063591296896114063e-02,5.912269359828655618e-02,5.764933155808583259e-02,5.621353570015274331e-02,5.481161948767832720e-02,5.343834330782314124e-02,5.208682467526959403e-02,5.074855301500234145e-02,4.941354914069857190e-02,4.807070763545041175e-02,4.670835022822301952e-02,4.531499754745301617e-02,4.388033464131713135e-02,4.239630490205861107e-02,4.085822441938773142e-02,3.926577566941438779e-02,3.762373000389578059e-02,3.594227683643229365e-02,3.423691718811256585e-02,3.252803537356617480e-02,3.084060390126050835e-02,2.920564037867368762e-02,2.767279603149796000e-02,2.662675299377034038e-02,2.514399890247809993e-02,2.366965566977480631e-02,2.230048829027442281e-02,2.105598775438867476e-02,1.993944332521420046e-02,1.894673896361841192e-02,1.806977588563257395e-02,1.729844186007629958e-02,1.662196786019498260e-02,1.602993229849818124e-02,1.551301604007761931e-02,1.506355834094016619e-02,1.467594259766368155e-02,1.434683087955413577e-02,1.407526082856078858e-02,1.386261494829776030e-02,1.371246911155606790e-02,1.363032297703969595e-02,1.362320770809489698e-02,1.369915023658062857e-02,1.386642907851808743e-02,1.413239998561822280e-02,1.450085115421811087e-02,1.495542704761949546e-02,1.535041383933934481e-02,1.597672136451071603e-02,1.672998697660264475e-02,1.760111150203575239e-02,1.858511445860478242e-02,1.967693166690964376e-02,2.087081737184689686e-02,2.216043646905358627e-02,2.353914171186715157e-02,2.500027295066915844e-02,2.653740607918769409e-02,2.814452049280439377e-02,2.981608001348929476e-02,3.154703942055804566e-02,3.333279794472202712e-02,3.516912340468951459e-02,3.705206798200009338e-02,3.897789119659920976e-02,4.094299947486820801e-02,4.294390619211887333e-02,4.497721193575180548e-02,4.703960213149249031e-02,4.912785791374957300e-02,5.123887585862050426e-02,5.336969257276760747e-02,5.551751083804458420e-02,5.767972482849118704e-02,5.985394270199880656e-02,6.203800554765403347e-02,6.423000221154764877e-02,6.642827992745556354e-02,6.863145095895935299e-02,7.083839563750675417e-02,7.304826227923676141e-02,7.526046450284060163e-02,7.747467646884617642e-02,7.969082653156102369e-02,8.190908974916381868e-02,8.412987964289833642e-02,8.635383953857379835e-02,8.858183376590877955e-02,9.081493893633245384e-02,9.305443546837627311e-02,9.530179948249810351e-02,9.755869514379182650e-02,9.982696749112264512e-02,1.021086357540332834e-01,1.044058871232454860e-01,1.067210709055535361e-01,1.090566929593755202e-01
6.659090909090908950e-01,1.448095566033735238e-01,1.422605403056942941e-01,1.397547696545999862e-01,1.372893440146555344e-01,1.348615146633852513e-01,1.324686894347655297e-01,1.301084359450309647e-01,1.277784834127565772e-01,1.254767229947745810e-01,1.232012064469016899e-01,1.209501428050974020e-01,1.187218926667779340e-01,1.165149595211939920e-01,1.143279774376750740e-01,1.121596942724177454e-01,1.100089494027378240e-01,1.078746448504490085e-01,1.057557085274343084e-01,1.036510482478070067e-01,1.015594951345780567e-01,9.947973514938901474e-02,9.741022775321697691e-02,9.534911124446468489e-02,9.329409521839886199e-02,9.124234196508668182e-02,8.919034059515547341e-02,8.713378036405634852e-02,8.506743311623990444e-02,8.298505894567909102e-02,8.087935383946011358e-02,7.874196272839496802e-02,7.656358513097799579e-02,7.433420213285991951e-02,7.204345109527414415e-02,6.968116636935267616e-02,6.723808884976451017e-02,6.470672390688808617e-02,6.208229748089130751e-02,5.936372793829552269e-02,5.655450349255904119e-02,5.366334024172898093e-02,5.070450258877718525e-02,4.769770137492914536e-02,4.466754588415369071e-02,4.164261084176850564e-02,3.865429234043907952e-02,3.573581851746253368e-02,3.292235483169417970e-02,3.025632933503313513e-02,2.785686821542089284e-02,2.570278710233084990e-02,2.335337811286017015e-02,2.118068829871051426e-02,1.920847337079772260e-02,1.744110982898756934e-02,1.587543246651846457e-02,1.450440963800203077e-02,1.331900853450636996e-02,1.230940111780922872e-02,1.146584003342919489e-02,1.077932551693709835e-02,1.024211520149154175e-02,9.848101413832069037e-03,9.593068650875955297e-03,9.474838740314052432e-03,9.493309194200673026e-03,9.650389663542830593e-03,9.949840964559206538e-03,1.039701973181690435e-02,1.099852785843616169e-02,1.176175659614248428e-02,1.269429257444202284e-02,1.380308872329024522e-02,1.509306120487654418e-02,1.656328614357130413e-02,1.807733609084559087e-02,1.974043036151910610e-02,2.162242081370909647e-02,2.367333579595273102e-02,2.587551602535353296e-02,2.821266211411925864e-02,3.066737222931031556e-02,3.322108914979372135e-02,3.585465963576605491e-02,3.854909075534092983e-02,4.128632031332764296e-02,4.404988755954809820e-02,4.682543191154991263e-02,4.960098518057715067e-02,5.236705741378637480e-02,5.511654393032871385e-02,5.784449826298315028e-02,6.054782190655880192e-02,6.322491880455111124e-02,6.587535353315376874e-02,6.849954053248151487e-02,7.109848022404106904e-02,7.367354817653906651e-02,7.622633639730255761e-02,7.875854135868246009e-02,8.127189111146793099e-02,8.376810321332132936e-02,8.624886563592795707e-02,8.871583383359871178e-02,9.117063840922355611e-02,9.361489907359023255e-02,9.605024173128107190e-02,9.847831648159552365e-02,1.009008150825226324e-01,1.033194870021269252e-01,1.057361536002234537e-01,1.081527202730137721e-01,1.105711865829920176e-01,1.129936545106026008e-01,1.154223350236121826e-01,1.178595531809629449e-01,1.203077519823010505e-01,1.227694951512998262e-01,1.252474690065251417e-01,1.277444835318561345e-01,1.302634727115691282e-01,1.328074941481158788e-01,1.353797279268995069e-01,1.379834746304043902e-01,1.406221523498608350e-01
6.696969696969696795e-01,1.823992098393930894e-01,1.795214866116814911e-01,1.767053014984830417e-01,1.739470204465358993e-01,1.712430906135509190e-01,1.685900439834226994e-01,1.659844969454655206e-01,1.634231458747667787e-01,1.609027585980197794e-01,1.584201614790017032e-01,1.559722217041343562e-01,1.535558242236368665e-01,1.511678426686913490e-01,1.488051034437574138e-01,1.464643421232324216e-01,1.441421512550632167e-01,1.418349187287080426e-01,1.395387560418750728e-01,1.372494161506239985e-01,1.349622011758208617e-01,1.326718611441432549e-01,1.303724862504698490e-01,1.280573969271933121e-01,1.257190383638623066e-01,1.233488890607066929e-01,1.209373964583521782e-01,1.184739564572086928e-01,1.159469573120631147e-01,1.133439112816676253e-01,1.106516985536346032e-01,1.078569461108375566e-01,1.049465579980664448e-01,1.019084017117688062e-01,9.873213764227610489e-02,9.541015533466028209e-02,9.193855421520380489e-02,8.831808169681273912e-02,8.455492409479306581e-02,8.066124178233147202e-02,7.665535427773952082e-02,7.256151493806177466e-02,6.840926567166194516e-02,6.423242291950102822e-02,6.006781032885868260e-02,5.595392302806346391e-02,5.192981975188304400e-02,4.803487776504630075e-02,4.431173990886038555e-02,4.083150071657899727e-02,3.783696296927611252e-02,3.456703578010283939e-02,3.150683142836853412e-02,2.869871564528385724e-02,2.615331035913519980e-02,2.387178588853969968e-02,2.185076668003863715e-02,2.008437639278134665e-02,1.856541717374177516e-02,1.728618896361430388e-02,1.623911797994575731e-02,1.541725827355424489e-02,1.481469001619443310e-02,1.442682127838707841e-02,1.425059346651586130e-02,1.428458929882742839e-02,1.452904373663115381e-02,1.498576102922315884e-02,1.565794364516218118e-02,1.654994005846579033e-02,1.766691662666131785e-02,1.901445173255164600e-02,2.059803246474812416e-02,2.242238857846828859e-02,2.449045925478837357e-02,2.680119403704689374e-02,2.934051852731744264e-02,3.181575933356912272e-02,3.460828904667401923e-02,3.763618890707817743e-02,4.085684939458276987e-02,4.424395684973978643e-02,4.777187682079045428e-02,5.141372206545449797e-02,5.514144405521522602e-02,5.892654280908519310e-02,6.274101611033083836e-02,6.655836319208566221e-02,7.035451284096494451e-02,7.410857752679002319e-02,7.780336816443145231e-02,8.142564078902020386e-02,8.496608236618370669e-02,8.841907257869943693e-02,9.178227772627815806e-02,9.505614055394555340e-02,9.824332718788046648e-02,1.013481823989924868e-01,1.043762306816270469e-01,1.073337462896773453e-01,1.102274026586274741e-01,1.130640017625617472e-01,1.158502772293803496e-01,1.185927611859176889e-01,1.212977032388110332e-01,1.239710300427167011e-01,1.266183349490508092e-01,1.292448887747892627e-01,1.318556644326809579e-01,1.344553697991896501e-01,1.370484846422027059e-01,1.396392986353938159e-01,1.422319484442182980e-01,1.448304525994104641e-01,1.474387434096523508e-01,1.500606955412123467e-01,1.527001511423206059e-01,1.553609415431520535e-01,1.580469056427922514e-01,1.607619051287977885e-01,1.635098366586333618e-01,1.662946410888421489e-01,1.691203097895004892e-01,1.719908880006764396e-01,1.749104750972533817e-01,1.778832215263107253e-01
6.734848484848484640e-01,2.271028135270052317e-01,2.238985575366991831e-01,2.207767013423020674e-01,2.177332125581080691e-01,2.147639936335448418e-01,2.118648875987400870e-01,2.090316753287243812e-01,2.062600644530141469e-01,2.035456698346054805e-01,2.008839853654267871e-01,1.982703466819316085e-01,1.956998843081916850e-01,1.931674667015195745e-01,1.906676327172700525e-01,1.881945132096277118e-01,1.857417418390352737e-01,1.833023557023613082e-01,1.808686872759810160e-01,1.784322503741876675e-01,1.759836244550112838e-01,1.735123437025666848e-01,1.710067998870958283e-01,1.684541709874193549e-01,1.658403907866551341e-01,1.631501777955494670e-01,1.603671444043434369e-01,1.574740083862578299e-01,1.544529278601932398e-01,1.512859765634512188e-01,1.479557678849256486e-01,1.444462230598835550e-01,1.407434614828785291e-01,1.368367706165243003e-01,1.327195921157343639e-01,1.283904433594663941e-01,1.238536839624389263e-01,1.191200389499587342e-01,1.142068063526992805e-01,1.091377065339489555e-01,1.039423700908366222e-01,9.865550492825425621e-02,9.331582516743390510e-02,8.796486238526080026e-02,8.264582092826101845e-02,7.740272112293991591e-02,7.228034896747909110e-02,6.732678276166829956e-02,6.260932899284335496e-02,5.858836797250020767e-02,5.414525821493725022e-02,4.987293979649889963e-02,4.588403677371592770e-02,4.220565892519523299e-02,3.884989129559165283e-02,3.582252700946991081e-02,3.312580462220147959e-02,3.075967046664132565e-02,2.872254194311275183e-02,2.701186979635046559e-02,2.562460375066295815e-02,2.455759454067152348e-02,2.380793492809965203e-02,2.337322952883955779e-02,2.325178014280644342e-02,2.344267612934484643e-02,2.394578579470806740e-02,2.476165263925111243e-02,2.589130760732118522e-02,2.733601322309877138e-02,2.909695572089042795e-02,3.117489456166225997e-02,3.356976044431008582e-02,3.628015026199179344e-02,3.930255560996401970e-02,4.262978162220334294e-02,4.624606322055215685e-02,5.008861629284520195e-02,5.362982085262197468e-02,5.772699833253907425e-02,6.206975886843008050e-02,6.660615924855509129e-02,7.129892572590791622e-02,7.611276471482729400e-02,8.101222608931796243e-02,8.596161689479546453e-02,9.092558896370568633e-02,9.587000699047627805e-02,1.007629154042559566e-01,1.055754802043943757e-01,1.102828063233330519e-01,1.148645529848414115e-01,1.193052964784976494e-01,1.235946209389236078e-01,1.277269489246048717e-01,1.317011500346942088e-01,1.355199838221328723e-01,1.391894412646931534e-01,1.427180476099323692e-01,1.461161807026751247e-01,1.493954458954170894e-01,1.525681342524462525e-01,1.556467773005182353e-01,1.586438005106660665e-01,1.615712696428042439e-01,1.644407190247147987e-01,1.672630483418579561e-01,1.700484739720350968e-01,1.728065216789156089e-01,1.755460490294273312e-01,1.782752877950133374e-01,1.810018985366964039e-01,1.837330313733992471e-01,1.864753884931084071e-01,1.892352852501487381e-01,1.920187077030938716e-01,1.948313652237838867e-01,1.976787373425669403e-01,2.005661143723306283e-01,2.034986316061131728e-01,2.064812970009641813e-01,2.095190123045654329e-01,2.126165875605237343e-01,2.157787488567492196e-01,2.190101390696480299e-01,2.223153112121263320e-01
6.772727272727272485e-01,2.796609562986182573e-01,2.762087678809662661e-01,2.728589447011058322e-01,2.696078017025834161e-01,2.664513025206121100e-01,2.633850733691838197e-01,2.604044018829387297e-01,2.575042213426366189e-01,2.546790805345119924e-01,2.519230993884102876e-01,2.492299105297322293e-01,2.465925869941541781e-01,2.440035566290588431e-01,2.414545041826699767e-01,2.389362628123114507e-01,2.364386977764207087e-01,2.339505864253371148e-01,2.314595003695834874e-01,2.289516978477435238e-01,2.264120366774719506e-01,2.238239207862071367e-01,2.211692958266979203e-01,2.184287114279986064e-01,2.155814687079037062e-01,2.126058711474043406e-01,2.094795941205165324e-01,2.061801826789901315e-01,2.026856782584182670e-01,1.989753629153617198e-01,1.950305953171856399e-01,1.908356975664998734e-01,1.863788383681316552e-01,1.816528487824071170e-01,1.766559044864180750e-01,1.713920149011049221e-01,1.658712750895115495e-01,1.601098595264980051e-01,1.541297645589261855e-01,1.479583345930380878e-01,1.416276321391296278e-01,1.351737323883405451e-01,1.286360425088898529e-01,1.220567789285856297e-01,1.154808284062152218e-01,1.089565328451426451e-01,1.025392136583411912e-01,9.630659899976372340e-02,9.051007480391716487e-02,8.510784038997934453e-02,7.907426299037303985e-02,7.329004125199750641e-02,6.782153866023941935e-02,6.270533384602805516e-02,5.796914346500500748e-02,5.363640988177999225e-02,4.972766049067904592e-02,4.626090778413246424e-02,4.325172958495734910e-02,4.071326147896646430e-02,3.865619289337766246e-02,3.708879562931780699e-02,3.601698116694401069e-02,3.544436706895145311e-02,3.537232882760980857e-02,3.580001890985666513e-02,3.672434648858093759e-02,3.813992549489013395e-02,4.003901090937547758e-02,4.241144976914651421e-02,4.524467133157749482e-02,4.852372818503920826e-02,5.223137404717229787e-02,5.634811577900444152e-02,6.085207449269324637e-02,6.571820364175280649e-02,7.091528124917721720e-02,7.639161845462927314e-02,8.141302556380872191e-02,8.669389583567188584e-02,9.240898735745517456e-02,9.833258169969595619e-02,1.043952259285821083e-01,1.105476473287861777e-01,1.167467378328040789e-01,1.229522566805234807e-01,1.291260028585963782e-01,1.352318282653771908e-01,1.412360147969584645e-01,1.471078222546906289e-01,1.528200959593667418e-01,1.583498496264062194e-01,1.636787522535934347e-01,1.687934613736299938e-01,1.736857630351206772e-01,1.783525008059134997e-01,1.827952992360376283e-01,1.870201081558505174e-01,1.910366099348271007e-01,1.948575406007293231e-01,1.984979772099692286e-01,2.019746390810669978e-01,2.053052413289898348e-01,2.085079277435077649e-01,2.116007984288889032e-01,2.146015372577753655e-01,2.175271359719689601e-01,2.203937060044288965e-01,2.232163656887703185e-01,2.260091890888500377e-01,2.287852027325765480e-01,2.315564175750920717e-01,2.343338851240659437e-01,2.371277685148830139e-01,2.399474211146375990e-01,2.428014669237993362e-01,2.456978785012693678e-01,2.486440492991052464e-01,2.516468582122601272e-01,2.547127248282080592e-01,2.578476543321812642e-01,2.610572713204916684e-01,2.643468419281195247e-01,2.677212837154708813e-01,2.711851627058545766e-01,2.747426768385231033e-01
6.810606060606060330e-01,3.390695771146842175e-01,3.355762279645314039e-01,3.321960693003709331e-01,3.289272477034272391e-01,3.257670671181424060e-01,3.227120241955049873e-01,3.197578216416762098e-01,3.168993607973587534e-01,3.141307147240497977e-01,3.114450832538702141e-01,3.088347318028075161e-01,3.062909162868225899e-01,3.038037972460605474e-01,3.013623472949287230e-01,2.989542572801054399e-01,2.965658480191579738e-01,2.941819961450811705e-01,2.917860842756984097e-01,2.893599872773146564e-01,2.868841074762990551e-01,2.843374720394525323e-01,2.816979050284495467e-01,2.789422841883869575e-01,2.760468883774509496e-01,2.729878353835067939e-01,2.697416018947709770e-01,2.662856081943441588e-01,2.625988407478128117e-01,2.586624776560936811e-01,2.544604765675790858e-01,2.499800836069627219e-01,2.452122262485340598e-01,2.401517631062672631e-01,2.347975786074077698e-01,2.291525287900029739e-01,2.232232637331534042e-01,2.170199700780376106e-01,2.105560921449133871e-01,2.038481023865169328e-01,1.969154044821617988e-01,1.897804744550646017e-01,1.824694005600763502e-01,1.750131383937986451e-01,1.674502761574998000e-01,1.598338263638637013e-01,1.522528200257295961e-01,1.449531611613579796e-01,1.388704510720721597e-01,1.305959583367011512e-01,1.223146475060985783e-01,1.141732668526343475e-01,1.062459669042129379e-01,9.859883827351360874e-02,9.130005945615324303e-02,8.442197284327435103e-02,7.804062039002512829e-02,7.223404673827001077e-02,6.707984790711984946e-02,6.265224828816315372e-02,5.901895202954397096e-02,5.623801724265656971e-02,5.435500316663521847e-02,5.340062630316949610e-02,5.338912668750150914e-02,5.431749047725478036e-02,5.616560383037424997e-02,5.889733184465726495e-02,6.246243328084317981e-02,6.679914632111910722e-02,7.183722195361344487e-02,7.750114615280889740e-02,8.371328005254907723e-02,9.039664802105917829e-02,9.747708408323645102e-02,1.048843095705338513e-01,1.125508798450879644e-01,1.204046240726187739e-01,1.283180367631921170e-01,1.342167267518190876e-01,1.411888656140798948e-01,1.484647404319675845e-01,1.558083784166872932e-01,1.631332785307759436e-01,1.703875967245226386e-01,1.775335355786131775e-01,1.845407886758106408e-01,1.913838057543963689e-01,1.980404918278488580e-01,2.044915905714184967e-01,2.107204576545078090e-01,2.167130775638791973e-01,2.224582292224492608e-01,2.279477251297618579e-01,2.331766585531146185e-01,2.381436024471095536e-01,2.428507155829062181e-01,2.473037262653461077e-01,2.515117808165733271e-01,2.554871607081753426e-01,2.592448867085401232e-01,2.628022389827390226e-01,2.661782278233960075e-01,2.693930505684510868e-01,2.724675670025624719e-01,2.754228193598759478e-01,2.782796153358557678e-01,2.810581845553459246e-01,2.837779117182858135e-01,2.864571437858391967e-01,2.891130643579933324e-01,2.917616256862935464e-01,2.944175275679667414e-01,2.970942322302790317e-01,2.998040049045632705e-01,3.025579708772602738e-01,3.053661811098165590e-01,3.082376798610922397e-01,3.111805690019419091e-01,3.142020648086578660e-01,3.173085439251265294e-01,3.205055758847811798e-01,3.237979400929169582e-01,3.271896255080389837e-01,3.306838114526912675e-01,3.342828280570768751e-01
6.848484848484848175e-01,4.002508875873967420e-01,3.971016848207116756e-01,3.940513073562919577e-01,3.911022213594865238e-01,3.882553590527211274e-01,3.855102015312193431e-01,3.828648383715767545e-01,3.803160065940667800e-01,3.778591120668995385e-01,3.754882370609107789e-01,3.731961383839060842e-01,3.709742413359558566e-01,3.688126355950882562e-01,3.667000799991034787e-01,3.646240239294097907e-01,3.625706534817667581e-01,3.605249706446927438e-01,3.584709130923319775e-01,3.563915207249359618e-01,3.542691525850470424e-01,3.520857541536880908e-01,3.498231703574459783e-01,3.474634940525839211e-01,3.449894338861738685e-01,3.423846800707959215e-01,3.396342421059365124e-01,3.367247302918645602e-01,3.336445535015656882e-01,3.303840095777300645e-01,3.269352519666682277e-01,3.232921263112308874e-01,3.194498828026924309e-01,3.154047830200307212e-01,3.111536327382970479e-01,3.066932842208534016e-01,3.020201631891519800e-01,2.971298888203187105e-01,2.920170739685759576e-01,2.866754260258935760e-01,2.810983349969480849e-01,2.752802784073370423e-01,2.692197106209849866e-01,2.629250046171789923e-01,2.564278584771922387e-01,2.498201754036088185e-01,2.434049195244710195e-01,2.402651549549998378e-01,2.308001964227294200e-01,2.207050720522484577e-01,2.101590382351684883e-01,1.991916245818727838e-01,1.878512090217763775e-01,1.762247734873186866e-01,1.644464855822857507e-01,1.527009129482188310e-01,1.412205919731312764e-01,1.302772970566686284e-01,1.201672722655268699e-01,1.111920136933380321e-01,1.036372781541183841e-01,9.775329247142700018e-02,9.373846958308877653e-02,9.172765713647458574e-02,9.178476250577786988e-02,9.389913848767884874e-02,9.798549905983859609e-02,1.038879028593360926e-01,1.113887556556041880e-01,1.202233248729658865e-01,1.300989885934215884e-01,1.407169677630183968e-01,1.517933806451922385e-01,1.630765606978901716e-01,1.743585899019499397e-01,1.854803907115041284e-01,1.963308257843413562e-01,2.068402535579356993e-01,2.169642951776638573e-01,2.265473775917683785e-01,2.299845030355475439e-01,2.365460068929178816e-01,2.432999813564994673e-01,2.499505161229169381e-01,2.564062995408049606e-01,2.626351124023599826e-01,2.686280677263227501e-01,2.743864730377142402e-01,2.799159079146895657e-01,2.852232697364070479e-01,2.903152767783578336e-01,2.951977841359861299e-01,2.998755934176077775e-01,3.043525751704947990e-01,3.086319869359652190e-01,3.127169018231219511e-01,3.166106803767842481e-01,3.203174306885750444e-01,3.238424123164836965e-01,3.271923505328261372e-01,3.303756392051587776e-01,3.334024228153100178e-01,3.362845598164510008e-01,3.390354796447408448e-01,3.416699533270564082e-01,3.442038022090833649e-01,3.466535708030785701e-01,3.490361884771069900e-01,3.513686411474515880e-01,3.536676694476469374e-01,3.559495045468519248e-01,3.582296475966967320e-01,3.605226942697478121e-01,3.628422022379752532e-01,3.652005968281263892e-01,3.676091084378160789e-01,3.700777344653106704e-01,3.726152183179600730e-01,3.752290383322893774e-01,3.779253999937921549e-01,3.807092255476130505e-01,3.835841358390121858e-01,3.865524199454676291e-01,3.896149888208758072e-01,3.927713097523580776e-01,3.960193189356642218e-01
6.886363636363636020e-01,4.524610462468211525e-01,4.502094783061475480e-01,4.479957286565240393e-01,4.458297274298535506e-01,4.437191821203024800e-01,4.416697351905618518e-01,4.396851111710864402e-01,4.377672560660660350e-01,4.359164727343633472e-01,4.341315565926422426e-01,4.324099364475575413e-01,4.307478254360558312e-01,4.291403868518950393e-01,4.275819189620750360e-01,4.260660616716026583e-01,4.245860259984637342e-01,4.231348447354256193e-01,4.217056394300903732e-01,4.202918950264684095e-01,4.188877293972558258e-01,4.174881408657856174e-01,4.160892130424905799e-01,4.146882532588404002e-01,4.132838388730281642e-01,4.118757449016678396e-01,4.104647265401519807e-01,4.090521308923720789e-01,4.076393131705079997e-01,4.062268319882728074e-01,4.048133960562023681e-01,4.033945293871156190e-01,4.019609137601909965e-01,4.004963564382252317e-01,3.989753203854591868e-01,3.973599487422075915e-01,3.955965250839599268e-01,3.936113539755174973e-01,3.913061536742421520e-01,3.885532776287805579e-01,3.851915143982984624e-01,3.810240206702402710e-01,3.758214685988148229e-01,3.693367528243070019e-01,3.613469410342932675e-01,3.517821169754645760e-01,3.415315592333959538e-01,3.257115107697925449e-01,3.036446792382175297e-01,2.797582601264604341e-01,2.545889176837874968e-01,2.290474653452126697e-01,2.041862256763133099e-01,1.809961289516330840e-01,1.602406797349936740e-01,1.423674454572227410e-01,1.275074405918167897e-01,1.155395303115031164e-01,1.061829408609944875e-01,9.908669298506819767e-02,9.389926771595563659e-02,9.031488662225722885e-02,8.810027821151839023e-02,8.710818613526649656e-02,8.728321336662508978e-02,8.866363820355552261e-02,9.138051204337356570e-02,9.565296456468586062e-02,1.017762847245691216e-01,1.100972967327843582e-01,1.209706898661244423e-01,1.346919991319082688e-01,1.514099658413964877e-01,1.710337076510563548e-01,1.931647114523011299e-01,2.170903018844632937e-01,2.418628190198730543e-01,2.664569200891690470e-01,2.899670602634711325e-01,3.118373880610447180e-01,3.277449171412354367e-01,3.383237187488445930e-01,3.482447659992948807e-01,3.566288284198016467e-01,3.635305314741995586e-01,3.691581024299838143e-01,3.737474653164304383e-01,3.775203681016197632e-01,3.806690695264369761e-01,3.833524675268425441e-01,3.856975105981758634e-01,3.878028649558817875e-01,3.897432845260091483e-01,3.915739167827775313e-01,3.933342060537488583e-01,3.950512824206821039e-01,3.967428354057854212e-01,3.984195184783069221e-01,4.000869434587510098e-01,4.017473208871988333e-01,4.034007934106900728e-01,4.050464996273370200e-01,4.066833981741737603e-01,4.083108770634235607e-01,4.099291712138685151e-01,4.115396108493731830e-01,4.131447245327251050e-01,4.147482216903010666e-01,4.163548799780102949e-01,4.179703623874886920e-01,4.196009873605849871e-01,4.212534724841476841e-01,4.229346688519814434e-01,4.246512992693634025e-01,4.264097095043107855e-01,4.282156380740836377e-01,4.300740068225251123e-01,4.319887319243250201e-01,4.339625529907374379e-01,4.359968766223740189e-01,4.380916299912890333e-01,4.402451197456636600e-01,4.424538916232476082e-01,4.447125865504127917e-01,4.470137896260489296e-01,4.493478691996166119e-01
6.924242424242423866e-01,4.801392190686019634e-01,4.793635839775312046e-01,4.785076630941532128e-01,4.775907137017395554e-01,4.766294788525223813e-01,4.756383853522545002e-01,4.746297535848472693e-01,4.736140172976789908e-01,4.725999517744622902e-01,4.715949086123383815e-01,4.706050545393866691e-01,4.696356103121267500e-01,4.686910836872085206e-01,4.677754877566234204e-01,4.668925325824417882e-01,4.660457740983042219e-01,4.652386997008783331e-01,4.644747248579862431e-01,4.637570693764795915e-01,4.630884755635898964e-01,4.624707230845319095e-01,4.619038863813348939e-01,4.613852694012589573e-01,4.609079383158128373e-01,4.604587552462890976e-01,4.600157946869810055e-01,4.595450007152583893e-01,4.589959215542929738e-01,4.582963481368829695e-01,4.573457045133824117e-01,4.560071252679308573e-01,4.540983657100088333e-01,4.513821153781438222e-01,4.475570458036312593e-01,4.422521509665166550e-01,4.350286934056725174e-01,4.253961514139664168e-01,4.128501893999774741e-01,3.969401077511368614e-01,3.773677954941274670e-01,3.541075651098515298e-01,3.275176711796572437e-01,2.983988988435493095e-01,2.679616300141192120e-01,2.377306027743091854e-01,2.100056807306925066e-01,1.833175526972325997e-01,1.599982462471800648e-01,1.404225638027298273e-01,1.245392616142770026e-01,1.120376473011049645e-01,1.024660951905662365e-01,9.532512836941042789e-02,9.013010207534599694e-02,8.644641894781610048e-02,8.390442997520278223e-02,8.220149002002820338e-02,8.109709942315898590e-02,8.040515206607780352e-02,7.998570769087054444e-02,7.973758679830555973e-02,7.959239633363417166e-02,7.951021576004962954e-02,7.947699538454530699e-02,7.950365875774886848e-02,7.962690097571954728e-02,7.991169345156759474e-02,8.045550746283829102e-02,8.139421250327241730e-02,8.290943408668455250e-02,8.523678661795763833e-02,8.867371989148473133e-02,9.358461369068638014e-02,1.003991656445544223e-01,1.095982067507365459e-01,1.216795088788350937e-01,1.370963673429891616e-01,1.561657665703677089e-01,1.789504415344237154e-01,2.050896298261222495e-01,2.324776396514325882e-01,2.623717678277294185e-01,2.925196736474853787e-01,3.214252441420697437e-01,3.478873684934095656e-01,3.711031987760561313e-01,3.907048180207605137e-01,4.067041806321228803e-01,4.193846132289617001e-01,4.291830756234011890e-01,4.365923279068251173e-01,4.420938330570801100e-01,4.461196583584521314e-01,4.490361655845160893e-01,4.511416338283571470e-01,4.526715114483945701e-01,4.538070241370183444e-01,4.546845902486719715e-01,4.554047070356647131e-01,4.560397261387797996e-01,4.566403605127577481e-01,4.572409769994622009e-01,4.578638178655141111e-01,4.585223177092507818e-01,4.592236739105484689e-01,4.599708085405072033e-01,4.607638370362922009e-01,4.616011383794361711e-01,4.624801044326963817e-01,4.633976324783181111e-01,4.643504142457934858e-01,4.653350660691395468e-01,4.663481376144614776e-01,4.673860303896742452e-01,4.684448517006926660e-01,4.695202247172314824e-01,4.706070708281927528e-01,4.716993765296565444e-01,4.727899537439029798e-01,4.738701997550103240e-01,4.749298608818677825e-01,4.759568025872950581e-01,4.769367879128881271e-01,4.778532658911744391e-01,4.786871718671164566e-01
6.962121212121211711e-01,4.725871095387402243e-01,4.736044741722824636e-01,4.743903864355620281e-01,4.749707207905210504e-01,4.753691212146251011e-01,4.756070741215797093e-01,4.757040000431766447e-01,4.756773515042428957e-01,4.755427032687484790e-01,4.753138192654119409e-01,4.750026779503838115e-01,4.746194345814491733e-01,4.741722948161540829e-01,4.736672691588224571e-01,4.731077720164276190e-01,4.724940224310574810e-01,4.718221959189872750e-01,4.710832683532185094e-01,4.702614838431857236e-01,4.693323700293687284e-01,4.682602181620464932e-01,4.669949457695961592e-01,4.654682739161466465e-01,4.635891914445930406e-01,4.612387652544014949e-01,4.582645187832513622e-01,4.544748820060384165e-01,4.496346646911732470e-01,4.434631618667096431e-01,4.356373615496675900e-01,4.258036632295504331e-01,4.136021677477572656e-01,3.987072497493768242e-01,3.808857188225836521e-01,3.600684146227789428e-01,3.364226257306881518e-01,3.104037869626667945e-01,2.827610205318018544e-01,2.544785274458777335e-01,2.266552073546610480e-01,2.003504577345292803e-01,1.764405111280570870e-01,1.555270950865783319e-01,1.379274687005918876e-01,1.239604561004674366e-01,1.141332267238424625e-01,1.053900732355695508e-01,9.870995718641416283e-02,9.382679136550431398e-02,9.041574547601136103e-02,8.816718332403626623e-02,8.680861578226263531e-02,8.611037630730587755e-02,8.588426329502606149e-02,8.597913523158745575e-02,8.627549409028528737e-02,8.668010829954941876e-02,8.712117827497757594e-02,8.754424217361013449e-02,8.790885821023253222e-02,8.818602354303801960e-02,8.835626211228707338e-02,8.840831298946412453e-02,8.833836398210632990e-02,8.814979529020267046e-02,8.785342106317435562e-02,8.746824059869781620e-02,8.702273401829464794e-02,8.655675740116766659e-02,8.612410572813911092e-02,8.579581148434820004e-02,8.566421969049481389e-02,8.584780468121075425e-02,8.649653399707264712e-02,8.779728143950209229e-02,8.997824581318865367e-02,9.331035140336430000e-02,9.810166027703595693e-02,1.046755755550065753e-01,1.132971878733114585e-01,1.230481802653020790e-01,1.370846798827953517e-01,1.546643307016352664e-01,1.755387044538132546e-01,1.994024047573903780e-01,2.256604083060679833e-01,2.534416468414240620e-01,2.816908457171573565e-01,3.093120629495078044e-01,3.353227309512422094e-01,3.589740477701169330e-01,3.798097966108143209e-01,3.976611441995612228e-01,4.125953085859357383e-01,4.248434492679207253e-01,4.347292861922818497e-01,4.426110569983209286e-01,4.488409874751719819e-01,4.537409954400427048e-01,4.575909398243198645e-01,4.606253705863930792e-01,4.630353809049382319e-01,4.649730966327462744e-01,4.665571959139236391e-01,4.678785072721571847e-01,4.690051820191875054e-01,4.699872176517155276e-01,4.708602720034900102e-01,4.716487946995714386e-01,4.723685430397951412e-01,4.730285638252672009e-01,4.736327232565969436e-01,4.741808611369608406e-01,4.746696372030253519e-01,4.750931285202525944e-01,4.754432284585682900e-01,4.757098901752620512e-01,4.758812508704360900e-01,4.759436673306947085e-01,4.758816883938032927e-01,4.756779859014803047e-01,4.753132624168304732e-01,4.747661514221648282e-01,4.740131238334506780e-01,4.730284134051268019e-01
6.999999999999999556e-01,4.343920284568195123e-01,4.370307202674724167e-01,4.393035031961647907e-01,4.412346819960639155e-01,4.428468278487244780e-01,4.441605177950301298e-01,4.451940697793469459e-01,4.459632510153709872e-01,4.464809348300923797e-01,4.467566783895248195e-01,4.467961908171986796e-01,4.466006583526777596e-01,4.461658906987382434e-01,4.454812511731228164e-01,4.445283337480090968e-01,4.432793542269986564e-01,4.416952334101584277e-01,4.397233713706806268e-01,4.372951502375285182e-01,4.343232671078328666e-01,4.306991007021186424e-01,4.262904689283674720e-01,4.209403522824467503e-01,4.144674439099794716e-01,4.066697217963445299e-01,3.973325555467803194e-01,3.862430156799531722e-01,3.732118019308779400e-01,3.581032178825300782e-01,3.408715867233093055e-01,3.215994017271455174e-01,3.005289544219393871e-01,2.780766926604117395e-01,2.548202296237671582e-01,2.314532852198988855e-01,2.087132436326409046e-01,1.872959014188375626e-01,1.677773964924917649e-01,1.505611072736704470e-01,1.358585782348769033e-01,1.237029175633585082e-01,1.139858609966230285e-01,1.065102806425679283e-01,1.010846682131890939e-01,9.843565240051860288e-02,9.588333702431255101e-02,9.415454240664751506e-02,9.318752735464373715e-02,9.283336456069223031e-02,9.294526466639246864e-02,9.339458615019782806e-02,9.407362324687462696e-02,9.489444401522854899e-02,9.578644980455132407e-02,9.669366342831563210e-02,9.757216313393803075e-02,9.838782683179296551e-02,9.911443374955809793e-02,9.973211630994552324e-02,1.002261322381982622e-01,1.005859203694919463e-01,1.008044053721113831e-01,1.008775223981196317e-01,1.008039403063117900e-01,1.005849704741156453e-01,1.002246568326609355e-01,9.973005142758524511e-02,9.911168842292235326e-02,9.838427783174746866e-02,9.756764788237275166e-02,9.668797071456408654e-02,9.577930783457230812e-02,9.488550520944193101e-02,9.406244507708026725e-02,9.338060716464025024e-02,9.292777467430002325e-02,9.281146764803623050e-02,9.316009565053903763e-02,9.412015595260822542e-02,9.584019368443999487e-02,9.838134678992518922e-02,1.011663186902495154e-01,1.067233051878538896e-01,1.143085752566167651e-01,1.241330828838471539e-01,1.363984707445252964e-01,1.512140838949075361e-01,1.685462772993250591e-01,1.881819355240834102e-01,2.097154301410199262e-01,2.325680413254647971e-01,2.560414275312919430e-01,2.793960430040420273e-01,3.019366485552433255e-01,3.230848774052424988e-01,3.424242736682255872e-01,3.597131511049716512e-01,3.748700433848710656e-01,3.879418771400499621e-01,3.990656524760664570e-01,4.084319052340463219e-01,4.162546587318187719e-01,4.227494621937891162e-01,4.281190771936740913e-01,4.325453847195251389e-01,4.361858362664086108e-01,4.391729304166482328e-01,4.416155156229527590e-01,4.436010562448487460e-01,4.451982859342587528e-01,4.464598909410525396e-01,4.474250198731635764e-01,4.481215186470962619e-01,4.485678536864093346e-01,4.487747247183476729e-01,4.487463897753223852e-01,4.484817355719795673e-01,4.479751305490107804e-01,4.472170982908292847e-01,4.461948474414589860e-01,4.448926916950554089e-01,4.432923905284165134e-01,4.413734384099301522e-01,4.391133274322490121e-01,4.364878057349302898e-01
7.037878787878788511e-01,3.819245755244642937e-01,3.855761280399931934e-01,3.887777961743506538e-01,3.915427742019660373e-01,3.938828306893919495e-01,3.958076611901443220e-01,3.973242103874561892e-01,3.984359440271594832e-01,3.991420507860907185e-01,3.994365556408940865e-01,3.993073301236625960e-01,3.987349922361294041e-01,3.976917014235007430e-01,3.961398742083205859e-01,3.940308769189423965e-01,3.913037971726385233e-01,3.878844594644182964e-01,3.836849357469827582e-01,3.786039098352126375e-01,3.725283788030896992e-01,3.653372967388485715e-01,3.569078475288580132e-01,3.471250073585955831e-01,3.358948289074429883e-01,3.231613382690801672e-01,3.089260035886430278e-01,2.932674448147422619e-01,2.763576543403942765e-01,2.584700090105850334e-01,2.399744807847444539e-01,2.213172753274253168e-01,2.029856313502996501e-01,1.854627680902824760e-01,1.691813209008868613e-01,1.544844838696585732e-01,1.416019542424925837e-01,1.306435477571765147e-01,1.216088322738106131e-01,1.144079822121399082e-01,1.088880615146672060e-01,1.048599723110971438e-01,1.021243090895011529e-01,1.005052042364496662e-01,1.004986319139412748e-01,1.005950765537399899e-01,1.008644875902379445e-01,1.014481473370821146e-01,1.022888955131714406e-01,1.033150944726299314e-01,1.044606285228907444e-01,1.056690103687661919e-01,1.068936112941139133e-01,1.080967089455462937e-01,1.092482116342325255e-01,1.103243803485100261e-01,1.113066719091633655e-01,1.121807440944584400e-01,1.129356273043437831e-01,1.135630519202534133e-01,1.140569150827229344e-01,1.144128700606457799e-01,1.146280231988505705e-01,1.147007263264103738e-01,1.146304558500020332e-01,1.144177732476659715e-01,1.140643652013623721e-01,1.135731651310712409e-01,1.129485614141993721e-01,1.121967010610285392e-01,1.113259009513497405e-01,1.103471816213670575e-01,1.092749403837115219e-01,1.081277799847247811e-01,1.069295035191810128e-01,1.057102708255530932e-01,1.045078751750102980e-01,1.033690161611391517e-01,1.023502462534836011e-01,1.015177288986673781e-01,1.009431046078399646e-01,1.006834048361786443e-01,1.005963942412310269e-01,1.007914375243108840e-01,1.025341326289773841e-01,1.053890700698763006e-01,1.095412682929074039e-01,1.151933539013406671e-01,1.225356977351743648e-01,1.317213448145492238e-01,1.428392605643948321e-01,1.558881157918478866e-01,1.707555201752403162e-01,1.872085582878089960e-01,2.049004414692870146e-01,2.233949046118813841e-01,2.422054241848561607e-01,2.608420947758361419e-01,2.788568872709284996e-01,2.958789198047221958e-01,3.116347606599603748e-01,3.259530647337560150e-01,3.387563609664130393e-01,3.500446269271679789e-01,3.598754008442981989e-01,3.683441768731985366e-01,3.755674171002508777e-01,3.816692160901408726e-01,3.867717180360080720e-01,3.909888450642790003e-01,3.944226677292264616e-01,3.971617246288762226e-01,3.992806812835604235e-01,4.008408422302512930e-01,4.018911558486851221e-01,4.024694602467964732e-01,4.026038046350973731e-01,4.023137446565478448e-01,4.016115555566809325e-01,4.005033380024496381e-01,3.989900115820065873e-01,3.970682036324497122e-01,3.947310483914408530e-01,3.919689152419563727e-01,3.887700861895845295e-01,3.851214024640534639e-01
7.075757575757575246e-01,3.320815928269464368e-01,3.359872442256883196e-01,3.394088804376328428e-01,3.423427134455244158e-01,3.447837502109273311e-01,3.467249257709260624e-01,3.481562234974220349e-01,3.490637857354856322e-01,3.494290256617282320e-01,3.492277631691168005e-01,3.484294251246997098e-01,3.469963747997191761e-01,3.448834678411564214e-01,3.420379734017317541e-01,3.384000479932200434e-01,3.339040023358376130e-01,3.284806490174542182e-01,3.220610448351419741e-01,3.145819205177829980e-01,3.059929869241666545e-01,2.962660810154154056e-01,2.854057359058966847e-01,2.734602289772847805e-01,2.605315471463129917e-01,2.467821669856665456e-01,2.324363240681234510e-01,2.177738066926837301e-01,2.031154098206456593e-01,1.888009184127004969e-01,1.751624133278415207e-01,1.624971396525739797e-01,1.510445444633374823e-01,1.409711665492751342e-01,1.323651636073547300e-01,1.252400885012327214e-01,1.195457964515933003e-01,1.151835088278513192e-01,1.120221070516186218e-01,1.099134281706050098e-01,1.087053802557781390e-01,1.082530989945604677e-01,1.084320293361892978e-01,1.091976193243357901e-01,1.108621831991678797e-01,1.120694233866407902e-01,1.133668642607299493e-01,1.147530268521433222e-01,1.161942325682526339e-01,1.176547670678125407e-01,1.191027679967186087e-01,1.205114275177407851e-01,1.218588490244976452e-01,1.231274827085947626e-01,1.243034611949149909e-01,1.253759581737389495e-01,1.263366162034551543e-01,1.271790573363165422e-01,1.278984760792378772e-01,1.284913083929766775e-01,1.289549685933967793e-01,1.292876461011241707e-01,1.294881549839105306e-01,1.295558306459633213e-01,1.294904695927246718e-01,1.292923098248833502e-01,1.289620510488780902e-01,1.285009155238536760e-01,1.279107519976206420e-01,1.271941868075625315e-01,1.263548277932660391e-01,1.253975280716968510e-01,1.243287177143535260e-01,1.231568114325478913e-01,1.218926985108182703e-01,1.205503153739821837e-01,1.191472869492892078e-01,1.177055903010396920e-01,1.162521169077619376e-01,1.148188107890598664e-01,1.134414535823045633e-01,1.121537422421562957e-01,1.109569806484900500e-01,1.093801824635865644e-01,1.087379034416184748e-01,1.086611224912570062e-01,1.092162032359493273e-01,1.105328705968648267e-01,1.127584168947433629e-01,1.160463003956554717e-01,1.205453774532031230e-01,1.263868637962091979e-01,1.336690211287193952e-01,1.424408304587867213e-01,1.526869246501336985e-01,1.643167356960524017e-01,1.771608459784736744e-01,1.909766589766921374e-01,2.054637560539593899e-01,2.202871168453043871e-01,2.351044781468507316e-01,2.495931882286516190e-01,2.634722969212015542e-01,2.765170885162878678e-01,2.885652053534272232e-01,2.995152526334547427e-01,3.093198766623285190e-01,3.179756643721837195e-01,3.255119806861808129e-01,3.319803110432151816e-01,3.374450554430544202e-01,3.419761863057042550e-01,3.456438017463798196e-01,3.485143798262237413e-01,3.506484363286186956e-01,3.520992683900864284e-01,3.529124933803491904e-01,3.531261408622218267e-01,3.527711088879693091e-01,3.518718453733395424e-01,3.504471569137769804e-01,3.485110802234394067e-01,3.460737759812060887e-01,3.431424224876690188e-01,3.397220985354927891e-01,3.358166525214568154e-01
7.113636363636364202e-01,2.931686358939635251e-01,2.966612617975576960e-01,2.996709250360505283e-01,3.021760560371823945e-01,3.041544570401369940e-01,3.055825252408384540e-01,3.064345458953445789e-01,3.066820962453564725e-01,3.062936159843269168e-01,3.052342188370552045e-01,3.034658420918862065e-01,3.009478548191619751e-01,2.976382673515430843e-01,2.934956979568102975e-01,2.884822475530105512e-01,2.825673961106401344e-01,2.757329487537202306e-01,2.679789101581034894e-01,2.593299452889150647e-01,2.498418040496316606e-01,2.396067887715244704e-01,2.287571062040369696e-01,2.174648804635239963e-01,2.059378225949846097e-01,1.944101174910928542e-01,1.831289523445917555e-01,1.723380868224624884e-01,1.622606648330815193e-01,1.530838042021493983e-01,1.449472211561802504e-01,1.379373171176052904e-01,1.320870398607841278e-01,1.273807737987661670e-01,1.237627937456776267e-01,1.211475519868118883e-01,1.194302141259375311e-01,1.184962685865889737e-01,1.182295471802140979e-01,1.185185112277565012e-01,1.192612432759721508e-01,1.203709610467240121e-01,1.217933556648934934e-01,1.239042045298323763e-01,1.256304348326657550e-01,1.272966250774950625e-01,1.289597654249630132e-01,1.306094207955488529e-01,1.322269052969135550e-01,1.337938712232385752e-01,1.352943551013602030e-01,1.367151476468133897e-01,1.380456300051627616e-01,1.392774405888281830e-01,1.404041081223119936e-01,1.414207042836514439e-01,1.423235358849030407e-01,1.431098820120051129e-01,1.437777751832585438e-01,1.443258230009155374e-01,1.447530660036218664e-01,1.450588675458978904e-01,1.452428320729474975e-01,1.453047488919466113e-01,1.452445593509286426e-01,1.450623461704441397e-01,1.447583445115800949e-01,1.443329752019555934e-01,1.437869013793082185e-01,1.431211106455017312e-01,1.423370256320930505e-01,1.414366466088238239e-01,1.404227303038403096e-01,1.392990092154746118e-01,1.380704549157359684e-01,1.367435862387391399e-01,1.353268168459854648e-01,1.338308220609324417e-01,1.322688712596712945e-01,1.306569895048327601e-01,1.290135823914860536e-01,1.273573765432697569e-01,1.256987870326791157e-01,1.239804707492900837e-01,1.219891966810146972e-01,1.206566074969301072e-01,1.196298023039091690e-01,1.189719475173352109e-01,1.187730298292833803e-01,1.191367664020907685e-01,1.201758973694535965e-01,1.220074099158994368e-01,1.247462949754529205e-01,1.284975045826652895e-01,1.333462971230924832e-01,1.393476573871328950e-01,1.465159855967531899e-01,1.548166556431577467e-01,1.641611832417394223e-01,1.744074720901818143e-01,1.853658755099848454e-01,1.968107439459031438e-01,2.084960068209594231e-01,2.201725071333385519e-01,2.316045331357539927e-01,2.425833375452446927e-01,2.529362452085793245e-01,2.625309349673704551e-01,2.712753498212246983e-01,2.791142553462099829e-01,2.860236831384626588e-01,2.920044268435166845e-01,2.970755168377484656e-01,3.012682974577062245e-01,3.046214477610603155e-01,3.071770648779650337e-01,3.089777790825556925e-01,3.100647841342047406e-01,3.104766296014259686e-01,3.102486172949576737e-01,3.094126577928992816e-01,3.079974653255862505e-01,3.060289935419692742e-01,3.035310372159824022e-01,3.005259439995555670e-01,2.970353953106822376e-01
7.151515151515150936e-01,2.668757849982240637e-01,2.694798030977019199e-01,2.716247721797238057e-01,2.732745766696880185e-01,2.743937812506718199e-01,2.749472783306692869e-01,2.749001235404892607e-01,2.742176298135037271e-01,2.728658005778273887e-01,2.708121899849055825e-01,2.680272789273291933e-01,2.644864442377177216e-01,2.601725677666520964e-01,2.550792741895061555e-01,2.492146948602069478e-01,2.426055280108311840e-01,2.353010107716557997e-01,2.273762580268606226e-01,2.189342964775956579e-01,2.101060830983299543e-01,2.010479008647614585e-01,1.919358062531362208e-01,1.829572511997174800e-01,1.743005420036233544e-01,1.661432971334881326e-01,1.586413736823648335e-01,1.519197356432180623e-01,1.460664141322042253e-01,1.411301447130448306e-01,1.371216198841116174e-01,1.340177372568941983e-01,1.317678772242928675e-01,1.303011466466945933e-01,1.295336398072766959e-01,1.293750137507668763e-01,1.297339661943106848e-01,1.305224782955119733e-01,1.316589213278444304e-01,1.330703781033907573e-01,1.346950996476439788e-01,1.364890603582012141e-01,1.385016799571917867e-01,1.407932462348588931e-01,1.426669381022341310e-01,1.444784858841834385e-01,1.462365440805203642e-01,1.479335401089544588e-01,1.495594723920062596e-01,1.511049787010001477e-01,1.525621303953924868e-01,1.539245389564594113e-01,1.551872280116550207e-01,1.563464309102827188e-01,1.573993768237694491e-01,1.583440908184559626e-01,1.591792173964066970e-01,1.599038698910268119e-01,1.605175049505406792e-01,1.610198200624871345e-01,1.614106717092749499e-01,1.616900118336578318e-01,1.618578406002784686e-01,1.619141738467901603e-01,1.618590240664617708e-01,1.616923942262888936e-01,1.614142841896093472e-01,1.610247099772901258e-01,1.605237365663671201e-01,1.599115253867189890e-01,1.591883981239460011e-01,1.583549188427042786e-01,1.574119967498964212e-01,1.563610120022341787e-01,1.552039665935107671e-01,1.539436610663672544e-01,1.525838946207538904e-01,1.511296790469101869e-01,1.495874408867710892e-01,1.479651485436991321e-01,1.462722035754418226e-01,1.445186410809777555e-01,1.427120462954103719e-01,1.408436973099710110e-01,1.385912341552323623e-01,1.366784753474317993e-01,1.349548171855720902e-01,1.333979203613163411e-01,1.320564218943050538e-01,1.309941771461776427e-01,1.302854334491287125e-01,1.300127977826515402e-01,1.302650444932917928e-01,1.311340380250287097e-01,1.327104766126880053e-01,1.350783805064255660e-01,1.383084754466027133e-01,1.424508937509235129e-01,1.475279059171626383e-01,1.535276406948753447e-01,1.603998640690581790e-01,1.680547862619466981e-01,1.763655136009382451e-01,1.851741986999636269e-01,1.943012906614099700e-01,2.035567200211534089e-01,2.127515314156703530e-01,2.217084846068808068e-01,2.302704581472851675e-01,2.383059952829439387e-01,2.457118759034278288e-01,2.524130488192369848e-01,2.583605404496542302e-01,2.635280583317398673e-01,2.679079665180402192e-01,2.715071810077921421e-01,2.743433709454550784e-01,2.764416950761751646e-01,2.778321750607179452e-01,2.785477153131647454e-01,2.786227210992136549e-01,2.780922360649269454e-01,2.769915092320473504e-01,2.753559025817144401e-01,2.732210579862424660e-01,2.706232524377858439e-01
7.189393939393939892e-01,2.517331540326138151e-01,2.531566598311247862e-01,2.541620329424583713e-01,2.547045471710089326e-01,2.547422843032147166e-01,2.542364477359936870e-01,2.531519428852131437e-01,2.514582882190772861e-01,2.491309087713270143e-01,2.461528407575122868e-01,2.425168373133295974e-01,2.382278081064002628e-01,2.333054488942314375e-01,2.277868251241389475e-01,2.217285777885169840e-01,2.152083401365676441e-01,2.083249184442790281e-01,2.011968294224378284e-01,1.939589243185556589e-01,1.867570686011076619e-01,1.797411586067439448e-01,1.730570818983855619e-01,1.668384843976239984e-01,1.611993168888664341e-01,1.562280525414498356e-01,1.519842062808061389e-01,1.484974105102180864e-01,1.457689053294395076e-01,1.437749776241289690e-01,1.424716924645866856e-01,1.418002170700159159e-01,1.416921173628568065e-01,1.420741628402102941e-01,1.428723574225354287e-01,1.440150839535973559e-01,1.454353884089053250e-01,1.470725383147161447e-01,1.488731025096188543e-01,1.507920536768552755e-01,1.527955521164003905e-01,1.548777813152788230e-01,1.573034949760545309e-01,1.593073994400230897e-01,1.611980561430103320e-01,1.630090364634811662e-01,1.647415716347315484e-01,1.663914647764825616e-01,1.679537673054482538e-01,1.694240399170667266e-01,1.707986860952028230e-01,1.720749726928287870e-01,1.732509386845139387e-01,1.743252688322309563e-01,1.752971638420734446e-01,1.761662200664897981e-01,1.769323236220761153e-01,1.775955600544114055e-01,1.781561389985737154e-01,1.786143325986407626e-01,1.789704262611127306e-01,1.792246803773656083e-01,1.793773018322442070e-01,1.794284243549155999e-01,1.793780970309535872e-01,1.792262805661435365e-01,1.789728511659191279e-01,1.786176121682729878e-01,1.781603138413145326e-01,1.776006820279420473e-01,1.769384565826006839e-01,1.761734407833787652e-01,1.753055630836969359e-01,1.743349526261663285e-01,1.732620297497525497e-01,1.720876120309334789e-01,1.708130347074871824e-01,1.694402805781179966e-01,1.679721062537345988e-01,1.664121330435208990e-01,1.647648254321648631e-01,1.630351553034307677e-01,1.612273351596870685e-01,1.593401235522133863e-01,1.573398157635642891e-01,1.549919049282817984e-01,1.529763174945904525e-01,1.510300289840892651e-01,1.491675341699337798e-01,1.474253857714171445e-01,1.458500540743634666e-01,1.444959584587187373e-01,1.434246042188145331e-01,1.427035842990625192e-01,1.424050427563773036e-01,1.426033841472249819e-01,1.433721071210432296e-01,1.447797432692348174e-01,1.468850192043125724e-01,1.497315298661676675e-01,1.533423932626576669e-01,1.577155123795732639e-01,1.628201486635829642e-01,1.685954660780589753e-01,1.749515106247750418e-01,1.817727628919570959e-01,1.889240017142948813e-01,1.962578388566497689e-01,2.036230237799907805e-01,2.108725383772028783e-01,2.178706141855933365e-01,2.244980644500259304e-01,2.306556519417372608e-01,2.362655281045474565e-01,2.412710188955139168e-01,2.456351700365744239e-01,2.493385028915643675e-01,2.523763955388505509e-01,2.547564227206002840e-01,2.564958913735754242e-01,2.576197156584124071e-01,2.581586982080918968e-01,2.581482267805262354e-01,2.576273568143606640e-01,2.566382271939839366e-01,2.552257446462791179e-01
7.227272727272727737e-01,2.458535634230581690e-01,2.459644442053834923e-01,2.457129791640046967e-01,2.450532946827483627e-01,2.439449821202939461e-01,2.423541216909355089e-01,2.402545277524240352e-01,2.376292254912489854e-01,2.344721298756766714e-01,2.307898471243468030e-01,2.266034587737162376e-01,2.219500845491180485e-01,2.168839633416662915e-01,2.114767571075663044e-01,2.058167885708844236e-01,2.000069865102321598e-01,1.941614399380930112e-01,1.884006470468264638e-01,1.828457594472274461e-01,1.776123230040623224e-01,1.728041527333666894e-01,1.685080092089947801e-01,1.647896511026976929e-01,1.616916393716851530e-01,1.592330089374071334e-01,1.574106634322892384e-01,1.562021424600240072e-01,1.555692926941165954e-01,1.554623508952883149e-01,1.558240022813283387e-01,1.565930823193282806e-01,1.577077127217881569e-01,1.591077783272414059e-01,1.607367459486608308e-01,1.625428951428608271e-01,1.644800804598676169e-01,1.665081962254499892e-01,1.685936352156379714e-01,1.707105267545228344e-01,1.728467800484446704e-01,1.752127641894826449e-01,1.773585391530866640e-01,1.792893038088548274e-01,1.811199188839960339e-01,1.828607558661912158e-01,1.845122570163438835e-01,1.860727066605750990e-01,1.875401427934678955e-01,1.889129305358875910e-01,1.901899110392203662e-01,1.913703956417391328e-01,1.924541028741676152e-01,1.934410778890120752e-01,1.943316112118174399e-01,1.951261639401025150e-01,1.958253020482899620e-01,1.964296403689071435e-01,1.969397958665878579e-01,1.973563494303315902e-01,1.976798153043476391e-01,1.979106173173645900e-01,1.980490711826456141e-01,1.980953722873095846e-01,1.980495885510772658e-01,1.979116581017784093e-01,1.976813916835420959e-01,1.973584798827154041e-01,1.969425054251080220e-01,1.964329609653008568e-01,1.958292729499407359e-01,1.951308322831937780e-01,1.943370326341016530e-01,1.934473172644154693e-01,1.924612351486716666e-01,1.913785067647914562e-01,1.901990989750725891e-01,1.889233063215108033e-01,1.875518315767094324e-01,1.860858485875183099e-01,1.845270077032533096e-01,1.828772858859324113e-01,1.811384108821742223e-01,1.793099431579797953e-01,1.773814807295126805e-01,1.752378192439752180e-01,1.729671814409917963e-01,1.708829736677370259e-01,1.688138746969359283e-01,1.667761869275313780e-01,1.647975029517361190e-01,1.629124480278417719e-01,1.611618665479836454e-01,1.595925062690242424e-01,1.582566073007720397e-01,1.572111568089184785e-01,1.565166563961109258e-01,1.562352901038055464e-01,1.564284270780044450e-01,1.571534608232111607e-01,1.584600814036845606e-01,1.603861932524291711e-01,1.629538143271258843e-01,1.661653970032825056e-01,1.700010658649105666e-01,1.744172430166336663e-01,1.793470114998388654e-01,1.847023590162219786e-01,1.903781817865866366e-01,1.962576672377370490e-01,2.022184746539916755e-01,2.081390407897842632e-01,2.139043690409555831e-01,2.194107990625574489e-01,2.245694566357878952e-01,2.293082999558501978e-01,2.335728641331540067e-01,2.373259335848792728e-01,2.405464346732144598e-01,2.432278464194173595e-01,2.453763918847207681e-01,2.470092151621897103e-01,2.481526844156032308e-01,2.488409007682251262e-01,2.491144419185415682e-01,2.490193300780249863e-01
7.265151515151515582e-01,2.470534003793298794e-01,2.458465410714135158e-01,2.443478014288377465e-01,2.425181825071683339e-01,2.403266898556653541e-01,2.377518649178871901e-01,2.347833253535454023e-01,2.314232474869709622e-01,2.276876768617567548e-01,2.236075075905003540e-01,2.192289368883781342e-01,2.146131892391457685e-01,2.098353266853704435e-01,2.049820261476848482e-01,2.001483123056589930e-01,1.954333750561869643e-01,1.909357513086376856e-01,1.867482803191293783e-01,1.829533171646614276e-01,1.796186866438969354e-01,1.767947741379616022e-01,1.745129964032785808e-01,1.727857068584869316e-01,1.716074068330706581e-01,1.709569917688944507e-01,1.708006807209151712e-01,1.710952624500022834e-01,1.717913308571754338e-01,1.728362568820472900e-01,1.741767321623256815e-01,1.757608043643746898e-01,1.775393941484240401e-01,1.794673348474706553e-01,1.815040093449520886e-01,1.836136804011261059e-01,1.857656338897611947e-01,1.879343136431600447e-01,1.900998564723308248e-01,1.922506491593393707e-01,1.944026758942015154e-01,1.967412448460797991e-01,1.986889673079790253e-01,2.005144907453243197e-01,2.022419177416453218e-01,2.038761536559423326e-01,2.054181245536356448e-01,2.068677672003498003e-01,2.082249116809110900e-01,2.094895636271797146e-01,2.106619743100315023e-01,2.117426288476920715e-01,2.127322034253954497e-01,2.136315132035460362e-01,2.144414604629789611e-01,2.151629870848553727e-01,2.157970328942585558e-01,2.163445001721847338e-01,2.168062240717843758e-01,2.171829484397797272e-01,2.174753064811549563e-01,2.176838057312894537e-01,2.178088168709995942e-01,2.178505660128879362e-01,2.178091301904186983e-01,2.176844358877431107e-01,2.174762605564805051e-01,2.171842371737921773e-01,2.168078620041617721e-01,2.163465058339732183e-01,2.157994290507734281e-01,2.151658010319747460e-01,2.144447243786688773e-01,2.136352645559571328e-01,2.127364854375097813e-01,2.117474910159682644e-01,2.106674729699062609e-01,2.094957625495748044e-01,2.082318826683211277e-01,2.068755906219418295e-01,2.054268896999762173e-01,2.038859586667423063e-01,2.022528685495104672e-01,2.005266975752713066e-01,1.987025338056416790e-01,1.967562217010684900e-01,1.944707180337326424e-01,1.923725516368748611e-01,1.902645398683222577e-01,1.881396334779262547e-01,1.860118232806629579e-01,1.839021190704568653e-01,1.818368077640232783e-01,1.798471560203481756e-01,1.779693647554155822e-01,1.762444627353288717e-01,1.747179897319562358e-01,1.734393604961625424e-01,1.724608178336629050e-01,1.718359025968882181e-01,1.716174010989918730e-01,1.718547815445541915e-01,1.725912014240018610e-01,1.738602528401861635e-01,1.756827012431368129e-01,1.780635475069909102e-01,1.809897824287569068e-01,1.844291868931878520e-01,1.883304490855177427e-01,1.926247261730106575e-01,1.972285933086716792e-01,2.020481332584748990e-01,2.069837658460828012e-01,2.119353308300414573e-01,2.168069363518294879e-01,2.215111617758708240e-01,2.259723346173327096e-01,2.301287532854814910e-01,2.339338687947021822e-01,2.373565467300598197e-01,2.403805952646516364e-01,2.430037668546016494e-01,2.452364288971426165e-01,2.471000638703676477e-01,2.486257137385957383e-01,2.498524358148232760e-01
7.303030303030303427e-01,2.536807781259106109e-01,2.512650531530036813e-01,2.486403462043499102e-01,2.457819159354744099e-01,2.426745822199317670e-01,2.393143633853426766e-01,2.357097864114519881e-01,2.318827550413535277e-01,2.278688401836392319e-01,2.237168558416983699e-01,2.194876101080569519e-01,2.152517789980216700e-01,2.110869392149869461e-01,2.070739041703330285e-01,2.032926173966969896e-01,1.998179455469407395e-01,1.967157569769066028e-01,1.940396568149906353e-01,1.918286740506234545e-01,1.901060739036880276e-01,1.888793242511122850e-01,1.881411069877453879e-01,1.878711586686586665e-01,1.880386643295318683e-01,1.886049165190293864e-01,1.895259804191802289e-01,1.907551614842760146e-01,1.922451389747073802e-01,1.939496941591252188e-01,1.958250171882839896e-01,1.978306177061471272e-01,1.999298910136209639e-01,2.020904066830270240e-01,2.042839947798206768e-01,2.064867144925009723e-01,2.086788198057137056e-01,2.108449510239789049e-01,2.129753000733728974e-01,2.150721650352098169e-01,2.173450258099600962e-01,2.193128010806132122e-01,2.211137300351411206e-01,2.228088680329842197e-01,2.244085655934946189e-01,2.259162177038156749e-01,2.273333429523978488e-01,2.286609309239059085e-01,2.298998878833486414e-01,2.310511852712999747e-01,2.321158945492081960e-01,2.330951761803968236e-01,2.339902509098725492e-01,2.348023658350200382e-01,2.355327609181605830e-01,2.361826384042322036e-01,2.367531360653295502e-01,2.372453044434489067e-01,2.376600879090660090e-01,2.379983092058558791e-01,2.382606571122081740e-01,2.384476768673801650e-01,2.385597630564762484e-01,2.385971547093691802e-01,2.385599324361981632e-01,2.384480174924833717e-01,2.382611727382020761e-01,2.379990055267389160e-01,2.376609726309386050e-01,2.372463873838283888e-01,2.367544292790798033e-01,2.361841563371332720e-01,2.355345205890390092e-01,2.348043870471201444e-01,2.339925564917961498e-01,2.330977922553465753e-01,2.321188508291287256e-01,2.310545153688028652e-01,2.299036296270966784e-01,2.286651266499956925e-01,2.273380397190868096e-01,2.259214673245120153e-01,2.244144242636595121e-01,2.228153950132233663e-01,2.211209838376143044e-01,2.193208268886510104e-01,2.173537698316093114e-01,2.151526243415431972e-01,2.130970864514322716e-01,2.110029313213216406e-01,2.088718447887439045e-01,2.067150945441074139e-01,2.045488265886843404e-01,2.023933152304686067e-01,2.002729121141843260e-01,1.982161385756805172e-01,1.962557430206519071e-01,1.944286255946574560e-01,1.927755518974351712e-01,1.913405833929562039e-01,1.901701589607726062e-01,1.893117765881298931e-01,1.888122508774113251e-01,1.887155632823869222e-01,1.890603775313320356e-01,1.898773584468233799e-01,1.911864996093690094e-01,1.929947209837601096e-01,1.952940263123036646e-01,1.980604977273840994e-01,2.012543437753141762e-01,2.048211094817641575e-01,2.086940181122123872e-01,2.127972688874839591e-01,2.170499921009958200e-01,2.213704876505684926e-01,2.256803583219808840e-01,2.299081937580518820e-01,2.339925500806322722e-01,2.378840809171463566e-01,2.415467846084883574e-01,2.449584212201795230e-01,2.481102114554757099e-01,2.510059558648242151e-01,2.536607114252146244e-01,2.560991417167479134e-01
7.340909090909091272e-01,2.644505987547246528e-01,2.610362345633813752e-01,2.575024274041290417e-01,2.538441798984258368e-01,2.500658420910659707e-01,2.461824066795567367e-01,2.422201460224858161e-01,2.382164982615342375e-01,2.342191395203214732e-01,2.302842320533454168e-01,2.264739122975050756e-01,2.228531693455309548e-01,2.194863487331312757e-01,2.164335806859925548e-01,2.137474595427265867e-01,2.114702818710791354e-01,2.096320849844722778e-01,2.082496262920756902e-01,2.073263265205660399e-01,2.068530884682795168e-01,2.068098165495347862e-01,2.071674123016869484e-01,2.078900094024247469e-01,2.089372327904125692e-01,2.102663095883638700e-01,2.118339128107344649e-01,2.135976719878769636e-01,2.155173306935605493e-01,2.175555658572177475e-01,2.196785069930221324e-01,2.218560065055501518e-01,2.240617177460863252e-01,2.262730391265795615e-01,2.284709855979069892e-01,2.306400638512189627e-01,2.327682872822936788e-01,2.348477112514439080e-01,2.368772050591738954e-01,2.388860592147612483e-01,2.409990215999841257e-01,2.427612161300118365e-01,2.444070617801624989e-01,2.459558462060232598e-01,2.474137007849011860e-01,2.487836043711778578e-01,2.500675258912680166e-01,2.512670995768844229e-01,2.523838664940636356e-01,2.534193574537879079e-01,2.543751114695546600e-01,2.552526672547622000e-01,2.560535441351668995e-01,2.567792198911404422e-01,2.574311090080383391e-01,2.580105428723712402e-01,2.585187524903355683e-01,2.589568538287888022e-01,2.593258356511636276e-01,2.596265496246157878e-01,2.598597024494276875e-01,2.600258497721088524e-01,2.601253916754383555e-01,2.601585695792601460e-01,2.601254644316908227e-01,2.600259961179861579e-01,2.598599240628305940e-01,2.596268490503803039e-01,2.593262163349814298e-01,2.589573201630130383e-01,2.585193098719742455e-01,2.580111977738125950e-01,2.574318690611971938e-01,2.567800939850720110e-01,2.560545425271973374e-01,2.552538016948736055e-01,2.543763953364688302e-01,2.534208058995726098e-01,2.523854965910685699e-01,2.512689304550930758e-01,2.500695788437691802e-01,2.487859028845538223e-01,2.474162704062073115e-01,2.459587140489362667e-01,2.444102551608650642e-01,2.427647586650037437e-01,2.410029179816169376e-01,2.389269900092030330e-01,2.369643580158433682e-01,2.349688775013741293e-01,2.329206787930322986e-01,2.308230369746508137e-01,2.286848386106579423e-01,2.265186175182991868e-01,2.243402477231940528e-01,2.221690152797618500e-01,2.200277819219419728e-01,2.179431324034996897e-01,2.159454392620294705e-01,2.140687877997980992e-01,2.123507047462089570e-01,2.108316347208251396e-01,2.095541137329620107e-01,2.085616018826481066e-01,2.078969607626917904e-01,2.076005961638776043e-01,2.077083328257415540e-01,2.082491414320983558e-01,2.092428915942882717e-01,2.106983478044285041e-01,2.126116463189520744e-01,2.149654789886517314e-01,2.177291593956461879e-01,2.208596594937030644e-01,2.243035927406732966e-01,2.280000015723409046e-01,2.318837052862174342e-01,2.358888984272817513e-01,2.399526707691936600e-01,2.440181480651026080e-01,2.480370176987940489e-01,2.519712884897085114e-01,2.557942211406463717e-01,2.594904403939918280e-01,2.630552931632154645e-01,2.664935466271907694e-01
7.378787878787879118e-01,2.785619121324159897e-01,2.744376169079655314e-01,2.702807299955587994e-01,2.661087499367311704e-01,2.619461812045340010e-01,2.578251771996628583e-01,2.537853473808731608e-01,2.498727250332761773e-01,2.461379637940707132e-01,2.426339090330411341e-01,2.394127630741257617e-01,2.365231170198978661e-01,2.340071437069437821e-01,2.318982284021991191e-01,2.302192567729867689e-01,2.289816927516670209e-01,2.281854781017533251e-01,2.278196890541444586e-01,2.278638091727827331e-01,2.282894314389428692e-01,2.290621887642715071e-01,2.301437265102807550e-01,2.314935646602521158e-01,2.330707412589460015e-01,2.348351738270853806e-01,2.367487153178522985e-01,2.387759122914713816e-01,2.408844943249954795e-01,2.430456360378248637e-01,2.452340383544368563e-01,2.474278761064641063e-01,2.496086574650580314e-01,2.517610404163052595e-01,2.538726588596705303e-01,2.559340433917578483e-01,2.579388459426116831e-01,2.598851448627625405e-01,2.617828676163626578e-01,2.638232701035909678e-01,2.655488729012876470e-01,2.671329172035012411e-01,2.686175567477208648e-01,2.700126722088236897e-01,2.713227893719847295e-01,2.725507821911467010e-01,2.736989104006179452e-01,2.747691859812627091e-01,2.757635120939170292e-01,2.766837320300579162e-01,2.775316397983742522e-01,2.783089741787091453e-01,2.790174061807825234e-01,2.796585246008698733e-01,2.802338218921068824e-01,2.807446813392770468e-01,2.811923659095886263e-01,2.815780088390308911e-01,2.819026058625949127e-01,2.821670089325295505e-01,2.823719212513253196e-01,2.825178934524786856e-01,2.826053207867887385e-01,2.826344411976592363e-01,2.826053342007012747e-01,2.825179205173232178e-01,2.823719624452367127e-01,2.821670649828966759e-01,2.819026777584262011e-01,2.815780978476592478e-01,2.811924735980438350e-01,2.807448096002793103e-01,2.802339729749580566e-01,2.796587011474145346e-01,2.790176112664866093e-01,2.783092113585902694e-01,2.775319131572310805e-01,2.766840462356845443e-01,2.757638724506855654e-01,2.747695984792690727e-01,2.736993817514880023e-01,2.725513198334860721e-01,2.713234014132184790e-01,2.700133672327450496e-01,2.686183433204018534e-01,2.671338026033810986e-01,2.655498592352804055e-01,2.638243320532348557e-01,2.618400167869785466e-01,2.599767561884850919e-01,2.580594718090079009e-01,2.560820382254831440e-01,2.540476456833482000e-01,2.519632677271600452e-01,2.498387553733572852e-01,2.476867451438493906e-01,2.455227937618442713e-01,2.433655787361050093e-01,2.412370957722619336e-01,2.391628066157561183e-01,2.371716947282626886e-01,2.352961844426027793e-01,2.335718769638599479e-01,2.320370567642519311e-01,2.307319270549684775e-01,2.296975454051015386e-01,2.289744520413909135e-01,2.286010146736845716e-01,2.286115538083965670e-01,2.290343578782105260e-01,2.298897417251161701e-01,2.311883361826664873e-01,2.329298108518828569e-01,2.351022181636820974e-01,2.376821002186807474e-01,2.406354230868467392e-01,2.439193061362114612e-01,2.474844125160036712e-01,2.512777795473284392e-01,2.552458104967786912e-01,2.593371313836926872e-01,2.635050385938048634e-01,2.677093173802690962e-01,2.719172848212034754e-01,2.761039893363127495e-01,2.802515709125820709e-01
7.416666666666666963e-01,2.951402531263905282e-01,2.906490597791104857e-01,2.861987027219944912e-01,2.818289414558420858e-01,2.775823219239003103e-01,2.735041023853132525e-01,2.696414083510955129e-01,2.660417185790752148e-01,2.627508636111521856e-01,2.598107778808589341e-01,2.572572752298361021e-01,2.551181092444381737e-01,2.534115345239479344e-01,2.521455107483650537e-01,2.513176020780309994e-01,2.509155362642759290e-01,2.509183154797380300e-01,2.512977239276650843e-01,2.520200589464532959e-01,2.530479198012039466e-01,2.543419147949234627e-01,2.558621842658675427e-01,2.575696765255934828e-01,2.594271498077470595e-01,2.613999022364001945e-01,2.634562523275443824e-01,2.655678049424998743e-01,2.677095432844025513e-01,2.698597883046296442e-01,2.720000647073987365e-01,2.741149095635661004e-01,2.761916576491932895e-01,2.782202408673475347e-01,2.801930573102399125e-01,2.821050324136502585e-01,2.839542630025984060e-01,2.857451398114457808e-01,2.875180823567646260e-01,2.893467662849286137e-01,2.908619399600147482e-01,2.922721605625842600e-01,2.935939033443690227e-01,2.948336272183045281e-01,2.959951455211016214e-01,2.970813014296128651e-01,2.980945204571994189e-01,2.990370221901965109e-01,2.999109043502432015e-01,3.007181732056379841e-01,3.014607502044684972e-01,3.021404681029340455e-01,3.027590628423069141e-01,3.033181641997848010e-01,3.038192866644642276e-01,3.042638211926453895e-01,3.046530280861534656e-01,3.049880310274091788e-01,3.052698122024388172e-01,3.054992083988565255e-01,3.056769079541654111e-01,3.058034484354104077e-01,3.058792149473019140e-01,3.059044389833255329e-01,3.058791977604327639e-01,3.058034140032196424e-01,3.056768561604516488e-01,3.054991390710782295e-01,3.052697251139200874e-01,3.049879259003153709e-01,3.046529045953262349e-01,3.042636789704174505e-01,3.038191253064196906e-01,3.033179832715985902e-01,3.027588618876139726e-01,3.021402466521446173e-01,3.014605077843041103e-01,3.007179093487932220e-01,2.999106186042118649e-01,2.990367141233064574e-01,2.980941896583871875e-01,2.970809474954436702e-01,2.959947680176982510e-01,2.948332255929062562e-01,2.935934767307838977e-01,2.922717073382021247e-01,2.908614566001156976e-01,2.893462432615921398e-01,2.875435866394107087e-01,2.858118392630422111e-01,2.840492675234447817e-01,2.822253718797654853e-01,2.803377080667992516e-01,2.783889702655810150e-01,2.763846528650643619e-01,2.743326205337309198e-01,2.722431275352527602e-01,2.701289851115835638e-01,2.680057807530297764e-01,2.658921032562583942e-01,2.638097400819239269e-01,2.617838145905322933e-01,2.598428278834221672e-01,2.580185663386467265e-01,2.563458335240472730e-01,2.548619658447462410e-01,2.536060969423180045e-01,2.526181483305923181e-01,2.519375443899088407e-01,2.516016789739977111e-01,2.516441971377788578e-01,2.520931952357517991e-01,2.529694797978325749e-01,2.542850521696179422e-01,2.560419933811012294e-01,2.582319051904075624e-01,2.608360159427057234e-01,2.638259870082981240e-01,2.671653668325437159e-01,2.708115497454429144e-01,2.747180220208471635e-01,2.788366321730516573e-01,2.831196140924884808e-01,2.875211206927159591e-01,2.919980856940411762e-01,2.965103111180442674e-01
7.454545454545454808e-01,3.133389030425320909e-01,3.088465551146906130e-01,3.044454167670771483e-01,3.001947135738341488e-01,2.961511707378538527e-01,2.923683780292653522e-01,2.888956766606015081e-01,2.857767313347516769e-01,2.830480032890997921e-01,2.807373555797462172e-01,2.788629987388427933e-01,2.774329293616906722e-01,2.764449383858759157e-01,2.758871852041293038e-01,2.757392630203855388e-01,2.759736307227994567e-01,2.765572618817042083e-01,2.774533613365849360e-01,2.786230189279650937e-01,2.800267008298568672e-01,2.816255141747525670e-01,2.833822142026768409e-01,2.852619510944469083e-01,2.872327741690662850e-01,2.892659241285372995e-01,2.913359505086415835e-01,2.934206929733564340e-01,2.955011632370271868e-01,2.975613607795447590e-01,2.995880515795633636e-01,3.015705363786639892e-01,3.035004359300649823e-01,3.053715310231330249e-01,3.071797329188041270e-01,3.089233975573121849e-01,3.106048296421798360e-01,3.122388338310348455e-01,3.140013254190111014e-01,3.154538507104785450e-01,3.167843428982788367e-01,3.180259715963936751e-01,3.191881062265325975e-01,3.202756849928588556e-01,3.212921607151723591e-01,3.222403575676214826e-01,3.231227867614671068e-01,3.239417752491561830e-01,3.246995188433866586e-01,3.253981020106067046e-01,3.260395024244013285e-01,3.266255886481097548e-01,3.271581150039732933e-01,3.276387156300811232e-01,3.280688986965131226e-01,3.284500412193020469e-01,3.287833846322745224e-01,3.290700311326869576e-01,3.293109407456185633e-01,3.295069290217871316e-01,3.296586652754397440e-01,3.297666712738934747e-01,3.298313203017316231e-01,3.298528365369325921e-01,3.298312946934581213e-01,3.297666199097369910e-01,3.296585878597853014e-01,3.295068251102482026e-01,3.293108097440058946e-01,3.290698722956301170e-01,3.287831970615676114e-01,3.284498238619260047e-01,3.280686503424495859e-01,3.276384349098578896e-01,3.271578003859652028e-01,3.266252384355347038e-01,3.260391147518743038e-01,3.253976748399980412e-01,3.246990499584391787e-01,3.239412622480249415e-01,3.231222270454298107e-01,3.222397483230362569e-01,3.212914988829734253e-01,3.202749672146530946e-01,3.191873287439666584e-01,3.180251300494152389e-01,3.167834318705493590e-01,3.154528624531827141e-01,3.140002434070022774e-01,3.122827766247173176e-01,3.106783925573590732e-01,3.090212383831805187e-01,3.073000869295948734e-01,3.055137401191768132e-01,3.036643481294557523e-01,3.017562794935328419e-01,2.997959284848127348e-01,2.977917950734874641e-01,2.957546693410960104e-01,2.936978595178213469e-01,2.916374315782132576e-01,2.895924354047360594e-01,2.875850921187285691e-01,2.856409138385052060e-01,2.837887228635528336e-01,2.820605334904700556e-01,2.804912577220503578e-01,2.791181975790416048e-01,2.779802932233340074e-01,2.771171091839833567e-01,2.765675616345586452e-01,2.763684177883664050e-01,2.765526322458461417e-01,2.771476206033054446e-01,2.781736017391502891e-01,2.796421594127450061e-01,2.815551736650925840e-01,2.839042476814264693e-01,2.866707053105083669e-01,2.898261632407976851e-01,2.933336006863316303e-01,2.971487731397780552e-01,3.012217607890921300e-01,3.054984188782038368e-01,3.099215127107568524e-01,3.144313727577479067e-01
7.492424242424242653e-01,3.323317766159694098e-01,3.281933087790729342e-01,3.241678124588361354e-01,3.203294574600822342e-01,3.167446286548221135e-01,3.134709846627061758e-01,3.105564630330298614e-01,3.080383817433873239e-01,3.059427972167543253e-01,3.042842537760953592e-01,3.030660069029152970e-01,3.022807364312241063e-01,3.019117008058303520e-01,3.019342322262509315e-01,3.023174423263976784e-01,3.030260006669492912e-01,3.040218605250895045e-01,3.052658320770694211e-01,3.067189350612246623e-01,3.083434952010646879e-01,3.101039766694891897e-01,3.119675643205981896e-01,3.139045236924521975e-01,3.158883745100981022e-01,3.178959158944171248e-01,3.199071402401021391e-01,3.219050692352209420e-01,3.238755410281018987e-01,3.258069731880864350e-01,3.276901229303704199e-01,3.295178656464617384e-01,3.312850185769672939e-01,3.329882586851711790e-01,3.346262592332545083e-01,3.362004688047431911e-01,3.377186736606110906e-01,3.392329453009935714e-01,3.407697129538176939e-01,3.420234073402272923e-01,3.431841762524272532e-01,3.442668038056284630e-01,3.452777974557749152e-01,3.462213372404335798e-01,3.471006810506274687e-01,3.479186417195220260e-01,3.486777776282405927e-01,3.493804743330837792e-01,3.500289794530884735e-01,3.506254161452947993e-01,3.511717865397058214e-01,3.516699705761641703e-01,3.521217229429685069e-01,3.525286694688375411e-01,3.528923036280531833e-01,3.532139834546583201e-01,3.534949289687466245e-01,3.537362201174086285e-01,3.539387951833601331e-01,3.541034495933527704e-01,3.542308350540128159e-01,3.543214589434435235e-01,3.543756839031151906e-01,3.543937275860368219e-01,3.543756625145411676e-01,3.543214160355114273e-01,3.542307703647176731e-01,3.541033627290229302e-01,3.539386856177531571e-01,3.537360871900994685e-01,3.534947718835282915e-01,3.532138012776748770e-01,3.528920952856130500e-01,3.525284337450010352e-01,3.521214584768697642e-01,3.516696758590283634e-01,3.511714599114501012e-01,3.506250557905701837e-01,3.500285833963364124e-01,3.493800404319822306e-01,3.486773035643871421e-01,3.479181249842518975e-01,3.471001189221967209e-01,3.462207267453612514e-01,3.452771352999524090e-01,3.442660862434817060e-01,3.431833988145511771e-01,3.420225641703985575e-01,3.407687945729669377e-01,3.392502584313329406e-01,3.377731738372302117e-01,3.362791646045938942e-01,3.347263191541985927e-01,3.331085878959349489e-01,3.314251855450723316e-01,3.296777635439281373e-01,3.278698256740497641e-01,3.260066634288368292e-01,3.240954704458013924e-01,3.221455354675865079e-01,3.201684733548798012e-01,3.181784708482971458e-01,3.161925276275646679e-01,3.142306719368395673e-01,3.123161264528626080e-01,3.104753954880092315e-01,3.087382400209444655e-01,3.071375034783157543e-01,3.057087499098810612e-01,3.044896786755642015e-01,3.035192875322406669e-01,3.028367703763338858e-01,3.024801574863651421e-01,3.024847343005854783e-01,3.028813071766951470e-01,3.036944167954762075e-01,3.049406256645208479e-01,3.066270184837132651e-01,3.087500467283125216e-01,3.112948184447516531e-01,3.142348826003105167e-01,3.175324918598725343e-01,3.211392609089795958e-01,3.249970844024053229e-01,3.290391529584322239e-01,3.331909157960346590e-01
7.530303030303030498e-01,3.514093064112017717e-01,3.479377043713060558e-01,3.445725519600080777e-01,3.413976606299404803e-01,3.384847120973698553e-01,3.358922357647680101e-01,3.336649704629475188e-01,3.318336836101355436e-01,3.304154946684300098e-01,3.294147047902551972e-01,3.288240827056395643e-01,3.286265107118038209e-01,3.287968636085404905e-01,3.293039820948386320e-01,3.301126098791105634e-01,3.311851861050521539e-01,3.324834153576991524e-01,3.339695702338452699e-01,3.356075113080423944e-01,3.373634332601379571e-01,3.392063627462206798e-01,3.411084435047452845e-01,3.430450482835492587e-01,3.449947569274381398e-01,3.469392368819845252e-01,3.488630577658191623e-01,3.507534666040111881e-01,3.526001456400698064e-01,3.543949711215312326e-01,3.561317901158319588e-01,3.578062354294597736e-01,3.594156120623486772e-01,3.609589321785653948e-01,3.624373301175583539e-01,3.638558041298993184e-01,3.652331314437727849e-01,3.667355806608605939e-01,3.679306810929797167e-01,3.690180917183835674e-01,3.700263811971144512e-01,3.709646095558684631e-01,3.718379439306189194e-01,3.726501767211615190e-01,3.734044748189701002e-01,3.741036628647097517e-01,3.747503436710494795e-01,3.753469519821697187e-01,3.758957782739256737e-01,3.763989784041978925e-01,3.768585764974713426e-01,3.772764646949821610e-01,3.776544016047276853e-01,3.779940103779456662e-01,3.782967768639634021e-01,3.785640480418306919e-01,3.787970307916120327e-01,3.789967909977148275e-01,3.791642529415600316e-01,3.793001989209716651e-01,3.794052690515874460e-01,3.794799611846665921e-01,3.795246308895826592e-01,3.795394914710614742e-01,3.795246139906898186e-01,3.794799272758405673e-01,3.794052179104417943e-01,3.793001302131948083e-01,3.791641662199258800e-01,3.789966857011257129e-01,3.787969062443085622e-01,3.785639034512409129e-01,3.782966113188878654e-01,3.779938228465999916e-01,3.776541909325808466e-01,3.772762296023028927e-01,3.768583155765979353e-01,3.763986901163440257e-01,3.758954609452601625e-01,3.753466037987107651e-01,3.747499626715046772e-01,3.741032469298014029e-01,3.734040216545650437e-01,3.726496838303292036e-01,3.718374085651529048e-01,3.709640286275743271e-01,3.700257511031889712e-01,3.690174079553834030e-01,3.679299371990655820e-01,3.667347631941780262e-01,3.652688399316478818e-01,3.639171124277516545e-01,3.625193590525040976e-01,3.610600438343586349e-01,3.595351122882254336e-01,3.579438350170422445e-01,3.562874027471768512e-01,3.545686185725030470e-01,3.527919068132897018e-01,3.509634476137731274e-01,3.490913734637340893e-01,3.471859992993800437e-01,3.452600683251063618e-01,3.433289975383350123e-01,3.414111050612634313e-01,3.395277975830220396e-01,3.377036913817873520e-01,3.359666352358948171e-01,3.343475988631626206e-01,3.328803874024224840e-01,3.316011421903060086e-01,3.305475921973413667e-01,3.297580304521740002e-01,3.292700066988542562e-01,3.291187516125646528e-01,3.293353779312409579e-01,3.299449367854822013e-01,3.309644383667225132e-01,3.324009685644445655e-01,3.342500409833333852e-01,3.364943123277483461e-01,3.391027578710128498e-01,3.420303571403964238e-01,3.452182876112427912e-01,3.485945786955157444e-01,3.520751516379180268e-01
7.568181818181818343e-01,3.696306569887611859e-01,3.670771897799902095e-01,3.646014071861641836e-01,3.622913435908314828e-01,3.602200470230160767e-01,3.584446115323137172e-01,3.570059539182665054e-01,3.559293033417291752e-01,3.552253251367819553e-01,3.548917569004549355e-01,3.549154041571513929e-01,3.552743300777515545e-01,3.559400799925721004e-01,3.568798037741688911e-01,3.580581719372006311e-01,3.594390180848520133e-01,3.609866754931166377e-01,3.626670052464246452e-01,3.644481354437991705e-01,3.663009452836540891e-01,3.681993351674248682e-01,3.701203258095927540e-01,3.720440273472875869e-01,3.739535151209646413e-01,3.758346433950741639e-01,3.776758227436182169e-01,3.794677818358779819e-01,3.812033304951937818e-01,3.828771388713962387e-01,3.844855487534566407e-01,3.860264410951694258e-01,3.874992099826820025e-01,3.889049787463101926e-01,3.902475318914323532e-01,3.915374076188574692e-01,3.928398793199138761e-01,3.941361438506529868e-01,3.951687482939429397e-01,3.961167065870443427e-01,3.969940070757920769e-01,3.978073107620443416e-01,3.985611342640936194e-01,3.992591007666993486e-01,3.999043719058082424e-01,4.004998246325782163e-01,4.010481303130045139e-01,4.015517914384583720e-01,4.020131585651131045e-01,4.024344376877600493e-01,4.028176929706305254e-01,4.031648473089120555e-01,4.034776819861784491e-01,4.037578360686550627e-01,4.040068058456185995e-01,4.042259444462794615e-01,4.044164616657520139e-01,4.045794239770910683e-01,4.047157547140878275e-01,4.048262343460926060e-01,4.049115008054084419e-01,4.049720498242234679e-01,4.050082352388934548e-01,4.050202692301450580e-01,4.050082224762429628e-01,4.049720242055594999e-01,4.049114621437956418e-01,4.048261823605248111e-01,4.047156890288225450e-01,4.045793441207217733e-01,4.044163670700000601e-01,4.042258344445920359e-01,4.040066796728556953e-01,4.037576928588007541e-01,4.034775207703192867e-01,4.031646670134559352e-01,4.028174924151980973e-01,4.024342155827536072e-01,4.020129135087447958e-01,4.015515219129169311e-01,4.010478346791204740e-01,4.004995011219379397e-01,3.999040186084195647e-01,3.992587156108141633e-01,3.985607149817763095e-01,3.978068548278714256e-01,3.969935115909693502e-01,3.961161680401478757e-01,3.951681619857092542e-01,3.941355019984202901e-01,3.928519361330474191e-01,3.915823612359841666e-01,3.903131328835122704e-01,3.889887664987228266e-01,3.876002076981530098e-01,3.861442095600057245e-01,3.846198920858971970e-01,3.830279789041322602e-01,3.813706425209013040e-01,3.796515575296737222e-01,3.778760469186174809e-01,3.760512786662000284e-01,3.741864916152508047e-01,3.722932360029077570e-01,3.703856144942206385e-01,3.684805071905959961e-01,3.665977600372805068e-01,3.647603109522258302e-01,3.629942223791435274e-01,3.613285835086028075e-01,3.597952410485471542e-01,3.584283154059733634e-01,3.572634609847559206e-01,3.563368366596001979e-01,3.556837668333713287e-01,3.553370956884813747e-01,3.553252670011891046e-01,3.556701972142898294e-01,3.563850464170227328e-01,3.574720247966695075e-01,3.589203945388639849e-01,3.607048333804056539e-01,3.627843130327945698e-01,3.651016146081004221e-01,3.675835595262260114e-01,3.701419867228649685e-01
7.606060606060606188e-01,3.861745860122813845e-01,3.847111429216419354e-01,3.832844883127212166e-01,3.819818802007262648e-01,3.808742967976604943e-01,3.800155863820685598e-01,3.794425981610907161e-01,3.791761651882820106e-01,3.792227573262636486e-01,3.795765932907453344e-01,3.802219972849912866e-01,3.811358046601596161e-01,3.822896561908799562e-01,3.836520642389844027e-01,3.851901789410787091e-01,3.868712229030792926e-01,3.886635952589815313e-01,3.905376690465209855e-01,3.924663200359292392e-01,3.944252318159812698e-01,3.963930229405840944e-01,3.983512391297149291e-01,4.002842485174544218e-01,4.021790720139455932e-01,4.040251749100517431e-01,4.058142405365651184e-01,4.075399425639203987e-01,4.091977298969853294e-01,4.107846379973980055e-01,4.122991451361480153e-01,4.137411081919348255e-01,4.151118624900017595e-01,4.164147452792719140e-01,4.176571165935911156e-01,4.188618326472032805e-01,4.201918407514225740e-01,4.212059110136594509e-01,4.221187602458166821e-01,4.229569548562031045e-01,4.237296713008152915e-01,4.244424768271702342e-01,4.250996162597935890e-01,4.257047001911522521e-01,4.262609690157184161e-01,4.267714080958138756e-01,4.272388016423704915e-01,4.276657587889812762e-01,4.280547263077714715e-01,4.284079947388526044e-01,4.287277012849018409e-01,4.290158311822351855e-01,4.292742184292867580e-01,4.295045463171879851e-01,4.297083479662421879e-01,4.298870069488002765e-01,4.300417580364515602e-01,4.301736880066875934e-01,4.302837364950252153e-01,4.303726968441921041e-01,4.304412169047623915e-01,4.304897997473505766e-01,4.305188042524800696e-01,4.305284455512833897e-01,4.305187952976421428e-01,4.304897817601662791e-01,4.304411897300517986e-01,4.303726602487403241e-01,4.302836901670445413e-01,4.301736315551168977e-01,4.300416909901154661e-01,4.298869287554050178e-01,4.297082579911299938e-01,4.295044438418164634e-01,4.292741026512487124e-01,4.290157012135905057e-01,4.287275561497652654e-01,4.284078333718241982e-01,4.280545475518680587e-01,4.276655613929270516e-01,4.272385842568166558e-01,4.267711692676941504e-01,4.262607071793839686e-01,4.257044136539283596e-01,4.250993031774447650e-01,4.244421351609916071e-01,4.237292987386616638e-01,4.229565486572897659e-01,4.221183168992189150e-01,4.212054253120781078e-01,4.201913015289305831e-01,4.188905821613902458e-01,4.177074706096167156e-01,4.164826248155710231e-01,4.151959337705281028e-01,4.138407975303300401e-01,4.124141852081398274e-01,4.109148983247177256e-01,4.093431363454522742e-01,4.077004326833152947e-01,4.059897358548231749e-01,4.042155623123785402e-01,4.023841905846021194e-01,4.005038800843798152e-01,3.985851016517688028e-01,3.966407663415252305e-01,3.946864361168413993e-01,3.927404957635682869e-01,3.908242599443081389e-01,3.889619833172469066e-01,3.871807356708484305e-01,3.855100989833565306e-01,3.839816404711756670e-01,3.826281166633582753e-01,3.814823701968816927e-01,3.805758952216050650e-01,3.799370704396686782e-01,3.795890912502962178e-01,3.795476729222576062e-01,3.798186417039370322e-01,3.803955745901114738e-01,3.812576837175435385e-01,3.823681603264674211e-01,3.836731896521607954e-01,3.851018190178511214e-01,3.865668081088230457e-01
7.643939393939394034e-01,4.002214138372135466e-01,3.999302671172093038e-01,3.996345486853826734e-01,3.994165125409290251e-01,3.993420966070808098e-01,3.994602311735247491e-01,3.998032350764549325e-01,4.003880999642430716e-01,4.012184146218653602e-01,4.022866702443125275e-01,4.035767076859606006e-01,4.050661093026960979e-01,4.067283902756371194e-01,4.085348977331283993e-01,4.104563736454119871e-01,4.124641754218010825e-01,4.145311751158717861e-01,4.166323747866621519e-01,4.187452836344573992e-01,4.208501042111056911e-01,4.229297724288672566e-01,4.249698910644895133e-01,4.269585903654741776e-01,4.288863431916263291e-01,4.307457565212214901e-01,4.325313565606628829e-01,4.342393815213723141e-01,4.358675949972412589e-01,4.374151352664220060e-01,4.388824258269843903e-01,4.402712027705144027e-01,4.415848118949171619e-01,4.428293123989589519e-01,4.440181781870500832e-01,4.452304312845118406e-01,4.464075217886050995e-01,4.473240051808014539e-01,4.481562451744978137e-01,4.489182949205088868e-01,4.496173340245521177e-01,4.502584752578914218e-01,4.508459337201994321e-01,4.513834336621241894e-01,4.518743775812913976e-01,4.523219240309348521e-01,4.527290256917227973e-01,4.530984487536559580e-01,4.534327831084550842e-01,4.537344479435874711e-01,4.540056950552503467e-01,4.542486110761446150e-01,4.544651192210055757e-01,4.546569808706774629e-01,4.548257971382251297e-01,4.549730104251571983e-01,4.550999059939534463e-01,4.552076135204290996e-01,4.552971085861809986e-01,4.553692140693974544e-01,4.554246013941203874e-01,4.554637916024993904e-01,4.554871562201126545e-01,4.554949178909468155e-01,4.554871507650544160e-01,4.554637806289248969e-01,4.554245847749832654e-01,4.553691916137955209e-01,4.552970800389556372e-01,4.552075785616555570e-01,4.550998642383255466e-01,4.549729614212731366e-01,4.548257403677944399e-01,4.546569157476434420e-01,4.544650450905108885e-01,4.542485272130963314e-01,4.540056006644587194e-01,4.537343421594552950e-01,4.534326649918332675e-01,4.530983172903111367e-01,4.527288797899589601e-01,4.523217625177844980e-01,4.518741991963831084e-01,4.513832370474691325e-01,4.508457174027742376e-01,4.502582376192153513e-01,4.496170732456920005e-01,4.489180088774225585e-01,4.481559312215692148e-01,4.473236596316439440e-01,4.464071382198518956e-01,4.452390072480296723e-01,4.440541418575326693e-01,4.428823889496343869e-01,4.416531265467162348e-01,4.403540463218466594e-01,4.389794895183969925e-01,4.375262752730220139e-01,4.359927314612968008e-01,4.343784458023342010e-01,4.326842594854293789e-01,4.309123671227397812e-01,4.290664733402888009e-01,4.271519831437822767e-01,4.251762118737053009e-01,4.231486023995225110e-01,4.210809358137546088e-01,4.189875185777529043e-01,4.168853244042120543e-01,4.147940635050564873e-01,4.127361456168734954e-01,4.107364970840502449e-01,4.088221872075756269e-01,4.070218164410163153e-01,4.053646206428492271e-01,4.038792536095871522e-01,4.025922267080351280e-01,4.015260113664353425e-01,4.006968481318277653e-01,4.001123536882117970e-01,3.997690707340563199e-01,3.996501580140357501e-01,3.997234595563524673e-01,3.999402124949121284e-01,4.002346419615839812e-01,4.005246433163693887e-01
7.681818181818181879e-01,4.118075427295004309e-01,4.126823414640418131e-01,4.135214523371679163e-01,4.143990084441419586e-01,4.153735100999608743e-01,4.164873588148361172e-01,4.177674736902802777e-01,4.192267492636018722e-01,4.208660772085837665e-01,4.226766600457850243e-01,4.246423816625590764e-01,4.267420534172572943e-01,4.289514135184988031e-01,4.312448119872577812e-01,4.335965583313242666e-01,4.359819419521788197e-01,4.383779565791322552e-01,4.407637714486724034e-01,4.431209958796078485e-01,4.454337827033598707e-01,4.476888117345471096e-01,4.498751886913304743e-01,4.519842888261006442e-01,4.540095687540359193e-01,4.559463650601568441e-01,4.577916945994284226e-01,4.595440694557913486e-01,4.612033402867961596e-01,4.627705878345860224e-01,4.642481012962808573e-01,4.656395393915704894e-01,4.669505692318302037e-01,4.681912038179487090e-01,4.693889265221752871e-01,4.707099641346805807e-01,4.716890745862408751e-01,4.725623220659390111e-01,4.733561715721378849e-01,4.740804877535801376e-01,4.747416274525987356e-01,4.753446219502561187e-01,4.758938349965421977e-01,4.763932170168742042e-01,4.768464178231226480e-01,4.772568410943175410e-01,4.776276723762553633e-01,4.779618942725900044e-01,4.782622952275967787e-01,4.785314750677884810e-01,4.787718489030505231e-01,4.789856502640027491e-01,4.791749338737137931e-01,4.793415782426731497e-01,4.794872881940724918e-01,4.796135973269411434e-01,4.797218703998107348e-01,4.798133056011726350e-01,4.798889366670224810e-01,4.799496348053528538e-01,4.799961103903063186e-01,4.800289143935427272e-01,4.800484395256669479e-01,4.800549210665839839e-01,4.800484373698004625e-01,4.800289100314242274e-01,4.799961037210551118e-01,4.799496256774323233e-01,4.798889248779725225e-01,4.798132908972460031e-01,4.797218524756108882e-01,4.796135758249395753e-01,4.794872627041347202e-01,4.793415483015605605e-01,4.791748989645484569e-01,4.789856098157459496e-01,4.787718022898408421e-01,4.785314216078436766e-01,4.782622341831794799e-01,4.779618248514695411e-01,4.776275937275710759e-01,4.772567523063934725e-01,4.768463179197189872e-01,4.763931049503893900e-01,4.758937096358968888e-01,4.753444820595137954e-01,4.747414716523370437e-01,4.740803144487624743e-01,4.733559788090453968e-01,4.725621072160207103e-01,4.716888334885120382e-01,4.707096871786280445e-01,4.694110219732849920e-01,4.682305244003367450e-01,4.670041830505280434e-01,4.657065787355801345e-01,4.643282419307113718e-01,4.628637071304460560e-01,4.613093897975424906e-01,4.596630135896390690e-01,4.579234754208030278e-01,4.560908791704591514e-01,4.541666504750502265e-01,4.521536970906334663e-01,4.500565964508309036e-01,4.478817973921700446e-01,4.456378234692948692e-01,4.433354631866172624e-01,4.409879287312133411e-01,4.386109598398728049e-01,4.362228436272937993e-01,4.338443150199287612e-01,4.314982966231605266e-01,4.292094325188006709e-01,4.270033692237223955e-01,4.249057408750374076e-01,4.229408270120279534e-01,4.211298724670515248e-01,4.194890916373106293e-01,4.180274241279084979e-01,4.167441633325595918e-01,4.156266384977234662e-01,4.146481849940041320e-01,4.137666745286165959e-01,4.129238832884661869e-01,4.120459399802193778e-01
7.719696969696969724e-01,4.207558634631537453e-01,4.227078414786502036e-01,4.246116856525810612e-01,4.265313168248295872e-01,4.285158813687245383e-01,4.305996344809213117e-01,4.328028081526976156e-01,4.351332045550195260e-01,4.375882372849392854e-01,4.401571638217630089e-01,4.428232987266559895e-01,4.455660545835002928e-01,4.483627150887005697e-01,4.511898945818801354e-01,4.540246769827851470e-01,4.568454538486854122e-01,4.596324972990091240e-01,4.623683110280603636e-01,4.650378039375424599e-01,4.676283282570710687e-01,4.701296191571867067e-01,4.725336671105609954e-01,4.748345485264790500e-01,4.770282350677744754e-01,4.791123979752306972e-01,4.810862210890712864e-01,4.829502357828021619e-01,4.847061944136418776e-01,4.863570108246523804e-01,4.879068314349256918e-01,4.893614116787620705e-01,4.907294092912314332e-01,4.920277601616969143e-01,4.933473470949295003e-01,4.946032607564838091e-01,4.955781040522470593e-01,4.964577789499597382e-01,4.972572683917518277e-01,4.979847706368323856e-01,4.986464074051872308e-01,4.992473635660263365e-01,4.997922835846267953e-01,5.002854373970293533e-01,5.007307981075129755e-01,5.011320814031822168e-01,5.014927669687153644e-01,5.018161110189508500e-01,5.021051543164480879e-01,5.023627279428809489e-01,5.025914578952581646e-01,5.027937691012682730e-01,5.029718891539948222e-01,5.031278518838087077e-01,5.032635008072559035e-01,5.033804924468504582e-01,5.034802994926629305e-01,5.035642137666882512e-01,5.036333489484119408e-01,5.036886430217571986e-01,5.037308604074102192e-01,5.037605937496489883e-01,5.037782653322759874e-01,5.037841281038980545e-01,5.037782662987172477e-01,5.037605956443340638e-01,5.037308631538730541e-01,5.036886465052019535e-01,5.036333530155412408e-01,5.035642182255524180e-01,5.034803041124578105e-01,5.033804969577316824e-01,5.032635049001441541e-01,5.031278552102362855e-01,5.029718913259730861e-01,5.027937696912284649e-01,5.025914564360156600e-01,5.023627239276082790e-01,5.021051471985834569e-01,5.018161002115116842e-01,5.014927518439179499e-01,5.011320612954134335e-01,5.007307723076787065e-01,5.002854051481250286e-01,4.997922440740939498e-01,4.992473159110987213e-01,4.986463506258411726e-01,4.979847036053799969e-01,4.972571897351433234e-01,4.964576868455635728e-01,4.955779957346198583e-01,4.946031308996109432e-01,4.933536555223575482e-01,4.920543488236629459e-01,4.907692929880162480e-01,4.894135038133721194e-01,4.879708207332636438e-01,4.864328313144866689e-01,4.847938637561511888e-01,4.830497855358112935e-01,4.811976592062448543e-01,4.792356849383099249e-01,4.771632665662033368e-01,4.749811416538698428e-01,4.726915487264523597e-01,4.702984158599153308e-01,4.678075578472347118e-01,4.652268685254531966e-01,4.625664921391345330e-01,4.598389534972577297e-01,4.570592215450783313e-01,4.542446752237062624e-01,4.514149347134471246e-01,4.485915162453990579e-01,4.457972659235818758e-01,4.430555291909488713e-01,4.403890198786200028e-01,4.378183685925394752e-01,4.353603566870307695e-01,4.330258804890728119e-01,4.308177401150735664e-01,4.287284045579393132e-01,4.267379623393350863e-01,4.248125136685281245e-01,4.229032817497150876e-01,4.209467036711879717e-01
7.757575757575757569e-01,4.272530260628973342e-01,4.301210494095583647e-01,4.329534578845954940e-01,4.358025651470228690e-01,4.387065150700240612e-01,4.416897195653303743e-01,4.447640902270745267e-01,4.479308050765415383e-01,4.511823606587634927e-01,4.545046945532901228e-01,4.578792119818134720e-01,4.612846024420849678e-01,4.646983807784651477e-01,4.680981273654094554e-01,4.714624322689369151e-01,4.747715684419659965e-01,4.780079305044366844e-01,4.811562803437527402e-01,4.842038406274357110e-01,4.871402741308826778e-01,4.899575819862081461e-01,4.926499486225216495e-01,4.952135560412524451e-01,4.976463856773777894e-01,4.999480228768657941e-01,5.021194775517300313e-01,5.041630360386866183e-01,5.060821665962574878e-01,5.078815230331527042e-01,5.095671566639906613e-01,5.111472741896505578e-01,5.126349276938100274e-01,5.140628161070706081e-01,5.156085079019467887e-01,5.167631354382021813e-01,5.177938968201143410e-01,5.187287895858732067e-01,5.195789494351411575e-01,5.203519602008230827e-01,5.210540325086191471e-01,5.216906554984117594e-01,5.222668479671195296e-01,5.227872702538604033e-01,5.232562792147098518e-01,5.236779574779401036e-01,5.240561303047015507e-01,5.243943763361151866e-01,5.246960351809212275e-01,5.249642134256432557e-01,5.252017898571282872e-01,5.254114202806674516e-01,5.255955421130572569e-01,5.257563788155635853e-01,5.258959441712275362e-01,5.260160463797254327e-01,5.261182919291690352e-01,5.262040891992825209e-01,5.262746517513303690e-01,5.263310012634749846e-01,5.263739700753564676e-01,5.264042033111296925e-01,5.264221605561566486e-01,5.264281170681399669e-01,5.264221645091378132e-01,5.264042111904818633e-01,5.263739818278727611e-01,5.263310168093208175e-01,5.262746709840433468e-01,5.262041119857724381e-01,5.261183181097511818e-01,5.260160757681744403e-01,5.258959765549070520e-01,5.257564139556200056e-01,5.255955797446913991e-01,5.254114601135438933e-01,5.252018315758557598e-01,5.249642566904039187e-01,5.246960796281513462e-01,5.243944215791875862e-01,5.240561759344118942e-01,5.236780030621709381e-01,5.232563242973110595e-01,5.227873143581270865e-01,5.222668905871066247e-01,5.216906960885118183e-01,5.210540704655575173e-01,5.203519948285432184e-01,5.195789798767961321e-01,5.187288146861643856e-01,5.177939148170587202e-01,5.167631431182160284e-01,5.156084966855376539e-01,5.140777942471547179e-01,5.126621425480943905e-01,5.111852551900207819e-01,5.096156481970073315e-01,5.079405598369449715e-01,5.061518695647987398e-01,5.042435364370400075e-01,5.022108796390232222e-01,5.000503810698717633e-01,4.977596880179480099e-01,4.953377106648756967e-01,4.927847718119218734e-01,4.901027872377827777e-01,4.872954621051792667e-01,4.843684901360857387e-01,4.813297407421424645e-01,4.781894160571707464e-01,4.749601554252425029e-01,4.716570597750778249e-01,4.682976029719002620e-01,4.649013924151726984e-01,4.614897378974508468e-01,4.580849874746094619e-01,4.547095935832794478e-01,4.513848838462711233e-01,4.481295308164134905e-01,4.449577446545081028e-01,4.418772525693471231e-01,4.388871770260147076e-01,4.359759769723720590e-01,4.331196654248380962e-01,4.302805526314561479e-01,4.274067746313409133e-01
7.795454545454545414e-01,4.317620335041996715e-01,4.353269885649183046e-01,4.388996513381703268e-01,4.425189088472982757e-01,4.462096917304136934e-01,4.499843047663305007e-01,4.538441999321972675e-01,4.577819713436876992e-01,4.617834004232572176e-01,4.658294224863695487e-01,4.698979222999741245e-01,4.739652978502649217e-01,4.780077595867605056e-01,4.820023565233322871e-01,4.859277399088796079e-01,4.897646890779979167e-01,4.934964325467804946e-01,4.971088010673552215e-01,5.005902492547633642e-01,5.039317797411519972e-01,5.071267997101350788e-01,5.101709350403633714e-01,5.130618228568114558e-01,5.157988996242004465e-01,5.183831996047081336e-01,5.208171784608897070e-01,5.231045810593397682e-01,5.252503865710187458e-01,5.272609044825843361e-01,5.291442227893446981e-01,5.309117064702157940e-01,5.325841093785547153e-01,5.342608433652539235e-01,5.358485799689256535e-01,5.371062986291926800e-01,5.382456480042576707e-01,5.392832509309098965e-01,5.402287259213233162e-01,5.410895438212106612e-01,5.418721820501606334e-01,5.425825215470780893e-01,5.432260116361571356e-01,5.438077471047479960e-01,5.443325075835234728e-01,5.448047795064617782e-01,5.452287695313471350e-01,5.456084137652297272e-01,5.459473849105797028e-01,5.462490983934226163e-01,5.465167180016669013e-01,5.467531612781997286e-01,5.469611047619945543e-01,5.471429890906590598e-01,5.473010239367027685e-01,5.474371927309783503e-01,5.475532571197797571e-01,5.476507611020110522e-01,5.477310347964913229e-01,5.477951977947407292e-01,5.478441620609402207e-01,5.478786343468682318e-01,5.478991180963144192e-01,5.479059148190298378e-01,5.478991249206656144e-01,5.478786479803061660e-01,5.478441824729483045e-01,5.477952249396708106e-01,5.477310686136572793e-01,5.476508015159039511e-01,5.475533040403224305e-01,5.474372460538756702e-01,5.473010835438976152e-01,5.471430548509081948e-01,5.469611765315955942e-01,5.467532389018939787e-01,5.465168013137279290e-01,5.462491872189114694e-01,5.459474790668098487e-01,5.456085130633510083e-01,5.452288737779973360e-01,5.448048885052694246e-01,5.443326211360929312e-01,5.438078650101784151e-01,5.432261336880737090e-01,5.425826475351002154e-01,5.418723117438962733e-01,5.410896769445011634e-01,5.402288621056310358e-01,5.392833896204052291e-01,5.382457882523550285e-01,5.371064385987507350e-01,5.358487152639894724e-01,5.342649454650225671e-01,5.325999864686508101e-01,5.309365192816025703e-01,5.291778579597549159e-01,5.273035641081542657e-01,5.253023412823529803e-01,5.231660969833394903e-01,5.208884852815225397e-01,5.184644718876848524e-01,5.158902430315603915e-01,5.131632621925615867e-01,5.102824028980925686e-01,5.072481252496555681e-01,5.040626775013132832e-01,5.007303081539179468e-01,4.972574739487731210e-01,4.936530268371225882e-01,4.899283593655374136e-01,4.860974835240657876e-01,4.821770135149298087e-01,4.781860188139203660e-01,4.741457112146367781e-01,4.700789293499496035e-01,4.660093876304611804e-01,4.619606646429343377e-01,4.579549194253125788e-01,4.540113426776610228e-01,4.501443733030250915e-01,4.463617380006531521e-01,4.426624029642928226e-01,4.390345634359615890e-01,4.354538410246683866e-01,4.318819100775196929e-01
7.833333333333333259e-01,4.350761790545170093e-01,4.390942191755284330e-01,4.432030637262012740e-01,4.474224772958834695e-01,4.517588339286033872e-01,4.562079225727415088e-01,4.607574071274854188e-01,4.653889095159522427e-01,4.700797805985357791e-01,4.748046352148860283e-01,4.795366986042437496e-01,4.842489776915478439e-01,4.889152501977045429e-01,4.935108602050745086e-01,4.980133157676299160e-01,5.024026957032972085e-01,5.066618836722903696e-01,5.107766553022760059e-01,5.147356477851938727e-01,5.185302415939641030e-01,5.221543818227684097e-01,5.256043632786913111e-01,5.288785998485378004e-01,5.319773957122492236e-01,5.349027346354143786e-01,5.376581054272799864e-01,5.402483903263075593e-01,5.426798687240108610e-01,5.449604646446654099e-01,5.471006273293329558e-01,5.491164214105547225e-01,5.510460590311442308e-01,5.530894900101895884e-01,5.546643963556109336e-01,5.560847281773603212e-01,5.573814787717168429e-01,5.585674064386839666e-01,5.596515522871351456e-01,5.606415184094211135e-01,5.615441352727164048e-01,5.623657142287332711e-01,5.631121579203546279e-01,5.637890135972559724e-01,5.644015010372763763e-01,5.649545286201047567e-01,5.654527037132047740e-01,5.659003403426799972e-01,5.663014656175883177e-01,5.666598256247077359e-01,5.669788911237935158e-01,5.672618631706091152e-01,5.675116786883320774e-01,5.677310159542305890e-01,5.679222999431022822e-01,5.680877074597301402e-01,5.682291719921427342e-01,5.683483882214616090e-01,5.684468161307747458e-01,5.685256846625919014e-01,5.685859948823549503e-01,5.686285226127494319e-01,5.686538205107896093e-01,5.686622195663486590e-01,5.686538300071478647e-01,5.686285416014830174e-01,5.685860233556127019e-01,5.685257226088160643e-01,5.684468635349989585e-01,5.683484450657086962e-01,5.682292382559364086e-01,5.680877831207875595e-01,5.679223849781375177e-01,5.677311103399974579e-01,5.675117824028417246e-01,5.672619761946133821e-01,5.669790134425101158e-01,5.666599572298468557e-01,5.663016065096833085e-01,5.659004905336419977e-01,5.654528632291885293e-01,5.649546975044065222e-01,5.644016793531807519e-01,5.637892014303158561e-01,5.631123553793631054e-01,5.623659214437046749e-01,5.615443523869693143e-01,5.606417455728348598e-01,5.596517896204100673e-01,5.585676539650892281e-01,5.573817362805730813e-01,5.560849949075471477e-01,5.546646701070745422e-01,5.530897628697081236e-01,5.510524991052151433e-01,5.491292628938052589e-01,5.471201282362676555e-01,5.449871145462190647e-01,5.427141559288678474e-01,5.402907593803369934e-01,5.377089425191275973e-01,5.349623589130799717e-01,5.320460514484584014e-01,5.289564479805822783e-01,5.256914718510707907e-01,5.222507152086071081e-01,5.186356485361920399e-01,5.148498484250160212e-01,5.108992275073653833e-01,5.067922491707528287e-01,5.025401067943865430e-01,4.981568437342908662e-01,4.936593870078298529e-01,4.890674655808356919e-01,4.844033844503374819e-01,4.796916293705659751e-01,4.749582845751765259e-01,4.702302564364317372e-01,4.655343068570138021e-01,4.608959060881578362e-01,4.563379089529218113e-01,4.518790364222862732e-01,4.475321095546682115e-01,4.433019535794804344e-01,4.391829028787191391e-01,4.351559376115548550e-01
7.871212121212121104e-01,4.364441767227815738e-01,4.407493297512189989e-01,4.452851729964887872e-01,4.500304838986446399e-01,4.549562735080657783e-01,4.600309164619408309e-01,4.652226811442753407e-01,4.705005262995828330e-01,4.758340774588911692e-01,4.811934460279752024e-01,4.865492296726887655e-01,4.918727740880206034e-01,4.971366290510155772e-01,5.023150812925153419e-01,5.073846564580343221e-01,5.123245178365398722e-01,5.171167279132203864e-01,5.217463691569393935e-01,5.262015398506181274e-01,5.304732504925980807e-01,5.345552491341253321e-01,5.384438028241159691e-01,5.421374594677201841e-01,5.456368117610358448e-01,5.489442842867856553e-01,5.520639691860906861e-01,5.550015516633892698e-01,5.577644134627576245e-01,5.603621503056352982e-01,5.628083088171029758e-01,5.651273592941057355e-01,5.674252837781126324e-01,5.696155204939288286e-01,5.713949723461840824e-01,5.730228994047821267e-01,5.745179769144703741e-01,5.758913096962283706e-01,5.771517459065742539e-01,5.783070974928697927e-01,5.793645483995584211e-01,5.803308187711893051e-01,5.812122385256934809e-01,5.820147830006087153e-01,5.827440915744567240e-01,5.834054784404619776e-01,5.840039398162742978e-01,5.845441596511065097e-01,5.850305148191049520e-01,5.854670802484249759e-01,5.858576341574996960e-01,5.862056634266735733e-01,5.865143690610018501e-01,5.867866716667797800e-01,5.870252168518618197e-01,5.872323804589837382e-01,5.874102735464629133e-01,5.875607470389045961e-01,5.876853959797095905e-01,5.877855633270180347e-01,5.878623432439286089e-01,5.879165838427404811e-01,5.879488893513546977e-01,5.879596216775377915e-01,5.879489013542070763e-01,5.879166078556726793e-01,5.878623792815327320e-01,5.877856114115693753e-01,5.876854561416168243e-01,5.875608193173773586e-01,5.874103579903120487e-01,5.872324771276796751e-01,5.870253258168103283e-01,5.867867930128538578e-01,5.865145028883906875e-01,5.862058098530353867e-01,5.858577933205016963e-01,5.854672523086749125e-01,5.850306999635130900e-01,5.845443580966769304e-01,5.840041518143540555e-01,5.834057042813340921e-01,5.827443315921915223e-01,5.820150375778222473e-01,5.812125080977640357e-01,5.803311038289191703e-01,5.793648494885361711e-01,5.783074152059053397e-01,5.771520808621654064e-01,5.758916625050130023e-01,5.745183480819097133e-01,5.730232891163301590e-01,5.713953799340033557e-01,5.696159425890828798e-01,5.674256848937595521e-01,5.651298911452657947e-01,5.628145347276646282e-01,5.603730996954534582e-01,5.577809036419134614e-01,5.550242652155771284e-01,5.520934844694669330e-01,5.489810881345480453e-01,5.456813031437726114e-01,5.421899475432270243e-01,5.385045009037479069e-01,5.346242652940315088e-01,5.305505751927789282e-01,5.262870307734890396e-01,5.218397334645521468e-01,5.172175022335072647e-01,5.124320465380639567e-01,5.074980691939452448e-01,5.024332714308088477e-01,4.972582355011412880e-01,4.919961702016500404e-01,4.866725242970273979e-01,4.813145032688090907e-01,4.759505629311556185e-01,4.706099880276203296e-01,4.653226719910666387e-01,4.601191610516400798e-01,4.550308752868498230e-01,4.500901572411809548e-01,4.453294725298927448e-01,4.407788376115087670e-01,4.364606030452079510e-01
7.909090909090908950e-01,4.317492938206596298e-01,4.368692156262262705e-01,4.424365588334847055e-01,4.482991171214069648e-01,4.543331356805809795e-01,4.604502546948968655e-01,4.665938869920807641e-01,4.727303660303344146e-01,4.788393580591664977e-01,4.849061939252642950e-01,4.909170180279163187e-01,4.968565053724146030e-01,5.027074036369100218e-01,5.084511131771696224e-01,5.140686897348858420e-01,5.195418766661079601e-01,5.248539623094740092e-01,5.299903883342611532e-01,5.349391110598927801e-01,5.396907545639560988e-01,5.442386068107375463e-01,5.485785095042305937e-01,5.527086866057171477e-01,5.566295504368242719e-01,5.603435218543437735e-01,5.638549072879153190e-01,5.671699026994071469e-01,5.702968817415240421e-01,5.732474277293292397e-01,5.760399248113672321e-01,5.787180787265344684e-01,5.815213352778457745e-01,5.837430274761242766e-01,5.857712411624980131e-01,5.876414163976659832e-01,5.893678117786994575e-01,5.909606849123075767e-01,5.924288054953616989e-01,5.937801648255400799e-01,5.950222331384862340e-01,5.961620656046606737e-01,5.972063490188178614e-01,5.981614231690189909e-01,5.990332910327129667e-01,5.998276241540348996e-01,6.005497661752848826e-01,6.012047359197867369e-01,6.017972306518731829e-01,6.023316297503676919e-01,6.028119988345534974e-01,6.032420942830795108e-01,6.036253680410373912e-01,6.039649725937962232e-01,6.042637659845577769e-01,6.045243167594057665e-01,6.047489087339696923e-01,6.049395454880072132e-01,6.050979545067431964e-01,6.052255908995171074e-01,6.053236406382193069e-01,6.053930232680277967e-01,6.054343940532055379e-01,6.054481455295448455e-01,6.054344084436534823e-01,6.053930520674560833e-01,6.053236838839326506e-01,6.052256486480279696e-01,6.050980268344500201e-01,6.049396324921512136e-01,6.047490105338098054e-01,6.045244334977604161e-01,6.042638978295906682e-01,6.039651197412280181e-01,6.036255307167411877e-01,6.032422727461307366e-01,6.028121933807685240e-01,6.023318407164077737e-01,6.017974584199728971e-01,6.012049809231195807e-01,6.005500289040277551e-01,5.998279051621321356e-01,5.990335909452473295e-01,5.981617426900864842e-01,5.972066889394882505e-01,5.961624268104008806e-01,5.950226166147746243e-01,5.937805716592358118e-01,5.924292368673439446e-01,5.909611420719887986e-01,5.893682959797760246e-01,5.876419287679651715e-01,5.857717823540801172e-01,5.837435966416814059e-01,5.815219248330506518e-01,5.787130357336609521e-01,5.760341130790467279e-01,5.732430657927544138e-01,5.702953212961689999e-01,5.671721550053865357e-01,5.638617872700351086e-01,5.603557053288145129e-01,5.566475991743206064e-01,5.527330577377309595e-01,5.486095554968872801e-01,5.442765685834267675e-01,5.397357487750135130e-01,5.349911118296435397e-01,5.300492033014433391e-01,5.249192027844917785e-01,5.196129217419646062e-01,5.141446446081543442e-01,5.085307627414480391e-01,5.027891638152884868e-01,4.969383768566351112e-01,4.909965502563217732e-01,4.849804712570435772e-01,4.789050247870468291e-01,4.727837110020567390e-01,4.666310100577459319e-01,4.604673328319359160e-01,4.543267930790852449e-01,4.482668789446552782e-01,4.423773352967889649e-01,4.367837302742589856e-01,4.316403514452439305e-01
7.946969696969696795e-01,3.984797474660037864e-01,4.088649437515245455e-01,4.199558973648827020e-01,4.310841002120733845e-01,4.417810736690567786e-01,4.517933188799437838e-01,4.610482845473646840e-01,4.695945579061861497e-01,4.775407795775972741e-01,4.850089684204322849e-01,4.921068491763814778e-01,4.989162637324692784e-01,5.054920293106862639e-01,5.118660635693577099e-01,5.180532376059806543e-01,5.240570196766342059e-01,5.298740955114549234e-01,5.354977912969036691e-01,5.409204242834201315e-01,5.461348067766799153e-01,5.511351328523345083e-01,5.559174426295324656e-01,5.604798166951460159e-01,5.648224173409487348e-01,5.689474706964315898e-01,5.728592825323854942e-01,5.765644224406960561e-01,5.800723770634673704e-01,5.833976326728746997e-01,5.865677861581907182e-01,5.896956662441257269e-01,5.927131776428435916e-01,5.952025577639145082e-01,5.975044249577367017e-01,5.996394165579430613e-01,6.016195716465214671e-01,6.034545522309046062e-01,6.051529995891745672e-01,6.067229664389723887e-01,6.081720789007937222e-01,6.095076009978531717e-01,6.107364598497276864e-01,6.118652542896410029e-01,6.129002566670637142e-01,6.138474122579588022e-01,6.147123383142508724e-01,6.155003236490652618e-01,6.162163290954205674e-01,6.168649888973668505e-01,6.174506129554093725e-01,6.179771897856496388e-01,6.184483900283335167e-01,6.188675703392325644e-01,6.192377775054890288e-01,6.195617526410223119e-01,6.198419353324818859e-01,6.200804676226684409e-01,6.202791977341458596e-01,6.204396834505596647e-01,6.205631950868717439e-01,6.206507179922873263e-01,6.207029545415200245e-01,6.207203255806047482e-01,6.207029713037156560e-01,6.206507515470970349e-01,6.205632454954574939e-01,6.204397508054579902e-01,6.202792821602121087e-01,6.200805692784142620e-01,6.198420544117463349e-01,6.195618893750748368e-01,6.192379321655846480e-01,6.188677432396584299e-01,6.184485815299967104e-01,6.179774003003191130e-01,6.174508429506222473e-01,6.168652389021406224e-01,6.162165997068360657e-01,6.155006155397906298e-01,6.147126522411786587e-01,6.138477490719130847e-01,6.129006173237462329e-01,6.118656398616879599e-01,6.107368715397759606e-01,6.095080401521837388e-01,6.081725470226758690e-01,6.067234651999687811e-01,6.051535308350585174e-01,6.034551179753875338e-01,6.016201740386128982e-01,5.996400577905373064e-01,5.975051070329364666e-01,5.952032818726568086e-01,5.927139418226480272e-01,5.896889851464386378e-01,5.865519364495078714e-01,5.833785704603240418e-01,5.800524189109006468e-01,5.765450590231684380e-01,5.728416232689288456e-01,5.689323951027543957e-01,5.648106397558577685e-01,5.604719148580667998e-01,5.559138669672237798e-01,5.511362028734132501e-01,5.461406968217809021e-01,5.409311388470038340e-01,5.355131289276697792e-01,5.298935994771992730e-01,5.240799130554311125e-01,5.180783403648108187e-01,5.118916898642573710e-01,5.055158653295275251e-01,4.989352308983701634e-01,4.921169657542724396e-01,4.850052358083687953e-01,4.775171380501917473e-01,4.695439774273569289e-01,4.609630706328074479e-01,4.516657049313695937e-01,4.416041200990250548e-01,4.308528195272866013e-01,4.196683997119722842e-01,4.085233156806578059e-01,3.980904072311651776e-01
7.984848484848485750e-01,2.778332995756105928e-01,3.019939648943948396e-01,3.285071452825623073e-01,3.560787491888611211e-01,3.831639813387300864e-01,4.082611098108041014e-01,4.303041118932809384e-01,4.488949688189743936e-01,4.642441862392757690e-01,4.769173227992347663e-01,4.875714119561136428e-01,4.967886432671707042e-01,5.050133860386599727e-01,5.125533964414143995e-01,5.196072531655439031e-01,5.262958151861673040e-01,5.326885971713182233e-01,5.388230681631004382e-01,5.447177356035746154e-01,5.503805898526680229e-01,5.558143595114068969e-01,5.610196818401598229e-01,5.659969610987835020e-01,5.707474370182374912e-01,5.752738217241540886e-01,5.795807838983748628e-01,5.836755930971149198e-01,5.875695558558473586e-01,5.912824426671612343e-01,5.948638514253694609e-01,5.986240531962419009e-01,6.016339274436657281e-01,6.044114481875685341e-01,6.069985358435300293e-01,6.094101575152526262e-01,6.116568389416372487e-01,6.137476248142403890e-01,6.156908690418876340e-01,6.174945008468482044e-01,6.191661207684452384e-01,6.207130325715524144e-01,6.221422494143440396e-01,6.234604898842496246e-01,6.246741707067172689e-01,6.257893991692682345e-01,6.268119665812262875e-01,6.277473432651634599e-01,6.286006751739336984e-01,6.293767820326754414e-01,6.300801568169369649e-01,6.307149663451023791e-01,6.312850527590543326e-01,6.317939356774598947e-01,6.322448148238123400e-01,6.326405729517287080e-01,6.329837789111075752e-01,6.332766907193450034e-01,6.335212585210369118e-01,6.337191273373865563e-01,6.338716395233050527e-01,6.339798368648427163e-01,6.340444622639047623e-01,6.340659609697569810e-01,6.340444813292014370e-01,6.339798750385927661e-01,6.338716968922509798e-01,6.337192040327399578e-01,6.335213547197756645e-01,6.332768066460499057e-01,6.329839148402462978e-01,6.326407292105726832e-01,6.322449917959129806e-01,6.317941338068367996e-01,6.312852725551580946e-01,6.307152083886303773e-01,6.300804217666268192e-01,6.293770706332144638e-01,6.286009882651237834e-01,6.277476817925108366e-01,6.268123316081496421e-01,6.257897918910849677e-01,6.246745924666294858e-01,6.234609421914852900e-01,6.221427339645031473e-01,6.207135512691184243e-01,6.191666757509893815e-01,6.174950945099124677e-01,6.156915040621239177e-01,6.137483041657925131e-01,6.116575658951167727e-01,6.094109355953777341e-01,6.069993686865872151e-01,6.044123391290299185e-01,6.016348781753159125e-01,5.986250560193723258e-01,5.948415726799817227e-01,5.912497032038938061e-01,5.875307264487497072e-01,5.836329245249858300e-01,5.795357609071974947e-01,5.752275236762864896e-01,5.707006775002498866e-01,5.659503481079619647e-01,5.609736396616618048e-01,5.557691264651564156e-01,5.503361962348324310e-01,5.446739613396615054e-01,5.387793764945970620e-01,5.326440379710570827e-01,5.262488889890171162e-01,5.195557251858057279e-01,5.124940503387218627e-01,5.049417136716675136e-01,4.966984862517977994e-01,4.874546148854623229e-01,4.767635387403359459e-01,4.640410897233103737e-01,4.486292237930813442e-01,4.299633597567661947e-01,4.078367903575221276e-01,3.826540259488775408e-01,3.554887078450971738e-01,3.278489119685634723e-01,3.012827312828734727e-01,2.770843539326313665e-01
8.022727272727272485e-01,2.119336276944813746e-01,2.295558362758787219e-01,2.477788250155048000e-01,2.673517778722940275e-01,2.893166470408993218e-01,3.147605760945009767e-01,3.441599120347279550e-01,3.764826986932859887e-01,4.089535165414539541e-01,4.382906253442525046e-01,4.624874429300175338e-01,4.813981229009603457e-01,4.960269653296895953e-01,5.076283824062459704e-01,5.172357821236704956e-01,5.255610540836471722e-01,5.330505514849905868e-01,5.399693875356670336e-01,5.464697285652069247e-01,5.526368242656670704e-01,5.585176130967730579e-01,5.641378016218521196e-01,5.695118620219724592e-01,5.746488514900141009e-01,5.795558648408664082e-01,5.842402923592610042e-01,5.887118466556370278e-01,5.929858895876504166e-01,5.970937694753513103e-01,6.011605506951012146e-01,6.051484453634008442e-01,6.084274898685096966e-01,6.114907730895681182e-01,6.143603337393575003e-01,6.170477738672920376e-01,6.195622017683601879e-01,6.219118388977687983e-01,6.241044936588211467e-01,6.261477163455382300e-01,6.280488437937676860e-01,6.298150022337828391e-01,6.314530944267826573e-01,6.329697819226657307e-01,6.343714671159994545e-01,6.356642770771385731e-01,6.368540498887254042e-01,6.379463236267521875e-01,6.389463278472471419e-01,6.398589773162103311e-01,6.406888676756986589e-01,6.414402727338414101e-01,6.421171430817417258e-01,6.427231057641613621e-01,6.432614647589026680e-01,6.437352020480920922e-01,6.441469790918324945e-01,6.444991385405494100e-01,6.447937060458487357e-01,6.450323920514267062e-01,6.452165934654146007e-01,6.453473951333987824e-01,6.454255710483260966e-01,6.454515852486342187e-01,6.454255923706683218e-01,6.453474378352160867e-01,6.452166576615783189e-01,6.450324779157016186e-01,6.447938138126946273e-01,6.444992685075996430e-01,6.441471316230302779e-01,6.437353775776200049e-01,6.432616637959805983e-01,6.427233288987510562e-01,6.421173909913757694e-01,6.414405461916147244e-01,6.406891675597041758e-01,6.398593046205341972e-01,6.389466836947983452e-01,6.379467092842477927e-01,6.368544667840863038e-01,6.356647268197394007e-01,6.343719515201420300e-01,6.329703030347416659e-01,6.314536545566056258e-01,6.298156039904792003e-01,6.280494901264471741e-01,6.261484105885681828e-01,6.241052395805346542e-01,6.219126407494892650e-01,6.195630643260104931e-01,6.170487024477585569e-01,6.143613341476177325e-01,6.114918513768914377e-01,6.084286515000617568e-01,6.051496916942775695e-01,6.011402396930732861e-01,5.970492720505461426e-01,5.929275910452245224e-01,5.886433523113797639e-01,5.841635811863745698e-01,5.794721588835017867e-01,5.745589021989262468e-01,5.694160607270141172e-01,5.640362126776237162e-01,5.584099599489598109e-01,5.525224362193537075e-01,5.463474456772399179e-01,5.398374145946530644e-01,5.329062479784817397e-01,5.254006480700494919e-01,5.170540114736511539e-01,5.074181198276943583e-01,4.957790181133402974e-01,4.811016662232430741e-01,4.621318901654314359e-01,4.378696668938865666e-01,4.084704809638041723e-01,3.759533350032477905e-01,3.436083915109814368e-01,3.142105585320955075e-01,2.887843484235586011e-01,2.668446028818264315e-01,2.472975930598572680e-01,2.290975982178659331e-01,2.114936895342860723e-01
8.060606060606061440e-01,2.455994206715192418e-01,2.602481603462455939e-01,2.740085958562208934e-01,2.868839922232688244e-01,2.989414423921022412e-01,3.103852386800737273e-01,3.216966575857597710e-01,3.338618223791423034e-01,3.486132070591280163e-01,3.682777135508876198e-01,3.944105000820620210e-01,4.253931418725235281e-01,4.562235572455176080e-01,4.822696459692872861e-01,5.021774257512129358e-01,5.170189475662771983e-01,5.284252892055683049e-01,5.376872986186086445e-01,5.456314312322319005e-01,5.527411058082668527e-01,5.592882434914077106e-01,5.654236452845157190e-01,5.712311019272126034e-01,5.767582077881091562e-01,5.820337638054694507e-01,5.870780012947777182e-01,5.919097538452871010e-01,5.965552143513548344e-01,6.010761249032791076e-01,6.059292548025163594e-01,6.097273642046722175e-01,6.132647323972393316e-01,6.165941527837435210e-01,6.197294656405329949e-01,6.226794182410764211e-01,6.254514350964093250e-01,6.280525399652355789e-01,6.304896257028552720e-01,6.327695227147899226e-01,6.348989965909730415e-01,6.368847206537111560e-01,6.387332412900589285e-01,6.404509434085905450e-01,6.420440189852590906e-01,6.435184397321729310e-01,6.448799340458364338e-01,6.461339679967168514e-01,6.472857299566355804e-01,6.483401184075886503e-01,6.493017324769327914e-01,6.501748647710091644e-01,6.509634961174345369e-01,6.516712918678321254e-01,6.523015994536927042e-01,6.528574469270688185e-01,6.533415422535686634e-01,6.537562731576365138e-01,6.541037073497258936e-01,6.543855929916201353e-01,6.546033592801958623e-01,6.547581170520543337e-01,6.548506593315326363e-01,6.548814617632430224e-01,6.548506828880289454e-01,6.547581642378917932e-01,6.546034302418709538e-01,6.543856879508708202e-01,6.541038266059511219e-01,6.537564170912315564e-01,6.533417113302260049e-01,6.528576417031204393e-01,6.523018205826390803e-01,6.516715401082018300e-01,6.509637723421435318e-01,6.501751699784668048e-01,6.493020678041614424e-01,6.483404851456334717e-01,6.472861295687378780e-01,6.461344021396777659e-01,6.448804045951467279e-01,6.435189488115979906e-01,6.420445690016846063e-01,6.404515370930841112e-01,6.387338817462885343e-01,6.368854114149141710e-01,6.348997416868678023e-01,6.327703267496543882e-01,6.304904939456652535e-01,6.280534784513378543e-01,6.254524507371005404e-01,6.226805189293976861e-01,6.197306603213091902e-01,6.165954513988429753e-01,6.132661454272292367e-01,6.097289006497672581e-01,6.059309073826681935e-01,6.010239663549777900e-01,5.964767907078916132e-01,5.918115430330955773e-01,5.869626683805966305e-01,5.819024686458613704e-01,5.766111972529678331e-01,5.710678945949011487e-01,5.652430539932886688e-01,5.590883040966261319e-01,5.525189357866183704e-01,5.453830377358659387e-01,5.374073884199394024e-01,5.281072380017277634e-01,5.166553426752160671e-01,5.017620869978355325e-01,4.818024893260774433e-01,4.557184018996575658e-01,4.248826031128764003e-01,3.939366624099015501e-01,3.678709105476764551e-01,3.482808422663977721e-01,3.335949147493599276e-01,3.214808443963578233e-01,3.102071191131752226e-01,2.987904895227549429e-01,2.867524613555566537e-01,2.738908917820081501e-01,2.601402099820890323e-01,2.454981834795530449e-01
8.098484848484848175e-01,2.713490853515471146e-01,2.855666235243564111e-01,2.991325814521268445e-01,3.119925402881151832e-01,3.240809606766860140e-01,3.353215196012054311e-01,3.456323036449177599e-01,3.549437553405083157e-01,3.632482355628553483e-01,3.707232461555853287e-01,3.780069959327693740e-01,3.866992234106473858e-01,3.998209920510158444e-01,4.208165347295472758e-01,4.495670633705771690e-01,4.800146275366009019e-01,5.056295057124682302e-01,5.246045710857947242e-01,5.383695251321082287e-01,5.488173872608722581e-01,5.572949524738113336e-01,5.645976540785473397e-01,5.711653995588104049e-01,5.772378147863180819e-01,5.829475594108209924e-01,5.883726889556817330e-01,5.935678537277140343e-01,5.985926589936994002e-01,6.036136912628218276e-01,6.086496130707828023e-01,6.126219493405422600e-01,6.163757938705926032e-01,6.199326007161687357e-01,6.233003403630859030e-01,6.264845814929275170e-01,6.294904821905596970e-01,6.323232950317833057e-01,6.349884792594545635e-01,6.374916876330446458e-01,6.398387123659341480e-01,6.420354207306672167e-01,6.440876921000073807e-01,6.460013608425343445e-01,6.477821664214346020e-01,6.494357107286800046e-01,6.509674221361753110e-01,6.523825255434709813e-01,6.536860176600884920e-01,6.548826467919145466e-01,6.559768964625503074e-01,6.569729722722283949e-01,6.578747914684008880e-01,6.586859747695229528e-01,6.594098400448189512e-01,6.600493975075879538e-01,6.606073461284452941e-01,6.610860710180143096e-01,6.614876415667529930e-01,6.618138101637027759e-01,6.620660113463157082e-01,6.622453612609902063e-01,6.623526573389798555e-01,6.623883781154381589e-01,6.623526831410104787e-01,6.622454129559982583e-01,6.620660891172487350e-01,6.618139142876774406e-01,6.614877724183463314e-01,6.610862290737724578e-01,6.606075319727372497e-01,6.600496118398995193e-01,6.594100836887107908e-01,6.586862486834478281e-01,6.578750967586980414e-01,6.569733102086057208e-01,6.559772684964937373e-01,6.548830545785720991e-01,6.536864630842698087e-01,6.523830107505264042e-01,6.509679495688026618e-01,6.494362831708349049e-01,6.477827870508832131e-01,6.460020332938765097e-01,6.440884205405129626e-01,6.420362099517328280e-01,6.398395678936292796e-01,6.374926158617617578e-01,6.349894876133732602e-01,6.323243921588885819e-01,6.294916781927140104e-01,6.264858881906947286e-01,6.233017715791341340e-01,6.199341725168541206e-01,6.163775245625463528e-01,6.126238584482711635e-01,6.086517147943047990e-01,6.035648110293401203e-01,5.984937809577535184e-01,5.934337070711782625e-01,5.882069966673171280e-01,5.827508007969629533e-01,5.770085280740839817e-01,5.709004702079487625e-01,5.642922790899579377e-01,5.569425254614690513e-01,5.484096091937918915e-01,5.378974619603175134e-01,5.240623537024279299e-01,5.050236272002547322e-01,4.793796028572365753e-01,4.489730681971133008e-01,4.203394920101796162e-01,3.994921451661839762e-01,3.864992779880006557e-01,3.778982882409619437e-01,3.706728407716192719e-01,3.632334227669820059e-01,3.549502381895663916e-01,3.456513722588340221e-01,3.353479190681427080e-01,3.241115303185580498e-01,3.120253898103961809e-01,2.991665976924769432e-01,2.856011731268465192e-01,2.713838326143206969e-01
8.136363636363637131e-01,2.835127470311878395e-01,2.973259310691198642e-01,3.107072708730010957e-01,3.236170205019737733e-01,3.360077605417172153e-01,3.478221273529328861e-01,3.589898474452903332e-01,3.694241216461675026e-01,3.790179751142228604e-01,3.876429020295476535e-01,3.951569977738157435e-01,4.014430705529005161e-01,4.065313449279714941e-01,4.109345405223147063e-01,4.163911645902307335e-01,4.267961055069151022e-01,4.469767962998652533e-01,4.763855810904598642e-01,5.064891926939363298e-01,5.302033694298697863e-01,5.469405709460355425e-01,5.588843563488903321e-01,5.680131334749081162e-01,5.755434538565722402e-01,5.821432748029029547e-01,5.881745311905737239e-01,5.938498994265751785e-01,5.993509719585818907e-01,6.055623193097577905e-01,6.099088684209656996e-01,6.139977794251644250e-01,6.179010801261433095e-01,6.216262917665978938e-01,6.251754856153380890e-01,6.285501684650149912e-01,6.317523153343844733e-01,6.347845785270038732e-01,6.376502591844775969e-01,6.403532062621010157e-01,6.428976989073599269e-01,6.452883327687691795e-01,6.475299175089045400e-01,6.496273874499508549e-01,6.515857250802878919e-01,6.534098962922032516e-01,6.551047959550602151e-01,6.566752024233487584e-01,6.581257396836515117e-01,6.594608459871430517e-01,6.606847479620659991e-01,6.618014393399309636e-01,6.628146635535879794e-01,6.637278995747418753e-01,6.645443504528147916e-01,6.652669340985126745e-01,6.658982759252095596e-01,6.664407030219474670e-01,6.668962395837274570e-01,6.672666033706629030e-01,6.675532030076802847e-01,6.677571359719630673e-01,6.678791871478639841e-01,6.679198278581632842e-01,6.678792153081778427e-01,6.677571924050818009e-01,6.675532879400304376e-01,6.672667171455354262e-01,6.668963826657754446e-01,6.664408760033456725e-01,6.658984795336457818e-01,6.652671692072550380e-01,6.645446180930927316e-01,6.637282009508042036e-01,6.628150000609154269e-01,6.618018125870881452e-01,6.606851597969539691e-01,6.594612985284916684e-01,6.581262353588289704e-01,6.566757440138764057e-01,6.551053866515661461e-01,6.534105397609748511e-01,6.515864255442747055e-01,6.496281497877953726e-01,6.475307473765425925e-01,6.452892367496977366e-01,6.428986846991729953e-01,6.403542829093256117e-01,6.376514373705883809e-01,6.347858709418300327e-01,6.317537371368454613e-01,6.285517378631907404e-01,6.251772245817868168e-01,6.216282268799974142e-01,6.179032434242629490e-01,6.140002087283938925e-01,6.099116043690274713e-01,6.055653634701649857e-01,5.992331646442168314e-01,5.936693364403743400e-01,5.879370275151796221e-01,5.818468441612133502e-01,5.751816774108887698e-01,5.675758855321270113e-01,5.583586450268501755e-01,5.463138855121837389e-01,5.294744324277695924e-01,5.056925891550937413e-01,4.756192581920853368e-01,4.463728243663137585e-01,4.264205426487485129e-01,4.162125938687514237e-01,4.108865690756930977e-01,4.065593349379988397e-01,4.015123201294826250e-01,3.952474189630408863e-01,3.877432357278873254e-01,3.791219991586143312e-01,3.695284592135300028e-01,3.590927409213412469e-01,3.479227519987461714e-01,3.361058354442716944e-01,3.237125845168772331e-01,3.108005516492252096e-01,2.974172675770093699e-01,2.836025433803689433e-01
8.174242424242423866e-01,2.880868497890115010e-01,3.014800472967996692e-01,3.145754921918404445e-01,3.273420133892016581e-01,3.397447112782912559e-01,3.517438110741483159e-01,3.632930293904472197e-01,3.743372561599854764e-01,3.848092922822764494e-01,3.946253382513137953e-01,4.036789998050405726e-01,4.118340873150572179e-01,4.189184467613992213e-01,4.247275572052439108e-01,4.290667826262821727e-01,4.319192743097899356e-01,4.339649138076652757e-01,4.378034439062051808e-01,4.492199945046217446e-01,4.735642514697082639e-01,5.058659132478150466e-01,5.344539267691658102e-01,5.547097261155846670e-01,5.684535725932411410e-01,5.783658292053001082e-01,5.862150739174175618e-01,5.930050049009982782e-01,5.994666615585049207e-01,6.059396474183391668e-01,6.102102336109502811e-01,6.143194893494833275e-01,6.182813373815099212e-01,6.220940709186508766e-01,6.257538564117799407e-01,6.292572996507567185e-01,6.326021521227732647e-01,6.357874350088380533e-01,6.388133486002461892e-01,6.416811069693463265e-01,6.443927565570101157e-01,6.469510033262575455e-01,6.493590578685605186e-01,6.516205008900215478e-01,6.537391684199062025e-01,6.557190548439434385e-01,6.575642314978308312e-01,6.592787785884869356e-01,6.608667284093623362e-01,6.623320180687825021e-01,6.636784502046428891e-01,6.649096603919759652e-01,6.660290901546779274e-01,6.670399646680688077e-01,6.679452743875380349e-01,6.687477599635002212e-01,6.694498999082931778e-01,6.700539005694972072e-01,6.705616880396632062e-01,6.709749016968453716e-01,6.712948891263472717e-01,6.715227022226000209e-01,6.716590943136047098e-01,6.717045181894150119e-01,6.716591249519946460e-01,6.715227636378924281e-01,6.712949815975667311e-01,6.709750256475081054e-01,6.705618440439364836e-01,6.700540893606907744e-01,6.694501223898762232e-01,6.687480172230860775e-01,6.679455677141517000e-01,6.670402955733580885e-01,6.660294603986952611e-01,6.649100720144885956e-01,6.636789055630609724e-01,6.623325198842208161e-01,6.608672798226385980e-01,6.592793832284736810e-01,6.575648935652425031e-01,6.557197792145934567e-01,6.537399607726851469e-01,6.516213678665925269e-01,6.493600072740459694e-01,6.469520443834462231e-01,6.443939002310039577e-01,6.416823663858257643e-01,6.388147395893316594e-01,6.357889768187227064e-01,6.326038683644620297e-01,6.292592195582580317e-01,6.257560165300408705e-01,6.220965173555386141e-01,6.182841287355745896e-01,6.143227001533357878e-01,6.102139565363629004e-01,6.059439795541796681e-01,5.993404593612151610e-01,5.927592146086370084e-01,5.858626999116993694e-01,5.778979439999416545e-01,5.678526557305749733e-01,5.539584252241289697e-01,5.335583059860937727e-01,5.049044791419425859e-01,4.727151215983390053e-01,4.486474717542185409e-01,4.375198706403751747e-01,4.338843277134274423e-01,4.319565726691951824e-01,4.291666279473699830e-01,4.248584675753703799e-01,4.190632268615957501e-01,4.119834570799089102e-01,4.038280107085805426e-01,3.947714354967755690e-01,3.849512646331755272e-01,3.744746573340068663e-01,3.634258527959001173e-01,3.518723034827277996e-01,3.398692644757668746e-01,3.274631005952806651e-01,3.146936307231161800e-01,3.015957768921431748e-01,2.882007204144921841e-01
8.212121212121212821e-01,2.885039407789817267e-01,3.014944862851270946e-01,3.142733257140864489e-01,3.268135755932796149e-01,3.390865360507246407e-01,3.510611634857490615e-01,3.627033050364351086e-01,3.739745942004006340e-01,3.848308630423944443e-01,3.952198611608203627e-01,4.050779781185484540e-01,4.143255432437000785e-01,4.228601528359858253e-01,4.305474888140953804e-01,4.372097659556287708e-01,4.426150823617527874e-01,4.464825972529733455e-01,4.485580395176816393e-01,4.489358580819041711e-01,4.490850931751571018e-01,4.540070202542686451e-01,4.722909717892261883e-01,5.050011852956477476e-01,5.385033640229824892e-01,5.628365472658566349e-01,5.787643987239499133e-01,5.899068535442857364e-01,6.003474877137048304e-01,6.055595439280163639e-01,6.097935219904335735e-01,6.138597892662076561e-01,6.177918467573377814e-01,6.215999679448337423e-01,6.252831770786612120e-01,6.288363910709597882e-01,6.322538440376354041e-01,6.355305518913013652e-01,6.386628273002729062e-01,6.416483569693469668e-01,6.444860910162745204e-01,6.471760636632710728e-01,6.497192004869366544e-01,6.521171363562997536e-01,6.543720532268524348e-01,6.564865399390080736e-01,6.584634730491869536e-01,6.603059164977803652e-01,6.620170375953237096e-01,6.636000368919732217e-01,6.650580897428419735e-01,6.663942976761093595e-01,6.676116479586949870e-01,6.687129800142016522e-01,6.697009575729884201e-01,6.705780456253040978e-01,6.713464914091399338e-01,6.720083087988962811e-01,6.725652655738141306e-01,6.730188731402683144e-01,6.733703783629092499e-01,6.736207572293183565e-01,6.737707101335943527e-01,6.738206586184808389e-01,6.737707434647470794e-01,6.736208240624033117e-01,6.733704790422032627e-01,6.730190081890796705e-01,6.725654357029907660e-01,6.720085149185917039e-01,6.713467346442475447e-01,6.705783273350459650e-01,6.697012793753802651e-01,6.687133438162738974e-01,6.676120559936353782e-01,6.663947525488119750e-01,6.650585944857720921e-01,6.636005950338846882e-01,6.620176532460400054e-01,6.603065944533341725e-01,6.584642189229898968e-01,6.564873603266293545e-01,6.543729559145919916e-01,6.521181305875720646e-01,6.497202973056536157e-01,6.471772763611615131e-01,6.444874357222236672e-01,6.416498534354460048e-01,6.386644999641513110e-01,6.355324313324368646e-01,6.322559690040817637e-01,6.288388113444572936e-01,6.252859575890729049e-01,6.216031947631313059e-01,6.177956359031095968e-01,6.138642995563181604e-01,6.097989725620409640e-01,6.055662286309742015e-01,6.003085241007051209e-01,5.895608833193933807e-01,5.782049722991120522e-01,5.620521977785307710e-01,5.375099277408275089e-01,5.039302934238019116e-01,4.714017770730621337e-01,4.534682902996125531e-01,4.488561029183404938e-01,4.489031362900895994e-01,4.486335891165573186e-01,4.466141895521436589e-01,4.427739607174804859e-01,4.373803227003768557e-01,4.307212502090786432e-01,4.230325453805498515e-01,4.144941675718186724e-01,4.052416719887529939e-01,3.953781785108851365e-01,3.849837772569962846e-01,3.741223253924977898e-01,3.628462177370461728e-01,3.511997052976763567e-01,3.392212006672807312e-01,3.269448805932040902e-01,3.144017994669965343e-01,3.016206605497906978e-01,2.886283468916589490e-01
8.249999999999999556e-01,2.865367448375580883e-01,2.991480182491810247e-01,3.116069394765516587e-01,3.238891771679859310e-01,3.359694771526214874e-01,3.478214233468893135e-01,3.594170794069229680e-01,3.707264632655357661e-01,3.817167870489484027e-01,3.923513648290838929e-01,4.025880446755064623e-01,4.123769510941389660e-01,4.216572171966557758e-01,4.303522287151078651e-01,4.383626885654866023e-01,4.455565888233593563e-01,4.517552168088312947e-01,4.567157272969087356e-01,4.601177149217872131e-01,4.615884999173714420e-01,4.608997939838553326e-01,4.587698430745387190e-01,4.591999709814576502e-01,4.722511876093608563e-01,5.052734093057683618e-01,5.449822279348670584e-01,5.756346736636427375e-01,5.957471201234280089e-01,6.027973215834754317e-01,6.081181170761793542e-01,6.125563325785708946e-01,6.165705851700262752e-01,6.203596642188523580e-01,6.240026489612996441e-01,6.275265772603861869e-01,6.309367484434819096e-01,6.342301175444104988e-01,6.374011576542270019e-01,6.404443450694189410e-01,6.433551207219219137e-01,6.461301679837070377e-01,6.487673930347640505e-01,6.512657864853618195e-01,6.536252483519953138e-01,6.558464129547990629e-01,6.579304887569791260e-01,6.598791180649662413e-01,6.616942569200567892e-01,6.633780735841039444e-01,6.649328633617107576e-01,6.663609774269388941e-01,6.676647634990228175e-01,6.688465164776030702e-01,6.699084374279514753e-01,6.708525995676164477e-01,6.716809201363581616e-01,6.723951372288966555e-01,6.729967908376461860e-01,6.734872074936536501e-01,6.738674880140079759e-01,6.741384979653437526e-01,6.743008605416954682e-01,6.743549516317702830e-01,6.743008969207205938e-01,6.741385709352855082e-01,6.738675980024509959e-01,6.734873551516150636e-01,6.729969770514866445e-01,6.723953631369360417e-01,6.716811871506949139e-01,6.708529094021264960e-01,6.699087921334567763e-01,6.688469184857898098e-01,6.676652156769873336e-01,6.663614831449112819e-01,6.649334265772718355e-01,6.633786989473459128e-01,6.616949499055273520e-01,6.598798851383300690e-01,6.579313375872022363e-01,6.558473526866178682e-01,6.536262899593684450e-01,6.512669432349986742e-01,6.487686811015331845e-01,6.461316072786121856e-01,6.433567360227374632e-01,6.404461675896642170e-01,6.374032272594764015e-01,6.342324859442536322e-01,6.309394838870999722e-01,6.275297716038150675e-01,6.240064285662022536e-01,6.203642071834101213e-01,6.165761492102542762e-01,6.125633008584057126e-01,6.081270729134249375e-01,6.028091588694041159e-01,5.957630963782321043e-01,5.751428661354170968e-01,5.440951197423605779e-01,5.042169156829642285e-01,4.713765473841925457e-01,4.586900229709396926e-01,4.585626004973166747e-01,4.608787477535904453e-01,4.616705712698450093e-01,4.602545348956044724e-01,4.568803884152970451e-01,4.519327418292448106e-01,4.457385570627690474e-01,4.385443452614188331e-01,4.305309199606200954e-01,4.218315226401466167e-01,4.125461899822931433e-01,4.027519869399199259e-01,3.925100580150901464e-01,3.818704505107411995e-01,3.708754224242605257e-01,3.595617244222616415e-01,3.479621829710675129e-01,3.361068021956850060e-01,3.240235301411510949e-01,3.117387882573723346e-01,2.992778323901100768e-01,2.866649936211878025e-01
8.287878787878788511e-01,2.832084359259163797e-01,2.954639705672246763e-01,3.076103396211551377e-01,3.196250609163757694e-01,3.314851551715730649e-01,3.431670460496141772e-01,3.546463968033864433e-01,3.658978592888855186e-01,3.768947024473140450e-01,3.876082742601557607e-01,3.980072313099158876e-01,4.080564396928942350e-01,4.177154041643629245e-01,4.269360096130949134e-01,4.356592457170750388e-01,4.438104111223252213e-01,4.512920342243060823e-01,4.579734013408612858e-01,4.636752822815350394e-01,4.681488836831865230e-01,4.710521748753072613e-01,4.719461433576324083e-01,4.704123704281861773e-01,4.666816285376411133e-01,4.639472480358802775e-01,4.733469043799003462e-01,5.117870358183149726e-01,5.538675170425048089e-01,5.829367103372687930e-01,5.990657032105000113e-01,6.080474309351717732e-01,6.138432766304793287e-01,6.182739002166720566e-01,6.221015178705248116e-01,6.256378934944587522e-01,6.290073637029923725e-01,6.322558902514515689e-01,6.353967580618329336e-01,6.384301182415129672e-01,6.413514542005614993e-01,6.441552248471088538e-01,6.468363625073503265e-01,6.493908076714396405e-01,6.518156156920543731e-01,6.541088817494574714e-01,6.562695980052283273e-01,6.582974949488266114e-01,6.601928896376872968e-01,6.619565496502353152e-01,6.635895750969731388e-01,6.650932981462495119e-01,6.664691983656673147e-01,6.677188318469086115e-01,6.688437721241207168e-01,6.698455610923147452e-01,6.707256683778711759e-01,6.714854578584421585e-01,6.721261602545397507e-01,6.726488509132613203e-01,6.730544320758504728e-01,6.733436190683853573e-01,6.735169299825458644e-01,6.735746785251074398e-01,6.735169698149826578e-01,6.733436989981841370e-01,6.730545526382347710e-01,6.726490129247082450e-01,6.721263648297510773e-01,6.714857064340717940e-01,6.707259627439836613e-01,6.698459034329420358e-01,6.688441650688690121e-01,6.677192785360062111e-01,6.664697025318065959e-01,6.650938642177073312e-01,6.635902083278465424e-01,6.619572562859799003e-01,6.601936771268738235e-01,6.582983722164293949e-01,6.562705758087983288e-01,6.541099731484981694e-01,6.518168366744180320e-01,6.493921780009841438e-01,6.468379068887087913e-01,6.441569745539029723e-01,6.413534493945185488e-01,6.384324113452465310e-01,6.353994187776983438e-01,6.322590132202174917e-01,6.290110805148627637e-01,6.256423920806724048e-01,6.221070747401066248e-01,6.182809354343024033e-01,6.138524486613293751e-01,6.080597949478812048e-01,5.990829283489772505e-01,5.829611096893277944e-01,5.539007135325192399e-01,5.114000108763927521e-01,4.726696873208420246e-01,4.635018163537870661e-01,4.664843031709678955e-01,4.703807031864248867e-01,4.720126066966380263e-01,4.711746052862026968e-01,4.683023824036143812e-01,4.638451701662480442e-01,4.581509253435981921e-01,4.514719221231145441e-01,4.439894811724871548e-01,4.358356013491349601e-01,4.271085614557389443e-01,4.178835791883114270e-01,4.082200000967404763e-01,3.981661593865781779e-01,3.877626978911606348e-01,3.770448461667518236e-01,3.660440117611267752e-01,3.547888890250127103e-01,3.433062366684906386e-01,3.316214205941175885e-01,3.197587886735277496e-01,3.077419239725912026e-01,2.955938096524245995e-01,2.833369299859667678e-01
8.325757575757576356e-01,2.790663770518221898e-01,2.909856935566529357e-01,3.028284286691233507e-01,3.145736369275013433e-01,3.262000797002826968e-01,3.376861961121740419e-01,3.490100384119499966e-01,3.601491585065072498e-01,3.710804284087400040e-01,3.817797714562130573e-01,3.922217724096866975e-01,4.023791214559475637e-01,4.122218273827052970e-01,4.217161050483830831e-01,4.308227958197814456e-01,4.394951071411859478e-01,4.476753440441655907e-01,4.552901315932762483e-01,4.622433556938501109e-01,4.684056797931936966e-01,4.735990947911844495e-01,4.775750865991833516e-01,4.799881375121993199e-01,4.803828180447349827e-01,4.782864996189594153e-01,4.738343154715157213e-01,4.733985833491447526e-01,4.780642393803994916e-01,5.034675589845757360e-01,5.466214380305555176e-01,5.818577168815962652e-01,6.016058664192178718e-01,6.120519515911508890e-01,6.182935277704538768e-01,6.227427467317960819e-01,6.264120745239222243e-01,6.297175448006748777e-01,6.328283371060444695e-01,6.358103991443625480e-01,6.386861097321101521e-01,6.414597055218386190e-01,6.441283492891357598e-01,6.466869793008487299e-01,6.491303907868616330e-01,6.514540640018794404e-01,6.536544234415515575e-01,6.557288445612393657e-01,6.576755559952456309e-01,6.594935064261520097e-01,6.611822276943067900e-01,6.627417077017205838e-01,6.641722780412796512e-01,6.654745172541179921e-01,6.666491688458833220e-01,6.676970725205942925e-01,6.686191069441131951e-01,6.694161424406281924e-01,6.700890022131563706e-01,6.706384308936068628e-01,6.710650694391550042e-01,6.713694355860823082e-01,6.715519092472893581e-01,6.716127223962944370e-01,6.715519531222399197e-01,6.713695236710562897e-01,6.710652024120209447e-01,6.706386097908305644e-01,6.700892284543857880e-01,6.694164178632603379e-01,6.686194338494804157e-01,6.676974537341433535e-01,6.666496077944767951e-01,6.654750180648923985e-01,6.641728456678253067e-01,6.627423480856671212e-01,6.611829479733386528e-01,6.594943152037980871e-01,6.576764636939748110e-01,6.557298638897637311e-01,6.536555700208608322e-01,6.514553572158697792e-01,6.491318549563364071e-01,6.466886453323165140e-01,6.441302570357206880e-01,6.414619072371475772e-01,6.386886752444765891e-01,6.358134238134314220e-01,6.328319544106383310e-01,6.297219468636665596e-01,6.264175466051021823e-01,6.227497266983961222e-01,6.183027094862859618e-01,6.120644561306378684e-01,6.016234560670915554e-01,5.818826599925054355e-01,5.466543681686953926e-01,5.035026503003506848e-01,4.780925140581164245e-01,4.734181183635984280e-01,4.737026410986680536e-01,4.782420711688453174e-01,4.804194333439655296e-01,4.800802846445560990e-01,4.777025749156691981e-01,4.737481441682938055e-01,4.685671971102260414e-01,4.624113781803582679e-01,4.554607503993546858e-01,4.478460033637037818e-01,4.396641524958426750e-01,4.309891810124213962e-01,4.218791996028439795e-01,4.123812882702324600e-01,4.025348063651428276e-01,3.923736803280399310e-01,3.819280014808422163e-01,3.712251508922194132e-01,3.602905946644636148e-01,3.491484458076107855e-01,3.378218582678851334e-01,3.263332986351304976e-01,3.147047277860571812e-01,3.029577158531373549e-01,2.911135079398501357e-01,2.791930539734155947e-01
8.363636363636364202e-01,2.744944854202842621e-01,2.860956649759486825e-01,2.976453353209532748e-01,3.091239184810528062e-01,3.205116381321271857e-01,3.317885280273835114e-01,3.429344196934822064e-01,3.539289015436407060e-01,3.647512396627327069e-01,3.753802477728941378e-01,3.857940899047638261e-01,3.959699935018705652e-01,4.058838422067569951e-01,4.155096050380095440e-01,4.248185393890884787e-01,4.337780796611391265e-01,4.423502774641493440e-01,4.504895996448552431e-01,4.581397960709755468e-01,4.652294194875265521e-01,4.716654264792649043e-01,4.773242224771960807e-01,4.820400718592297018e-01,4.855945413582819503e-01,4.877328488277589691e-01,4.884679186282269159e-01,4.895164280428846992e-01,4.860314337160178688e-01,4.809696559563091389e-01,4.807934055080635982e-01,5.002673088175212390e-01,5.420736444615626981e-01,5.806101931680431871e-01,6.031390767097898342e-01,6.148814733554602840e-01,6.215649664752009862e-01,6.260613858181443003e-01,6.296013713639845299e-01,6.326983690371903446e-01,6.355659117097213207e-01,6.382908778176433762e-01,6.409058204293457406e-01,6.434199730310962151e-01,6.458328871062507526e-01,6.481405208711067401e-01,6.503379455108933005e-01,6.524205012388472058e-01,6.543842352516072713e-01,6.562260092865099814e-01,6.579434606467736701e-01,6.595349045178383607e-01,6.609992192040894388e-01,6.623357334010208097e-01,6.635441236021003553e-01,6.646243244007919992e-01,6.655764519405462654e-01,6.664007396741475908e-01,6.670974852043236591e-01,6.676670069286861908e-01,6.681096093191465357e-01,6.684255558381033691e-01,6.686150486852331376e-01,6.686782147605306870e-01,6.686150974135348646e-01,6.684256537247804664e-01,6.681097572356885506e-01,6.676672062112476436e-01,6.670977376901230382e-01,6.664010477529577203e-01,6.655768186241953766e-01,6.646247534146452196e-01,6.635446195042695727e-01,6.623363017369782169e-01,6.609998667076171230e-01,6.595356393733509126e-01,6.579442928344907404e-01,6.562269510410355666e-01,6.543853016785304844e-01,6.524217111552137460e-01,6.503393226087946788e-01,6.481420953570533605e-01,6.458346980563883788e-01,6.434220718491356905e-01,6.409082760471120910e-01,6.382937847261531683e-01,6.355694027231502119e-01,6.327026362035991225e-01,6.296067012616942682e-01,6.260682205780916387e-01,6.215740095662869447e-01,6.148938609148800749e-01,6.031565657491039234e-01,5.806348644542309589e-01,5.421053225686053301e-01,5.002992789450253497e-01,4.808178407759016726e-01,4.809857682217290042e-01,4.860417878427259475e-01,4.895232598518924338e-01,4.884740798721874389e-01,4.877804515430746446e-01,4.856806989310286093e-01,4.821542988134565055e-01,4.774574896451804218e-01,4.718109842972096901e-01,4.653824218266100488e-01,4.582968144077840256e-01,4.506482274564073132e-01,4.425088396535143964e-01,4.339354257544947302e-01,4.249738974562091154e-01,4.156624782846830568e-01,4.060339353150152486e-01,3.961171597093821051e-01,3.859382927392206453e-01,3.755215330888398984e-01,3.648897150692579916e-01,3.540647211598879074e-01,3.430677727752693418e-01,3.319196304284990906e-01,3.206407258548805150e-01,3.092512427742922232e-01,2.977711589276074711e-01,2.862202592340803986e-01,2.746181279945844600e-01
8.401515151515152047e-01,2.696696483948315959e-01,2.809678594275831220e-01,2.922341799180365185e-01,3.034502896109511627e-01,3.145977094067586299e-01,3.256578299722682757e-01,3.366119279979607470e-01,3.474411651373007226e-01,3.581265637423037274e-01,3.686489522031320965e-01,3.789888708604992051e-01,3.891264269090257688e-01,3.990410824254417288e-01,4.087113562610657502e-01,4.181144106987604303e-01,4.272254852305575334e-01,4.360171255314330141e-01,4.444581371038877071e-01,4.525121721449331114e-01,4.601358434784605933e-01,4.672762870545190128e-01,4.738682989694749659e-01,4.798320961221517744e-01,4.850770549236755325e-01,4.895445872508183416e-01,4.942601642667721618e-01,4.968603967922297082e-01,4.974835422330678991e-01,4.958210210551490249e-01,4.915202417205788987e-01,4.854096974180006074e-01,4.830501221662680256e-01,4.987505818909641619e-01,5.386411060804520146e-01,5.789689836393465683e-01,6.036396823741546624e-01,6.165389870904351977e-01,6.236700892960193032e-01,6.282480374975383253e-01,6.316913996238282536e-01,6.346048741975578444e-01,6.372463318033609880e-01,6.397248435689082413e-01,6.420844212744948321e-01,6.443403372057562306e-01,6.464953262741356399e-01,6.485469652220693382e-01,6.504910558223161443e-01,6.523231503400059861e-01,6.540391986362490417e-01,6.556357783399797690e-01,6.571101302290497381e-01,6.584601072080294992e-01,6.596840899192923935e-01,6.607808946233042491e-01,6.617496852863465895e-01,6.625898949646259473e-01,6.633011581976417936e-01,6.638832545244505168e-01,6.643360625476470993e-01,6.646595237455009686e-01,6.648536152401745003e-01,6.649183308505887124e-01,6.648536699307052711e-01,6.646596336886207990e-01,6.643362288845254815e-01,6.638834790104628514e-01,6.633014432576300745e-01,6.625902437717504645e-01,6.617501018696458903e-01,6.607813840112048975e-01,6.596846583295046251e-01,6.584607622983734698e-01,6.571108814301271916e-01,6.556366372996612624e-01,6.540401798197090777e-01,6.523242718502461068e-01,6.504923405390024005e-01,6.485484424097066602e-01,6.464970338972049202e-01,6.443423253346248769e-01,6.420867572176729432e-01,6.397276198136141456e-01,6.372496786569255001e-01,6.346089805225331171e-01,6.316965478408361756e-01,6.282546639427699642e-01,6.236788878683398041e-01,6.165510720133661193e-01,6.036567403072431448e-01,5.789928506140122888e-01,5.386710458921293299e-01,4.987798148679707944e-01,4.830719984192067828e-01,4.854240465934573923e-01,4.915294650477419203e-01,4.958270879910053885e-01,4.974876626822035686e-01,4.968632797100843157e-01,4.942622400168966701e-01,4.896021623349720575e-01,4.851655051778357985e-01,4.799418390237287779e-01,4.739926533631761418e-01,4.674104055033106442e-01,4.602761941165003923e-01,4.526561815678160072e-01,4.446039340219459235e-01,4.361633560508684226e-01,4.273711793855389796e-01,4.182588855262766026e-01,4.088541449371371206e-01,3.991818820602086038e-01,3.892650597848892891e-01,3.791252554208586756e-01,3.687830811564453137e-01,3.582584874652844920e-01,3.475709789502174907e-01,3.367397623628015646e-01,3.257838428856973945e-01,3.147220804508772951e-01,3.035732152608038859e-01,2.923558698028318470e-01,2.810885333141414089e-01,2.697895337137731220e-01
8.439393939393939892e-01,2.647628154892455732e-01,2.757733458537142135e-01,2.867674345653399293e-01,2.977279277983207462e-01,3.086375241982168283e-01,3.194788142349331284e-01,3.302343121573033669e-01,3.408864772288883183e-01,3.514177204787413689e-01,3.618103926308093854e-01,3.720467476853120958e-01,3.821088762140104067e-01,3.919786005363916082e-01,4.016373211462222481e-01,4.110658026598104087e-01,4.202438835769509162e-01,4.291500914190592431e-01,4.377611434578757565e-01,4.460513185279490478e-01,4.539917119330389994e-01,4.615494783213431873e-01,4.686874805585865555e-01,4.753659209774759309e-01,4.815529760822598870e-01,4.872983654039283463e-01,4.931196918062466517e-01,4.973762177040068067e-01,5.005217099881671405e-01,5.023040956307056604e-01,5.023324741837861263e-01,5.001082066200265297e-01,4.952341168913601543e-01,4.884202737197346766e-01,4.847871293333425036e-01,4.980132613522992302e-01,5.358765023882182676e-01,5.768924857268382667e-01,6.031476280677907642e-01,6.170875371058532899e-01,6.246877441232570050e-01,6.293928996037279067e-01,6.327800435750204899e-01,6.355400733402370994e-01,6.379760927493050016e-01,6.402212527383485119e-01,6.423327150764194249e-01,6.443330970316586415e-01,6.462292870990462568e-01,6.480211999139565693e-01,6.497059096297554959e-01,6.512795991611619595e-01,6.527384550076689163e-01,6.540790471108003379e-01,6.552984577189887583e-01,6.563942907903296264e-01,6.573646281628794386e-01,6.582079658724487858e-01,6.589231472360302933e-01,6.595093007074848135e-01,6.599657861026760886e-01,6.602921505776612188e-01,6.604880946874351899e-01,6.605534484089206071e-01,6.604881568905137668e-01,6.602922757345399685e-01,6.599659757411738825e-01,6.595095571870639439e-01,6.589234738342901743e-01,6.582083669098330869e-01,6.573651091749310726e-01,6.563948587612571384e-01,6.552991213964055595e-01,6.540798174305227919e-01,6.527393456709900121e-01,6.512806274275594332e-01,6.497070974203605909e-01,6.480225753727532068e-01,6.462308868434260001e-01,6.443349694661321125e-01,6.423349253882663090e-01,6.402238906265940166e-01,6.379792847210088436e-01,6.355440028442046474e-01,6.327849848649553799e-01,6.293992756966241275e-01,6.246962247458736073e-01,6.170991862816835871e-01,6.031640144069551068e-01,5.769151736606613623e-01,5.359044096990185357e-01,4.980399918770059831e-01,4.848070266158702735e-01,4.884333891058381671e-01,4.952426068062805165e-01,5.001138244587142179e-01,5.023363057828107436e-01,5.023067825780783702e-01,5.005236369882517522e-01,4.973776227011600382e-01,4.931207265252592342e-01,4.873427543404585949e-01,4.816306944852853933e-01,4.754639377315934001e-01,4.687991808176806829e-01,4.616704877522302963e-01,4.541189287931347018e-01,4.461824839764223505e-01,4.378945941295915856e-01,4.292845989223621483e-01,4.203785438981373912e-01,4.111999572647751511e-01,4.017704994048361677e-01,3.921104770086429880e-01,3.822392385458976971e-01,3.721754722138025384e-01,3.619374256702458936e-01,3.515430638255626627e-01,3.410101768525841681e-01,3.303564493174050432e-01,3.195994984188079702e-01,3.087568874717561695e-01,2.978461202396413543e-01,2.868846205307913344e-01,2.758897008817526864e-01,2.648785236888614447e-01
8.477272727272727737e-01,2.598501317121196252e-01,2.705862824798735411e-01,2.813181657029904525e-01,2.920297155681093604e-01,3.027047160872205489e-01,3.133268458506153209e-01,3.238797184172996224e-01,3.343469160426315590e-01,3.447120141688824746e-01,3.549585935649048896e-01,3.650702380721512208e-01,3.750305128185776882e-01,3.848229197871711471e-01,3.944308258041535065e-01,4.038373578406578290e-01,4.130252605788728992e-01,4.219767126891101894e-01,4.306731035817375486e-01,4.390947876406918193e-01,4.472208748407590084e-01,4.550292357856867698e-01,4.624972732625841632e-01,4.696054306645394694e-01,4.763531873448971221e-01,4.829499553216316521e-01,4.891354107549918950e-01,4.943829887125530398e-01,4.989022504739222819e-01,5.025576393680448728e-01,5.051462026709214737e-01,5.063793173060725517e-01,5.058595844818433163e-01,5.030939106952386775e-01,4.977016678785026738e-01,4.903857816506683731e-01,4.860202764903043260e-01,4.975229204151357387e-01,5.332206683500119171e-01,5.740756988002110317e-01,6.014974811905879903e-01,6.164345192922729977e-01,6.245674164583975285e-01,6.294700132761016365e-01,6.328557815537783071e-01,6.355011416046151274e-01,6.377578267534186329e-01,6.397863740237119679e-01,6.416596047658776891e-01,6.434092729246851938e-01,6.450476895969357027e-01,6.465780190830178187e-01,6.479992805397635225e-01,6.493088011925671754e-01,6.505034127769707686e-01,6.515800176060161375e-01,6.525358361541315766e-01,6.533684948275860771e-01,6.540760359489334874e-01,6.546568927859394149e-01,6.551098520567557593e-01,6.554340156000628692e-01,6.556287672118179533e-01,6.556937476487246785e-01,6.556288392317828340e-01,6.554341606708093959e-01,6.551100722821922018e-01,6.546571914309842199e-01,6.540764175801591085e-01,6.533689655184370393e-01,6.525364037728437205e-01,6.515806922134588230e-01,6.505042071747494381e-01,6.493097316819685938e-01,6.480003679834099861e-01,6.465792904110021500e-01,6.450491799808980575e-01,6.434110289797932980e-01,6.416616893750795025e-01,6.397888737900510048e-01,6.377608638237665106e-01,6.355048929429905069e-01,6.328605111191141219e-01,6.294761264007157076e-01,6.245755495483323871e-01,6.164456673522300534e-01,6.015130621495060614e-01,5.740969893372911415e-01,5.332463816359515052e-01,4.975472772818393952e-01,4.860384825610469806e-01,4.903979181410902388e-01,4.977096098832738957e-01,5.030992115200804138e-01,5.058632241410151442e-01,5.063818834320811257e-01,5.051480516571730250e-01,5.025589937942375185e-01,4.989032539103246400e-01,4.943837365042526577e-01,4.891359674215776665e-01,4.829649357586117131e-01,4.764162140093540221e-01,4.696900002558799248e-01,4.625958385217712188e-01,4.551373701144976747e-01,4.473355795548236702e-01,4.392139125693372836e-01,4.307950656357664165e-01,4.221003320262931569e-01,4.131496548692442650e-01,4.039618696259953956e-01,3.945549705370292592e-01,3.849463476137213735e-01,3.751529798902210611e-01,3.651915846660599430e-01,3.550787271789285771e-01,3.448308963132112326e-01,3.344645518179161781e-01,3.239961481912354557e-01,3.134421385830775120e-01,3.028189638987837662e-01,2.921430292735441858e-01,2.814306710969260439e-01,2.706981172016141857e-01,2.599614425531105444e-01
8.515151515151515582e-01,2.550047838434751357e-01,2.654795808523869316e-01,2.759596637340465120e-01,2.864299807177632107e-01,2.968753207235787506e-01,3.072803604593205562e-01,3.176297091198300171e-01,3.279079485162028629e-01,3.380996680263387288e-01,3.481894912659017627e-01,3.581620930575567519e-01,3.680022046422777859e-01,3.776946049752202827e-01,3.872240961626661759e-01,3.965754616205942606e-01,4.057334069618172001e-01,4.146824870817927833e-01,4.234070311028964584e-01,4.318910965253776602e-01,4.401185338058780649e-01,4.480733812991660181e-01,4.557412604471989814e-01,4.631143384346659286e-01,4.702161563145605960e-01,4.773362395848501083e-01,4.836776829370889041e-01,4.895223399612388948e-01,4.948345683730199229e-01,4.995387744261377549e-01,5.035277624840676092e-01,5.066526715204153763e-01,5.087059740865884638e-01,5.093988457758535926e-01,5.083407967733123423e-01,5.050609155760594771e-01,4.992277744815981633e-01,4.915984836529561086e-01,4.868598235814914355e-01,4.969769422443933160e-01,5.301866824224864549e-01,5.701583081804509900e-01,5.984635286513677599e-01,6.144531543558626741e-01,6.232499552816085364e-01,6.284641166682110036e-01,6.319316084073558493e-01,6.345196678300785154e-01,6.366358458260673592e-01,6.384736765693034277e-01,6.401255517186058563e-01,6.416350227099358872e-01,6.430216481330598421e-01,6.442931230153163824e-01,6.454513407991893104e-01,6.464954747457638540e-01,6.474235567938571023e-01,6.482332832862744976e-01,6.489224175013106333e-01,6.494889811074918695e-01,6.499313362891856460e-01,6.502482132491114175e-01,6.504387127823093584e-01,6.505023000456334747e-01,6.504387980940812275e-01,6.502483853371278100e-01,6.499315981531550435e-01,6.494893374304385736e-01,6.489228748890167875e-01,6.482338506217999452e-01,6.474242457443256660e-01,6.464963004786136169e-01,6.454523229954538532e-01,6.442942873158895578e-01,6.430230282320850144e-01,6.416366634395850310e-01,6.401275136913007202e-01,6.384760433287620662e-01,6.366387351397568839e-01,6.345232499612494248e-01,6.319361362683770800e-01,6.284699758015406257e-01,6.232577433888809582e-01,6.144637847711491574e-01,5.984782446504974818e-01,5.701780833768096413e-01,5.302101043206133291e-01,4.969989626582779763e-01,4.868764475113501744e-01,4.916097461837808380e-01,4.992352517392688593e-01,5.050659627235134508e-01,5.083442927672406908e-01,5.094013282802833942e-01,5.087077739801298959e-01,5.066539977605795109e-01,5.035287511134479699e-01,4.995395166681245724e-01,4.948351270267276059e-01,4.895227591828230640e-01,4.836779940872722450e-01,4.773364637921701514e-01,4.702626690370846907e-01,4.631853830034657893e-01,4.558272085883891545e-01,4.481694438643272771e-01,4.402216547481302422e-01,4.319991383460098922e-01,4.235184326174920577e-01,4.147960826406382195e-01,4.058483172180871734e-01,3.966910216884576568e-01,3.873398056372198139e-01,3.778100917825907290e-01,3.681171981457265208e-01,3.582764036176692146e-01,3.483029944401780376e-01,3.382122921814673111e-01,3.280196649952976107e-01,3.177405243492591458e-01,3.073903095436196220e-01,2.969844621722232958e-01,2.865383920898307291e-01,2.760674379585115745e-01,2.655868230857402201e-01,2.551116087389738718e-01
8.553030303030303427e-01,2.502770252112723193e-01,2.605033111275291136e-01,2.707423132358770523e-01,2.809799233187115775e-01,2.912018622259597289e-01,3.013937273683096607e-01,3.115410391529773726e-01,3.216292850799612468e-01,3.316439596930421119e-01,3.415705996544028955e-01,3.513948124996331135e-01,3.611022979258191046e-01,3.706788606755346271e-01,3.801104145590102346e-01,3.893829781656736877e-01,3.984826649205555626e-01,4.073956746000350071e-01,4.161083032045465036e-01,4.246070108060530091e-01,4.328786444724625482e-01,4.409110787722772540e-01,4.486951179234280884e-01,4.562313991135039659e-01,4.635808018415121246e-01,4.707987406474781755e-01,4.774084938812065970e-01,4.836258041511083405e-01,4.894220747278932859e-01,4.947518270183161593e-01,4.995538434563964181e-01,5.037464770440031048e-01,5.072196785288052290e-01,5.098232122714039249e-01,5.113502603561450588e-01,5.115173472704986901e-01,5.099499583853961404e-01,5.062155840777141647e-01,5.000578740199607131e-01,4.923106152855968309e-01,4.874200587722034017e-01,4.961391464903915360e-01,5.262925487922699430e-01,5.646627500618220941e-01,5.936603830914674029e-01,6.108731547025882946e-01,6.205639759476075934e-01,6.262757680761252832e-01,6.299577057474498032e-01,6.325800631595450696e-01,6.346187667289425738e-01,6.363095509200099587e-01,6.377706002369335492e-01,6.390614132487378862e-01,6.402115970686238500e-01,6.412353159653384482e-01,6.421387244691116880e-01,6.429238739494119725e-01,6.435907995897176548e-01,6.441386469571640516e-01,6.445662824103305377e-01,6.448726225367152898e-01,6.450568094749212777e-01,6.451183011628432995e-01,6.450569135385730846e-01,6.448728328340946891e-01,6.445666034063372019e-01,6.441390856745811133e-01,6.435913660400022218e-01,6.429245817819266851e-01,6.421395919201673408e-01,6.412363672356814481e-01,6.402128643334271674e-01,6.390629396278200147e-01,6.377724442611178990e-01,6.363117933856901054e-01,6.346215214487295198e-01,6.325834941684538304e-01,6.299620552082340064e-01,6.262814012045470058e-01,6.205714486153504073e-01,6.108832889002785427e-01,5.936742264827445936e-01,5.646809549313175358e-01,5.263136159398613678e-01,4.961588051977351976e-01,4.874350938194654814e-01,4.923210096770175848e-01,5.000649016870738484e-01,5.062203963053417688e-01,5.099533293445881466e-01,5.115197630286214547e-01,5.113520257669125213e-01,5.098245226094397786e-01,5.072206623431603223e-01,5.037472213284771572e-01,4.995544086141152640e-01,4.947522559589086488e-01,4.894223985311989544e-01,4.836260456584239864e-01,4.774086699497878117e-01,4.707988632313477306e-01,4.636074463808599333e-01,4.562891850829599028e-01,4.487692055006105574e-01,4.409959838029701706e-01,4.329711372492712207e-01,4.247049078067720584e-01,4.162100322866055802e-01,4.075000661233362242e-01,3.985888334971768865e-01,3.894902483475075616e-01,3.802182707397336325e-01,3.707869116140010135e-01,3.612102507096335846e-01,3.515024529151488109e-01,3.416777770709535922e-01,3.317505752206821867e-01,3.217352821539323782e-01,3.116463959478724122e-01,3.014984506097297401e-01,2.913059820807147315e-01,2.810834891171372085e-01,2.708453898372454871e-01,2.606059758050747743e-01,2.503793649111484831e-01
8.590909090909091272e-01,2.456722353929272629e-01,2.556617364531928449e-01,2.656696747621682952e-01,2.756828210676924296e-01,2.856877625080381788e-01,2.956709503665559957e-01,3.056187465976626938e-01,3.155174691383731966e-01,3.253534348507359231e-01,3.351129992150245207e-01,3.447825919916310267e-01,3.543487482536987754e-01,3.637981345461951954e-01,3.731175705950487975e-01,3.822940482672714801e-01,3.913147519940264885e-01,4.001670900098703298e-01,4.088387569005159650e-01,4.173178740434362322e-01,4.255933227330857549e-01,4.336555940704451828e-01,4.414993057080470185e-01,4.491337481016994815e-01,4.567552148669559164e-01,4.638770121489965703e-01,4.706617127870365569e-01,4.771157243100483392e-01,4.832179565747303784e-01,4.889388613005479223e-01,4.942405450779427944e-01,4.990745367396679510e-01,5.033780616183188839e-01,5.070685562763157517e-01,5.100358067795862649e-01,5.121309448892317207e-01,5.131519074370434197e-01,5.128272959632377281e-01,5.108097706095320323e-01,5.067219993187594973e-01,5.003989125145624772e-01,4.927307104923657755e-01,4.877748377893759146e-01,4.947810523073684630e-01,5.210342805229677410e-01,5.569247581749600107e-01,5.864068781806334174e-01,6.051254938836643227e-01,6.160820662832039440e-01,6.225963109071476209e-01,6.267133572615724013e-01,6.295247302253864641e-01,6.315945797977704501e-01,6.332156757461155916e-01,6.345421048986560342e-01,6.356560620137999829e-01,6.366017371760720467e-01,6.374028661552038066e-01,6.380720367776138158e-01,6.386157360549399309e-01,6.390371404048719173e-01,6.393376793730135565e-01,6.395179149038271449e-01,6.395780253099869750e-01,6.395180467623085008e-01,6.393379464784467725e-01,6.390375497680687022e-01,6.386162988067064505e-01,6.380727689961558369e-01,6.374037901388178717e-01,6.366028833513182050e-01,6.356574717881523506e-01,6.345438349610094120e-01,6.332178046427267004e-01,6.315972181504141414e-01,6.295280368241663593e-01,6.267175644799347634e-01,6.226017637643727065e-01,6.160892758696077109e-01,6.051351797636136398e-01,5.864198676492542450e-01,5.569413600358827932e-01,5.210529355311100952e-01,4.947982822728497210e-01,4.877882002083743229e-01,4.927401690965718672e-01,5.004054511612181511e-01,5.067265580968365324e-01,5.108130100481573788e-01,5.128296447197118191e-01,5.131536410747330468e-01,5.121322432505618361e-01,5.100367899848270437e-01,5.070693065651982190e-01,5.033786366493756548e-01,4.990749778284238047e-01,4.942408824119268740e-01,4.889391173140880120e-01,4.832181481755682406e-01,4.771158643646144504e-01,4.706618110899052909e-01,4.638770759128278964e-01,4.567552474665892426e-01,4.491782794062496587e-01,4.415622408901961338e-01,4.337301982587981608e-01,4.256760678700468037e-01,4.174064815219621916e-01,4.089316197429830324e-01,4.002630225405016118e-01,3.914128573926248800e-01,3.823936391985438554e-01,3.732181174859312556e-01,3.638992298303751483e-01,3.544500805660315002e-01,3.448839269288250797e-01,3.352141646238148698e-01,3.254543093452377245e-01,3.156179729817569224e-01,3.057188343504181893e-01,2.957706048752859473e-01,2.857869899230613409e-01,2.757816466562718616e-01,2.657681393411368553e-01,2.557598932900970734e-01,2.457701474829992738e-01
8.628787878787879118e-01,2.411777799194574079e-01,2.509408950462981847e-01,2.607267748257076634e-01,2.705230088649704379e-01,2.803169914588766742e-01,2.900959678851807722e-01,2.998470807137812444e-01,3.095574153523028560e-01,3.192140441705840770e-01,3.288040686070436425e-01,3.383146587911532999e-01,3.477330904580691051e-01,3.570467793655067723e-01,3.662433142103818096e-01,3.753104905092680688e-01,3.842363507504129028e-01,3.930092419427511086e-01,4.016179144626100261e-01,4.100517169528281047e-01,4.183010270716174261e-01,4.263583424627273022e-01,4.342217625635969580e-01,4.419144731310711838e-01,4.495433234991373372e-01,4.567179480430125227e-01,4.636096334399992802e-01,4.702119256708937600e-01,4.765088163723276149e-01,4.824796733873966681e-01,4.880992113154583034e-01,4.933363777159780472e-01,4.981525239668026517e-01,5.024987675678842525e-01,5.063122785643767720e-01,5.095110875362202085e-01,5.119869063356945471e-01,5.135955036918929961e-01,5.141448518527127476e-01,5.133840408483418827e-01,5.110053806309692304e-01,5.067013944245466472e-01,5.004011828251609950e-01,4.929955925947811513e-01,4.879676892610468886e-01,4.928169371996569681e-01,5.141508961214560358e-01,5.462891758349404103e-01,5.757115501959961801e-01,5.961871825673223935e-01,6.089217556966243228e-01,6.167128399744230549e-01,6.216305986923206239e-01,6.248975850862633630e-01,6.271910054954691338e-01,6.288823459476486910e-01,6.301773758506646894e-01,6.311918454042143578e-01,6.319918660312490166e-01,6.326156556070791082e-01,6.330854485435469803e-01,6.334141268872540698e-01,6.336089414655108332e-01,6.336735644203200790e-01,6.336091175270754938e-01,6.334144846646319049e-01,6.330859998154904078e-01,6.326164192874986769e-01,6.319928698760358676e-01,6.311931286902958682e-01,6.301789934866907084e-01,6.288843747628259928e-01,6.271935538958668399e-01,6.249008078890591067e-01,6.216347195418209237e-01,6.167181830621902838e-01,6.089287813227587387e-01,5.961964895904237061e-01,5.757237123185440231e-01,5.463041452639186835e-01,5.141671088498787068e-01,4.928317094537162379e-01,4.879793099318955885e-01,4.930040401978535991e-01,5.004071790394598596e-01,5.067056689040030371e-01,5.110084730808359677e-01,5.133863162154609361e-01,5.141465523285356776e-01,5.135967912831813642e-01,5.119878913653377328e-01,5.095118467163832765e-01,5.063128663653986283e-01,5.024992234401184366e-01,4.981528770058367139e-01,4.933366497345394452e-01,4.880994189051396370e-01,4.824798293268432459e-01,4.765089306022958771e-01,4.702120059719082645e-01,4.636096858885395133e-01,4.567179772505463586e-01,4.495433323190269337e-01,4.419447553362413905e-01,4.342740731948028787e-01,4.264233841620798660e-01,4.183747974277817749e-01,4.101317886702106619e-01,4.017026234509235016e-01,3.930973762962158280e-01,3.843269979607730757e-01,3.754029504435054121e-01,3.663370444340216525e-01,3.571413583350366294e-01,3.478281914615531378e-01,3.384100307833340371e-01,3.288995216915998054e-01,3.193094383378422552e-01,3.096526515672328728e-01,2.999420937411876320e-01,2.901907204223077574e-01,2.804114692653140728e-01,2.706172166602087148e-01,2.608207327803770403e-01,2.510346357325143329e-01,2.412713456152261460e-01
8.666666666666666963e-01,2.368245713349096115e-01,2.463719681013080698e-01,2.559453002597859572e-01,2.655329206893043970e-01,2.751229756012250616e-01,2.847034497873990877e-01,2.942622120498297189e-01,3.037870603150178428e-01,3.132657659660608718e-01,3.226861170058394346e-01,3.320359598201159113e-01,3.413032395877522718e-01,3.504760398774662833e-01,3.595426228550582803e-01,3.684914731689116763e-01,3.773113517886752533e-01,3.859913727387021543e-01,3.945211307296480063e-01,4.028909457306201203e-01,4.110924027669535796e-01,4.191197835775954394e-01,4.269753290513804700e-01,4.347320012417152379e-01,4.422786840352760374e-01,4.494805640648242284e-01,4.564309087529625497e-01,4.631215789908318392e-01,4.695398568517280546e-01,4.756703628865988076e-01,4.814950300560330021e-01,4.869925229346748763e-01,4.921372910185281557e-01,4.968982320916790485e-01,5.012368588802418312e-01,5.051047983340645198e-01,5.084403869551238353e-01,5.111640657146256927e-01,5.131722752271112853e-01,5.143297706489440291e-01,5.144611987056294522e-01,5.133457680627004915e-01,5.107276176147319546e-01,5.063785384394410283e-01,5.003089563924193461e-01,4.933322535381292617e-01,4.881927721500854966e-01,4.904944876852192492e-01,5.058889045349465041e-01,5.324388955861284467e-01,5.604105469820215291e-01,5.824713634434030007e-01,5.975102191180412525e-01,6.072474414798946230e-01,6.135511148312801089e-01,6.177291100453753403e-01,6.205857240076561032e-01,6.225962953520630672e-01,6.240401842234744034e-01,6.250826984471038461e-01,6.258224403328489505e-01,6.263181727087719919e-01,6.266039541633613430e-01,6.266974720686088185e-01,6.266042049014297621e-01,6.263186843223033096e-01,6.258232340936555893e-01,6.250838089157381150e-01,6.240416629107208291e-01,6.225982164819643394e-01,6.205881932792386424e-01,6.177322775467569693e-01,6.135551929581567476e-01,6.072527259712511283e-01,5.975171002729982028e-01,5.824802811142487657e-01,5.604217762972405481e-01,5.324520559596209734e-01,5.059025510794228353e-01,4.905067339998483433e-01,4.882025544565844477e-01,4.933395799598951914e-01,5.003143203314287524e-01,5.063824666930131224e-01,5.107305236167497542e-01,5.133479458989188560e-01,5.144628516739705448e-01,5.143310392304943912e-01,5.131732576035804572e-01,5.111648316047069374e-01,5.084409867231859392e-01,5.051052689837383092e-01,5.012372280368383448e-01,4.968985206860006554e-01,4.921375151240030554e-01,4.869926950449161573e-01,4.814951599864359943e-01,4.756704584187653739e-01,4.695399241979489324e-01,4.631216231279338680e-01,4.564309336526181093e-01,4.494805728174602888e-01,4.422786787528352193e-01,4.347411434714976708e-01,4.270172580878967006e-01,4.191758724745401343e-01,4.111578742312089751e-01,4.029631533452697756e-01,3.945983280059591758e-01,3.860723108166131956e-01,3.773950980034004310e-01,3.685773133327579498e-01,3.596300022453246537e-01,3.505645246459443976e-01,3.413924900183971656e-01,3.321257109695877063e-01,3.227761642049211677e-01,3.133559536622534392e-01,3.038772732908527341e-01,2.943523683760058685e-01,2.847934950691792255e-01,2.752128782040409449e-01,2.656226677138613379e-01,2.560348940942583362e-01,2.464614234181287666e-01,2.369139124278205888e-01
8.704545454545454808e-01,2.326517643675793390e-01,2.419948139404647369e-01,2.513659872303536935e-01,2.607543472750502023e-01,2.701487400902785052e-01,2.795378387669859577e-01,2.889101878626370579e-01,2.982542477442199358e-01,3.075584385755281702e-01,3.168111837307716616e-01,3.260009525890398274e-01,3.351163029723929210e-01,3.441459240359326377e-01,3.530786814032150223e-01,3.619036681901788843e-01,3.706102692323359760e-01,3.791882536665426850e-01,3.876279294184765134e-01,3.959204422637200294e-01,4.040584594402216179e-01,4.120381472314162408e-01,4.198683093560555135e-01,4.276633966890431293e-01,4.350979135240983786e-01,4.423009597967657025e-01,4.492749278399313928e-01,4.560117359146754756e-01,4.625008141750048263e-01,4.687300159194890403e-01,4.746856111845674242e-01,4.803519728788688825e-01,4.857110633756698825e-01,4.907417219962996180e-01,4.954187124075185022e-01,4.997114601928338007e-01,5.035823821936098454e-01,5.069846786667592253e-01,5.098594331063354135e-01,5.121318657075357716e-01,5.137066796712934647e-01,5.144627949636869646e-01,5.142488142939213303e-01,5.128833807549223467e-01,5.101716925727417529e-01,5.059661919811083708e-01,5.003339508820022763e-01,4.939410516120224526e-01,4.887260975872545488e-01,4.884321132230504681e-01,4.973390389686453972e-01,5.161513059406863668e-01,5.397971318904175586e-01,5.617996441454490286e-01,5.789491399923367698e-01,5.911701183585702513e-01,5.995769422680984340e-01,6.053191131492700050e-01,6.092539979593419863e-01,6.119526876114309566e-01,6.137780344809307120e-01,6.149541482545755056e-01,6.156136974068388001e-01,6.158264336530994143e-01,6.156140817900630502e-01,6.149549360689547939e-01,6.137792657820162479e-01,6.119544275740423922e-01,6.092563434219991914e-01,6.053222015760745256e-01,5.995809616027568678e-01,5.911753113590239028e-01,5.789557839216669111e-01,5.618079626919900704e-01,5.398070844249870381e-01,5.161623073664908246e-01,4.973499531635754423e-01,4.884417983449854117e-01,4.887339855030090052e-01,4.939471641063364893e-01,5.003385899295736960e-01,5.059697005686732973e-01,5.101743597228177718e-01,5.128854254917651900e-01,5.142503962154778563e-01,5.144640291924246212e-01,5.137076495250266772e-01,5.121326320637411555e-01,5.098600409906663966e-01,5.069851618162741769e-01,5.035827662152373430e-01,4.997117647641688976e-01,4.954189528258880482e-01,4.907419102818656453e-01,4.857112090664402748e-01,4.803520836103275515e-01,4.746856931167739990e-01,4.687300740544017019e-01,4.625008525930749959e-01,4.560117579497517393e-01,4.492749362023478743e-01,4.423009566408382387e-01,4.350979004102588643e-01,4.276633739778077370e-01,4.198995746441984700e-01,4.120857427819302754e-01,4.041162110047759604e-01,3.959853799792493745e-01,3.876981921718147261e-01,3.792625429222043487e-01,3.706876268303853084e-01,3.619833640013475629e-01,3.531601483775674843e-01,3.442287170545195174e-01,3.352000709980640925e-01,3.260854188596033487e-01,3.168961311200635955e-01,3.076436984370074512e-01,2.983396911910818350e-01,2.889957188039528613e-01,2.796233882392063497e-01,2.702342615612668419e-01,2.608398126875885459e-01,2.514513836120647605e-01,2.420801404483891583e-01,2.327370296643010150e-01
8.742424242424242653e-01,2.286600613708992535e-01,2.378094996209372813e-01,2.469884197090458089e-01,2.561865471759464663e-01,2.653933810828808526e-01,2.745982370450579246e-01,2.837902905670742215e-01,2.929586204731708388e-01,3.020922522612981553e-01,3.111802013063667549e-01,3.202115160257296145e-01,3.291753214585421694e-01,3.380608643153201753e-01,3.468575616602058154e-01,3.555550575028866289e-01,3.641432958787256813e-01,3.726126284916351228e-01,3.809539983443351874e-01,3.891593072951071153e-01,3.972223101919100108e-01,4.051415584022837191e-01,4.129409053962733167e-01,4.206564634645774681e-01,4.280480462973109135e-01,4.352311434155941572e-01,4.422025382940081850e-01,4.489545362937145678e-01,4.554780034336430306e-01,4.617628631751842239e-01,4.677981047927539660e-01,4.735716097305240901e-01,4.790698625452501358e-01,4.842775544086624917e-01,4.891770649017886941e-01,4.937477943463353114e-01,4.979653070911391755e-01,5.018002341962348734e-01,5.052168726898792483e-01,5.081714124374492325e-01,5.106097324609104593e-01,5.124647644943546299e-01,5.136535873018523990e-01,5.140748351751788237e-01,5.136079918812153089e-01,5.121183503242791035e-01,5.094760916146637841e-01,5.056069583812184964e-01,5.006061873738729684e-01,4.949575394767732894e-01,4.898593049572156355e-01,4.874574856354456087e-01,4.904001853561108515e-01,5.002213024602462088e-01,5.156705157416623386e-01,5.332589537809695468e-01,5.496377002867918193e-01,5.630834436461407133e-01,5.733100299241067344e-01,5.807164664533137621e-01,5.858540565796916955e-01,5.891958246252666509e-01,5.910739574807070129e-01,5.916795705832884611e-01,5.910745738688690798e-01,5.891970885819749482e-01,5.858560314954881498e-01,5.807192485828071016e-01,5.733137447551923671e-01,5.630882293396995975e-01,5.496436629638450366e-01,5.332660791467058736e-01,5.156785521981557263e-01,5.002297086144407157e-01,4.904082660524930470e-01,4.874646689476534456e-01,4.898653216347856887e-01,4.949623935043419576e-01,5.006100283338287271e-01,5.056099758733124672e-01,5.094784618102967677e-01,5.121202184597830609e-01,5.136094715043610925e-01,5.140760130847872311e-01,5.136545293867219586e-01,5.124655208287220987e-01,5.106103413083853404e-01,5.081719032604197217e-01,5.052172683697292443e-01,5.018005526619553347e-01,4.979655625152124010e-01,4.937479980271151647e-01,4.891772259189278160e-01,4.842776801137635423e-01,4.790699589320537299e-01,4.735716817163722059e-01,4.677981564339676601e-01,4.617628978326171474e-01,4.554780238998003550e-01,4.489545448889852297e-01,4.422025369355611080e-01,4.352311336556636268e-01,4.280480293067339681e-01,4.206564398098425750e-01,4.129597502480480964e-01,4.051809242090169683e-01,3.972728162822765086e-01,3.892174893702064487e-01,3.810178366615256662e-01,3.726807589256713737e-01,3.642147282124578167e-01,3.556290430777714340e-01,3.469335204956842666e-01,3.381383405191934477e-01,3.292539538212054806e-01,3.202910175123551695e-01,3.112603441239413238e-01,3.021728566055119081e-01,2.930395458065266912e-01,2.838714286960147826e-01,2.746795065091028887e-01,2.654747225197532368e-01,2.562679194232404534e-01,2.470697964667783464e-01,2.378908665424399604e-01,2.287414134793263332e-01
8.780303030303030498e-01,2.248493308535406132e-01,2.338158499278110980e-01,2.428125294920885358e-01,2.518297133315930969e-01,2.608575101575587585e-01,2.698858355342060311e-01,2.789044542455249576e-01,2.879030228132273272e-01,2.968711321149405391e-01,3.057983501566231554e-01,3.146742652578056743e-01,3.234885302820388331e-01,3.322309092226853333e-01,3.408913287161785544e-01,3.494599395234140315e-01,3.579271981938366154e-01,3.662839910064772386e-01,3.745218530840209170e-01,3.826334301291191564e-01,3.906137047448310917e-01,3.984648588718484041e-01,4.062918603320563871e-01,4.138379474987898266e-01,4.211778235802111636e-01,4.283250122258971948e-01,4.352745423749245224e-01,4.420191215206868973e-01,4.485506011907082202e-01,4.548602771681001244e-01,4.609389063933402308e-01,4.667766099584280126e-01,4.723627056558300508e-01,4.776854794361209411e-01,4.827318923192043809e-01,4.874872125331505268e-01,4.919345577543023929e-01,4.960543281440420449e-01,4.998235075508744019e-01,5.032148090499847237e-01,5.061956450340162617e-01,5.087269178884143983e-01,5.107616680389712727e-01,5.122437076174036763e-01,5.131065593443662198e-01,5.132734020832505628e-01,5.126594538977159443e-01,5.111795412375965686e-01,5.087657767951654364e-01,5.054032449687388961e-01,5.011938265212817489e-01,4.964539844358911713e-01,4.918280506049881873e-01,4.883392470891542714e-01,4.872301871233764570e-01,4.894900601049650968e-01,4.952626418138023068e-01,5.036345017597554374e-01,5.130592314436361878e-01,5.220424439018507279e-01,5.295598417139436576e-01,5.350863978067411653e-01,5.384279374169553822e-01,5.395426586698961469e-01,5.384287922352806177e-01,5.350881204000444979e-01,5.295624485454500929e-01,5.220459343256598217e-01,5.130635553614697475e-01,5.036395225823967481e-01,4.952681157543486479e-01,4.894956596988945252e-01,4.872355743082978363e-01,4.883441577341675055e-01,4.918323397449380630e-01,4.964576182394972448e-01,5.011968450406040221e-01,5.054057238498953497e-01,5.087678008873819380e-01,5.111811905377875442e-01,5.126607978574441171e-01,5.132744984534762800e-01,5.131074550689910252e-01,5.122444404336414792e-01,5.107622681537169473e-01,5.087274094775402489e-01,5.061960474922414521e-01,5.032151379963918369e-01,4.998237756230988205e-01,4.960545456199792480e-01,4.919347330371342530e-01,4.874873525297463428e-01,4.827320027358834031e-01,4.776855650106590079e-01,4.723627703400105626e-01,4.667766570622753353e-01,4.609389386993748561e-01,4.548602970218669217e-01,4.485506105721469572e-01,4.420191220993009429e-01,4.352745355498591762e-01,4.283249991484461283e-01,4.211778051459981187e-01,4.138379242470647812e-01,4.062918314466033021e-01,3.984959686516297839e-01,3.906573314147537834e-01,3.826852962918276257e-01,3.745797160677323268e-01,3.663464001863733777e-01,3.579931229873231646e-01,3.495286093058702637e-01,3.409621494075157355e-01,3.323034141868178581e-01,3.235623488549436710e-01,3.147491012668596766e-01,3.058739665356628445e-01,2.969473394569485669e-01,2.879796705837495696e-01,2.789814238595875184e-01,2.699630347758522064e-01,2.609348685882239005e-01,2.519071784387175161e-01,2.428900633976507628e-01,2.338934265223672204e-01,2.249269332555562384e-01
8.818181818181818343e-01,2.211705058630406284e-01,2.299628474789894017e-01,2.387854764984447542e-01,2.476293185697867605e-01,2.564850539473936819e-01,2.653431615089213436e-01,2.741939594531059843e-01,2.830276469579925402e-01,2.918343460676337542e-01,3.006041439587402442e-01,3.093271359878916882e-01,3.179934703381770977e-01,3.265933958555580774e-01,3.351173161327382632e-01,3.435558558464432699e-01,3.518999517462421123e-01,3.601409960344569838e-01,3.682711021049086542e-01,3.762837039096166292e-01,3.841753446805101779e-01,3.919551092507964629e-01,3.997006029663888182e-01,4.071602034820025473e-01,4.144388660130410851e-01,4.215372220155708671e-01,4.284496477684150983e-01,4.351692010328481741e-01,4.416884307837373180e-01,4.479995739033120206e-01,4.540945763306842853e-01,4.599650394630862005e-01,4.656021214155724453e-01,4.709964018027674726e-01,4.761377108541379188e-01,4.810149200008137504e-01,4.856156890015242422e-01,4.899261634677183896e-01,4.939306162993545857e-01,4.976110275592315890e-01,5.009466008134901838e-01,5.039132220142541474e-01,5.064828832077005183e-01,5.086231238373556396e-01,5.102965972105282244e-01,5.114609644953010958e-01,5.120694760775709176e-01,5.120728481491891859e-01,5.114234024218720087e-01,5.100828861757141786e-01,5.080357697253179428e-01,5.053096569170730801e-01,5.020027289018272887e-01,4.983133443714043431e-01,4.945581425018667487e-01,4.911553150700517789e-01,4.885501766777119448e-01,4.870856022923813478e-01,4.868671897898425027e-01,4.877018098783020283e-01,4.891542493327444285e-01,4.906900134804739744e-01,4.918275776632287100e-01,4.922443861497906026e-01,4.918283046418426840e-01,4.906914339549786619e-01,4.891562932972971511e-01,4.877043681170666889e-01,4.868701169838502429e-01,4.870887301476833353e-01,4.885533360607614006e-01,4.911583598990599819e-01,4.945609663296409719e-01,4.983158849905417465e-01,5.020049627173462925e-01,5.053115882780113699e-01,5.080374199622982312e-01,5.100842848886331105e-01,5.114245816159594948e-01,5.120738387961213389e-01,5.120703063880523986e-01,5.114616592599154909e-01,5.102971777426135169e-01,5.086236082181575524e-01,5.064832866572682724e-01,5.039135572909999583e-01,5.009468785941737501e-01,4.976112567783121943e-01,4.939308044415247623e-01,4.899263168147706682e-01,4.856158128380465566e-01,4.810150187842118785e-01,4.761377883546023537e-01,4.709964612181773425e-01,4.656021654657464537e-01,4.599650704670028567e-01,4.540945962697013338e-01,4.479995844727151511e-01,4.416884334343617047e-01,4.351691970039001656e-01,4.284496381115965313e-01,4.215372076087521291e-01,4.144388475562039154e-01,4.071601814460951707e-01,3.997005772908365229e-01,3.919773458098276264e-01,3.842123261061520800e-01,3.763296133312373781e-01,3.683233736577059547e-01,3.601980643282715056e-01,3.519607353285178486e-01,3.436195578069117795e-01,3.351833266362230779e-01,3.266612371932678394e-01,3.180627627936925550e-01,3.093975750835255556e-01,3.006754844525295067e-01,2.919063902130387689e-01,2.831002355908386336e-01,2.742669650282776872e-01,2.654164825239598291e-01,2.565586103767632520e-01,2.477030480491203557e-01,2.388593310725316832e-01,2.300367907835665915e-01,2.212445105974218396e-01
8.856060606060607299e-01,2.176090857983646598e-01,2.262352248469219340e-01,2.348913195930617537e-01,2.435688423200069175e-01,2.522590149143104088e-01,2.609528467472841395e-01,2.696411772684410013e-01,2.783147172945045766e-01,2.869640898389793082e-01,2.955798718952168391e-01,3.041526373222765423e-01,3.126730018528199317e-01,3.211316721392649121e-01,3.295195024952699558e-01,3.378275665921939841e-01,3.460472594802814217e-01,3.541704657474500362e-01,3.621898898230022090e-01,3.700998671876518098e-01,3.778991907569886899e-01,3.856175159700572230e-01,3.932452009785457614e-01,4.006218342878037353e-01,4.078312549722784563e-01,4.148706286591976600e-01,4.217340906926611566e-01,4.284149921756416068e-01,4.349063917091668396e-01,4.412011928818993511e-01,4.472921671067560112e-01,4.531719253463656338e-01,4.588328596027065331e-01,4.642670615899542885e-01,4.694662209304570344e-01,4.744215030568931235e-01,4.791234061027389579e-01,4.835615959130974972e-01,4.877247188642530595e-01,4.916001936681866913e-01,4.951739862374472945e-01,4.984303767926960838e-01,5.013517369373018395e-01,5.039183482034079731e-01,5.061083150966237953e-01,5.078976581201470886e-01,5.092607190597676636e-01,5.101710740942299038e-01,5.106032272459655186e-01,5.105354320134956048e-01,5.099540219196310176e-01,5.088595372311630616e-01,5.072745763186288226e-01,5.052525072272943119e-01,5.028848703813346699e-01,5.003037688674442096e-01,4.976747443786737612e-01,4.951771706174126209e-01,4.929741899383678905e-01,4.911813005539076293e-01,4.898471620362159218e-01,4.889570542413223531e-01,4.884588760483535297e-01,4.883001393583684679e-01,4.884592962565574847e-01,4.889578656573435045e-01,4.898483097727824309e-01,4.911827100320285133e-01,4.929757756610715913e-01,4.951788461596569602e-01,4.976764315705184405e-01,5.003054042901442511e-01,5.028864082644010081e-01,5.052539190430883620e-01,5.072758481722002832e-01,5.088606663049978218e-01,5.099550129420548084e-01,5.105362942870319554e-01,5.106039724126705259e-01,5.101717145980226853e-01,5.092612671720121442e-01,5.078981253775133320e-01,5.061087120195906230e-01,5.039186841942679962e-01,5.013520202859149677e-01,4.984306147419331201e-01,4.951741850775653875e-01,4.916003588414192271e-01,4.877248550687267592e-01,4.835617072002501571e-01,4.791234959655273351e-01,4.744215745078407820e-01,4.694662765697074081e-01,4.642671036639914872e-01,4.588328900545988187e-01,4.531719458585338756e-01,4.472921791371188283e-01,4.412011976942090130e-01,4.349063903980567303e-01,4.284149856867668915e-01,4.217340798376568722e-01,4.148706141242067269e-01,4.078312373156876558e-01,4.006218139120457655e-01,3.932451779980743467e-01,3.856279799596519786e-01,3.779295954307420602e-01,3.701401059840051522e-01,3.622369018529875695e-01,3.542225306532626461e-01,3.461032311818108553e-01,3.378866163542526002e-01,3.295810024594226784e-01,3.211951327917278998e-01,3.127380345028528130e-01,3.042189297295541661e-01,2.956471714657991079e-01,2.870321914872546176e-01,2.783834543398667760e-01,2.697104143911970286e-01,2.610224743897593402e-01,2.523289447234157157e-01,2.436390033601106564e-01,2.349616551225935379e-01,2.263056895133474800e-01,2.176796431791283848e-01
8.893939393939394034e-01,2.142176087769434301e-01,2.226870934121098489e-01,2.311857942055292603e-01,2.397056995200844698e-01,2.482385377530778869e-01,2.567758183458044852e-01,2.653088732128052185e-01,2.738288935138430413e-01,2.823269739826238522e-01,2.907941532016489194e-01,2.992214563781653847e-01,3.075999408058952556e-01,3.159207462861129412e-01,3.241751549247271491e-01,3.323546692263210645e-01,3.404511279701930571e-01,3.484569074700313851e-01,3.563653451880847700e-01,3.641718956126183682e-01,3.718791250245254143e-01,3.795765336025307968e-01,3.870326046687961319e-01,3.943245810274301766e-01,4.014594665259604844e-01,4.084330152124436286e-01,4.152392984081470506e-01,4.218719131428966818e-01,4.283243029354532050e-01,4.345898590721266608e-01,4.406619436673063217e-01,4.465338764842725072e-01,4.521989006619400731e-01,4.576501335074502075e-01,4.628805050761879980e-01,4.678826858960009050e-01,4.726490047804819961e-01,4.771713578558292035e-01,4.814411106367033066e-01,4.854489963261086616e-01,4.891850157002837762e-01,4.926383473070961028e-01,4.957972817169684077e-01,4.986492008030178336e-01,5.011806331513124491e-01,5.033774303014728613e-01,5.052251257670120621e-01,5.067095587596959216e-01,5.078178640083721440e-01,5.085399405990779220e-01,5.088705024095551144e-01,5.088117581881168583e-01,5.083766416656372300e-01,5.075922859256056796e-01,5.065031151017302946e-01,5.051725833590942072e-01,5.036824046209138483e-01,5.021283489883996420e-01,5.006125345272636196e-01,4.992334988679665853e-01,4.980765817178007815e-01,4.972073940697179228e-01,4.966698871858153952e-01,4.964882682836125882e-01,4.966701183590830904e-01,4.972078408569071684e-01,4.980772150840913626e-01,4.992342800709079209e-01,5.006134198406309022e-01,5.021292944883231080e-01,5.036833702084509978e-01,5.051735354809701040e-01,5.065040280224784031e-01,5.075931417468064755e-01,5.083774294800991189e-01,5.088124727868037489e-01,5.088711428797543235e-01,5.085405090324661703e-01,5.078183644267607599e-01,5.067099962868254481e-01,5.052255060284361887e-01,5.033777590139777436e-01,5.011809158586980617e-01,4.986494427189564482e-01,4.957974876426236022e-01,4.926385215988610677e-01,4.891851622695349566e-01,4.854491186583168028e-01,4.814412118212228475e-01,4.771714406206820080e-01,4.726490715284778488e-01,4.678827387400009696e-01,4.628805458722135557e-01,4.576501638850062892e-01,4.521989220512630525e-01,4.465338901405015437e-01,4.406619506916152895e-01,4.345898604299763268e-01,4.283242994720478092e-01,4.218719055958083941e-01,4.152392874168189807e-01,4.084330013236035506e-01,4.014594501922808534e-01,3.943245625910277163e-01,3.870325842944216665e-01,3.795765108285180656e-01,3.719027517942385952e-01,3.642066788170997271e-01,3.564073908596214757e-01,3.485042795502638624e-01,3.405025969586007450e-01,3.324093672186229642e-01,3.242324329001132210e-01,3.159801016544446783e-01,3.076609755793413004e-01,2.992838507621158883e-01,2.908576477776584901e-01,2.823913570550011243e-01,2.738939917460685991e-01,2.653745444587125579e-01,2.568419459998431131e-01,2.483050261931028790e-01,2.397724703028264737e-01,2.312527828802475593e-01,2.227542467568092988e-01,2.142848823567511107e-01
8.931818181818182989e-01,2.109877945483185357e-01,2.193097194598656596e-01,2.276597795135961166e-01,2.360304510993957161e-01,2.444139425421188727e-01,2.528022348003582942e-01,2.611871215277008496e-01,2.695602511035494198e-01,2.779131634771774273e-01,2.862373330807289618e-01,2.945242123753973873e-01,3.027652774022931981e-01,3.109520799122685863e-01,3.190763109083654681e-01,3.271298867525719856e-01,3.351050831149777753e-01,3.429947819744456061e-01,3.507930354738093559e-01,3.584968209717300236e-01,3.661166749985316216e-01,3.737111789721057065e-01,3.810654746501059842e-01,3.882710288724861569e-01,3.953276840974200290e-01,4.022305368314106899e-01,4.089736776658533524e-01,4.155509133975852087e-01,4.219559885445514635e-01,4.281826632271594768e-01,4.342247356914742951e-01,4.400760383008746057e-01,4.457304182549279292e-01,4.511817080930209389e-01,4.564236886226647472e-01,4.614500459897745710e-01,4.662543244025341149e-01,4.708298762646648261e-01,4.751698121033597344e-01,4.792669537262831403e-01,4.831137956064592287e-01,4.867024817140107040e-01,4.900248080599106659e-01,4.930722652641092441e-01,4.958361406321249998e-01,4.983077054895632685e-01,5.004785205095013678e-01,5.023408984632927732e-01,5.038885681540175021e-01,5.051175816036870270e-01,5.060274932292683214e-01,5.066228073035323742e-01,5.069146307137122331e-01,5.069223778773046529e-01,5.066752604428521600e-01,5.062131825115253614e-01,5.055866034561832256e-01,5.048549909248829515e-01,5.040837142746258381e-01,5.033396028824737023e-01,5.026857914105841152e-01,5.021767029334885946e-01,5.018539360834844976e-01,5.017434564352408755e-01,5.018540719806902084e-01,5.021769664572478531e-01,5.026861670821486383e-01,5.033400699188719241e-01,5.040842489540738880e-01,5.048555689801957902e-01,5.055872021208207556e-01,5.062137819816600048e-01,5.066758446832961837e-01,5.069229348374232336e-01,5.069151521011177053e-01,5.066232880864649513e-01,5.060279310188469104e-01,5.051179760271821140e-01,5.038889202873394479e-01,5.023412103553034358e-01,5.004787948060694935e-01,4.983079451506625124e-01,4.958363487282967386e-01,4.930724448366489154e-01,4.900249620299129694e-01,4.867026128274441477e-01,4.831139064050322673e-01,4.792670465360315823e-01,4.751698890350836146e-01,4.708299392218374679e-01,4.662543750936375964e-01,4.614500859429297441e-01,4.564237192011336153e-01,4.511817305106533560e-01,4.457304335909337278e-01,4.400760475135713778e-01,4.342247396308162033e-01,4.281826626458852258e-01,4.219559841078780460e-01,4.155509056912529142e-01,4.089736672022826758e-01,4.022305240531839354e-01,3.953276693764358196e-01,3.882710124998535184e-01,3.810654567991599850e-01,3.737111595276485509e-01,3.661326608251168624e-01,3.585262620840568015e-01,3.508303567059846140e-01,3.430377341635206245e-01,3.351523272852554580e-01,3.271805062921411267e-01,3.191296316079274553e-01,3.110075843693747011e-01,3.028225577023831994e-01,2.945829411366219230e-01,2.862972443764800201e-01,2.779740395351325555e-01,2.696219126056229598e-01,2.612494202750146877e-01,2.528650479820673258e-01,2.444771681200046953e-01,2.360940040380148375e-01,2.277235885926075509e-01,2.193737245305563133e-01,2.110519441184931511e-01
8.969696969696969724e-01,2.079085484080578361e-01,2.160914306671300189e-01,2.243010754926545725e-01,2.325304229729620864e-01,2.407721367025596748e-01,2.490186448006887210e-01,2.572621801667278607e-01,2.654948203969293430e-01,2.737085283615784403e-01,2.818951947310011086e-01,2.900466764330403846e-01,2.981548483357674972e-01,3.062116561300282647e-01,3.142091845857817312e-01,3.221397539930639375e-01,3.299960783300970313e-01,3.377715773740982419e-01,3.454611605735677382e-01,3.530641212449150412e-01,3.606304074389469760e-01,3.680787665730771430e-01,3.753358447525783625e-01,3.824536504180339191e-01,3.894294761123505699e-01,3.962581010298286133e-01,4.029336772437600578e-01,4.094501949054725198e-01,4.158016425184569154e-01,4.219820689867608832e-01,4.279856052329060745e-01,4.338064658321164613e-01,4.394389392093516200e-01,4.448773705431411374e-01,4.501161397659060315e-01,4.551496363912148624e-01,4.599722327803947852e-01,4.645782576810649211e-01,4.689619723670651608e-01,4.731175524853105108e-01,4.770390798066897475e-01,4.807205495370095449e-01,4.841559007207000831e-01,4.873390795899250061e-01,4.902641484349709033e-01,4.929254555281268879e-01,4.953178844281959092e-01,4.974372028722563455e-01,4.992805311621154596e-01,5.008469455677133642e-01,5.021382212490723695e-01,5.031596986658096737e-01,5.039212250907415536e-01,5.044380786422166807e-01,5.047317309110959105e-01,5.048302576731865665e-01,5.047681849390436293e-01,5.045855829387843050e-01,5.043263101337828180e-01,5.040354587700116573e-01,5.037562286240196974e-01,5.035265993440184440e-01,5.033762311120726363e-01,5.033239817443840858e-01,5.033763172304124289e-01,5.035267668582341649e-01,5.037564686465224595e-01,5.040357592518842633e-01,5.043266571255219377e-01,5.045859618911231470e-01,5.047685818534081159e-01,5.048306599748104695e-01,5.047321279942693639e-01,5.044384621039864625e-01,5.039215887130871208e-01,5.031600382243208713e-01,5.021385342239492733e-01,5.008472308186231459e-01,4.992807886100444348e-01,4.974374332140694133e-01,4.953180888959640149e-01,4.929256356957902874e-01,4.902643060693193111e-01,4.873392165399593745e-01,4.841560188385645724e-01,4.807206506239214971e-01,4.770391655778834505e-01,4.731176245491952592e-01,4.689620322145747200e-01,4.645783066821950191e-01,4.599722721856029928e-01,4.551496673359510803e-01,4.501161632770473986e-01,4.448773875464461791e-01,4.394389505372752747e-01,4.338064722316042343e-01,4.279856073728297017e-01,4.219820674647903336e-01,4.158016378672111379e-01,4.094501875977258898e-01,4.029336676964581088e-01,3.962580896063919167e-01,3.894294631220830971e-01,3.824536361097108372e-01,3.753358292926372575e-01,3.680787499636866689e-01,3.606326636955403675e-01,3.530881849639836978e-01,3.454939432937069732e-01,3.378103451168508742e-01,3.300393451013558521e-01,3.221865419002222786e-01,3.142587891102327502e-01,3.062635428123175463e-01,2.982085984056667138e-01,2.901019546732040433e-01,2.819517288444691738e-01,2.737660948720492260e-01,2.655532345416541373e-01,2.573212883101133053e-01,2.490783186007327066e-01,2.408322684622609400e-01,2.325909218391891964e-01,2.243618642732666257e-01,2.161524431021509540e-01,2.079697267755007961e-01
9.007575757575758679e-01,2.049613679129189125e-01,2.130128892022478404e-01,2.210895494903320213e-01,2.291847317425248498e-01,2.372915335825330208e-01,2.454028088856338996e-01,2.535112083296882646e-01,2.616092194957744810e-01,2.696892071497840604e-01,2.777434543880006323e-01,2.857642089184632694e-01,2.937437267934088214e-01,3.016743321369935726e-01,3.095484921413179102e-01,3.173589264398924414e-01,3.250987984558783572e-01,3.327621230279071418e-01,3.403449137763828736e-01,3.478505589712483914e-01,3.553612078049416811e-01,3.626592949851894510e-01,3.698204340487201147e-01,3.768494614965899880e-01,3.837424972103210541e-01,3.904941769731789525e-01,3.970987372837798124e-01,4.035503328628437525e-01,4.098431572304376824e-01,4.159714936132050123e-01,4.219297355082266554e-01,4.277123918102189726e-01,4.333140831089863365e-01,4.387295325613292385e-01,4.439535534345931955e-01,4.489810349270509371e-01,4.538069277892866626e-01,4.584262314452436926e-01,4.628339846843996241e-01,4.670252625561780446e-01,4.709951828506933058e-01,4.747389265070941500e-01,4.782517774527168530e-01,4.815291887141264771e-01,4.845668830712927533e-01,4.873609978707496571e-01,4.899082845521600671e-01,4.922063734527623580e-01,4.942541127588632177e-01,4.960519860260946268e-01,4.976026042497316837e-01,4.989112548471339448e-01,4.999864704984934294e-01,5.008405563396802762e-01,5.014899876522367350e-01,5.019555682589195156e-01,5.022622316271556642e-01,5.024383825673803816e-01,5.025147246485492936e-01,5.025225959325750891e-01,5.024919303305189766e-01,5.024490505103519356e-01,5.024145553264678377e-01,5.024015734061532124e-01,5.024146135492729703e-01,5.024491640458740305e-01,5.024920936733949794e-01,5.025228015533780290e-01,5.025149637207906306e-01,5.024386457334281131e-01,5.022625096973809544e-01,5.019558527689950145e-01,5.014902712424306186e-01,5.008408329558299288e-01,4.999867354399586405e-01,4.989115047002460335e-01,4.976028367477016712e-01,4.960521998714206293e-01,4.942543074359868616e-01,4.922065490496986273e-01,4.899084416019269805e-01,4.873611372174886935e-01,4.845670057617289528e-01,4.815292959127024375e-01,4.782518703773808166e-01,4.747390063822823358e-01,4.709952508741782617e-01,4.670253198767602143e-01,4.628340323878128992e-01,4.584262705462205378e-01,4.538069592280302156e-01,4.489810595688403794e-01,4.439535720715179767e-01,4.387295459153746080e-01,4.333140918359284499e-01,4.277123965039134612e-01,4.219297367050096614e-01,4.159714917961289671e-01,4.098431528331963336e-01,4.035503262731852114e-01,3.970987288461700349e-01,3.904941669903191359e-01,3.837424859427379653e-01,3.768494491584047368e-01,3.698204207941528932e-01,3.626592808642977728e-01,3.553611925163508989e-01,3.478689364521517779e-01,3.403732779464722635e-01,3.327969035697868061e-01,3.251383054455644350e-01,3.174021037635023634e-01,3.095945984450208521e-01,3.017228130770908123e-01,2.937941515107829749e-01,2.858162339143908715e-01,2.777968009846170649e-01,2.697436464215583474e-01,2.616645616095824023e-01,2.535672947232166519e-01,2.454595062754574564e-01,2.373487292396201098e-01,2.292423296601995841e-01,2.211474671944382853e-01,2.130710550296393280e-01,2.050197186328698018e-01
9.045454545454545414e-01,2.021076994603323018e-01,2.100339507118318683e-01,2.179834983850836294e-01,2.259501512795131783e-01,2.339274234917032014e-01,2.419085768571447581e-01,2.498866620384607995e-01,2.578545589888867617e-01,2.658050175852235131e-01,2.737306994639529534e-01,2.816242225926718912e-01,2.894782120463835762e-01,2.972853622879743085e-01,3.050385141950627266e-01,3.127307886099394696e-01,3.203558223376050118e-01,3.279083206558259800e-01,3.353858466362946711e-01,3.428012204236542959e-01,3.502025505227197022e-01,3.573934921566568890e-01,3.644585240100181589e-01,3.713973171360185899e-01,3.782053968948128619e-01,3.848773532188421442e-01,3.914075209317365300e-01,3.977902067171124045e-01,4.040197828739755526e-01,4.100907301150050199e-01,4.159976570450079625e-01,4.217353074449030625e-01,4.272985605506964824e-01,4.326824271374130615e-01,4.378820432225040693e-01,4.428926628232260354e-01,4.477096511379463073e-01,4.523284796506835681e-01,4.567447249312971969e-01,4.609540733023220760e-01,4.649523340605071775e-01,4.687354645686597765e-01,4.722996112521279932e-01,4.756411712989148111e-01,4.787568805861213694e-01,4.816439338860020181e-01,4.843001434999119614e-01,4.867241417707363627e-01,4.889156309481080820e-01,4.908756800303075152e-01,4.926070618553178293e-01,4.941146143785027367e-01,4.954055977190433002e-01,4.964900040122286473e-01,4.973807625175203917e-01,4.980937715385114206e-01,4.986476865873364916e-01,4.990634062011362615e-01,4.993632264565276424e-01,4.995696818946148698e-01,4.997041477303391099e-01,4.997853338601858653e-01,4.998278409392958310e-01,4.998409608092806433e-01,4.998278826498233074e-01,4.997854153557749757e-01,4.997042653524532696e-01,4.995698306031841063e-01,4.993634002827450624e-01,4.990635987332723289e-01,4.986478914259198647e-01,4.980939826732981857e-01,4.973809746001557341e-01,4.964902125193498272e-01,4.954057990166351733e-01,4.941148057077605071e-01,4.926072412636576248e-01,4.908758462697945801e-01,4.889157833597342906e-01,4.867242801680221054e-01,4.843002680606395272e-01,4.816440450569426934e-01,4.787569790027457750e-01,4.756412577200870295e-01,4.722996865086306895e-01,4.687355295237895514e-01,4.649523895808494456e-01,4.609541202367459789e-01,4.567447640964940048e-01,4.523285118217766909e-01,4.477096770429101480e-01,4.428926831401296393e-01,4.378820585788022468e-01,4.326824381106513795e-01,4.272985676701600566e-01,4.217353111938423327e-01,4.159976578631743860e-01,4.100907284012637044e-01,4.040197789888367863e-01,3.977902009849801912e-01,3.914075136426953816e-01,3.848773446296915868e-01,3.782053872287476359e-01,3.713973065797550599e-01,3.644585127050504747e-01,3.573934801732879807e-01,3.502025377533243278e-01,3.428128507432999239e-01,3.354098238874166915e-01,3.279392689022482266e-01,3.203917554073656415e-01,3.127705487271115747e-01,3.050813148224434945e-01,2.973306257122653729e-01,2.895254937925549332e-01,2.816731702864556652e-01,2.737810279177068096e-01,2.658564925475281338e-01,2.579069858904833867e-01,2.499398778170911772e-01,2.419624437849990928e-01,2.339818243552453936e-01,2.260049855012578046e-01,2.180386788166736867e-01,2.100894009126710038e-01,2.021633513294424367e-01
9.083333333333334370e-01,1.993876097473114561e-01,2.071961181933383855e-01,2.150258931822119635e-01,2.228711535487671869e-01,2.307258133582785753e-01,2.385835254908321157e-01,2.464377235350489748e-01,2.542816628669576362e-01,2.621084618728843352e-01,2.699111445737658599e-01,2.776826865828504465e-01,2.854160677404487534e-01,2.931043376590922178e-01,3.007407121076066669e-01,3.083187187055457801e-01,3.158325059129717394e-01,3.232776245541648108e-01,3.306540621807314562e-01,3.380401969927209760e-01,3.452681641283462111e-01,3.523574152711445584e-01,3.593278489454833080e-01,3.661770248682590934e-01,3.729001595314918038e-01,3.794918541188956329e-01,3.859465492451916169e-01,3.922586935825578269e-01,3.984228188719662889e-01,4.044335766594242543e-01,4.102857567255575599e-01,4.159742956843355821e-01,4.214942798862192364e-01,4.268409449595037541e-01,4.320096735512853336e-01,4.369959925278854018e-01,4.417955708381092750e-01,4.464042193346662857e-01,4.508178940465010220e-01,4.550327046771977524e-01,4.590449304590967783e-01,4.628510459035635183e-01,4.664477594290675766e-01,4.698320682738273413e-01,4.730013334310793072e-01,4.759533784606260753e-01,4.786866157511306952e-01,4.812002028881487981e-01,4.834942299141033462e-01,4.855699351012715548e-01,4.874299420780355274e-01,4.890785045812386378e-01,4.905217369173414110e-01,4.917677991306637075e-01,4.928269974104980133e-01,4.937117547952674657e-01,4.944364077677200209e-01,4.950167938689831737e-01,4.954696158304228715e-01,4.958115983251062953e-01,4.960584903168367421e-01,4.962240019718642259e-01,4.963187913753878688e-01,4.963496249805902094e-01,4.963188225213394089e-01,4.962240629201202236e-01,4.960585785053232555e-01,4.958117102034310109e-01,4.954697471593371705e-01,4.950169400465057601e-01,4.944365641412151735e-01,4.937119169277215391e-01,4.928271612818996839e-01,4.917679612683101831e-01,4.905218944594859076e-01,4.890786552852013358e-01,4.874300842871571171e-01,4.855700676850303044e-01,4.834943521940162636e-01,4.812003145592314013e-01,4.786867168058022148e-01,4.759534691193974543e-01,4.730014140821947044e-01,4.698321394226133152e-01,4.664478216567568558e-01,4.628510998347215022e-01,4.590449767365580303e-01,4.550327439433124455e-01,4.508179269295495284e-01,4.464042464393859766e-01,4.417955927394365268e-01,4.369960097671707899e-01,4.320096866343330344e-01,4.268409543559646413e-01,4.214942860299378258e-01,4.159742989743163699e-01,4.102857575273428647e-01,4.044335753066694572e-01,3.984228156680416078e-01,3.922586888020379026e-01,3.859465431350712072e-01,3.794918468992676819e-01,3.729001513953153490e-01,3.661770159793529267e-01,3.593278394326828162e-01,3.523574052122081524e-01,3.452681534949743059e-01,3.380401851458131879e-01,3.306735583382174326e-01,3.233048612152629175e-01,3.158650339880478275e-01,3.083552444494944700e-01,3.007803925695961000e-01,2.931465671989474941e-01,2.854603862424091032e-01,2.777287318551239226e-01,2.699586245727864653e-01,2.621571370129107126e-01,2.543313340113593224e-01,2.464882234155928720e-01,2.386347123121909664e-01,2.307775658566027233e-01,2.229233670506707010e-01,2.150784763694127688e-01,2.072489903734013594e-01,1.994406984899945445e-01
9.121212121212121104e-01,1.967937655729819491e-01,2.044916885975306686e-01,2.122086837461250319e-01,2.199393666406310455e-01,2.276780372332761482e-01,2.354187248391659271e-01,2.431552311157179069e-01,2.508811720275703760e-01,2.585900199412619616e-01,2.662751473618179543e-01,2.739298746637843229e-01,2.815475259802101560e-01,2.891215014538460748e-01,2.966453838202962046e-01,3.041131259384748931e-01,3.115194536750094945e-01,3.188610245124140485e-01,3.261422682799570150e-01,3.334435438607157298e-01,3.405522378500734915e-01,3.475432378183957449e-01,3.544207768376247958e-01,3.611813737765258159e-01,3.678200929662706065e-01,3.743315823077289495e-01,3.807103927450226077e-01,3.869511077062425253e-01,3.930484046204736903e-01,3.989970870110904899e-01,4.047921019427681566e-01,4.104285493968578558e-01,4.159016869132028948e-01,4.212069314498755324e-01,4.263398598030137543e-01,4.312962086849446708e-01,4.360718755068338504e-01,4.406629209754066578e-01,4.450655747547405117e-01,4.492762456438034180e-01,4.532915379631328179e-01,4.571082761118077653e-01,4.607235395220383167e-01,4.641347104606648455e-01,4.673395372395231506e-01,4.703362153042285887e-01,4.731234882417577059e-01,4.757007698110370386e-01,4.780682864575350743e-01,4.802272372175941939e-01,4.821799642919022411e-01,4.839301228417675071e-01,4.854828329558492639e-01,4.868447908499438093e-01,4.880243112879838474e-01,4.890312705357298673e-01,4.898769207811233262e-01,4.905735546520174073e-01,4.911340132002804393e-01,4.915710519038298254e-01,4.918966041910376452e-01,4.921210060571635236e-01,4.922522627852867205e-01,4.922954443614737663e-01,4.922522868568338650e-01,4.921210532202090482e-01,4.918966725714425947e-01,4.915711388921351621e-01,4.911341156600338986e-01,4.905736691494680946e-01,4.898770438087782231e-01,4.890313987076385094e-01,4.880244414924720386e-01,4.868449203540514691e-01,4.854829594628783385e-01,4.839302445083721316e-01,4.821800797137534844e-01,4.802273453933040281e-01,4.780683867396643971e-01,4.757008618514236287e-01,4.731235719365629033e-01,4.703362907422974359e-01,4.673396046561841821e-01,4.641347701979556262e-01,4.607235919955329773e-01,4.571083217836968138e-01,4.532915773209449939e-01,4.492762791840021475e-01,4.450656029704228023e-01,4.406629443473530916e-01,4.360718944972323818e-01,4.312962237332482740e-01,4.263398713233953474e-01,4.212069398299174705e-01,4.159016925134888520e-01,4.104285525511787158e-01,4.047921029587691066e-01,3.989970861711571448e-01,3.930484021827453933e-01,3.869511039055769652e-01,3.807103877938185499e-01,3.743315763963818155e-01,3.678200862629854573e-01,3.611813664258928247e-01,3.544207689566207242e-01,3.475432294859757132e-01,3.405522290759004922e-01,3.334435344276119872e-01,3.261569249013249738e-01,3.188846177480132993e-01,3.115487183621962197e-01,3.041465799453607621e-01,2.966821126023948541e-01,2.891608656344608064e-01,2.815890472156048485e-01,2.739731797877813513e-01,2.663199369782634496e-01,2.586360489925328410e-01,2.509282368859629964e-01,2.432031605169367172e-01,2.354673732182556989e-01,2.277272796342596217e-01,2.199890946949248915e-01,2.122588023967827697e-01,2.045421133536834413e-01,1.968444201445306851e-01
9.159090909090910060e-01,1.943278698861418130e-01,2.019223444037387127e-01,2.095335483803932863e-01,2.171564829750493586e-01,2.247858218173949263e-01,2.324159578107184154e-01,2.400410474933098726e-01,2.476550541796696814e-01,2.552517912388287957e-01,2.628249673248712615e-01,2.703682364290773688e-01,2.778752579449912941e-01,2.853397772883315420e-01,2.927557511876611174e-01,3.001175815743354347e-01,3.074206671402238134e-01,3.146632525817326664e-01,3.218608010281417964e-01,3.290563798636236270e-01,3.360613234030670471e-01,3.429572183310678479e-01,3.497439882145079171e-01,3.564175970463649423e-01,3.629730493110499556e-01,3.694050624137052985e-01,3.757083003843071367e-01,3.818774760675887614e-01,3.879074026686750720e-01,3.937930222127073443e-01,3.995294220850048039e-01,4.051118448335353506e-01,4.105356939598965860e-01,4.157965373417148447e-01,4.208901094421308997e-01,4.258123132612520179e-01,4.305592229361877576e-01,4.351270879380882972e-01,4.395123399155291821e-01,4.437116033745222010e-01,4.477217115512430179e-01,4.515397290066672786e-01,4.551629826274273816e-01,4.585891028174984285e-01,4.618160766575077347e-01,4.648423146175482690e-01,4.676667319385437449e-01,4.702888449262157544e-01,4.727088809997057051e-01,4.749278992817957956e-01,4.769479157361181665e-01,4.787720233842907014e-01,4.804044941924314749e-01,4.818508452871412273e-01,4.831178490486542354e-01,4.842134654347550193e-01,4.851466768661910622e-01,4.859272122538746963e-01,4.865651577764649183e-01,4.870704672668152435e-01,4.874524026138026822e-01,4.877189512265114324e-01,4.878762794432280891e-01,4.879282842372172357e-01,4.878762985963682186e-01,4.877189887908729982e-01,4.874524571673213291e-01,4.870705368217951303e-01,4.865652399309217113e-01,4.859273043600466080e-01,4.851467761968487613e-01,4.842135693311719891e-01,4.831179550394188449e-01,4.818509511727444017e-01,4.804045980956780371e-01,4.787721237703461141e-01,4.769480114081420252e-01,4.749279893588820856e-01,4.727089648835541835e-01,4.702889222619699439e-01,4.676668025740449708e-01,4.648423785639829164e-01,4.618161340533805115e-01,4.585891538969208980e-01,4.551630276930906938e-01,4.515397684075037610e-01,4.477217456643416416e-01,4.437116325908937453e-01,4.395123646291413388e-01,4.351271085376511305e-01,4.305592397991860332e-01,4.258123267497664899e-01,4.208901199000871229e-01,4.157965450932242790e-01,4.105356993084002815e-01,4.051118480615719664e-01,3.995294234543819711e-01,3.937930219649538044e-01,3.879074010256387539e-01,3.818774732320631693e-01,3.757082965405796338e-01,3.694050577278582548e-01,3.629730439308109236e-01,3.564175911000870278e-01,3.497439818083496466e-01,3.429572115420638778e-01,3.360613162601028825e-01,3.290563722742259611e-01,3.218694329234341178e-01,3.146831985643098184e-01,3.074467815332748710e-01,3.001481078185424534e-01,2.927896818866794204e-01,2.853764317703899600e-01,2.779141364439998707e-01,2.704089533197831519e-01,2.628672151801386137e-01,2.552953192711135411e-01,2.476996542520576161e-01,2.400865444742992516e-01,2.324622025898710753e-01,2.248326860352961032e-01,2.172038549017707987e-01,2.095813295864953352e-01,2.019704469894479104e-01,1.943762141078749506e-01
9.196969696969696795e-01,1.919706902658231407e-01,1.994680553183901250e-01,2.069796780140025494e-01,2.145009366948724128e-01,2.220268692318533854e-01,2.295522219308562262e-01,2.370714955831772774e-01,2.445789900876454703e-01,2.520688492499308375e-01,2.595351079393770632e-01,2.669717451208076242e-01,2.743727492903974552e-01,2.817322100234692650e-01,2.890444684302318490e-01,2.963044192055160897e-01,3.035082996430748525e-01,3.106568699345879647e-01,3.178329608123028893e-01,3.248600648685418535e-01,3.317670464144190090e-01,3.385705457775549099e-01,3.452685736877478817e-01,3.518567932785022778e-01,3.583302067297545190e-01,3.646836161176360003e-01,3.709118002688915894e-01,3.770095974421668883e-01,3.829719493435887467e-01,3.887939266951239703e-01,3.944707449508788044e-01,3.999977743039748179e-01,4.053705462342505617e-01,4.105847579894131294e-01,4.156362759975994470e-01,4.205211390421453310e-01,4.252355619840704204e-01,4.297759408442888840e-01,4.341388601288507232e-01,4.383211033798737888e-01,4.423196680475628972e-01,4.461317858887327570e-01,4.497549501816570650e-01,4.531869510749216845e-01,4.564259203156149636e-01,4.594703863713702208e-01,4.623193404989945354e-01,4.649723135344826508e-01,4.674294619976956944e-01,4.696916604476282231e-01,4.717605948644979508e-01,4.736388492340614098e-01,4.753299746686900917e-01,4.768385277083655449e-01,4.781700625060021359e-01,4.793310612030030615e-01,4.803287887988064719e-01,4.811710639190875383e-01,4.818659453476447641e-01,4.824213455083607993e-01,4.828445948282020783e-01,4.831419927809537662e-01,4.833183896587638362e-01,4.833768452591020726e-01,4.833184052729821989e-01,4.831420234301488925e-01,4.828446393999997754e-01,4.824214024430105163e-01,4.818660127520021375e-01,4.811711396945649311e-01,4.803288707690769876e-01,4.793311472293418363e-01,4.781701505818149456e-01,4.768386160285843500e-01,4.753300616734847939e-01,4.736389336291274565e-01,4.717606756220338315e-01,4.696917367927936349e-01,4.674295333853604184e-01,4.649723796204344728e-01,4.623194011090064892e-01,4.594704414705812479e-01,4.564259699799042558e-01,4.531869954652524290e-01,4.497549895218341809e-01,4.461318204466716009e-01,4.423196981198832534e-01,4.383211292795494152e-01,4.341388821755090555e-01,4.297759593567638814e-01,4.252355772748721008e-01,4.205211514134312156e-01,4.156362857384036102e-01,4.105847653738305403e-01,4.053705515203688825e-01,3.999977777333461049e-01,3.944707467484137586e-01,3.887939270692532534e-01,3.829719484865862222e-01,3.770095955305399760e-01,3.709117974637339277e-01,3.646836125648379445e-01,3.583302025598730234e-01,3.518567886060037786e-01,3.452685686090282702e-01,3.385705403661604662e-01,3.317670407089356455e-01,3.248600588332331562e-01,3.178329540333321157e-01,3.106730448370553233e-01,3.035313412857295612e-01,2.963321400361317304e-01,2.890757374348794650e-01,2.817662953365100975e-01,2.744091257177284082e-01,2.670100127629098652e-01,2.595749504909271033e-01,2.521100098312836768e-01,2.446212559580778767e-01,2.371146878087010412e-01,2.295961880211038753e-01,2.220714776564707005e-01,2.145460726412093400e-01,2.070252399913213859e-01,1.995139523525698011e-01,1.920168395110380399e-01
9.234848484848485750e-01,1.897139529737092434e-01,1.971203810851449301e-01,2.045384931294608744e-01,2.119640381821453756e-01,2.193924106606596480e-01,2.268187016854516513e-01,2.342377471435309333e-01,2.416441741185949288e-01,2.490324475842631280e-01,2.563969199865476778e-01,2.637318880547709909e-01,2.710316651357055906e-01,2.782906871274268279e-01,2.855036974870476252e-01,2.926661495721968320e-01,2.997753913156752104e-01,3.068369048523837406e-01,3.139333135636793726e-01,3.208506092780138430e-01,3.276640902409349021e-01,3.343782320161969857e-01,3.409900556270291094e-01,3.474950676727415200e-01,3.538883044006115308e-01,3.601646619382943837e-01,3.663190340506866094e-01,3.723463804940683186e-01,3.782417652318125212e-01,3.840003796663417068e-01,3.896175576119673689e-01,3.950887853627972346e-01,4.004097087310575231e-01,4.055761382438450302e-01,4.105840533633708933e-01,4.154296064547916556e-01,4.201091271837543162e-01,4.246191280409706836e-01,4.289563117413781046e-01,4.331175813149814591e-01,4.371000537827492982e-01,4.409010783787091214e-01,4.445182603190314108e-01,4.479494911045467931e-01,4.511929862385564705e-01,4.542473310024705557e-01,4.571115345019218790e-01,4.597850915146705075e-01,4.622680506799909383e-01,4.645610862248505946e-01,4.666655687238482897e-01,4.685836284066205448e-01,4.703182024348679935e-01,4.718730556845561752e-01,4.732527633490818397e-01,4.744626437039961564e-01,4.755086312474005039e-01,4.763970846186653674e-01,4.771345303220252965e-01,4.777273519049257122e-01,4.781814437599574696e-01,4.785018574305044403e-01,4.786924742079886608e-01,4.787557391272346807e-01,4.786924871859397079e-01,4.785018829227866144e-01,4.781814808748278689e-01,4.777273993887634629e-01,4.771345866477296749e-01,4.763971480856170060e-01,4.755087000821081045e-01,4.744627161521092207e-01,4.732528377520652252e-01,4.718731305373333185e-01,4.703182764235928626e-01,4.685837004280415385e-01,4.666656378890710055e-01,4.645611518511187366e-01,4.622681122740866511e-01,4.597851487512905067e-01,4.571115871996680458e-01,4.542473790996052196e-01,4.511930297698845682e-01,4.479495301803961271e-01,4.445182951067296329e-01,4.409011090867748783e-01,4.371000806477144951e-01,4.331176045906321992e-01,4.289563316902171297e-01,4.246191449275225072e-01,4.201091412694969995e-01,4.154296179943864353e-01,4.105840626019578998e-01,4.055761454152176926e-01,4.004097140564669144e-01,3.950887890502950972e-01,3.896175598561014142e-01,3.840003806481349646e-01,3.782417651189060037e-01,3.723463794409410665e-01,3.663190321988806231e-01,3.601646594165530124e-01,3.538883013247707265e-01,3.474950641451809430e-01,3.409900517352297822e-01,3.343782278294231136e-01,3.276640858022942804e-01,3.208506045823212305e-01,3.139333084513553085e-01,3.068489372380446834e-01,2.997953947056150592e-01,2.926911665049156119e-01,2.855324262210511277e-01,2.783223312180910236e-01,2.710656688727022812e-01,2.637678350201296817e-01,2.564344839434821721e-01,2.490713650808135393e-01,2.416842276361729769e-01,2.342787539492043603e-01,2.268605060224800907e-01,2.194348780131367416e-01,2.120070508888856342e-01,2.045819469067647056e-01,1.971641821771238368e-01,1.897580157421664415e-01
9.272727272727273595e-01,1.875616185197096775e-01,1.948831590908643441e-01,2.022136991503991343e-01,2.095493538372090181e-01,2.168858681262496313e-01,2.242186710227781765e-01,2.315429259900600167e-01,2.388535795459765798e-01,2.461454102709566549e-01,2.534130814030706724e-01,2.606512024144075346e-01,2.678544102250982606e-01,2.750174942623861418e-01,2.821356297986391537e-01,2.892049328215567927e-01,2.962243513298251640e-01,3.032117528110174764e-01,3.102102697219201732e-01,3.170305175592561531e-01,3.237542219595880288e-01,3.303818853796735566e-01,3.369099799022585717e-01,3.433339430581070495e-01,3.496488700544453376e-01,3.558497580935860438e-01,3.619316164149332105e-01,3.678895238974227433e-01,3.737186627299675656e-01,3.794143397279025609e-01,3.849720006344367063e-01,3.903872401547254234e-01,3.956558092992392139e-01,4.007736210563626611e-01,4.057367551470749123e-01,4.105414624946795987e-01,4.151841700037153804e-01,4.196614862495031129e-01,4.239702087146419718e-01,4.281073332573265278e-01,4.320700665471924884e-01,4.358558422441010105e-01,4.394623417069489224e-01,4.428875199812882246e-01,4.461296376971576882e-01,4.491872992764454620e-01,4.520594974598448057e-01,4.547456635728526764e-01,4.572457221173056308e-01,4.595601471770038859e-01,4.616900167734047655e-01,4.636370597698829532e-01,4.654036883517900236e-01,4.669930077591329942e-01,4.684087941774476294e-01,4.696554319357067464e-01,4.707378028544145776e-01,4.716611240501126789e-01,4.724307357778688710e-01,4.730518476063165778e-01,4.735292585042844560e-01,4.738670729782614166e-01,4.740684397439774989e-01,4.741353402259693706e-01,4.740684507272931447e-01,4.738670945653031263e-01,4.735292899640015096e-01,4.730518879087836082e-01,4.724307836647528847e-01,4.716611781147715954e-01,4.707378616231650548e-01,4.696554939428529973e-01,4.684088580286219217e-01,4.669930721798233875e-01,4.654037522201401877e-01,4.636371221346322069e-01,4.616900768590593285e-01,4.595602043789486779e-01,4.572457759897359253e-01,4.547457138121057119e-01,4.520595438854234649e-01,4.491873418114272765e-01,4.461296763492487161e-01,4.428875548253199401e-01,4.394623728693043407e-01,4.358558698892199823e-01,4.320700908662148398e-01,4.281073544587102875e-01,4.239702270165991438e-01,4.196615018740147418e-01,4.151841831719104703e-01,4.105414734233410190e-01,4.057367640460839420e-01,4.007736281268924339e-01,3.956558147325482389e-01,3.903872441314117925e-01,3.849720033240180972e-01,3.794143412886913369e-01,3.737186633090755494e-01,3.678895236308755701e-01,3.619316154278152675e-01,3.558497565001114138e-01,3.496488679578825254e-01,3.433339405503653685e-01,3.369099770628649071e-01,3.303818822735449801e-01,3.237542186362224461e-01,3.170305140270688327e-01,3.102102658995036233e-01,3.032184202753941960e-01,2.962412899685843981e-01,2.892273250863480749e-01,2.821619257624897736e-01,2.750468142334870914e-01,2.678861614028844040e-01,2.606849490653228574e-01,2.534484860508208204e-01,2.461822022690731138e-01,2.388915363299314032e-01,2.315818609597239952e-01,2.242584252078225482e-01,2.169263041555708760e-01,2.095903513834199150e-01,2.022551513550988889e-01,1.949249696600038884e-01,1.876036992842533002e-01
9.310606060606061440e-01,1.855119068511321689e-01,1.927544098148311902e-01,2.000031152273209767e-01,2.072545013304018524e-01,2.145046592752153092e-01,2.217493505586608515e-01,2.289840601958997857e-01,2.362040478790086995e-01,2.434043997786166647e-01,2.505800848498807576e-01,2.577260224067645655e-01,2.648371748233160350e-01,2.719086983281541747e-01,2.789362454258887403e-01,2.859167611297182554e-01,2.928517638367208464e-01,2.998286710995668458e-01,3.066664075252081845e-01,3.133956642012659111e-01,3.200329586000487669e-01,3.265769254466838745e-01,3.330237315889631455e-01,3.393688071111740645e-01,3.456073205898929634e-01,3.517343756006442446e-01,3.577450975278378964e-01,3.636346829480491816e-01,3.693984296859597061e-01,3.750317565400058117e-01,3.805302169761711206e-01,3.858895090649760995e-01,3.911054829983775516e-01,3.961741470674913779e-01,4.010916727589015629e-01,4.058543995249018765e-01,4.104588397468678651e-01,4.149016844129033710e-01,4.191798100547464156e-01,4.232902875224267003e-01,4.272303932084971501e-01,4.309976233546962132e-01,4.345897120685516257e-01,4.380046536267299673e-01,4.412407295227577797e-01,4.442965404998625023e-01,4.471710434630073450e-01,4.498635926544000685e-01,4.523739837758956051e-01,4.547024988379071986e-01,4.568499484250376774e-01,4.588177068578313533e-01,4.606077345280684687e-01,4.622225806984665564e-01,4.636653595705674258e-01,4.649396927705318205e-01,4.660496129059859549e-01,4.669994257288905826e-01,4.677935327027478163e-01,4.684362210960078543e-01,4.689314344165046444e-01,4.692825410562608823e-01,4.694921222886732082e-01,4.695618012551356912e-01,4.694921317565001750e-01,4.692825596741034833e-01,4.689314615716195789e-01,4.684362559236338042e-01,4.677935741437585504e-01,4.669994725956249093e-01,4.660496639494526305e-01,4.649397467429445818e-01,4.636654152787013095e-01,4.622226370451713029e-01,4.606077905409498574e-01,4.588177617057297986e-01,4.568500014238301987e-01,4.547025494477433538e-01,4.523740315921798150e-01,4.498636373946761635e-01,4.471710849515857511e-01,4.442965786516921423e-01,4.412407643275983449e-01,4.380046851343556424e-01,4.345897403754546695e-01,4.309976485924464362e-01,4.272304155338353393e-01,4.232903071090250435e-01,4.191798270864732778e-01,4.149016990784453740e-01,4.104588522355249736e-01,4.058544100233633101e-01,4.010916814488448279e-01,3.961741541238524844e-01,3.911054885881397603e-01,3.858895133464012028e-01,3.805302200983332606e-01,3.750317586425588878e-01,3.693984308990819754e-01,3.636346833924909427e-01,3.577450973149807756e-01,3.517343748325569286e-01,3.456073193592709702e-01,3.393688055010720128e-01,3.330237296723891349e-01,3.265769232912002495e-01,3.200329562438816722e-01,3.133956616619786861e-01,3.066664047665514925e-01,2.998286678200319799e-01,2.928655077664636397e-01,2.859365805497998125e-01,2.789602008253058152e-01,2.719357997165309793e-01,2.648667836728936797e-01,2.577576801726357836e-01,2.506134412137189238e-01,2.434391761280171596e-01,2.362400162456944064e-01,2.290210299812749095e-01,2.217871595814349117e-01,2.145431673958133056e-01,2.072935856973627256e-01,2.000426665874846244e-01,1.927943295423079073e-01,1.855521044708859091e-01
9.348484848484849286e-01,1.835404940388626616e-01,1.907087653759577117e-01,1.978803314202410568e-01,2.050520329691257193e-01,2.122203052986270100e-01,2.193812392765275010e-01,2.265306376866672022e-01,2.336640693816715020e-01,2.407769244219239713e-01,2.478644749257394586e-01,2.549219501943372768e-01,2.619446443749654518e-01,2.689281023860292108e-01,2.758685236426876020e-01,2.827639597645057457e-01,2.896207878758239596e-01,2.965271010112606187e-01,3.032631315946440198e-01,3.099051571510685332e-01,3.164585157869384546e-01,3.229208461886440285e-01,3.292881481822287904e-01,3.355558760171973298e-01,3.417192961667965267e-01,3.477736185254695633e-01,3.537140856034916570e-01,3.595360112225626237e-01,3.652348075297762731e-01,3.708060033989311055e-01,3.762452575777739394e-01,3.815483684894955263e-01,3.867112818318255152e-01,3.917300967390804911e-01,3.966010710846020748e-01,4.013206264121252920e-01,4.058853529514896974e-01,4.102920151721925479e-01,4.145375583440718548e-01,4.186191165972571460e-01,4.225340229947207593e-01,4.262798221395998621e-01,4.298542858240823605e-01,4.332554321709938816e-01,4.364815486041851433e-01,4.395312187860743736e-01,4.424033533550905672e-01,4.450972238568670081e-01,4.476124986719726695e-01,4.499492789942179938e-01,4.521081320269794701e-01,4.540901175990119110e-01,4.558968034662596591e-01,4.575302638322163440e-01,4.589930553139366931e-01,4.602881649641509809e-01,4.614189262787792289e-01,4.623889015307035000e-01,4.632017322561312600e-01,4.638609640059983552e-01,4.643698560020055321e-01,4.647311903068485073e-01,4.649470976371644637e-01,4.650189172455211906e-01,4.649471059667349970e-01,4.647312066934655705e-01,4.643698799198061056e-01,4.638609947117556254e-01,4.632017688377348952e-01,4.623889429627381364e-01,4.614189714794985631e-01,4.602882128488718361e-01,4.589931048409778835e-01,4.575303140390401535e-01,4.558968534949425777e-01,4.540901667113853013e-01,4.521081796106216633e-01,4.499493245610743375e-01,4.476125418514245724e-01,4.450972643851284771e-01,4.424033910624413646e-01,4.395312535832667789e-01,4.364815804689475831e-01,4.332554611352928964e-01,4.298543119625397591e-01,4.262798455593129199e-01,4.225340438265013376e-01,4.186191349882797952e-01,4.145375744518303152e-01,4.102920291596309776e-01,4.058853649831347665e-01,4.013206366511206657e-01,3.966010796904430036e-01,3.917301038659676271e-01,3.867112876274855227e-01,3.815483730944047580e-01,3.762452611246428491e-01,3.708060060124604429e-01,3.652348093265179174e-01,3.595360123109204720e-01,3.537140860837595380e-01,3.477736184898584937e-01,3.417192956994691277e-01,3.355558751956300156e-01,3.292881470788705522e-01,3.229208448531402098e-01,3.164585142619798508e-01,3.099051554605709580e-01,3.032631297255920511e-01,2.965270988315808487e-01,2.896309849665001934e-01,2.827812209725176773e-01,2.758902122441922455e-01,2.689530769483560735e-01,2.619722090922570468e-01,2.549516193416212495e-01,2.478958834137057199e-01,2.408097847560550508e-01,2.336981477563236376e-01,2.265657393260663288e-01,2.194171987556938208e-01,2.122569797659706603e-01,2.050892971629149075e-01,1.979180738447028631e-01,1.907468852517868740e-01,1.835788987816379392e-01
9.386363636363637131e-01,1.816672259085242991e-01,1.887669460891363005e-01,1.958669550641948531e-01,2.029644567244678066e-01,2.100562292950294008e-01,2.171386906045222887e-01,2.242079580141135842e-01,2.312599060551419061e-01,2.382902255450438378e-01,2.452944900066656164e-01,2.522682403489592273e-01,2.592071122273138517e-01,2.661070708037125421e-01,2.729649677699171884e-01,2.797804526242960166e-01,2.865728861884908052e-01,2.933913747587457155e-01,3.000379287491194980e-01,3.065969838940496572e-01,3.130699029759016483e-01,3.194537574093958554e-01,3.257444691790918889e-01,3.319375465644727186e-01,3.380283469235994542e-01,3.440122007458624176e-01,3.498844672370804432e-01,3.556405740456923259e-01,3.612760457883580911e-01,3.667865191747146092e-01,3.721677556828114630e-01,3.774156512083434167e-01,3.825262436839019231e-01,3.874957193397097766e-01,3.923204181152559200e-01,3.969968386534132865e-01,4.015216432777083955e-01,4.058916633489714210e-01,4.101039054074808177e-01,4.141555585220794700e-01,4.180440032804247918e-01,4.217668228557640009e-01,4.253218165648816607e-01,4.287070162756981828e-01,4.319207059158495787e-01,4.349614441560938904e-01,4.378280900750082250e-01,4.405198312346196854e-01,4.430362130970317835e-01,4.453771680884201500e-01,4.475430418890911644e-01,4.495346137486599392e-01,4.513531068870005880e-01,4.530001844860418458e-01,4.544779265877368357e-01,4.557887835973350454e-01,4.569355032387357740e-01,4.579210298351348851e-01,4.587483776643217492e-01,4.594204836311551188e-01,4.599400481523631679e-01,4.603093763185854281e-01,4.605302333744940579e-01,4.606037287328842988e-01,4.605302407978347778e-01,4.603093909277877760e-01,4.599400694888580166e-01,4.594205110460635177e-01,4.587484103600353857e-01,4.579210669130868716e-01,4.569355437486007365e-01,4.557888265833471841e-01,4.544779711288173263e-01,4.530002297276751744e-01,4.513531520640061134e-01,4.495346581990855572e-01,4.475430850601809785e-01,4.453772095360977179e-01,4.430362524804883351e-01,4.405198683075107757e-01,4.378281246746944522e-01,4.349614761919824435e-01,4.319207353577130259e-01,4.287070431425587524e-01,4.253218409148429857e-01,4.217668447769850060e-01,4.180440228833123828e-01,4.141555759327068542e-01,4.101039207621135496e-01,4.058916767896455502e-01,4.015216549486895214e-01,3.969968486984402078e-01,3.923204266754409253e-01,3.874957265519659577e-01,3.825262496798167433e-01,3.774156561134022203e-01,3.721677596158896040e-01,3.667865222477911247e-01,3.612760481063473361e-01,3.556405757064295403e-01,3.498844683313320214e-01,3.440122013575196980e-01,3.380283471360849279e-01,3.319375464430401879e-01,3.257444687824878615e-01,3.194537567898586561e-01,3.130699021752854638e-01,3.065969829392393708e-01,3.000379276406632267e-01,2.933913734294723574e-01,2.865783963321123506e-01,2.797951212942160759e-01,2.729844479385848954e-01,2.661300021015897133e-01,2.592327254484910748e-01,2.522960169159095267e-01,2.453240476330233177e-01,2.383212667032330867e-01,2.312921905361863539e-01,2.242412865997198967e-01,2.171728945293186774e-01,2.100911630001668362e-01,2.029999926071872629e-01,1.959029794980868266e-01,1.888033562825848499e-01,1.817039273289186851e-01
9.424242424242424976e-01,1.798715802518223994e-01,1.869077486110616304e-01,1.939411174739226473e-01,2.009692565408276177e-01,2.079892878405459611e-01,2.149979556697804717e-01,2.219916906178492910e-01,2.289666712364092083e-01,2.359188878775837217e-01,2.428442159418735813e-01,2.497385127202157995e-01,2.565977709927556027e-01,2.634184230879237365e-01,2.701981388369879000e-01,2.769391292011019190e-01,2.837337824146439758e-01,2.903989941639514294e-01,2.969623610100082245e-01,3.034421912239558261e-01,3.098379215626828054e-01,3.161462940979097858e-01,3.223632098062586548e-01,3.284842478847166403e-01,3.345048693514375837e-01,3.404205148112392498e-01,3.462266604361334821e-01,3.519188541770637557e-01,3.574927268394670898e-01,3.629440207500850279e-01,3.682685976651174919e-01,3.734624482893149633e-01,3.785216998849199599e-01,3.834426225756109585e-01,3.882216348016976348e-01,3.928553083102361843e-01,3.973403730337857209e-01,4.016737222051258716e-01,4.058524180607468446e-01,4.098736984958781249e-01,4.137349850407612273e-01,4.174338925244140408e-01,4.209682407691553441e-01,4.243360686054020725e-01,4.275356503987455259e-01,4.305655151242525069e-01,4.334244677908346000e-01,4.361116126958332617e-01,4.386263775678612697e-01,4.409685371346787619e-01,4.431382340522118657e-01,4.451359944957830050e-01,4.469627351247764668e-01,4.486197577039257034e-01,4.501087275488575568e-01,4.514316323263479758e-01,4.525907187312664948e-01,4.535884062679364503e-01,4.544271797509822908e-01,4.551094650118737706e-01,4.556374952756329644e-01,4.560131782347616736e-01,4.562379754211124405e-01,4.563128055756821011e-01,4.562379820931863894e-01,4.560131913695741335e-01,4.556375144687311862e-01,4.551094896904304687e-01,4.544272092099518878e-01,4.535884397117155298e-01,4.525907553167203834e-01,4.514316712034806556e-01,4.501087678962180094e-01,4.486197987569642831e-01,4.469627761962917667e-01,4.451360349886605006e-01,4.431382734652062338e-01,4.409685750624609546e-01,4.386264136966600558e-01,4.361116467960513554e-01,4.334244997078100514e-01,4.305655447681531189e-01,4.275356777343387593e-01,4.243360936422829188e-01,4.209682635527227657e-01,4.174339131278381188e-01,4.137350035579843155e-01,4.098737150356942527e-01,4.058524327418444044e-01,4.016737351520580090e-01,3.973403843737307595e-01,3.928553181704494968e-01,3.882216433075648121e-01,3.834426298491676044e-01,3.785217060437830461e-01,3.734624534459250467e-01,3.682686019262536026e-01,3.629440242165382635e-01,3.574927296059009496e-01,3.519188563319755603e-01,3.462266620622996838e-01,3.404205159930918656e-01,3.345048701512622902e-01,3.284842483644894728e-01,3.223632100221787145e-01,3.161462940989341330e-01,3.098379213889433936e-01,3.034421909036220666e-01,2.969623605517992537e-01,2.903989935337230599e-01,2.837337813718619484e-01,2.769510829230076299e-01,2.702154455375150865e-01,2.634393812158013493e-01,2.566215147763714621e-01,2.497644833532860209e-01,2.428720109538292926e-01,2.359481983311055853e-01,2.289972498463867523e-01,2.220233333988934354e-01,2.150304903808303303e-01,2.080225661909775314e-01,2.010031486311076865e-01,1.939755076359103714e-01,1.869425321596497880e-01,1.799066608453458449e-01
9.462121212121212821e-01,1.781628830841883726e-01,1.851407641137468307e-01,1.921126659972224593e-01,1.990765282574855355e-01,2.060298187327632702e-01,2.129696087579281416e-01,2.198926418370167890e-01,2.267953999764387440e-01,2.336741731405900246e-01,2.405251409161008325e-01,2.473444849787449773e-01,2.541285781855411319e-01,2.608743894965913634e-01,2.675806793408920248e-01,2.742544620526508048e-01,2.809918739805576382e-01,2.875646634003976576e-01,2.940498688102359814e-01,3.004542622806989915e-01,3.067762233172115494e-01,3.130123072069833645e-01,3.191584323690201952e-01,3.252102613109620899e-01,3.311633620942913137e-01,3.370132903682120373e-01,3.427556368343542270e-01,3.483860569955816722e-01,3.539003021266651783e-01,3.592942127199364455e-01,3.645637491609576841e-01,3.697049953246772658e-01,3.747141660436609234e-01,3.795876134288677650e-01,3.843218323226111344e-01,3.889134652353685717e-01,3.933593070818158788e-01,3.976563100215381730e-01,4.018015887120617857e-01,4.057924262875078347e-01,4.096262813794217528e-01,4.133007964901253550e-01,4.168138080058479966e-01,4.201633580873123663e-01,4.233477085884816971e-01,4.263653570171396789e-01,4.292150543510365179e-01,4.318958242486101162e-01,4.344069828372136843e-01,4.367481578260268282e-01,4.389193051935481038e-01,4.409207211792719461e-01,4.427530468333408797e-01,4.444172620436568910e-01,4.459146658903297422e-01,4.472468405077307252e-01,4.484155964838960617e-01,4.494228992614393015e-01,4.502707779903253882e-01,4.509612206543159307e-01,4.514960617373843244e-01,4.518768707859003309e-01,4.521048514903844850e-01,4.521807609640048908e-01,4.521048575361679700e-01,4.518768826908922120e-01,4.514960791409493024e-01,4.509612430453309173e-01,4.502708047390572843e-01,4.494229296563709286e-01,4.484156297698133620e-01,4.472468759218484746e-01,4.459147026938771186e-01,4.444172995472744359e-01,4.427530844155821987e-01,4.409207582982619944e-01,4.389193413925046028e-01,4.367481927336231973e-01,4.344070161640296579e-01,4.318958557807841547e-01,4.292150839422285147e-01,4.263653845796563924e-01,4.233477340842301540e-01,4.201633815191047061e-01,4.168138294093508556e-01,4.133008159266487458e-01,4.096262989296240997e-01,4.057924420460232717e-01,4.018016027830144110e-01,3.976563225148597169e-01,3.933593181102733594e-01,3.889134749122227785e-01,3.843218407597998043e-01,3.795876207356407295e-01,3.747141723255554835e-01,3.697050006828154767e-01,3.645637536915500299e-01,3.592942165139938471e-01,3.539003052698996843e-01,3.483860595700775109e-01,3.427556389215117849e-01,3.370132920293492651e-01,3.311633633921792219e-01,3.252102623032742668e-01,3.191584331076876557e-01,3.130123077375803753e-01,3.067762236778597273e-01,3.004542624998227107e-01,2.940498689014780509e-01,2.875646633483840975e-01,2.809918736755954161e-01,2.742633933699014648e-01,2.675958196068049522e-01,2.608934327379564544e-01,2.541505269513803511e-01,2.473687303350379507e-01,2.405512564323754598e-01,2.337018367779699068e-01,2.268243565486783853e-01,2.199226821803902665e-01,2.130005569632481555e-01,2.060615237104977404e-01,1.991088578206166027e-01,1.921455024940934564e-01,1.851740010563737993e-01,1.781964224343023095e-01
9.500000000000000666e-01,1.765271909790732119e-01,1.834514248902165134e-01,1.903664048367688100e-01,1.972704462342617093e-01,2.041613666685973272e-01,2.110365669447055725e-01,2.178931050206219799e-01,2.247277677293538500e-01,2.315371469300496476e-01,2.383177316072787322e-01,2.450660406298704186e-01,2.517788607060472694e-01,2.584538025778107539e-01,2.650911946250413265e-01,2.717105687758543664e-01,2.783733842876409126e-01,2.848656852060085232e-01,2.912766528597409144e-01,2.976088134344549996e-01,3.038599299408124566e-01,3.100264618715128928e-01,3.161043723089662638e-01,3.220894165087477834e-01,3.279772727724058479e-01,3.337636123049291248e-01,3.394441413053814194e-01,3.450146287206585782e-01,3.504709252551040377e-01,3.558089850477902383e-01,3.610248648640173585e-01,3.661147387094892958e-01,3.710749081675869809e-01,3.759018064197141573e-01,3.805920036914086646e-01,3.851422121067379356e-01,3.895492902514832156e-01,3.938102477181305572e-01,3.979222499018363890e-01,4.018826233187846042e-01,4.056888617186722445e-01,4.093386332556621099e-01,4.128297889601190707e-01,4.161603727091829352e-01,4.193286328182147527e-01,4.223330352573779201e-01,4.251722783273383377e-01,4.278453083962256986e-01,4.303513360014594169e-01,4.326898512572850408e-01,4.348606370977649571e-01,4.368637784582865558e-01,4.386996651131465641e-01,4.403689856226549737e-01,4.418727098017429800e-01,4.432120574133943669e-01,4.443884515101508836e-01,4.454034560461817560e-01,4.462586990308617940e-01,4.469557844521961920e-01,4.474961982072834799e-01,4.478812149857231417e-01,4.481118140793040050e-01,4.481886121183362159e-01,4.481118196013815225e-01,4.478812258617901887e-01,4.474962141123532966e-01,4.469558049254114263e-01,4.462587235040254563e-01,4.454034838766914861e-01,4.443884820151536297e-01,4.432120899022380378e-01,4.418727436044180279e-01,4.403690201127695159e-01,4.386996997247370467e-01,4.368638126965370683e-01,4.348606705441935838e-01,4.326898835703039126e-01,4.303513669133843811e-01,4.278453377077370279e-01,4.251723059003660876e-01,4.223330610072163482e-01,4.193286567054265723e-01,4.161603947318014973e-01,4.128298091463868391e-01,4.093386516575199807e-01,4.056888784060526665e-01,4.018826383747284292e-01,3.979222634184063079e-01,3.938102597930303594e-01,3.895493009853392419e-01,3.851422216009408039e-01,3.805920120464299505e-01,3.759018137338264731e-01,3.710749145359217294e-01,3.661147442233551597e-01,3.610248696104667032e-01,3.558089891094485258e-01,3.504709287170649779e-01,3.450146316521727763e-01,3.394441437709886933e-01,3.337636143671059985e-01,3.279772744890573910e-01,3.220894179328967488e-01,3.161043734885073953e-01,3.100264628488018648e-01,3.038599307518610182e-01,2.976088141073054971e-01,2.912766534109211269e-01,2.848656856314388253e-01,2.783733845294411591e-01,2.717155227914478388e-01,2.651041326474778970e-01,2.584709735365391392e-01,2.517990787169508970e-01,2.450886330436813920e-01,2.383422432462331264e-01,2.315632406016868705e-01,2.247551793672637466e-01,2.179216197942545619e-01,2.110660050388599718e-01,2.041915740963639592e-01,1.973012885055889509e-01,1.903977623528725904e-01,1.834831894303959876e-01,1.765592629010180881e-01
9.537878787878788511e-01,1.749418500878656968e-01,1.818162084970064707e-01,1.886779415425554052e-01,1.955257481294675193e-01,2.023578009637879149e-01,2.091718341522817715e-01,2.159652230814388674e-01,2.227350623659158368e-01,2.294782500065015995e-01,2.361915925228466606e-01,2.428719643940980832e-01,2.495166146516133443e-01,2.561239582895746825e-01,2.626968097464217888e-01,2.693320501537667111e-01,2.758490778951826483e-01,2.822663627478655402e-01,2.886059495539680664e-01,2.948682674104148305e-01,3.010507117303837799e-01,3.071497069007460556e-01,3.131612805264247235e-01,3.190812880618205671e-01,3.249055209554553847e-01,3.306297670184193960e-01,3.362498481125512639e-01,3.417616457665425544e-01,3.471611196977197333e-01,3.524443215658170647e-01,3.576074089218304608e-01,3.626466538993690647e-01,3.675584403355248719e-01,3.723392827840208974e-01,3.769858270722380444e-01,3.814948551002373400e-01,3.858632892174433393e-01,3.900881964563110427e-01,3.941667928651982900e-01,3.980964481767219620e-01,4.018746910453073196e-01,4.054992150794269334e-01,4.089678858741418455e-01,4.122787492109429297e-01,4.154300405271206809e-01,4.184201956575073766e-01,4.212478627088930283e-01,4.239119147343949900e-01,4.264114626278243669e-01,4.287458673591375002e-01,4.309147503347925401e-01,4.329180003189289083e-01,4.347557750394434040e-01,4.364284953932892619e-01,4.379368301402556951e-01,4.392816692235473330e-01,4.404640844555167689e-01,4.414852772980732976e-01,4.423465148226492505e-01,4.430490565386209223e-01,4.435940764201842246e-01,4.439825858530129232e-01,4.442153640536308790e-01,4.442929025267151055e-01,4.442153691899790591e-01,4.439825959710669845e-01,4.435940912208960474e-01,4.430490755977758432e-01,4.423465376169785634e-01,4.414853032354251750e-01,4.404641129061567240e-01,4.392816995499557176e-01,4.379368617232806682e-01,4.364285276533078073e-01,4.347558074519162763e-01,4.329180324243623867e-01,4.309147817436519423e-01,4.287458977524946646e-01,4.264114917547274231e-01,4.239119424068915065e-01,4.212478887955781737e-01,4.184202200763328938e-01,4.154300632380074632e-01,4.122787702086259665e-01,4.089679051815132693e-01,4.054992327415384290e-01,4.018747071241116076e-01,3.980964627465642947e-01,3.941668060090275927e-01,3.900882082625533043e-01,3.858632997774657514e-01,3.814948645063377941e-01,3.769858354160720570e-01,3.723392901554054002e-01,3.675584468215446488e-01,3.626466595837677387e-01,3.576074138848747141e-01,3.524443258930165523e-01,3.471611234525456835e-01,3.417616490143733921e-01,3.362498509156502946e-01,3.306297694348643845e-01,3.249055230389651938e-01,3.190812898616702808e-01,3.131612820872873848e-01,3.071497082623921848e-01,3.010507129270854620e-01,2.948682684697312983e-01,2.886059504942049547e-01,2.822663635719805941e-01,2.758490785716971039e-01,2.693320504795581605e-01,2.627074381639207257e-01,2.561392801905409966e-01,2.495351546485094218e-01,2.428929668136645958e-01,2.362145672823378617e-01,2.295028422691152425e-01,2.227609980398476686e-01,2.159922811106101959e-01,2.091998305453791895e-01,2.023865787219977508e-01,1.955551704351997933e-01,1.887078868804485110e-01,1.818465669792447004e-01,1.749725205565428598e-01
9.575757575757576356e-01,1.734230688836964629e-01,1.802519276246866975e-01,1.870646905808270866e-01,1.938604494919752286e-01,2.006377390701520047e-01,2.073946319191372345e-01,2.141288251419769528e-01,2.208377255123105953e-01,2.275185432755854331e-01,2.341684137396701504e-01,2.407845923627951190e-01,2.473648601791260948e-01,2.539086981415064059e-01,2.604234783551171994e-01,2.670151773853354782e-01,2.734462674541767169e-01,2.797931594467206184e-01,2.860647245304980824e-01,2.922602223516549969e-01,2.983768323375671772e-01,3.044109853889713224e-01,3.103587878745605044e-01,3.162162007074773018e-01,3.219791303002517147e-01,3.276434814589510580e-01,3.332051914934324177e-01,3.386602540140509210e-01,3.440047365278753877e-01,3.492347939870142359e-01,3.543466793860055586e-01,3.593367525365208648e-01,3.642014966736834003e-01,3.689375006756072106e-01,3.735414862528483870e-01,3.780103053015773096e-01,3.823409441519951546e-01,3.865305274976905681e-01,3.905763222647424260e-01,3.944757416376930559e-01,3.982263494449375663e-01,4.018258650960350731e-01,4.052721692454928082e-01,4.085633103249393661e-01,4.116975120319851800e-01,4.146731817823759436e-01,4.174889200155398328e-01,4.201435300868434641e-01,4.226360282791608580e-01,4.249656532249717622e-01,4.271318737584669512e-01,4.291343939377990635e-01,4.309731537287310732e-01,4.326483236752243777e-01,4.341602918666225830e-01,4.355096417165347789e-01,4.366971195562170394e-01,4.377235918468789233e-01,4.385899929083680870e-01,4.392972653524861437e-01,4.398462967274744395e-01,4.402378569957275944e-01,4.404725421308336997e-01,4.405507291250015389e-01,4.404725469411610583e-01,4.402378664727432667e-01,4.398463105933765882e-01,4.392972832131371019e-01,4.385900142774823984e-01,4.377236161739804787e-01,4.366971462556583639e-01,4.355096701951213234e-01,4.341603215478823663e-01,4.326483540190702581e-01,4.309731842459171292e-01,4.291344241992178232e-01,4.271319033997754144e-01,4.249656819472357738e-01,4.226360558464850592e-01,4.201435563218132718e-01,4.174889447932745301e-01,4.146732050239050338e-01,4.116975336974238453e-01,4.085633304068624905e-01,4.052721877627907809e-01,4.018258820883476301e-01,3.982263649677736383e-01,3.944757557582515006e-01,3.905763350583861815e-01,3.865305390450364809e-01,3.823409545365576978e-01,3.780103146078850895e-01,3.735414945649799257e-01,3.689375080760697312e-01,3.642015032426317300e-01,3.593367583520328812e-01,3.543466845316973757e-01,3.492347985230472296e-01,3.440047405191634655e-01,3.386602575222854017e-01,3.332051945764607503e-01,3.276434841706646339e-01,3.219791326905424023e-01,3.162162028221961463e-01,3.103587897554211383e-01,3.044109870733228140e-01,2.983768338579423918e-01,2.922602237348727039e-01,2.860647257958076617e-01,2.797931606015977013e-01,2.734462684825405554e-01,2.670151781924761103e-01,2.604315451026644190e-01,2.539221734006473219e-01,2.473817673042891796e-01,2.408040636808390089e-01,2.341899160282665260e-01,2.275417008987339618e-01,2.208622529329881679e-01,2.141544943808743606e-01,2.074212544550727844e-01,2.006651547196058871e-01,1.938885190398341452e-01,1.870932905871467156e-01,1.802809465655481336e-01,1.734524041418358808e-01
9.613636363636364202e-01,1.719770500708232563e-01,1.787650296623839452e-01,1.855333369233896357e-01,1.922814672844040673e-01,1.990083256566269609e-01,2.057123295366624638e-01,2.123915032443600137e-01,2.190435715104239456e-01,2.256660649854552447e-01,2.322564628655144348e-01,2.388124364603352590e-01,2.453324010949307077e-01,2.518173518745460138e-01,2.582858182341473130e-01,2.648168331653942831e-01,2.711752794729800353e-01,2.774559841323711584e-01,2.836629968497447196e-01,2.897948830658709229e-01,2.958487035227233553e-01,3.018209249529065774e-01,3.077077429654406227e-01,3.135052278486339938e-01,3.192094023044594886e-01,3.248162883872633411e-01,3.303219386885273279e-01,3.357224586113289888e-01,3.410140231518084541e-01,3.461928900286728172e-01,3.512554102125955424e-01,3.561980364321549741e-01,3.610173289169841815e-01,3.657099744865041635e-01,3.702727648984726616e-01,3.747026219553487580e-01,3.789965969225579379e-01,3.831518731467128402e-01,3.871657694888386847e-01,3.910357437153418325e-01,3.947593960433102289e-01,3.983344730070479400e-01,4.017588717939952203e-01,4.050306451709099198e-01,4.081480070783359282e-01,4.111093389067199122e-01,4.139131963761924493e-01,4.165583168190542529e-01,4.190436265073229083e-01,4.213682474795877875e-01,4.235315031098229044e-01,4.255329214441737062e-01,4.273722351388947738e-01,4.290493767051520302e-01,4.305644677559283817e-01,4.319178011115375471e-01,4.331098150014311421e-01,4.341410592238665878e-01,4.350121539749615684e-01,4.357237430608907891e-01,4.362764442294976286e-01,4.366708002218464557e-01,4.369072346570673226e-01,4.369860168650888110e-01,4.369072391917547260e-01,4.366708091565436045e-01,4.362764573037354321e-01,4.357237599051244636e-01,4.350121741332454439e-01,4.341410821800517073e-01,4.331098402063712216e-01,4.319178280089479571e-01,4.305644958051177973e-01,4.290494053994236556e-01,4.273722640190695254e-01,4.255329501073065734e-01,4.235315312134949051e-01,4.213682747425341879e-01,4.190436527072082806e-01,4.165583417882080530e-01,4.139132199960774972e-01,4.111093611017261895e-01,4.081480278094307135e-01,4.050306644294415226e-01,4.017588895959589568e-01,3.983344893879008919e-01,3.947594110534138334e-01,3.910357574160622240e-01,3.871657819492548835e-01,3.831518844409006475e-01,3.789966071273895842e-01,3.747026311487328121e-01,3.702727731579983361e-01,3.657099818884727016e-01,3.610173355410129514e-01,3.561980423514405913e-01,3.512554154885226820e-01,3.461928947252100874e-01,3.410140273298489233e-01,3.357224623282579201e-01,3.303219419980987781e-01,3.248162913395749585e-01,3.192094049459475169e-01,3.135052302220496800e-01,3.077077451097917082e-01,3.018209269032924857e-01,2.958487053099898567e-01,2.897948847159411701e-01,2.836629983822538392e-01,2.774559855576967937e-01,2.711752807846001811e-01,2.648168343115887557e-01,2.582906008340952186e-01,2.518289501496173144e-01,2.453477095370357186e-01,2.388304292206280544e-01,2.322765523295977630e-01,2.256878507089533081e-01,2.190667547740871024e-01,2.124158483050946622e-01,2.057376429141610230e-01,1.990344437638485731e-01,1.923082484068538156e-01,1.855606556639532723e-01,1.787927728714621134e-01,1.720051137096963445e-01
9.651515151515152047e-01,1.705938828491868620e-01,1.773452296236384118e-01,1.840732187850946389e-01,1.907777622505056891e-01,1.974581450817771422e-01,2.041131377428179461e-01,2.107410990035535336e-01,2.173400793798710429e-01,2.239079409814970500e-01,2.304425273835411792e-01,2.369419744670623884e-01,2.434054870121186154e-01,2.498364138436348914e-01,2.563338817510803502e-01,2.627290518668266017e-01,2.690213583164381417e-01,2.752394763444323544e-01,2.813850637256041787e-01,2.874562628239239470e-01,2.934500812430583805e-01,2.993630430050340796e-01,3.051914410474426131e-01,3.109314582086875056e-01,3.165792346517888878e-01,3.221309100142352722e-01,3.275826521888872134e-01,3.329306783271150927e-01,3.381712709274102280e-01,3.433007905857061726e-01,3.483156863317490304e-01,3.532125041211132688e-01,3.579878938167476154e-01,3.626386144124802979e-01,3.671615457289971740e-01,3.715536829048540213e-01,3.758121395209240156e-01,3.799341592073846030e-01,3.839171144304241445e-01,3.877585093060996191e-01,3.914559823170206676e-01,3.950073091168010420e-01,3.984104055527788457e-01,4.016633310102478704e-01,4.047642921479033262e-01,4.077116470461816800e-01,4.105039097227754508e-01,4.131397548796802988e-01,4.156180226318417770e-01,4.179377228304575476e-01,4.200980384404038315e-01,4.220983272741984371e-01,4.239381212456703185e-01,4.256171222150463840e-01,4.271351934907077208e-01,4.284923461713397996e-01,4.296887197893759502e-01,4.307245571695906827e-01,4.316001740319361790e-01,4.323159245921777138e-01,4.328721651517751234e-01,4.332692182904994693e-01,4.335073406427560339e-01,4.335866972364540439e-01,4.335073449438129334e-01,4.332692267652079599e-01,4.328721775537553995e-01,4.323159405719102510e-01,4.316001931582950646e-01,4.307245789546511050e-01,4.296887437141617694e-01,4.284923717102943619e-01,4.271352201331568565e-01,4.256171494825431445e-01,4.239381487047335084e-01,4.220983545444614848e-01,4.200980651986267467e-01,4.179377488110550543e-01,4.156180476247405275e-01,4.131397787262743315e-01,4.105039323106688953e-01,4.077116683033407130e-01,4.047643120366574698e-01,4.016633495214794736e-01,3.984104227005095811e-01,3.950073249333243552e-01,3.914559968486354125e-01,3.877585226094403814e-01,3.839171265693842039e-01,3.799341702505696361e-01,3.758121495395932987e-01,3.715536919712956743e-01,3.671615539154135521e-01,3.626386218001484418e-01,3.579879004672462117e-01,3.532125100976732934e-01,3.483156916971195116e-01,3.433007953998422068e-01,3.381712752470767969e-01,3.329306822057535586e-01,3.275826556765683018e-01,3.221309131576525764e-01,3.165792374942572596e-01,3.109314607901552674e-01,3.051914434044451507e-01,2.993630451705788786e-01,2.934500832463797226e-01,2.874562646899652130e-01,2.813850654740103763e-01,2.752394779874078323e-01,2.690213598536173589e-01,2.627290532689806057e-01,2.563338828327593188e-01,2.498460495250059421e-01,2.434192163596233249e-01,2.369585331033081665e-01,2.304612574565594596e-01,2.239284120929641853e-01,2.173619775106612750e-01,2.107641796512506327e-01,2.041372019651972181e-01,1.974830256292601782e-01,1.908033147820289710e-01,1.840993158955169517e-01,1.773717565332932899e-01,1.706207341227357899e-01
9.689393939393939892e-01,1.692693795245505950e-01,1.759881841090208676e-01,1.826798323300157512e-01,1.893446673271382552e-01,1.959823659980682031e-01,2.025920614980434575e-01,2.091724560138272515e-01,2.157219358093623862e-01,2.222387088209603068e-01,2.287210103688110119e-01,2.351675095571192642e-01,2.415784455172470535e-01,2.479613343766596811e-01,2.544327259298288513e-01,2.607474730876326863e-01,2.669783269414588989e-01,2.731371678884056964e-01,2.792243089018385249e-01,2.852376358480981922e-01,2.911741489602629462e-01,2.970304456121282133e-01,3.028029224178622192e-01,3.084878773747756209e-01,3.140815691517269137e-01,3.195802553604457086e-01,3.249802193553136265e-01,3.302777901770693192e-01,3.354693580595038416e-01,3.405513868567209834e-01,3.455204242004427106e-01,3.503731098979774305e-01,3.551061829069473985e-01,3.597164870958403093e-01,3.642009757012500404e-01,3.685567181427985561e-01,3.727809058896683347e-01,3.768708379934530006e-01,3.808239429090842232e-01,3.846377734935952919e-01,3.883100089997777449e-01,3.918384568273384772e-01,3.952210542261103132e-01,3.984558700485171800e-01,4.015411066151702291e-01,4.044751017235547752e-01,4.072563307860639914e-01,4.098834090259517726e-01,4.123550935878015355e-01,4.146702853329868321e-01,4.168280299950910539e-01,4.188275182732248969e-01,4.206680843563480043e-01,4.223492023172914500e-01,4.238704798146976649e-01,4.252316486181071942e-01,4.264325516464619326e-01,4.274731264927741359e-01,4.283533857877269702e-01,4.290733951994435968e-01,4.296332503156598537e-01,4.300330540299066584e-01,4.302728962706012794e-01,4.303528379032163786e-01,4.302729003675331843e-01,4.300330621023807920e-01,4.296332621289562503e-01,4.290734104207254429e-01,4.283534040066075965e-01,4.274731472450522540e-01,4.264325744387232331e-01,4.252316729510242088e-01,4.238705052034441589e-01,4.223492283079882670e-01,4.206681105381006036e-01,4.188275442857569142e-01,4.168280555324433978e-01,4.146703101439395689e-01,4.123551174737296598e-01,4.098834318369278806e-01,4.072563524158174242e-01,4.044751221038935252e-01,4.015411257102750597e-01,3.984558878494430800e-01,3.952210707456505490e-01,3.918384720954519729e-01,3.883100230595417646e-01,3.846377863977750722e-01,3.808239547172312944e-01,3.768708487695228704e-01,3.727809157001259477e-01,3.685567270554200858e-01,3.642009837956671214e-01,3.597164944272148723e-01,3.551061895375572930e-01,3.503731158890882602e-01,3.455204296108718709e-01,3.405513917424412562e-01,3.354693624734656487e-01,3.302777941691070751e-01,3.249802229721271973e-01,3.195802586455981364e-01,3.140815721456717835e-01,3.084878801148565053e-01,3.028029249383080157e-01,2.970304479439735412e-01,2.911741511311594643e-01,2.852376378819359015e-01,2.792243108179879862e-01,2.731371697001568899e-01,2.669783286524896049e-01,2.607474746819435918e-01,2.544327273227637853e-01,2.479688125259917331e-01,2.415905971056484247e-01,2.351826703042216582e-01,2.287384288596198689e-01,2.222579179450779041e-01,2.157426036274975312e-01,2.091943280725109267e-01,2.026149327997457117e-01,1.960060653231704975e-01,1.893690475509513527e-01,1.827047639674731216e-01,1.760135507293902890e-01,1.692950743064118024e-01
9.727272727272727737e-01,1.679895627155973126e-01,1.746794015904232500e-01,1.813381679307184691e-01,1.879666525546805356e-01,1.945649374356724082e-01,2.011325296707974497e-01,2.076684855283966180e-01,2.141715392592245804e-01,2.206402629132470650e-01,2.270733200073364877e-01,2.334700113785011244e-01,2.398320190863122980e-01,2.461762381646249442e-01,2.526022316288356606e-01,2.588518103481144972e-01,2.650247142996864369e-01,2.711270013031271686e-01,2.771581771735187605e-01,2.831159794372956062e-01,2.889974339971103645e-01,2.947992240312094503e-01,3.005178551221117100e-01,3.061497428624555539e-01,3.116912656544729154e-01,3.171387998189426627e-01,3.224887447577819977e-01,3.277375420166636077e-01,3.328816903076294298e-01,3.379177576681108852e-01,3.428423914675358120e-01,3.476523267153163732e-01,3.523443929742921532e-01,3.569155200906878322e-01,3.613627428770583849e-01,3.656832047115275430e-01,3.698741602775068027e-01,3.739329914069317584e-01,3.778571756132810822e-01,3.816443180645185396e-01,3.852921422766257820e-01,3.887984909846431969e-01,3.921613265247019808e-01,3.953787309586404564e-01,3.984489060169283392e-01,4.013701729000839213e-01,4.041409719554026614e-01,4.067598622206597403e-01,4.092255207969698327e-01,4.115367419797778537e-01,4.136924360417295610e-01,4.156916275278901285e-01,4.175334528973295156e-01,4.192171573329454559e-01,4.207420905510709797e-01,4.221077014811399630e-01,4.233135317589813984e-01,4.243592080846715353e-01,4.252444336314234463e-01,4.259689788409456446e-01,4.265326720821487894e-01,4.269353907587347119e-01,4.271770535030188776e-01,4.272576140713270632e-01,4.271770574544712096e-01,4.269353985441750599e-01,4.265326834745339912e-01,4.259689935184705067e-01,4.252444511975754793e-01,4.243592280913228709e-01,4.233135537302613605e-01,4.221077249360150607e-01,4.207421150230482021e-01,4.192171823858796276e-01,4.175334781369087200e-01,4.156916526088868524e-01,4.136924606713840991e-01,4.115367659180765303e-01,4.092255438544506463e-01,4.067598842545397386e-01,4.041409928646699234e-01,4.013701926200762271e-01,3.984489245138163049e-01,3.953787482241244433e-01,3.921613425711125145e-01,3.887985058405347694e-01,3.852921559829434184e-01,3.816443306713224737e-01,3.778571871769941803e-01,3.739330019881378919e-01,3.698741699401088545e-01,3.656832135321060329e-01,3.613627509063980781e-01,3.569155273897657854e-01,3.523443996031746517e-01,3.476523327320105161e-01,3.428423969275567473e-01,3.379177626242292898e-01,3.328816948097308992e-01,3.277375461116893707e-01,3.224887484897254741e-01,3.171388032288440795e-01,3.116912687804640480e-01,3.061497457397728827e-01,3.005178577831063014e-01,2.947992265052913896e-01,2.889974363106283528e-01,2.831159816132393092e-01,2.771581792309474324e-01,2.711270032560253451e-01,2.650247161544320162e-01,2.588518120969339753e-01,2.526022332247562230e-01,2.461810504164552438e-01,2.398425677862258965e-01,2.334838003658921968e-01,2.270894679961303064e-01,2.206582570080302952e-01,2.141910263364543154e-01,2.076891997649688015e-01,2.011542593277390323e-01,1.945875069736821006e-01,1.879899118874766573e-01,1.813619854100770312e-01,1.747036591067379629e-01,1.680141520672376876e-01
9.765151515151515582e-01,1.667604281930279153e-01,1.734251266011052062e-01,1.800547109178335936e-01,1.866504381684611635e-01,1.932128104524836187e-01,1.997417217857107852e-01,2.062365950897711020e-01,2.126965274830650843e-01,2.191204783150886293e-01,2.255075883017632621e-01,2.318579356146700798e-01,2.381753847065792573e-01,2.445548515391195166e-01,2.508604921183165692e-01,2.570517485398078339e-01,2.631700857948870986e-01,2.692187039344631216e-01,2.751966092916757201e-01,2.811014644831761888e-01,2.869303454764738914e-01,2.926800309223694940e-01,2.983471396242540763e-01,3.039282067891875827e-01,3.094197316146344856e-01,3.148182098127714212e-01,3.201201574241954728e-01,3.253221291554052041e-01,3.304207330074769855e-01,3.354126422214812053e-01,3.402946051682220197e-01,3.450634535854044671e-01,3.497161094332406628e-01,3.542495905578559312e-01,3.586610152974638588e-01,3.629476061179119917e-01,3.671066922531509014e-01,3.711357097489242363e-01,3.750322208625178622e-01,3.787938770968753976e-01,3.824184494824305891e-01,3.859038203938012779e-01,3.892479816006106375e-01,3.924490327433399761e-01,3.955051792669562749e-01,3.984147298931453030e-01,4.011760936808599909e-01,4.037877767284130948e-01,4.062483785848242657e-01,4.085565884606893183e-01,4.107111813591282634e-01,4.127110142842707052e-01,4.145550227253596010e-01,4.162422176531217488e-01,4.177716832931999691e-01,4.191425759470389090e-01,4.203541241011967133e-01,4.214056299895908575e-01,4.222964726446292172e-01,4.230261122974561805e-01,4.235940957850599098e-01,4.240000624272533547e-01,4.242437496941139918e-01,4.243249979372666347e-01,4.242437535340432553e-01,4.240000699922457650e-01,4.235941068531886566e-01,4.230261265543766580e-01,4.222964897033713028e-01,4.214056494133145980e-01,4.203541454266340183e-01,4.191425987066219050e-01,4.177717070342536476e-01,4.162422419532079698e-01,4.145550472033133760e-01,4.127110386070703685e-01,4.107112052450108686e-01,4.085566116792199720e-01,4.062484009545920260e-01,4.037877981131425265e-01,4.011761139845296253e-01,3.984147490546565695e-01,3.955051972547568573e-01,3.924490495502635512e-01,3.892479972391175713e-01,3.859038348917459005e-01,3.824184628793836915e-01,3.787938894409766388e-01,3.750322322079366333e-01,3.711357201602309974e-01,3.671067017935666366e-01,3.629476148391325152e-01,3.586610232588849922e-01,3.542495978183320404e-01,3.497161160500257271e-01,3.450634596136343268e-01,3.402946106605720389e-01,3.354126472279860272e-01,3.304207375753974718e-01,3.253221333292091177e-01,3.201201612455271683e-01,3.148182133204948108e-01,3.094197348448617380e-01,3.039282097753138179e-01,2.983471423969762393e-01,2.926800335096666483e-01,2.869303479035079651e-01,2.811014667720854177e-01,2.751966114611477110e-01,2.692187059988578324e-01,2.631700877624168489e-01,2.570517504080902516e-01,2.508604938599340306e-01,2.445548529666912441e-01,2.381842650368050374e-01,2.318703688828076537e-01,2.255225019649533535e-01,2.191373010501211360e-01,2.127148808000932645e-01,2.062562000558871567e-01,1.997623590952368189e-01,1.932342998253483157e-01,1.866726263361047633e-01,1.800774639563877677e-01,1.734483246718059590e-01,1.667839617010833664e-01
9.803030303030304538e-01,1.655857716735044949e-01,1.722293302334115261e-01,1.788335987138300887e-01,1.854003210886543407e-01,1.919304365772005749e-01,1.984242409759123527e-01,2.048815385921426424e-01,2.113018074728978679e-01,2.176844238345483906e-01,2.240290726237789409e-01,2.303368332796553730e-01,2.366152681936786739e-01,2.429906946619204977e-01,2.492156171780171570e-01,2.553534803521580465e-01,2.614205816587332198e-01,2.674185161018668988e-01,2.733459802104099001e-01,2.792006133757760078e-01,2.849795601011458901e-01,2.906797022070859438e-01,2.962977752598623393e-01,3.018304358619692263e-01,3.072743050298176182e-01,3.126259986059556906e-01,3.178821499690734353e-01,3.230394277849010787e-01,3.280945503253351880e-01,3.330442972552262182e-01,3.378855194426960140e-01,3.426151471517429048e-01,3.472301968570784547e-01,3.517277768468415888e-01,3.561050917292814533e-01,3.603594459232324354e-01,3.644882461768651494e-01,3.684890030806222683e-01,3.723593308143597902e-01,3.760969573145854228e-01,3.796997061987010813e-01,3.831655000120299803e-01,3.864923652772962459e-01,3.896784244453153634e-01,3.927218917695458611e-01,3.956210682828966707e-01,3.983743360153175206e-01,4.009801515719035869e-01,4.034370392457329313e-01,4.057435839215897122e-01,4.078984241302698877e-01,4.099002457304468106e-01,4.117477768156084794e-01,4.134397845469313104e-01,4.149750746721044825e-01,4.163524944709898756e-01,4.175709397360681252e-01,4.186293661214805506e-01,4.195268047718474502e-01,4.202623815957892695e-01,4.208353389456503391e-01,4.212450579087581026e-01,4.214910790330967383e-01,4.215731192189528520e-01,4.214910827779515534e-01,4.212450652853967914e-01,4.208353497357185113e-01,4.202623954902677261e-01,4.195268213907697441e-01,4.186293850365278568e-01,4.175709604937976049e-01,4.163525166146448964e-01,4.149750977604549917e-01,4.134398081692079452e-01,4.117478006021431103e-01,4.099002693591700108e-01,4.078984473295380608e-01,4.057436064699907474e-01,4.034370609696466548e-01,4.009801723415353236e-01,3.983743557397904644e-01,3.956210869049900380e-01,3.927219092603762007e-01,3.896784407993070798e-01,3.864923805075521357e-01,3.831655141462391168e-01,3.796997192755866557e-01,3.760969693810233827e-01,3.723593419357340006e-01,3.684890133043633442e-01,3.644882555563053739e-01,3.603594545157567941e-01,3.561050995922964701e-01,3.517277840366856423e-01,3.472302034283749617e-01,3.426151531570011954e-01,3.378855249320130150e-01,3.330443022761296334e-01,3.280945549227001212e-01,3.230394320008957987e-01,3.178821538431882976e-01,3.126260021750264517e-01,3.072743083280720655e-01,3.018304389210739180e-01,2.962977781089553009e-01,2.906797048727673416e-01,2.849795626074277388e-01,2.792006157439266834e-01,2.733459824586293441e-01,2.674185182446373044e-01,2.614205837054729420e-01,2.553534823041289648e-01,2.492156190193868526e-01,2.429906963129546127e-01,2.366223373852777978e-01,2.303479133006535173e-01,2.240427823084761572e-01,2.177001151287232261e-01,2.113190710698670538e-01,2.049000803006413851e-01,1.984438329330003858e-01,1.919508932612683794e-01,1.854214857834554919e-01,1.788553350785193619e-01,1.722515166287709176e-01,1.656082970816986633e-01
9.840909090909091272e-01,1.644643762394461806e-01,1.710907827190860653e-01,1.776735799041243846e-01,1.842150218053048849e-01,1.907165038406549440e-01,1.971787405237209467e-01,2.036019347667737955e-01,2.099859675147298654e-01,2.163306699369110242e-01,2.226363650200608724e-01,2.289054963939757825e-01,2.351532250206069818e-01,2.415001536420524619e-01,2.476669564792162714e-01,2.537554946420443880e-01,2.597745366734836026e-01,2.657247104849529418e-01,2.716045265497064043e-01,2.774116386422994518e-01,2.831432742068052399e-01,2.887964246011476832e-01,2.943679452920578421e-01,2.998546160164650698e-01,3.052531807509155648e-01,3.105603764035835268e-01,3.157729546323817527e-01,3.208876991345689378e-01,3.259014397370194605e-01,3.308110640803825775e-01,3.356135273915621386e-01,3.403058606638842409e-01,3.448851774565999118e-01,3.493486794558166575e-01,3.536936608915252078e-01,3.579175118703901148e-01,3.620177206554062721e-01,3.659918748932224353e-01,3.698376617286899815e-01,3.735528663436984420e-01,3.771353755418812015e-01,3.805831719337243180e-01,3.838943151887502236e-01,3.870669571197428160e-01,3.900993269944350583e-01,3.929897239317639568e-01,3.957365079894444859e-01,3.983380902367176235e-01,4.007929221048524560e-01,4.030994844455553228e-01,4.052562769122559638e-01,4.072618084919759074e-01,4.091145902338257923e-01,4.108131314088310226e-01,4.123559404453595034e-01,4.137415319532373736e-01,4.149684409139940411e-01,4.160352446243166802e-01,4.169405922208499482e-01,4.176832406315774682e-01,4.182620947112821175e-01,4.186762483147868363e-01,4.189250223705984766e-01,4.190079958518253544e-01,4.189250260291668138e-01,4.186762555200637670e-01,4.182621052473894929e-01,4.176832541933250265e-01,4.169406084335016693e-01,4.160352630662115248e-01,4.149684611396837752e-01,4.137415535151179324e-01,4.123559629122180437e-01,4.108131543804263708e-01,4.091146133511495697e-01,4.072618314433746334e-01,4.052562994359026338e-01,4.030995063290002678e-01,4.007929431823742950e-01,3.983381103852282057e-01,3.957365271235577797e-01,3.929897419985178830e-01,3.900993439680509600e-01,3.870669729966800254e-01,3.838943299832001665e-01,3.805831856736491270e-01,3.771353882658139978e-01,3.735528781135204479e-01,3.698376725819529365e-01,3.659918848811685166e-01,3.620177298329153581e-01,3.579175202930686139e-01,3.536936686145300546e-01,3.493486865330659996e-01,3.448851839402605202e-01,3.403058666039960878e-01,3.356135328357985892e-01,3.308110690739132775e-01,3.259014443224359514e-01,3.208877033518675037e-01,3.157729585189864574e-01,3.105603799943868482e-01,3.052531840783291872e-01,2.998546191104808356e-01,2.943679481802824460e-01,2.887964273088292066e-01,2.831432767567937936e-01,2.774116410549509193e-01,2.716045288426287008e-01,2.657247126725282294e-01,2.597745387658729754e-01,2.537554966429911296e-01,2.476669583802441899e-01,2.415001553992228434e-01,2.351581440000075074e-01,2.289152061509593383e-01,2.226488938867731693e-01,2.163452652705464552e-01,2.100021819400119116e-01,2.036194561606176623e-01,1.971973312790386845e-01,1.907359726059094096e-01,1.842352081058727387e-01,1.776943448140730630e-01,1.711120027094405471e-01,1.644859388258280708e-01
9.878787878787880228e-01,1.633914394977777351e-01,1.700045393178725717e-01,1.765695591935845521e-01,1.830892886845378043e-01,1.895656006613467837e-01,1.959996475178623077e-01,2.023920508124179840e-01,2.087431211676929466e-01,2.150531943586928563e-01,2.213233664558447999e-01,2.275580770894686800e-01,2.338038402565783824e-01,2.400914699689091492e-01,2.462081565747290812e-01,2.522508713832555816e-01,2.582247987244800647e-01,2.641299627756721891e-01,2.699647724535724769e-01,2.757269241333406562e-01,2.814137397781008576e-01,2.870223257624232582e-01,2.925496603951984187e-01,2.979926483747792898e-01,3.033481579980082388e-01,3.086130484619575287e-01,3.137841909761103776e-01,3.188584857063430089e-01,3.238328757150887305e-01,3.287043586012550200e-01,3.334699962812217588e-01,3.381269231953944465e-01,3.426723531257672706e-01,3.471035847438933009e-01,3.514180059616503482e-01,3.556130971212329572e-01,3.596864330308983115e-01,3.636356838255840884e-01,3.674586146015529353e-01,3.711530837215695211e-01,3.747170394310624375e-01,3.781485172620848156e-01,3.814456440317030572e-01,3.846065971461348765e-01,3.876296289063850264e-01,3.905130437263875653e-01,3.932551859777571601e-01,3.958544260910245582e-01,3.983091455389918267e-01,4.006177213335694320e-01,4.027785109295025090e-01,4.047898387533779840e-01,4.066499859173761666e-01,4.083571849802352660e-01,4.099096218058042029e-01,4.113054465472309462e-01,4.125427954500828776e-01,4.136198244386898315e-01,4.145347542980777344e-01,4.152859257528209169e-01,4.158718610536431548e-01,4.162913271068819365e-01,4.165433940807815594e-01,4.166274831358921515e-01,4.165433976633481361e-01,4.162913341607336615e-01,4.158718713641758602e-01,4.152859390170179910e-01,4.145347701445145083e-01,4.136198424503229054e-01,4.125428151874853677e-01,4.113054675701312557e-01,4.099096436914577146e-01,4.083572073376913747e-01,4.066500083973689783e-01,4.047898610540416886e-01,4.027785327984874653e-01,4.006177425672582948e-01,3.983091659796199613e-01,3.958544456224140085e-01,3.932552045202982738e-01,3.905130612317320171e-01,3.876296453522506957e-01,3.846066125314307471e-01,3.814456583721419491e-01,3.781485305868118596e-01,3.747170517963237524e-01,3.711530951561565761e-01,3.674586251532376835e-01,3.636356935462802253e-01,3.596864419740983254e-01,3.556131053406686449e-01,3.514180135103723290e-01,3.471035916736085469e-01,3.426723594863690936e-01,3.381269290346390899e-01,3.334700016445290016e-01,3.287043635315841095e-01,3.238328802528948058e-01,3.188584898895702180e-01,3.137841948402276260e-01,3.086130520400027777e-01,3.033481613206649996e-01,2.979926514704264728e-01,2.925496632899752814e-01,2.870223284802544406e-01,2.814137423406881666e-01,2.757269265601020036e-01,2.699647747614623006e-01,2.641299649788123594e-01,2.582248008334344092e-01,2.522508734034343281e-01,2.462081585025102937e-01,2.400914717785061214e-01,2.338048845267123033e-01,2.275663693817230049e-01,2.213347289118456351e-01,2.150667242866674544e-01,2.087583232097799113e-01,2.024085915448340101e-01,1.960172781613905291e-01,1.895841233456058428e-01,1.831085388175147377e-01,1.765893950697743631e-01,1.700248354129389183e-01,1.634120818059839608e-01
9.916666666666666963e-01,1.623531027170639907e-01,1.689562936624061651e-01,1.755067819516960004e-01,1.820079205373465736e-01,1.884620831246879291e-01,1.948708814293664549e-01,2.012353788233343932e-01,2.075563483054710945e-01,2.138346959079601428e-01,2.200724921223080055e-01,2.262773941071437311e-01,2.325824580463690672e-01,2.387487254074593668e-01,2.448201589836841441e-01,2.508199503735620284e-01,2.567512935778009098e-01,2.626138325624671754e-01,2.684059345444748668e-01,2.741253601972640785e-01,2.797695354955606617e-01,2.853356866224240340e-01,2.908209175043077188e-01,2.962222596814115816e-01,3.015367072879175936e-01,3.067612432455380511e-01,3.118928598365499072e-01,3.169285754114707920e-01,3.218654482584070720e-01,3.267005882613316370e-01,3.314311667426963481e-01,3.360544247436979548e-01,3.405676799033278690e-01,3.449683320334860914e-01,3.492538674399234822e-01,3.534218620003810041e-01,3.574699829779461879e-01,3.613959895165765879e-01,3.651977317351920438e-01,3.688731483036359338e-01,3.724202623341911766e-01,3.758371752390620713e-01,3.791220575633234002e-01,3.822731610589473195e-01,3.852887547316015682e-01,3.881671578331762351e-01,3.909067070098575236e-01,3.935057382995733044e-01,3.959625670170781597e-01,3.982754667644226587e-01,4.004426487949181435e-01,4.024622433928802256e-01,4.043322854256345966e-01,4.060507066810347121e-01,4.076153379113480746e-01,4.090239235227203229e-01,4.102741514265165201e-01,4.113636995755249326e-01,4.122902990897683861e-01,4.130518117125490107e-01,4.136463168787193889e-01,4.140722013508918997e-01,4.143282427195901785e-01,4.144136775830400410e-01,4.143282462452911319e-01,4.140722082906503898e-01,4.136463270174153828e-01,4.130518247468877857e-01,4.122903146487384984e-01,4.113637172436122591e-01,4.102741707672194482e-01,4.090239441002323506e-01,4.076153593088570615e-01,4.060507285147423873e-01,4.043323073543153012e-01,4.024622651231914983e-01,4.004426700830939767e-01,3.982754874151291369e-01,3.959625868802332804e-01,3.935057572658500202e-01,3.909067250055410780e-01,3.881671748147806911e-01,3.852887706806819024e-01,3.822731759772862170e-01,3.791220714699379823e-01,3.758371881820221083e-01,3.724202743341275545e-01,3.688731594039836303e-01,3.651977419845269246e-01,3.613959989660619487e-01,3.574699916797932642e-01,3.534218700067430774e-01,3.492538748020835859e-01,3.449683388012544927e-01,3.405676861246296760e-01,3.360544304642956726e-01,3.314311720060127420e-01,3.267005931083688530e-01,3.218654527277057253e-01,3.169285795391285077e-01,3.118928636562663392e-01,3.067612467886776662e-01,3.015367105835777273e-01,2.962222627565047617e-01,2.908209203836132906e-01,2.853356893286356777e-01,2.797695380493115391e-01,2.741253626170692681e-01,2.684059368466224504e-01,2.626138347607418488e-01,2.567512956829338111e-01,2.508199523920849328e-01,2.448201609152374780e-01,2.387487272367862234e-01,2.325824596964715940e-01,2.262841679763198943e-01,2.200826911245327699e-01,2.138471850510198502e-01,2.075705702395430619e-01,2.012509745228357183e-01,1.948875892225509776e-01,1.884796978233930775e-01,1.820262730268509543e-01,1.755257275315288690e-01,1.689757046974405819e-01,1.623728636206448472e-01
9.954545454545455918e-01,1.613439305159867221e-01,1.679404536796862968e-01,1.744794923794301955e-01,1.809649933993847659e-01,1.873998570326604607e-01,1.937861783546468708e-01,2.001254894817631746e-01,2.064190662229304363e-01,2.126684737712384310e-01,2.188770721210548942e-01,2.250585587599011339e-01,2.313529128497923137e-01,2.374656975044313889e-01,2.434955359399712804e-01,2.494550051615518071e-01,2.553461035479343555e-01,2.611682407443428056e-01,2.669197861729404875e-01,2.725985819925826892e-01,2.782021662321574884e-01,2.837278892495710969e-01,2.891729833406854744e-01,2.945346089244198495e-01,2.998098877387341821e-01,3.049959281725176385e-01,3.100898454526411219e-01,3.150887782217244859e-01,3.199899024183746610e-01,3.247904430223881866e-01,3.294876840202927148e-01,3.340789768167859997e-01,3.385617472304273123e-01,3.429335011492797292e-01,3.471918288731594693e-01,3.513344081272561925e-01,3.553590056936889452e-01,3.592634775704206529e-01,3.630457675300843845e-01,3.667039039139103340e-01,3.702359944571703143e-01,3.736402188935329938e-01,3.769148189441676178e-01,3.800580828493045904e-01,3.830683574321753215e-01,3.859439715579069952e-01,3.886832641768481200e-01,3.912845454560743841e-01,3.937460700862935314e-01,3.960660096821461695e-01,3.982424252265879261e-01,4.002732417740885729e-01,4.021562282760931528e-01,4.038889860530106568e-01,4.054689499225527238e-01,4.068934061036725280e-01,4.081595305270161456e-01,4.092644498994571500e-01,4.102053256928262504e-01,4.109794582408682895e-01,4.115844046707171078e-01,4.120181010622143702e-01,4.122789767908562886e-01,4.123660482223849288e-01,4.122789802819784577e-01,4.120181079313423034e-01,4.115844147001410658e-01,4.109794711241658849e-01,4.102053410560482782e-01,4.092644673250540599e-01,4.081595495778976290e-01,4.068934263452357314e-01,4.054689709410524423e-01,4.038890074694292398e-01,4.021562497553703430e-01,4.002732630299974392e-01,3.982424460229819774e-01,3.960660298313824490e-01,3.937460894456689120e-01,3.912845639230672079e-01,3.886832816837531013e-01,3.859439880663651512e-01,3.830683729279548144e-01,3.800580973453303590e-01,3.769148324676763195e-01,3.736402314620799192e-01,3.702360061090785304e-01,3.667039146940126448e-01,3.630457774870060605e-01,3.592634867547771504e-01,3.553590141567622984e-01,3.513344159199877637e-01,3.471918360454094299e-01,3.429335077493017025e-01,3.385617533045000016e-01,3.340789824089750448e-01,3.294876891723043100e-01,3.247904477735176210e-01,3.199899068054872231e-01,3.150887822792840520e-01,3.100898492127826533e-01,3.049959316651059127e-01,2.998098909914540533e-01,2.945346119628530213e-01,2.891729861883793884e-01,2.837278919281059353e-01,2.782021687611699878e-01,2.725985843897508198e-01,2.669197884539052379e-01,2.611682429225039015e-01,2.553461056340476376e-01,2.494550071628731658e-01,2.434955378583697760e-01,2.374656993312334874e-01,2.313529145436596102e-01,2.250635944779684205e-01,2.188860961892732659e-01,2.126799410719226457e-01,2.064323366610386901e-01,2.001401727972665079e-01,1.938019978694395795e-01,1.874165992956226545e-01,1.809824843041659692e-01,1.744975839838337206e-01,1.679590161050084351e-01,1.613628465242979704e-01
9.992424242424242653e-01,1.603766413126777590e-01,1.669702204654652800e-01,1.735013513825138798e-01,1.799746085471784218e-01,1.863934477048894700e-01,1.927604747230534099e-01,1.990777223823719522e-01,2.053470204880580574e-01,2.115707178191871540e-01,2.177539902800400828e-01,2.239266142274727311e-01,2.301911973760985830e-01,2.362604829048597366e-01,2.422521961160961634e-01,2.481741585360645597e-01,2.540276206167253470e-01,2.598118577429834319e-01,2.655252749349879537e-01,2.711658099789708842e-01,2.767311201098137663e-01,2.822186840978420652e-01,2.876258655475364967e-01,2.929499561343504310e-01,2.981882073969794877e-01,3.033378554291484286e-01,3.083961408258902859e-01,3.133603252380408599e-01,3.182277053501070818e-01,3.229956247888269294e-01,3.276614842832740182e-01,3.322227502770892515e-01,3.366769621100679788e-01,3.410217378236866659e-01,3.452547785934871327e-01,3.493738717450275422e-01,3.533768922654885736e-01,3.572618026781417822e-01,3.610266511005688628e-01,3.646695672601965033e-01,3.681887561933271380e-01,3.715824893080033609e-01,3.748490924431354676e-01,3.779869304498636451e-01,3.809943864844878014e-01,3.838698580928243120e-01,3.866116935882872307e-01,3.892181849141213568e-01,3.916875346805544500e-01,3.940178159967832605e-01,3.962069362925334515e-01,3.982526033232869911e-01,4.001522971351297309e-01,4.019032526384051507e-01,4.035024581801999743e-01,4.049466757831259311e-01,4.062324882082608557e-01,4.073563764060463277e-01,4.083148280662580176e-01,4.091044739434643862e-01,4.097222438523590027e-01,4.101655295179061911e-01,4.104323379220239376e-01,4.105214175134641597e-01,4.104323413848248170e-01,4.101655363282736833e-01,4.097222537887809657e-01,4.091044866947923242e-01,4.083148432538214467e-01,4.073563936084884651e-01,4.062325069863448324e-01,4.049466957021934377e-01,4.035024788286741271e-01,4.019032736415255602e-01,4.001523181637973714e-01,3.982526240984758936e-01,3.962069565859982490e-01,3.940178356289713024e-01,3.916875535166453037e-01,3.892182028589011300e-01,3.866117105805751963e-01,3.838698740999156866e-01,3.809944015130107831e-01,3.779869445009163553e-01,3.748491055318793896e-01,3.715825014666373494e-01,3.681887674622432716e-01,3.646695776849757653e-01,3.610266607298935337e-01,3.572618115621932766e-01,3.533769004547304138e-01,3.493738792892932543e-01,3.452547855413199973e-01,3.410217442218649864e-01,3.366769680032960510e-01,3.322227557077959692e-01,3.276614892915100108e-01,3.229956294122263150e-01,3.182277096238986802e-01,3.133603291951032599e-01,3.083961444968124077e-01,3.033378588423299993e-01,2.981882105787026505e-01,2.929499591088875476e-01,2.876258683372171499e-01,2.822186867231248897e-01,2.767311225893340776e-01,2.711658123295432321e-01,2.655252771715566618e-01,2.598118598784821542e-01,2.540276226617707023e-01,2.481741604983405403e-01,2.422521979989792351e-01,2.362604847040100653e-01,2.301911990672927955e-01,2.239292406010575109e-01,2.177618074718376817e-01,2.115811767226918327e-01,2.053593655320806732e-01,1.990915244633007786e-01,1.927754394939316107e-01,1.864093523023318821e-01,1.799912733105610563e-01,1.735186248299465939e-01,1.669879703092781165e-01,1.603947485696856357e-01
1.003030303030303161e+00,1.594524823878998299e-01,1.660468670319746320e-01,1.725736361854399437e-01,1.790380294326578969e-01,1.854440901422268195e-01,1.917949662337707917e-01,1.980932292168254560e-01,2.043413287990727967e-01,2.105425775126584798e-01,2.167049278711591920e-01,2.229609821796105507e-01,2.291025533596814656e-01,2.351340298254481209e-01,2.410906825768087125e-01,2.469777586969579553e-01,2.527960346691558446e-01,2.585447231986228722e-01,2.642222912751281405e-01,2.698267845232186768e-01,2.753559861904664174e-01,2.808075079502453941e-01,2.861788481733477107e-01,2.914674328274177162e-01,2.966706461954378704e-01,3.017858551292135205e-01,3.068104288944916158e-01,3.117417558107107856e-01,3.165772574194314348e-01,3.213144006422243848e-01,3.259507082190388760e-01,3.304837676056047724e-01,3.349112384274601784e-01,3.392308585245378261e-01,3.434404485651837424e-01,3.475379151565842761e-01,3.515212523262172262e-01,3.553885411942759864e-01,3.591379475987093728e-01,3.627677173730303739e-01,3.662761689142925436e-01,3.696616826179046633e-01,3.729226867032290893e-01,3.760576389121846330e-01,3.790650035002726126e-01,3.819432222108842812e-01,3.846906939714807017e-01,3.873057171256804043e-01,3.897864470803835690e-01,3.921308657451521018e-01,3.943367259054846308e-01,3.964015059982226585e-01,3.983223713212220018e-01,4.000961478409105210e-01,4.017193157660838287e-01,4.031880306094816069e-01,4.044981790074790307e-01,4.056454746579994386e-01,4.066255960689405535e-01,4.074343624217893756e-01,4.080679372905362534e-01,4.085230433286098917e-01,4.087971658930961705e-01,4.088887215238501960e-01,4.087971693648415616e-01,4.085230501529703573e-01,4.080679472388259454e-01,4.074343751735313712e-01,4.066256112353659469e-01,4.056454918082540440e-01,4.044981976945885571e-01,4.031880503935754145e-01,4.017193362332620032e-01,4.000961686169233755e-01,3.983223920799889850e-01,3.964015264656940984e-01,3.943367458597485942e-01,3.921308850137528168e-01,3.897864655358042607e-01,3.873057346798137734e-01,3.846907105698131879e-01,3.819432378478256340e-01,3.790650181557930765e-01,3.760576525941053960e-01,3.729226994367324521e-01,3.696616944384533698e-01,3.662761798642525379e-01,3.627677274991918388e-01,3.591379569503497238e-01,3.553885498216892147e-01,3.515212602795847463e-01,3.475379224851551929e-01,3.434404553166726104e-01,3.392308647447154768e-01,3.349112441598979806e-01,3.304837728915057116e-01,3.259507130971752153e-01,3.213144051489304487e-01,3.165772615886323083e-01,3.117417596739953112e-01,3.068104324812012673e-01,3.017858584665286670e-01,2.966706493084893537e-01,2.914674357393737258e-01,2.861788509055175345e-01,2.808075105221438106e-01,2.753559886198728712e-01,2.698267868262073654e-01,2.642222934660367617e-01,2.585447252899576442e-01,2.527960366713697948e-01,2.469777606179856810e-01,2.410906844210717603e-01,2.351340315915127488e-01,2.291025550329297278e-01,2.229609836809579304e-01,2.167114707674965834e-01,2.105520335453652803e-01,2.043527707662987081e-01,1.981061786109088729e-01,1.918091076592023381e-01,1.854591899336624217e-01,1.790539017134639144e-01,1.725901255881952812e-01,1.660638386680688139e-01,1.594698154180304028e-01
1.006818181818181834e+00,1.585670545001992560e-01,1.651659620842248766e-01,1.716918777723924761e-01,1.781507472059194463e-01,1.845472369225204801e-01,1.908850722982300407e-01,1.971674090429690607e-01,2.033974029686601570e-01,2.095796018901039115e-01,2.157267456570966246e-01,2.219942788635683451e-01,2.280838803482184984e-01,2.340818002034322776e-01,2.400062852960153925e-01,2.458610556119159851e-01,2.516465917042345901e-01,2.573620962955864289e-01,2.630061193777796236e-01,2.685768247955259702e-01,2.740721279336989502e-01,2.794897776176108461e-01,2.848274103939937296e-01,2.900825896098011003e-01,2.952528353504814684e-01,3.003356484453558184e-01,3.053285303516680704e-01,3.102289999950475496e-01,3.150346082329795183e-01,3.197429503629221070e-01,3.243516769408911760e-01,3.288585030698248923e-01,3.332612162374014031e-01,3.375576827173874528e-01,3.417458524891385796e-01,3.458237625710073315e-01,3.497895386018617936e-01,3.536413944380749075e-01,3.573776294601139214e-01,3.609966232030497602e-01,3.644968268411226120e-01,3.678767509719481077e-01,3.711349490689939135e-01,3.742699959137052446e-01,3.772804602946480124e-01,3.801648712621725767e-01,3.829216768740185683e-01,3.855492050153058736e-01,3.880456049016601239e-01,3.904087672894115957e-01,3.926362930219994829e-01,3.947254201471182555e-01,3.966729706604996686e-01,3.984753115077559471e-01,4.001283395187978931e-01,4.016275007650979001e-01,4.029678545622904506e-01,4.041441901417342497e-01,4.051511993708314385e-01,4.059837017533277082e-01,4.066369089415657334e-01,4.071067066444138405e-01,4.073899243099092238e-01,4.074845596619717791e-01,4.073899278066349106e-01,4.071067135136031689e-01,4.066369189450684263e-01,4.059837145583021778e-01,4.051512145750242322e-01,4.041442073014261394e-01,4.029678732197165547e-01,4.016275204726699188e-01,4.001283598584062795e-01,3.984753321044195995e-01,3.966729911904723349e-01,3.947254403411183388e-01,3.926363126645865953e-01,3.904087862155874999e-01,3.880456229917287891e-01,3.855492221889846860e-01,3.829216931090639320e-01,3.801648865173396508e-01,3.772804745672287408e-01,3.742700092204435669e-01,3.711349614394695018e-01,3.678767624447105700e-01,3.644968374607235329e-01,3.609966330177191707e-01,3.573776385199656236e-01,3.536414027937234139e-01,3.497895463034013108e-01,3.458237696672682437e-01,3.417458590271524321e-01,3.375576887420542183e-01,3.332612217912709340e-01,3.288585081929859544e-01,3.243516816709332562e-01,3.197429547349619483e-01,3.150346122797192949e-01,3.102290037468615758e-01,3.053285338367037194e-01,3.003356516896368844e-01,2.952528383780280707e-01,2.900825924427365421e-01,2.848274130526365910e-01,2.794897801205593058e-01,2.740721302979043372e-01,2.685768270363257937e-01,2.630061215088937421e-01,2.573620983290586528e-01,2.516465936502771394e-01,2.458610574785525249e-01,2.400062870883653277e-01,2.340818019220522184e-01,2.280838819844641097e-01,2.219942803775310225e-01,2.157318757174455648e-01,2.095880498085543608e-01,2.034079595740131696e-01,1.971795312011483392e-01,1.908984192053702900e-01,1.845615624216733475e-01,1.781658584284780411e-01,1.717076150689540170e-01,1.651821877479648371e-01,1.585836457107173691e-01
1.010606060606060730e+00,1.577133417116342307e-01,1.643203291210348915e-01,1.708487318235162589e-01,1.773052462012707775e-01,1.836952011639170768e-01,1.900229397712792090e-01,1.962922569621573798e-01,2.025071304765730662e-01,2.086737760767843064e-01,2.148152286336163230e-01,2.210749672415725231e-01,2.271271039535118774e-01,2.330949058085474146e-01,2.389898560999164923e-01,2.448147243059849154e-01,2.505698166021493867e-01,2.562543658203687569e-01,2.618670222650262835e-01,2.674060771616752485e-01,2.728695838049213784e-01,2.782554324229469800e-01,2.835614013185019933e-01,2.887851945718143409e-01,2.939244714652387014e-01,2.989768704238055519e-01,3.039400290814684436e-01,3.088116014473123450e-01,3.135892727825271842e-01,3.182707725775990037e-01,3.228538858749656071e-01,3.273364630801642861e-01,3.317164283254463997e-01,3.359917863812979522e-01,3.401606280465505616e-01,3.442211338806967502e-01,3.481715760694335526e-01,3.520103181330583864e-01,3.557358120954807190e-01,3.593465926287890966e-01,3.628412675757984318e-01,3.662185041354351633e-01,3.694770098814897930e-01,3.726155076897787466e-01,3.756327035942611525e-01,3.785272466104343536e-01,3.812976796744317332e-01,3.839423808260098436e-01,3.864595003558528030e-01,3.888468948213617549e-01,3.911020053469811408e-01,3.932218225173041426e-01,3.952027954296369328e-01,3.970407745582349990e-01,3.987309826409689006e-01,4.002680281814237073e-01,4.016459759768294391e-01,4.028584866707181633e-01,4.038990315378126472e-01,4.047611792565347644e-01,4.054389390537059268e-01,4.059271313288077554e-01,4.062217458068337894e-01,4.063202419369453255e-01,4.062217493413368685e-01,4.059271382671189587e-01,4.054389491458384454e-01,4.047611921542063618e-01,4.038990468219026408e-01,4.028585038814230246e-01,4.016459946428513894e-01,4.002680478453749524e-01,3.987310028791993255e-01,3.970407949943769998e-01,3.952028157422091126e-01,3.932218424421567993e-01,3.911020246757823116e-01,3.888469133973641578e-01,3.864595180682837139e-01,3.839423976314582654e-01,3.812976955084016462e-01,3.785272614567105620e-01,3.756327174593702134e-01,3.726155205961979577e-01,3.694770218631418524e-01,3.662185152341598249e-01,3.628412778385450288e-01,3.593466021054155801e-01,3.557358208370863806e-01,3.520103261906988856e-01,3.481715834932109788e-01,3.442211407190880479e-01,3.401606343459724902e-01,3.359917921858172063e-01,3.317164336766300070e-01,3.273364680170143259e-01,3.228538904339110505e-01,3.182707767925644915e-01,3.135892766850050806e-01,3.088116050664778678e-01,3.039400324442831369e-01,2.989768735551560086e-01,2.939244743880440325e-01,2.887851973071473566e-01,2.835614038856969499e-01,2.782554348396871213e-01,2.728695860873169843e-01,2.674060793243143164e-01,2.618670243209912929e-01,2.562543677812030296e-01,2.505698184777375159e-01,2.448147261043099321e-01,2.389898578265222950e-01,2.330949074653614617e-01,2.271271055357930169e-01,2.210749687262428265e-01,2.148186086579181586e-01,2.086811954331848351e-01,2.025168141197394855e-01,1.963035740480200964e-01,1.900355183403661108e-01,1.837087804912025113e-01,1.773196255123539455e-01,1.708637467330803572e-01,1.643358388599067410e-01,1.577292213395342091e-01
1.014393939393939403e+00,1.568726216040382260e-01,1.634906367447601372e-01,1.700242604013089964e-01,1.764809877449446396e-01,1.828668527801941002e-01,1.891868617669178743e-01,1.954455161360245385e-01,2.016477758080264526e-01,2.078022663445781015e-01,2.140205593678485008e-01,2.201865796696269861e-01,2.262075905722734648e-01,2.321478403894565445e-01,2.380153093710854206e-01,2.438121635881960736e-01,2.495386211754703210e-01,2.551939764032747915e-01,2.607769944629240721e-01,2.662861022148105272e-01,2.717194964035644644e-01,2.770752129706839928e-01,2.823511757632459207e-01,2.875452332496896135e-01,2.926551876773600958e-01,2.976788191282941920e-01,3.026139059171171208e-01,3.074582422203489540e-01,3.122096535026098185e-01,3.168660101039458277e-01,3.214252392173811979e-01,3.258853353873411018e-01,3.302443695798199519e-01,3.345004968034344106e-01,3.386519621892046805e-01,3.426971053606588935e-01,3.466343628402212551e-01,3.504622681390728856e-01,3.541794490633974335e-01,3.577846216378259836e-01,3.612765798984817200e-01,3.646541806456761181e-01,3.679163220799466227e-01,3.710619150903285979e-01,3.740898458486483502e-01,3.769989283300393401e-01,3.797878454863469755e-01,3.824550781072828531e-01,3.849988207998421563e-01,3.874168883902110450e-01,3.897066330318927907e-01,3.918647764171517278e-01,3.938873678190892846e-01,3.957696775346157270e-01,3.975061462567663906e-01,3.990903860053253149e-01,4.005152535676907988e-01,4.017730144586038610e-01,4.028556082943051120e-01,4.037550140062497461e-01,4.044636962206247799e-01,4.049750950755369727e-01,4.052841052270158562e-01,4.053874811002269873e-01,4.052841088400455649e-01,4.049751021618819835e-01,4.044637065136362786e-01,4.037550271357876475e-01,4.028556238171897563e-01,4.017730318916988841e-01,4.005152724195019664e-01,3.990904058030058099e-01,3.975061665666315136e-01,3.957696979756556988e-01,3.938873880699148566e-01,3.918647962174666155e-01,3.897066521799222305e-01,3.874169067378706588e-01,3.849988382766902362e-01,3.824550946217677438e-01,3.797878610051562132e-01,3.769989428472203530e-01,3.740898593781606385e-01,3.710619276607072248e-01,3.679163337300357939e-01,3.646541914211994806e-01,3.612765898493587313e-01,3.577846308160947397e-01,3.541794575216289931e-01,3.504622759292337908e-01,3.466343700128338701e-01,3.426971119642554520e-01,3.386519682699362099e-01,3.345005024048754438e-01,3.302443747428579490e-01,3.258853401501683456e-01,3.214252436155378700e-01,3.168660141703983912e-01,3.122096572678679238e-01,3.074582457125861756e-01,3.026139091623125110e-01,2.976788221503534615e-01,2.926551904982666596e-01,2.875452358896163907e-01,2.823511782406697979e-01,2.770752153024914621e-01,2.717194986051291727e-01,2.662861043000585015e-01,2.607769964443626409e-01,2.551939782919840360e-01,2.495386229810242495e-01,2.438121653184785464e-01,2.380153110319052079e-01,2.321478419836835727e-01,2.262075920977682508e-01,2.201865811124031902e-01,2.140205606327371946e-01,2.078086126907198183e-01,2.016565920340951112e-01,1.954560461931373339e-01,1.891986947825237408e-01,1.828797108914394509e-01,1.764946612009364868e-01,1.700385795705081915e-01,1.635054575310485592e-01,1.568878168024114006e-01
1.018181818181818299e+00,1.560637792851650163e-01,1.626965289015631089e-01,1.692388315380956576e-01,1.756990350194460593e-01,1.820839270009528554e-01,1.883992306335074418e-01,1.946502395759455439e-01,2.008431289401678421e-01,2.069903559062913068e-01,2.132557882501260882e-01,2.193568789611623493e-01,2.253514778990660661e-01,2.312670463437209445e-01,2.371095339410977387e-01,2.428807275270386534e-01,2.485808213866835259e-01,2.542091968852212558e-01,2.597647470980462003e-01,2.652460425052429738e-01,2.706514290760316244e-01,2.759790932421254950e-01,2.812271087827946658e-01,2.863934729071834218e-01,2.914761353830176427e-01,2.964730228924904454e-01,3.013820599236843867e-01,3.062011870181804984e-01,3.109283769053001190e-01,3.155616488686415755e-01,3.200990815634685016e-01,3.245388244076104489e-01,3.288791075878660375e-01,3.331182506480845351e-01,3.372546695469359479e-01,3.412868819865252923e-01,3.452135107126179103e-01,3.490332843681622776e-01,3.527450353403211447e-01,3.563476938735886113e-01,3.598402775267491305e-01,3.632218748309861689e-01,3.664916217683432675e-01,3.696486694501185943e-01,3.726921411644767423e-01,3.756210768314514614e-01,3.784343629283929977e-01,3.811306462372647252e-01,3.837082304459130677e-01,3.861649557133596256e-01,3.884980628714801987e-01,3.907040846919132004e-01,3.927786226328152108e-01,3.947163002723029779e-01,3.965106491406529265e-01,3.981540872408386167e-01,3.996379883924128795e-01,4.009528705013542527e-01,4.020887214516664643e-01,4.030354648704032594e-01,4.037835442045296097e-01,4.043245758306208693e-01,4.046519968046203286e-01,4.047616184808853212e-01,4.046520005096930217e-01,4.043245830900919491e-01,4.037835547315700713e-01,4.030354782685844905e-01,4.020887372491062095e-01,4.009528881874102058e-01,3.996380074521794223e-01,3.981541071839430623e-01,3.965106695225107392e-01,3.947163207073848268e-01,3.927786428007025710e-01,3.907041043375398814e-01,3.884980818021500082e-01,3.861649738247330266e-01,3.837082476143710563e-01,3.811306624082575478e-01,3.784343780805333179e-01,3.756210909681300114e-01,3.726921543075181198e-01,3.696486816345899706e-01,3.664916330383732879e-01,3.632218852364476058e-01,3.598402871206959897e-01,3.563477027103066908e-01,3.527450434738965690e-01,3.490332918514534866e-01,3.452135175965377889e-01,3.412868883195758762e-01,3.372546753749397497e-01,3.331182560140417137e-01,3.288791125319076025e-01,3.245388289670414483e-01,3.200990857728545080e-01,3.155616527599245380e-01,3.109283805079299245e-01,3.062011903592722351e-01,3.013820630281670021e-01,2.964730257832491889e-01,2.914761380810386715e-01,2.863934754316909692e-01,2.812271111513674482e-01,2.759790954708110644e-01,2.706514311794220307e-01,2.652460444965570319e-01,2.597647489891738992e-01,2.542091986867214826e-01,2.485808231077475394e-01,2.428807291753554420e-01,2.371095355225691370e-01,2.312670478618395198e-01,2.253514793534772409e-01,2.193568803434305936e-01,2.132557895203913423e-01,2.069955436118873782e-01,2.008510768962358806e-01,1.946599986921497827e-01,1.884103401834147096e-01,1.820960886789441124e-01,1.757120287796327673e-01,1.692524818847555290e-01,1.627106880897682684e-01,1.560783176641361292e-01
1.021969696969696972e+00,1.552822477018844793e-01,1.619333493792534662e-01,1.684876850907219281e-01,1.749545143842983208e-01,1.813414327725451358e-01,1.876549432282531293e-01,1.939012424061721529e-01,2.000880745949542017e-01,2.062349896593200504e-01,2.125140832842551675e-01,2.185811175496236158e-01,2.245529471352105955e-01,2.304464208967179906e-01,2.362662406255063852e-01,2.420139661621748817e-01,2.476898170684486977e-01,2.532932832540882861e-01,2.588233974307805885e-01,2.642788814529509200e-01,2.696582364750908511e-01,2.749598045872794772e-01,2.801818144059557425e-01,2.853224168486682144e-01,2.903797144675407393e-01,2.953517862977469433e-01,3.002367094197454511e-01,3.050325780024272793e-01,3.097375203322812465e-01,3.143497141632758396e-01,3.188674006018389906e-01,3.232888966476075709e-01,3.276126064288071293e-01,3.318370310912642784e-01,3.359607772144341808e-01,3.399825635297390458e-01,3.439012255995574363e-01,3.477157179731290015e-01,3.514251131619909874e-01,3.550285965667654420e-01,3.585254562344074580e-01,3.619150660293619648e-01,3.651968604675768226e-01,3.683702991039932706e-01,3.714348180124931176e-01,3.743897656087696313e-01,3.772343199326462226e-01,3.799673846671594024e-01,3.825874618236653757e-01,3.850925004112687455e-01,3.874797226997003796e-01,3.897454295146199899e-01,3.918848541419155396e-01,3.938918735258108428e-01,3.957589664639416527e-01,3.974771134525681981e-01,3.990358505382675669e-01,4.004234781795750764e-01,4.016274583594542924e-01,4.026350101203970966e-01,4.034338801985056788e-01,4.040132244572564035e-01,4.043644968428843911e-01,4.044822183643683733e-01,4.043645006791597996e-01,4.040132319647115056e-01,4.034338910638157749e-01,4.026350239126954556e-01,4.016274745694070059e-01,4.004234962607835513e-01,3.990358699454332192e-01,3.974771336725650417e-01,3.957589870378290797e-01,3.938918940616977227e-01,3.918848743197946294e-01,3.897454490882488742e-01,3.874797415185193827e-01,3.850925183136129637e-01,3.825874787280858502e-01,3.799674005328537163e-01,3.772343347498323118e-01,3.743897793910089811e-01,3.714348307903366786e-01,3.683703109198019354e-01,3.651968713714057735e-01,3.619150760757635643e-01,3.585254654800069662e-01,3.550286050684623440e-01,3.514251209756797945e-01,3.477157251528039672e-01,3.439012321967261920e-01,3.399825695930676073e-01,3.359607827895635390e-01,3.318370362207488933e-01,3.276126111521437956e-01,3.232889010013222930e-01,3.188674046196207090e-01,3.143497178761304189e-01,3.097375237686867955e-01,3.050325811885161165e-01,3.002367123794650317e-01,2.953517890530219514e-01,2.903797170384269655e-01,2.853224192534973280e-01,2.801818166614591377e-01,2.749598067087010711e-01,2.696582384762893914e-01,2.642788833464693732e-01,2.588233992279062590e-01,2.532932849648715790e-01,2.476898187016848274e-01,2.420139677253130839e-01,2.362662421244405286e-01,2.304464223353349661e-01,2.245529485143799020e-01,2.185811188644500302e-01,2.125140845125543243e-01,2.062388373408997888e-01,2.000951429018440475e-01,1.939102426591173545e-01,1.876653488382026280e-01,1.813529207125467169e-01,1.749668527120066819e-01,1.685006917248468017e-01,1.619468725603109005e-01,1.552961551314913924e-01
1.025757575757575868e+00,1.545264196267817358e-01,1.611995334573672889e-01,1.677692816552493471e-01,1.742459005553445295e-01,1.806378545097975796e-01,1.869525012774275741e-01,1.931970881029600740e-01,1.993815013632024846e-01,2.055440882924453039e-01,2.118159217369222358e-01,2.178582442568162691e-01,2.238104414998849101e-01,2.296842849909709328e-01,2.354836899920164373e-01,2.412100975193157693e-01,2.468637912822975733e-01,2.524443882136109263e-01,2.579510715729064763e-01,2.633827222703369886e-01,2.687380028634248630e-01,2.740154166997099683e-01,2.792133526854402303e-01,2.843301210619743058e-01,2.893639831801573248e-01,2.943131770472219300e-01,2.991759397584904945e-01,3.039505275416484742e-01,3.086352339036362857e-01,3.132284062123756874e-01,3.177284609315699226e-01,3.221338976353170236e-01,3.264433118467807704e-01,3.306554066615188248e-01,3.347690030234228842e-01,3.387830484116016172e-01,3.426966235621810575e-01,3.465089466811691610e-01,3.502193743945815618e-01,3.538273984195353106e-01,3.573326366167265955e-01,3.607348166931348965e-01,3.640337503625925564e-01,3.672292952501607366e-01,3.703213012709066221e-01,3.733095376830758427e-01,3.761935966128576725e-01,3.789727687445145210e-01,3.816458873238731120e-01,3.842111379998023324e-01,3.866658347844484922e-01,3.890061669626479479e-01,3.912269251223757793e-01,3.933212826195077172e-01,3.952804749325553035e-01,3.970937467560365919e-01,3.987483369927624643e-01,4.002296953399782642e-01,4.015219603138023285e-01,4.026087228185754041e-01,4.034740535812404993e-01,4.041037110072052130e-01,4.044863840276217704e-01,4.046147827513339457e-01,4.044863880432477132e-01,4.041037188542735969e-01,4.034740649114995081e-01,4.026087371559731731e-01,4.015219771002038751e-01,4.002297139827669659e-01,3.987483569077148737e-01,3.970937674011361107e-01,3.952804958307858940e-01,3.933213033709488937e-01,3.912269454270300706e-01,3.890061865837646793e-01,3.866658535255873552e-01,3.842111557448314452e-01,3.816459040070748765e-01,3.789727843393061457e-01,3.761936111224107870e-01,3.733095511324104332e-01,3.703213137004058297e-01,3.672293067103830633e-01,3.640337609102579086e-01,3.607348263880452710e-01,3.573326455195340867e-01,3.538274065901116372e-01,3.502193818909139500e-01,3.465089535586129421e-01,3.426966298730176885e-01,3.387830542048074767e-01,3.347690083445757359e-01,3.306554115528438365e-01,3.264433163472289512e-01,3.221339017807172134e-01,3.177284647548070939e-01,3.132284097435882875e-01,3.086352371703895980e-01,3.039505305691472814e-01,2.991759425697568253e-01,2.943131796632726394e-01,2.893639856201585814e-01,2.843301233434087361e-01,2.792133548242299312e-01,2.740154187103371886e-01,2.687380047590333665e-01,2.633827240628205946e-01,2.579510732729698996e-01,2.524443898307999756e-01,2.468637928250018154e-01,2.412100989947107976e-01,2.354836914059102171e-01,2.296842863474807817e-01,2.238104428007100521e-01,2.178582454994109630e-01,2.118159229080247563e-01,2.055460377243915338e-01,1.993876633959915379e-01,1.932053371492165605e-01,1.869622200781289600e-01,1.806486896364831729e-01,1.742576061927110509e-01,1.677816682830243211e-01,1.612124448800477117e-01,1.545397206694624770e-01
1.029545454545454763e+00,1.537948499798681423e-01,1.604936791795553708e-01,1.670822437642526248e-01,1.735718288264642972e-01,1.799718367629863092e-01,1.862905711400598685e-01,1.925365337912204322e-01,1.987227635064200137e-01,2.050080088059071104e-01,2.111639702673002994e-01,2.171871220547046122e-01,2.231225194539031009e-01,2.289791029086804541e-01,2.347602941041455338e-01,2.404674953380093183e-01,2.461010863242442392e-01,2.516608274938950118e-01,2.571460631220308657e-01,2.625558409999750320e-01,2.678889917173767898e-01,2.731441860417858636e-01,2.783199792984837884e-01,2.834148474511614668e-01,2.884272175630367419e-01,2.933554942681296795e-01,2.981980832994836073e-01,3.029534127768878649e-01,3.076199527401460854e-01,3.121962332679654173e-01,3.166808614148147738e-01,3.210725371097793435e-01,3.253700680791790645e-01,3.295723837688465108e-01,3.336785481433702794e-01,3.376877711196605847e-01,3.415994182403730428e-01,3.454130179985412386e-01,3.491282659743046857e-01,3.527450246234600240e-01,3.562633171496872864e-01,3.596833133818445050e-01,3.630053049528942366e-01,3.662296663352525572e-01,3.693567974448713209e-01,3.723870426342298368e-01,3.753205800605227682e-01,3.781572748362518888e-01,3.808964893695426790e-01,3.835368453744583683e-01,3.860759348672750946e-01,3.885099829236590696e-01,3.908334738882877080e-01,3.930387634396509400e-01,3.951157639066998906e-01,3.970516100447253893e-01,3.988306417768607837e-01,4.004345930356721928e-01,4.018431488710081934e-01,4.030349261331001021e-01,4.039888602044585664e-01,4.046858912592182778e-01,4.051107420595438935e-01,4.052535052041747465e-01,4.051107462864194098e-01,4.046858995046734297e-01,4.039888720763729069e-01,4.030349410993037673e-01,4.018431663136824428e-01,4.004346123068468488e-01,3.988306622470677576e-01,3.970516311397758180e-01,3.951157851309429203e-01,3.930387844178198087e-01,3.908334942930265510e-01,3.885100025054094575e-01,3.860759534653432357e-01,3.835368628910994504e-01,3.808965057566021106e-01,3.781572900836100981e-01,3.753205941861694206e-01,3.723870556760550121e-01,3.693568094540848334e-01,3.662296773712587772e-01,3.630053150794358419e-01,3.596833226641590331e-01,3.562633256524672665e-01,3.527450324094625889e-01,3.491282731034543452e-01,3.454130245273616118e-01,3.415994242216984778e-01,3.376877766025536687e-01,3.336785531731283894e-01,3.295723883871333193e-01,3.253700723242025084e-01,3.210725410164773086e-01,3.166808650150996218e-01,3.121962365909383696e-01,3.076199558123202671e-01,3.029534156224069630e-01,2.981980859403270956e-01,2.933554967242941180e-01,2.884272198527128572e-01,2.834148495908912491e-01,2.783199813033025993e-01,2.731441879253419525e-01,2.678889934920391513e-01,2.625558426769268872e-01,2.571460647113304465e-01,2.516608290045264096e-01,2.461010877641247319e-01,2.404674967139681929e-01,2.347602954218087346e-01,2.289791041722342713e-01,2.231225206655896853e-01,2.171871232135706431e-01,2.111639713653240269e-01,2.050080098008427998e-01,1.987279674710327182e-01,1.925440338205680613e-01,1.862996176726004205e-01,1.799820382107326089e-01,1.735829230264089307e-01,1.670940327391473301e-01,1.605060018098953545e-01,1.538075679539220031e-01
1.033333333333333437e+00,1.530780236802136429e-01,1.598059970888218995e-01,1.664164946074570550e-01,1.729219289936969883e-01,1.793327190604107890e-01,1.856582262789115700e-01,1.919085006091942047e-01,1.981017576763901555e-01,2.044275983471462166e-01,2.105475894453682773e-01,2.165553744760624066e-01,2.224763128726141848e-01,2.283176439616468878e-01,2.340824924565033383e-01,2.397722831625739293e-01,2.453875185317004048e-01,2.509281174578384399e-01,2.563935954029853970e-01,2.617831750676199443e-01,2.670958621561690949e-01,2.723305016329543027e-01,2.774858221167686434e-01,2.825604725665909478e-01,2.875530536885981814e-01,2.924621455817154603e-01,2.972863326229437941e-01,3.020242262842673941e-01,3.066744863761238782e-01,3.112358410778115481e-01,3.157071060151988573e-01,3.200872025622964467e-01,3.243751754638508622e-01,3.285702097905275343e-01,3.326716471370201877e-01,3.366790008457791195e-01,3.405919698730561773e-01,3.444104506942872734e-01,3.481345463545779118e-01,3.517645713851908496e-01,3.553010508022219072e-01,3.587447107509925681e-01,3.620964575294373100e-01,3.653573406933007806e-01,3.685284947079836004e-01,3.716110521948887691e-01,3.746060203183136927e-01,3.775141104775854850e-01,3.803355105897099353e-01,3.830695895078548574e-01,3.857145254953380786e-01,3.882668565212029632e-01,3.907209611255128556e-01,3.930684963070407711e-01,3.952978424521966794e-01,3.973936788562244526e-01,3.993366756861219669e-01,4.011036536370225503e-01,4.026682184895922223e-01,4.040020081100956229e-01,4.050765892645875055e-01,4.058658637518707257e-01,4.063486819356557089e-01,4.065112255801424657e-01,4.063486865169286255e-01,4.058658726695784091e-01,4.050766020602714068e-01,4.040020241669663448e-01,4.026682371000804839e-01,4.011036740700381076e-01,3.993366972439303941e-01,3.973937009152829769e-01,3.952978645280484371e-01,3.930685179574079924e-01,3.907209820200610029e-01,3.882668764363034208e-01,3.857145442883956332e-01,3.830696071010325499e-01,3.803355269552041729e-01,3.775141256247234733e-01,3.746060342827817746e-01,3.716110650300911145e-01,3.685285064783292430e-01,3.653573514691466628e-01,3.620964673834064507e-01,3.587447197553696454e-01,3.553010590271701297e-01,3.517645788976175303e-01,3.481345532174558444e-01,3.444104569662927995e-01,3.405919756084759276e-01,3.366790060945430985e-01,3.326716519448698617e-01,3.285702141992199454e-01,3.243751795114209746e-01,3.200872062833359233e-01,3.157071094411250667e-01,3.112358442371334077e-01,3.066744892947089740e-01,3.020242289855664120e-01,2.972863351282267752e-01,2.924621479102770816e-01,2.875530558579277307e-01,2.825604745925516248e-01,2.774858240137402232e-01,2.723305034139632541e-01,2.670958638330083179e-01,2.617831766509281510e-01,2.563935969023338202e-01,2.509281188817779062e-01,2.453875198877918107e-01,2.397722844573613732e-01,2.340824936954643554e-01,2.283176451490160908e-01,2.224763140109954629e-01,2.165553755655773849e-01,2.105475904811781318e-01,2.044275993075550524e-01,1.981059027305550058e-01,1.919152463595359404e-01,1.856666118059479287e-01,1.793423036605385490e-01,1.729324310194771119e-01,1.664277064102298864e-01,1.598177520665599038e-01,1.530901800960721704e-01
