nan,-5.000000000000000000e+00,-4.919354838709677047e+00,-4.838709677419354982e+00,-4.758064516129032029e+00,-4.677419354838709964e+00,-4.596774193548387011e+00,-4.516129032258064058e+00,-4.435483870967741993e+00,-4.354838709677419040e+00,-4.274193548387096975e+00,-4.193548387096774022e+00,-4.112903225806451957e+00,-4.032258064516129004e+00,-3.951612903225806495e+00,-3.870967741935483986e+00,-3.790322580645161032e+00,-3.709677419354838968e+00,-3.629032258064516014e+00,-3.548387096774193505e+00,-3.467741935483870996e+00,-3.387096774193548487e+00,-3.306451612903225978e+00,-3.225806451612903025e+00,-3.145161290322580960e+00,-3.064516129032258007e+00,-2.983870967741935498e+00,-2.903225806451612989e+00,-2.822580645161290480e+00,-2.741935483870967971e+00,-2.661290322580645018e+00,-2.580645161290322509e+00,-2.500000000000000000e+00,-2.419354838709677491e+00,-2.338709677419354982e+00,-2.258064516129032473e+00,-2.177419354838709964e+00,-2.096774193548387011e+00,-2.016129032258064502e+00,-1.935483870967741993e+00,-1.854838709677419484e+00,-1.774193548387096975e+00,-1.693548387096774466e+00,-1.612903225806451513e+00,-1.532258064516129004e+00,-1.451612903225806495e+00,-1.370967741935483986e+00,-1.290322580645161477e+00,-1.209677419354838968e+00,-1.129032258064516014e+00,-1.048387096774193505e+00,-9.677419354838709964e-01,-8.870967741935489315e-01,-8.064516129032259784e-01,-7.258064516129030253e-01,-6.451612903225809603e-01,-5.645161290322580072e-01,-4.838709677419359423e-01,-4.032258064516129892e-01,-3.225806451612900361e-01,-2.419354838709679711e-01,-1.612903225806450180e-01,-8.064516129032295311e-02,0.000000000000000000e+00,8.064516129032206493e-02,1.612903225806450180e-01,2.419354838709679711e-01,3.225806451612900361e-01,4.032258064516129892e-01,4.838709677419350541e-01,5.645161290322580072e-01,6.451612903225800721e-01,7.258064516129030253e-01,8.064516129032259784e-01,8.870967741935480433e-01,9.677419354838709964e-01,1.048387096774193061e+00,1.129032258064516014e+00,1.209677419354838968e+00,1.290322580645161032e+00,1.370967741935483986e+00,1.451612903225806051e+00,1.532258064516129004e+00,1.612903225806451069e+00,1.693548387096774022e+00,1.774193548387096975e+00,1.854838709677419040e+00,1.935483870967741993e+00,2.016129032258064058e+00,2.096774193548387011e+00,2.177419354838709076e+00,2.258064516129032029e+00,2.338709677419354982e+00,2.419354838709677047e+00,2.500000000000000000e+00,2.580645161290322065e+00,2.661290322580645018e+00,2.741935483870967971e+00,2.822580645161290036e+00,2.903225806451612989e+00,2.983870967741935054e+00,3.064516129032258007e+00,3.145161290322580072e+00,3.225806451612902137e+00,3.306451612903225978e+00,3.387096774193548043e+00,3.467741935483870108e+00,3.548387096774193949e+00,3.629032258064516014e+00,3.709677419354838079e+00,3.790322580645161921e+00,3.870967741935483986e+00,3.951612903225806051e+00,4.032258064516128115e+00,4.112903225806451957e+00,4.193548387096774022e+00,4.274193548387096087e+00,4.354838709677419928e+00,4.435483870967741993e+00,4.516129032258064058e+00,4.596774193548386123e+00,4.677419354838709964e+00,4.758064516129032029e+00,4.838709677419354094e+00,4.919354838709677935e+00,5.000000000000000000e+00
5.000000000000000000e-01,9.264887992898926394e-02,9.343763214791664384e-02,9.450566866834553270e-02,9.576267360202933565e-02,9.714638426432042895e-02,9.861387072178845470e-02,1.001353616072230557e-01,1.016900264698509526e-01,1.032631338044631697e-01,1.048441407753033516e-01,1.064254046943586829e-01,1.080013080602925113e-01,1.095676594787540481e-01,1.111212797855323786e-01,1.126597135166964858e-01,1.141810259877265171e-01,1.156836593952321052e-01,1.171663299971983652e-01,1.186279541479104971e-01,1.200675947819344336e-01,1.214844225128668687e-01,1.228776872603560555e-01,1.242466975178029287e-01,1.255908052029865996e-01,1.269093946133768025e-01,1.282018744160153267e-01,1.294676718916659142e-01,1.307062288602901801e-01,1.319169988645077229e-01,1.330994452962373509e-01,1.342530402311711279e-01,1.353772637941411672e-01,1.364716039217263033e-01,1.375355564206618142e-01,1.385686252447668743e-01,1.395703229312771076e-01,1.405401711512029306e-01,1.414777013388271165e-01,1.423824553733980813e-01,1.432539862922409535e-01,1.440918590191796189e-01,1.448956510958505084e-01,1.456649534062776641e-01,1.463993708873083943e-01,1.470985232191839853e-01,1.477620454919099380e-01,1.483895888440778799e-01,1.489808210716703774e-01,1.495354272049875810e-01,1.500531100523394556e-01,1.505335907095668446e-01,1.509766090347213485e-01,1.513819240874967886e-01,1.517493145331868520e-01,1.520785790110361080e-01,1.523695364670108465e-01,1.526220264510346758e-01,1.528359093787955703e-01,1.530110667582570416e-01,1.531474013810270041e-01,1.532448374787069856e-01,1.533033208443463080e-01,1.533228189191303548e-01,1.533033208443462803e-01,1.532448374787068746e-01,1.531474013810276147e-01,1.530110667582569306e-01,1.528359093787954315e-01,1.526220264510349534e-01,1.523695364670114571e-01,1.520785790110353863e-01,1.517493145331866300e-01,1.513819240874965666e-01,1.509766090347206546e-01,1.505335907095668446e-01,1.500531100523388450e-01,1.495354272049875255e-01,1.489808210716697667e-01,1.483895888440782962e-01,1.477620454919103266e-01,1.470985232191842629e-01,1.463993708873073674e-01,1.456649534062779971e-01,1.448956510958494814e-01,1.440918590191797577e-01,1.432539862922408702e-01,1.423824553733984977e-01,1.414777013388268112e-01,1.405401711512032359e-01,1.395703229312781901e-01,1.385686252447669298e-01,1.375355564206613701e-01,1.364716039217259147e-01,1.353772637941412782e-01,1.342530402311711279e-01,1.330994452962381558e-01,1.319169988645076952e-01,1.307062288602906797e-01,1.294676718916659142e-01,1.282018744160156598e-01,1.269093946133767470e-01,1.255908052029865163e-01,1.242466975178021932e-01,1.228776872603564857e-01,1.214844225128669519e-01,1.200675947819349332e-01,1.186279541479088040e-01,1.171663299971974909e-01,1.156836593952319941e-01,1.141810259877259204e-01,1.126597135166970687e-01,1.111212797855317125e-01,1.095676594787537150e-01,1.080013080602917341e-01,1.064254046943592658e-01,1.048441407753029075e-01,1.032631338044621566e-01,1.016900264698509110e-01,1.001353616072225977e-01,9.861387072178826041e-02,9.714638426431948526e-02,9.576267360202909973e-02,9.450566866834510249e-02,9.343763214791704630e-02,9.264887992898959701e-02
5.043010752688171783e-01,8.467577774303521043e-02,8.578903894875899994e-02,8.698532738038483592e-02,8.823824227752119498e-02,8.952894998211186062e-02,9.084389088687325198e-02,9.217319423783207344e-02,9.350958505317320812e-02,9.484762831793311366e-02,9.618320342146435831e-02,9.751313605265435336e-02,9.883493832339404483e-02,1.001466237986771840e-01,1.014465747828955933e-01,1.027334463680632803e-01,1.040060965653167580e-01,1.052635351001149633e-01,1.065048856726153181e-01,1.077293580100870674e-01,1.089362270943631389e-01,1.101248176845009696e-01,1.112944927737776896e-01,1.124446449881397053e-01,1.135746901965407341e-01,1.146840627932201873e-01,1.157722122496517292e-01,1.168386006345162043e-01,1.178827008741215737e-01,1.189039955805816506e-01,1.199019763159075574e-01,1.208761431909487621e-01,1.218260047211277702e-01,1.227510778785868700e-01,1.236508882936672021e-01,1.245249705689270153e-01,1.253728686768250666e-01,1.261941364182752046e-01,1.269883379240608900e-01,1.277550481848026553e-01,1.284938535980767460e-01,1.292043525235979096e-01,1.298861558391756210e-01,1.305388874915976993e-01,1.311621850377606979e-01,1.317557001722570731e-01,1.323190992383908027e-01,1.328520637201663357e-01,1.333542907133137279e-01,1.338254933737345331e-01,1.342654013421294423e-01,1.346737611438028337e-01,1.350503365628296371e-01,1.353949089899650904e-01,1.357072777437852151e-01,1.359872603646967715e-01,1.362346928814915370e-01,1.364494300502450685e-01,1.366313455653597186e-01,1.367803322426655588e-01,1.368963021744438180e-01,1.369791868563475512e-01,1.370289372861409338e-01,1.370455240342581538e-01,1.370289372861391297e-01,1.369791868563470794e-01,1.368963021744437347e-01,1.367803322426655033e-01,1.366313455653605236e-01,1.364494300502452628e-01,1.362346928814922031e-01,1.359872603646964384e-01,1.357072777437854372e-01,1.353949089899658398e-01,1.350503365628301089e-01,1.346737611438028615e-01,1.342654013421290538e-01,1.338254933737340613e-01,1.333542907133143940e-01,1.328520637201661136e-01,1.323190992383900255e-01,1.317557001722574617e-01,1.311621850377608922e-01,1.305388874915972275e-01,1.298861558391746773e-01,1.292043525235977985e-01,1.284938535980768015e-01,1.277550481848027941e-01,1.269883379240601684e-01,1.261941364182749270e-01,1.253728686768242895e-01,1.245249705689274594e-01,1.236508882936674519e-01,1.227510778785877582e-01,1.218260047211270347e-01,1.208761431909476658e-01,1.199019763159069468e-01,1.189039955805801241e-01,1.178827008741223509e-01,1.168386006345150108e-01,1.157722122496514655e-01,1.146840627932199791e-01,1.135746901965397349e-01,1.124446449881399968e-01,1.112944927737775508e-01,1.101248176845000815e-01,1.089362270943625283e-01,1.077293580100881221e-01,1.065048856726153043e-01,1.052635351001153796e-01,1.040060965653176878e-01,1.027334463680634469e-01,1.014465747828959541e-01,1.001466237986766983e-01,9.883493832339423912e-02,9.751313605265483908e-02,9.618320342146394197e-02,9.484762831793269733e-02,9.350958505317331915e-02,9.217319423783304488e-02,9.084389088687325198e-02,8.952894998211188837e-02,8.823824227752122273e-02,8.698532738038511347e-02,8.578903894875875014e-02,8.467577774303515492e-02
5.086021505376343566e-01,7.830737710798846285e-02,7.939173099334316530e-02,8.050305184482287046e-02,8.163218533858855597e-02,8.277231653286187818e-02,8.391830749747908325e-02,8.506623040334004848e-02,8.621303679859645963e-02,8.735632185942035499e-02,8.849415514502517732e-02,8.962495819794212559e-02,9.074741537314424955e-02,9.186040841570594639e-02,9.296296814388016472e-02,9.405423854902623948e-02,9.513344997841086115e-02,9.619989901185423131e-02,9.725293330720813367e-02,9.829194015962568198e-02,9.931633785480273313e-02,1.003255691371589264e-01,1.013190962881918011e-01,1.022963974372673585e-01,1.032569638202767148e-01,1.042002977705051708e-01,1.051259112772206794e-01,1.060333249857953741e-01,1.069220675420754496e-01,1.077916752054405292e-01,1.086416916717298925e-01,1.094716680598466357e-01,1.102811630256920750e-01,1.110697429746442394e-01,1.118369823496622451e-01,1.125824639767178392e-01,1.133057794528500722e-01,1.140065295649817373e-01,1.146843247298821866e-01,1.153387854474737378e-01,1.159695427610848983e-01,1.165762387194035771e-01,1.171585268358333876e-01,1.177160725416839665e-01,1.182485536302300411e-01,1.187556606891945615e-01,1.192370975196124366e-01,1.196925815393430764e-01,1.201218441698188727e-01,1.205246312048113694e-01,1.209007031602203630e-01,1.212498356040269676e-01,1.215718194656878054e-01,1.218664613244006822e-01,1.221335836757000554e-01,1.223730251759894555e-01,1.225846408646462937e-01,1.227683023634016657e-01,1.229238980527574965e-01,1.230513332252371889e-01,1.231505302153170223e-01,1.232214285058828851e-01,1.232639848111439090e-01,1.232781731359039040e-01,1.232639848111447001e-01,1.232214285058836206e-01,1.231505302153163006e-01,1.230513332252365366e-01,1.229238980527568720e-01,1.227683023634022208e-01,1.225846408646471125e-01,1.223730251759899412e-01,1.221335836756998472e-01,1.218664613244015843e-01,1.215718194656881940e-01,1.212498356040267178e-01,1.209007031602197524e-01,1.205246312048111612e-01,1.201218441698176792e-01,1.196925815393432291e-01,1.192370975196124089e-01,1.187556606891953387e-01,1.182485536302296109e-01,1.177160725416848130e-01,1.171585268358341647e-01,1.165762387194036465e-01,1.159695427610857588e-01,1.153387854474737517e-01,1.146843247298815760e-01,1.140065295649807658e-01,1.133057794528501416e-01,1.125824639767176449e-01,1.118369823496622867e-01,1.110697429746442810e-01,1.102811630256916448e-01,1.094716680598463027e-01,1.086416916717299203e-01,1.077916752054402794e-01,1.069220675420749500e-01,1.060333249857955545e-01,1.051259112772204574e-01,1.042002977705052957e-01,1.032569638202763124e-01,1.022963974372668450e-01,1.013190962881923840e-01,1.003255691371580660e-01,9.931633785480217802e-02,9.829194015962573749e-02,9.725293330720838347e-02,9.619989901185413417e-02,9.513344997841025052e-02,9.405423854902682235e-02,9.296296814388035901e-02,9.186040841570573823e-02,9.074741537314399975e-02,8.962495819794272234e-02,8.849415514502521896e-02,8.735632185942052153e-02,8.621303679859615432e-02,8.506623040333949337e-02,8.391830749747905549e-02,8.277231653286167001e-02,8.163218533858886128e-02,8.050305184482244025e-02,7.939173099334312367e-02,7.830737710798843509e-02
5.129032258064516459e-01,7.339189667676940254e-02,7.438024364252672493e-02,7.537694079512088918e-02,7.637828082176284505e-02,7.738137639911912835e-02,7.838394406113927126e-02,7.938414794221226867e-02,8.038048608624709379e-02,8.137170717147564070e-02,8.235674910436106833e-02,8.333469344516947208e-02,8.430473137642678638e-02,8.526613814827155302e-02,8.621825379389724819e-02,8.716046851553857500e-02,8.809221157335886399e-02,8.901294281892753457e-02,8.992214623788430394e-02,9.081932502832293364e-02,9.170399785960541006e-02,9.257569604343421354e-02,9.343396141335341687e-02,9.427834475691460048e-02,9.510840468068607056e-02,9.592370681547000844e-02,9.672382328965078990e-02,9.750833241429343601e-02,9.827681853568359660e-02,9.902887202025192903e-02,9.976408934403269146e-02,1.004820732643939840e-01,1.011824330561753860e-01,1.018647847977890569e-01,1.025287516955820932e-01,1.031739644368984132e-01,1.038000615640131824e-01,1.044066898624799317e-01,1.049935047585335152e-01,1.055601707211090007e-01,1.061063616647467955e-01,1.066317613502420492e-01,1.071360637804025656e-01,1.076189735886678434e-01,1.080802064186738159e-01,1.085194892931247851e-01,1.089365609705792576e-01,1.093311722889198090e-01,1.097030864944837231e-01,1.100520795559259690e-01,1.103779404620481297e-01,1.106804715029033465e-01,1.109594885335794950e-01,1.112148212201473363e-01,1.114463132673285256e-01,1.116538226274977758e-01,1.118372216906621530e-01,1.119963974551562019e-01,1.121312516787816571e-01,1.122417010102006035e-01,1.123276771003873797e-01,1.123891266940125616e-01,1.124260117006338905e-01,1.124383092456000821e-01,1.124260117006332937e-01,1.123891266940129502e-01,1.123276771003862140e-01,1.122417010101996182e-01,1.121312516787814628e-01,1.119963974551561742e-01,1.118372216906629302e-01,1.116538226274986223e-01,1.114463132673288587e-01,1.112148212201462538e-01,1.109594885335790648e-01,1.106804715029040542e-01,1.103779404620475468e-01,1.100520795559264409e-01,1.097030864944842504e-01,1.093311722889205445e-01,1.089365609705785359e-01,1.085194892931248961e-01,1.080802064186728029e-01,1.076189735886678850e-01,1.071360637804030791e-01,1.066317613502418132e-01,1.061063616647463653e-01,1.055601707211086954e-01,1.049935047585335568e-01,1.044066898624803480e-01,1.038000615640128216e-01,1.031739644368974279e-01,1.025287516955815242e-01,1.018647847977891402e-01,1.011824330561755525e-01,1.004820732643937897e-01,9.976408934403184492e-02,9.902887202025140168e-02,9.827681853568306924e-02,9.750833241429346376e-02,9.672382328965070664e-02,9.592370681546949496e-02,9.510840468068570974e-02,9.427834475691390659e-02,9.343396141335361116e-02,9.257569604343382497e-02,9.170399785960520189e-02,9.081932502832235077e-02,8.992214623788449823e-02,8.901294281892777049e-02,8.809221157335908603e-02,8.716046851553829744e-02,8.621825379389765065e-02,8.526613814827181670e-02,8.430473137642661985e-02,8.333469344516948596e-02,8.235674910436149854e-02,8.137170717147497456e-02,8.038048608624709379e-02,7.938414794221204662e-02,7.838394406113946555e-02,7.738137639911930876e-02,7.637828082176326139e-02,7.537694079512047285e-02,7.438024364252660003e-02,7.339189667676934703e-02
5.172043010752688241e-01,6.941229900341019943e-02,7.029871266978590660e-02,7.118654186844272647e-02,7.207406432394242168e-02,7.295987290788197299e-02,7.384279777957666879e-02,7.472184875814127936e-02,7.559617240721214215e-02,7.646501988553468243e-02,7.732772272725872698e-02,7.818367450224300574e-02,7.903231686596048911e-02,7.987312890821635092e-02,8.070561899716713339e-02,8.152931852279537983e-02,8.234377709515194876e-02,8.314855886330836665e-02,8.394323970252892675e-02,8.472740507758591555e-02,8.550064843527517555e-02,8.626257001300738358e-02,8.701277597590462154e-02,8.775087781421767041e-02,8.847649194766685210e-02,8.918923949470569656e-02,8.988874617339023820e-02,9.057464230740944200e-02,9.124656291606086933e-02,9.190414787111758632e-02,9.254704210679237653e-02,9.317489587155894371e-02,9.378736501265279302e-02,9.438411128568179043e-02,9.496480268309220873e-02,9.552911377628976741e-02,9.607672606703351881e-02,9.660732834444871187e-02,9.712061704454312550e-02,9.761629660956828991e-02,9.809407984496774924e-02,9.855368827195065684e-02,9.899485247398913390e-02,9.941731243579772503e-02,9.982081787346562540e-02,1.002051285546523701e-01,1.005700146078253449e-01,1.009152568196786948e-01,1.012406469199395170e-01,1.015459878528896659e-01,1.018310940349686361e-01,1.020957915979317232e-01,1.023399186170541597e-01,1.025633253239681408e-01,1.027658743037402345e-01,1.029474406758499605e-01,1.031079122587667124e-01,1.032471897178678516e-01,1.033651866964651611e-01,1.034618299297443839e-01,1.035370593414425971e-01,1.035908281231464889e-01,1.036231027960686640e-01,1.036338632552442907e-01,1.036231027960687751e-01,1.035908281231468497e-01,1.035370593414427359e-01,1.034618299297443700e-01,1.033651866964666183e-01,1.032471897178683234e-01,1.031079122587663793e-01,1.029474406758503352e-01,1.027658743037408728e-01,1.025633253239684323e-01,1.023399186170542707e-01,1.020957915979318481e-01,1.018310940349697741e-01,1.015459878528893606e-01,1.012406469199394893e-01,1.009152568196783478e-01,1.005700146078258167e-01,1.002051285546519954e-01,9.982081787346581969e-02,9.941731243579669808e-02,9.899485247398800980e-02,9.855368827195008785e-02,9.809407984496880395e-02,9.761629660956884502e-02,9.712061704454336142e-02,9.660732834444894779e-02,9.607672606703340779e-02,9.552911377628908740e-02,9.496480268309240302e-02,9.438411128568161002e-02,9.378736501265205749e-02,9.317489587155858288e-02,9.254704210679284837e-02,9.190414787111708672e-02,9.124656291606006442e-02,9.057464230740897015e-02,8.988874617339086270e-02,8.918923949470590473e-02,8.847649194766726843e-02,8.775087781421742061e-02,8.701277597590523216e-02,8.626257001300696725e-02,8.550064843527512004e-02,8.472740507758627637e-02,8.394323970252914879e-02,8.314855886330829726e-02,8.234377709515200428e-02,8.152931852279569902e-02,8.070561899716605092e-02,7.987312890821578193e-02,7.903231686595926786e-02,7.818367450224264492e-02,7.732772272725881024e-02,7.646501988553469631e-02,7.559617240721216991e-02,7.472184875814186222e-02,7.384279777957732105e-02,7.295987290788237545e-02,7.207406432394217188e-02,7.118654186844269871e-02,7.029871266978604538e-02,6.941229900340967207e-02
5.215053763440860024e-01,6.591338455202294666e-02,6.670351918017283777e-02,6.749231602276653530e-02,6.827886807605185182e-02,6.906239665087866852e-02,6.984222127245745537e-02,7.061773695761680569e-02,7.138839697338419943e-02,7.215369969369272996e-02,7.291317853952941630e-02,7.366639425378096462e-02,7.441292895484533099e-02,7.515238155375350559e-02,7.588436422266206516e-02,7.660849967869254318e-02,7.732441910353389514e-02,7.803176056141046535e-02,7.873016780961494820e-02,7.941928941972391243e-02,8.009877814574969945e-02,8.076829048929587418e-02,8.142748642243340107e-02,8.207602923718680665e-02,8.271358549686456951e-02,8.333982506942708146e-02,8.395442122692672871e-02,8.455705079812192437e-02,8.514739436373594539e-02,8.572513648577821666e-02,8.628996596379870376e-02,8.684157611223655704e-02,8.737966505393432448e-02,8.790393602570110987e-02,8.841409769247537964e-02,8.890986446709230051e-02,8.939095683315878560e-02,8.985710166884058880e-02,9.030803256968500392e-02,9.074349016881415320e-02,9.116322245307810490e-02,9.156698507385316321e-02,9.195454165139996250e-02,9.232566407174822021e-02,9.268013277521996995e-02,9.301773703578551655e-02,9.333827523052846964e-02,9.364155509855556780e-02,9.392739398877826551e-02,9.419561909600486505e-02,9.444606768488084114e-02,9.467858730122426236e-02,9.489303597035526894e-02,9.508928238207926820e-02,9.526720606196981134e-02,9.542669752868994382e-02,9.556765843706810371e-02,9.569000170671770888e-02,9.579365163597715338e-02,9.587854400101340768e-02,9.594462613992971178e-02,9.599185702173583523e-02,9.602020730012303384e-02,9.602965935190690971e-02,9.602020730012369998e-02,9.599185702173616830e-02,9.594462613992818523e-02,9.587854400101379626e-02,9.579365163597663990e-02,9.569000170671748684e-02,9.556765843706765962e-02,9.542669752868968014e-02,9.526720606196974195e-02,9.508928238208039230e-02,9.489303597035640692e-02,9.467858730122366562e-02,9.444606768488106319e-02,9.419561909600480953e-02,9.392739398877829327e-02,9.364155509855515147e-02,9.333827523052783126e-02,9.301773703578609942e-02,9.268013277522003934e-02,9.232566407174812306e-02,9.195454165139950453e-02,9.156698507385238606e-02,9.116322245307785510e-02,9.074349016881486096e-02,9.030803256968500392e-02,8.985710166884050554e-02,8.939095683315878560e-02,8.890986446709188418e-02,8.841409769247521311e-02,8.790393602570131804e-02,8.737966505393415795e-02,8.684157611223666806e-02,8.628996596379841233e-02,8.572513648577825829e-02,8.514739436373633397e-02,8.455705079812127212e-02,8.395442122692634013e-02,8.333982506942730351e-02,8.271358549686520789e-02,8.207602923718732013e-02,8.142748642243374801e-02,8.076829048929612398e-02,8.009877814575071253e-02,7.941928941972428713e-02,7.873016780961494820e-02,7.803176056141061800e-02,7.732441910353346493e-02,7.660849967869157173e-02,7.588436422266220394e-02,7.515238155375278395e-02,7.441292895484541425e-02,7.366639425378068706e-02,7.291317853952972161e-02,7.215369969369314629e-02,7.138839697338489332e-02,7.061773695761765224e-02,6.984222127245695577e-02,6.906239665087873791e-02,6.827886807605237918e-02,6.749231602276591080e-02,6.670351918017257409e-02,6.591338455202329361e-02
5.258064516129031807e-01,6.276275202977876777e-02,6.346518511593482459e-02,6.416519513903187755e-02,6.486224501514578633e-02,6.555585121101314972e-02,6.624557155725534219e-02,6.693099590955534084e-02,6.761173896710535869e-02,6.828743473501801275e-02,6.895773224701856607e-02,6.962229225994506776e-02,7.028078470195858740e-02,7.093288670855743550e-02,7.157828111949375571e-02,7.221665533898062594e-02,7.284770048365563078e-02,7.347111075953663417e-02,7.408658302202623946e-02,7.469381648278880514e-02,7.529251253493188245e-02,7.588237467372016543e-02,7.646310849467922999e-02,7.703442175442110074e-02,7.759602448239900918e-02,7.814762913395520427e-02,7.868895077678739192e-02,7.921970730433847141e-02,7.973961967076712010e-02,8.024841214297945280e-02,8.074581256596918832e-02,8.123155263830272865e-02,8.170536819500054393e-02,8.216699949552730420e-02,8.261619151485580237e-02,8.305269423588243494e-02,8.347626294163494609e-02,8.388665850596456475e-02,8.428364768149314290e-02,8.466700338376675905e-02,8.503650497065320946e-02,8.539193851612621178e-02,8.573309707764596721e-02,8.605978095642990988e-02,8.637179794996707738e-02,8.666896359617716483e-02,8.695110140867307047e-02,8.721804310263352178e-02,8.746962881079781149e-02,8.770570728921446568e-02,8.792613611228808357e-02,8.813078185682414467e-02,8.831952027471577649e-02,8.849223645397469307e-02,8.864882496785159161e-02,8.878919001177572323e-02,8.891324552791227132e-02,8.902091531712556793e-02,8.911213313817804849e-02,8.918684279400727888e-02,8.924499820495562785e-02,8.928656346882632433e-02,8.931151290770161788e-02,8.931983110142385773e-02,8.931151290770210360e-02,8.928656346882538064e-02,8.924499820495494784e-02,8.918684279400718173e-02,8.911213313817872850e-02,8.902091531712594263e-02,8.891324552791224356e-02,8.878919001177491832e-02,8.864882496785138344e-02,8.849223645397402693e-02,8.831952027471544342e-02,8.813078185682463039e-02,8.792613611228752846e-02,8.770570728921414649e-02,8.746962881079771435e-02,8.721804310263275850e-02,8.695110140867393089e-02,8.666896359617672074e-02,8.637179794996742432e-02,8.605978095643020132e-02,8.573309707764661947e-02,8.539193851612665587e-02,8.503650497065309843e-02,8.466700338376646762e-02,8.428364768149336494e-02,8.388665850596452311e-02,8.347626294163480731e-02,8.305269423588199085e-02,8.261619151485638524e-02,8.216699949552697113e-02,8.170536819500018311e-02,8.123155263830320050e-02,8.074581256596929935e-02,8.024841214297916137e-02,7.973961967076773072e-02,7.921970730433833263e-02,7.868895077678647598e-02,7.814762913395573163e-02,7.759602448239856509e-02,7.703442175442160034e-02,7.646310849467909121e-02,7.588237467372010991e-02,7.529251253493135509e-02,7.469381648278884678e-02,7.408658302202636436e-02,7.347111075953678683e-02,7.284770048365521444e-02,7.221665533898084799e-02,7.157828111949296468e-02,7.093288670855731060e-02,7.028078470195836536e-02,6.962229225994506776e-02,6.895773224701845505e-02,6.828743473501808214e-02,6.761173896710538644e-02,6.693099590955571554e-02,6.624557155725602220e-02,6.555585121101292767e-02,6.486224501514609164e-02,6.416519513903176652e-02,6.346518511593450540e-02,6.276275202977858736e-02
5.301075268817204700e-01,6.004805800451319675e-02,6.067279148234519526e-02,6.129472881133637974e-02,6.191351651736837214e-02,6.252882304579893136e-02,6.314033371758764890e-02,6.374774683114928231e-02,6.435077064717026341e-02,6.494912105777499167e-02,6.554251978908023912e-02,6.613069302172228103e-02,6.671337034068765270e-02,6.729028394592233286e-02,6.786116807044510757e-02,6.842575856441196480e-02,6.898379261241052718e-02,6.953500855823177562e-02,7.007914581660802666e-02,7.061594485555867939e-02,7.114514723624694448e-02,7.166649569970667821e-02,7.217973429185486900e-02,7.268460851974192782e-02,7.318086553327378396e-02,7.366825432758422609e-02,7.414652596211430968e-02,7.461543379300694667e-02,7.507473371602571555e-02,7.552418441756816869e-02,7.596354763171467295e-02,7.639258840152968189e-02,7.681107534306691464e-02,7.721878091069049599e-02,7.761548166253552650e-02,7.800095852501362503e-02,7.837499705540448836e-02,7.873738770167022782e-02,7.908792605869756354e-02,7.942641312024392719e-02,7.975265552594081042e-02,8.006646580273553415e-02,8.036766260021468988e-02,8.065607091928315986e-02,8.093152233372934157e-02,8.119385520421307234e-02,8.144291488426380621e-02,8.167855391791002673e-02,8.190063222854969405e-02,8.210901729875720589e-02,8.230358434069609541e-02,8.248421645684404779e-02,8.265080479076652997e-02,8.280324866769746273e-02,8.294145572468469840e-02,8.306534203010629280e-02,8.317483219236260217e-02,8.326985945757643670e-02,8.335036579614629737e-02,8.341630197803179270e-02,8.346762763664342111e-02,8.350431132124939981e-02,8.352633053781484407e-02,8.353367177822310086e-02,8.352633053781494121e-02,8.350431132124971900e-02,8.346762763664351825e-02,8.341630197803169555e-02,8.335036579614622798e-02,8.326985945757613139e-02,8.317483219236238012e-02,8.306534203010629280e-02,8.294145572468485106e-02,8.280324866769697700e-02,8.265080479076696018e-02,8.248421645684403392e-02,8.230358434069594276e-02,8.210901729875662303e-02,8.190063222854961078e-02,8.167855391790984632e-02,8.144291488426402825e-02,8.119385520421254498e-02,8.093152233372873094e-02,8.065607091928289618e-02,8.036766260021414865e-02,8.006646580273624192e-02,7.975265552594101859e-02,7.942641312024392719e-02,7.908792605869777170e-02,7.873738770167068579e-02,7.837499705540407202e-02,7.800095852501270910e-02,7.761548166253537384e-02,7.721878091069013517e-02,7.681107534306656770e-02,7.639258840152918228e-02,7.596354763171395130e-02,7.552418441756772460e-02,7.507473371602682577e-02,7.461543379300730749e-02,7.414652596211436519e-02,7.366825432758405956e-02,7.318086553327292354e-02,7.268460851974237191e-02,7.217973429185428613e-02,7.166649569970692801e-02,7.114514723624698611e-02,7.061594485555888756e-02,7.007914581660784625e-02,6.953500855823302462e-02,6.898379261241022187e-02,6.842575856441203419e-02,6.786116807044464960e-02,6.729028394592226348e-02,6.671337034068777760e-02,6.613069302172180919e-02,6.554251978908026688e-02,6.494912105777445044e-02,6.435077064716973605e-02,6.374774683114912965e-02,6.314033371758764890e-02,6.252882304579879258e-02,6.191351651736970441e-02,6.129472881133683770e-02,6.067279148234534097e-02,6.004805800451260001e-02
5.344086021505376483e-01,5.795192054662975240e-02,5.850984453204773755e-02,5.906491465139043079e-02,5.961687660918007364e-02,6.016548407522912673e-02,6.071049662299088379e-02,6.125167814165406732e-02,6.178879561892981764e-02,6.232161821546848557e-02,6.284991656989064035e-02,6.337346228711107643e-02,6.389202757306543246e-02,6.440538498691630864e-02,6.491330728796200489e-02,6.541556735916929932e-02,6.591193819298908629e-02,6.640219292791167682e-02,6.688610492649828265e-02,6.736344788738433953e-02,6.783399598511395678e-02,6.829752403280722750e-02,6.875380766349808992e-02,6.920262352671281703e-02,6.964374949739403353e-02,7.007696489474760093e-02,7.050205070894191572e-02,7.091878983388621993e-02,7.132696730456936085e-02,7.172637053760083647e-02,7.211678957382550159e-02,7.249801732192809323e-02,7.286984980213345731e-02,7.323208638916178792e-02,7.358453005367887600e-02,7.392698760155858029e-02,7.425926991032184843e-02,7.458119216216929637e-02,7.489257407307516046e-02,7.519324011741045088e-02,7.548301974766333244e-02,7.576174760878802428e-02,7.602926374676306776e-02,7.628541381099662733e-02,7.653004925017466153e-02,7.676302750123642493e-02,7.698421217112742798e-02,7.719347321103819937e-02,7.739068708282911824e-02,7.757573691736330268e-02,7.774851266451932030e-02,7.790891123461043954e-02,7.805683663101432856e-02,7.819220007379493187e-02,7.831492011412856391e-02,7.842492273936019220e-02,7.852214146853797594e-02,7.860651743826439775e-02,7.867799947875930844e-02,7.873654418000057553e-02,7.878211594785840266e-02,7.881468705013751352e-02,7.883423765245151094e-02,7.884075584389650670e-02,7.883423765245281545e-02,7.881468705013749965e-02,7.878211594785836103e-02,7.873654417999990940e-02,7.867799947875885047e-02,7.860651743826466142e-02,7.852214146853786492e-02,7.842492273936038649e-02,7.831492011412807819e-02,7.819220007379540371e-02,7.805683663101406489e-02,7.790891123461014811e-02,7.774851266451900111e-02,7.757573691736283084e-02,7.739068708282823006e-02,7.719347321103914306e-02,7.698421217112741410e-02,7.676302750123600860e-02,7.653004925017492521e-02,7.628541381099704366e-02,7.602926374676406696e-02,7.576174760878785774e-02,7.548301974766358224e-02,7.519324011740988190e-02,7.489257407307520209e-02,7.458119216216993475e-02,7.425926991032169577e-02,7.392698760155877458e-02,7.358453005367852906e-02,7.323208638916162139e-02,7.286984980213331853e-02,7.249801732192749648e-02,7.211678957382565425e-02,7.172637053760033687e-02,7.132696730456844492e-02,7.091878983388691382e-02,7.050205070894220716e-02,7.007696489474730950e-02,6.964374949739378373e-02,6.920262352671258110e-02,6.875380766349803441e-02,6.829752403280711648e-02,6.783399598511466455e-02,6.736344788738427014e-02,6.688610492649885164e-02,6.640219292791166295e-02,6.591193819298932222e-02,6.541556735916928544e-02,6.491330728796157468e-02,6.440538498691605884e-02,6.389202757306454428e-02,6.337346228711110419e-02,6.284991656989061259e-02,6.232161821546793046e-02,6.178879561892932498e-02,6.125167814165397018e-02,6.071049662299098093e-02,6.016548407522957082e-02,5.961687660918153081e-02,5.906491465139090263e-02,5.850984453204794572e-02,5.795192054663042547e-02
5.387096774193548265e-01,5.622969833967386005e-02,5.672734437490652842e-02,5.722224732072656722e-02,5.771421236554501177e-02,5.820304624678604433e-02,5.868855649104052358e-02,5.917055085003939535e-02,5.964883689180498771e-02,6.012322171542103938e-02,6.059351176469397054e-02,6.105951272132432300e-02,6.152102946225417729e-02,6.197786606903974566e-02,6.242982587953666007e-02,6.287671157410654188e-02,6.331832529007866417e-02,6.375446875934473456e-02,6.418494346493325287e-02,6.460955081314770365e-02,6.502809231842054949e-02,6.544036979853107283e-02,6.584618557819642282e-02,6.624534269937237818e-02,6.663764513679838741e-02,6.702289801758397336e-02,6.740090784373276023e-02,6.777148271668290147e-02,6.813443256300026618e-02,6.848956936051606159e-02,6.883670736418537328e-02,6.917566333109713417e-02,6.950625674404556364e-02,6.982831003315326246e-02,7.014164879506390449e-02,7.044610200924973642e-02,7.074150225100958589e-02,7.102768590076019573e-02,7.130449334923941174e-02,7.157176919826313544e-02,7.182936245668886110e-02,7.207712673126905056e-02,7.231492041207351895e-02,7.254260685219232618e-02,7.276005454142847606e-02,7.296713727371574587e-02,7.316373430800776623e-02,7.334973052238435987e-02,7.352501656115341400e-02,7.368948897472724080e-02,7.384305035205868117e-02,7.398560944545305718e-02,7.411708128756754055e-02,7.423738730042810097e-02,7.434645539631458411e-02,7.444422007034950939e-02,7.453062248468150797e-02,7.460561054412746806e-02,7.466913896316990096e-02,7.472116932421352109e-02,7.476167012701892545e-02,7.479061682924988130e-02,7.480799187806012884e-02,7.481378473269513496e-02,7.480799187805925454e-02,7.479061682924915966e-02,7.476167012701810666e-02,7.472116932421307700e-02,7.466913896317045607e-02,7.460561054412764848e-02,7.453062248468207696e-02,7.444422007034855182e-02,7.434645539631441757e-02,7.423738730042811484e-02,7.411708128756742953e-02,7.398560944545289064e-02,7.384305035205926404e-02,7.368948897472664405e-02,7.352501656115377482e-02,7.334973052238435987e-02,7.316373430800757194e-02,7.296713727371625935e-02,7.276005454142858708e-02,7.254260685219282578e-02,7.231492041207336630e-02,7.207712673126887015e-02,7.182936245668855579e-02,7.157176919826345463e-02,7.130449334923961990e-02,7.102768590076040389e-02,7.074150225100889200e-02,7.044610200924943111e-02,7.014164879506405714e-02,6.982831003315315144e-02,6.950625674404567467e-02,6.917566333109759213e-02,6.883670736418466551e-02,6.848956936051560362e-02,6.813443256300075190e-02,6.777148271668156920e-02,6.740090784373295452e-02,6.702289801758384846e-02,6.663764513679838741e-02,6.624534269937290554e-02,6.584618557819699181e-02,6.544036979853094793e-02,6.502809231842142379e-02,6.460955081314803672e-02,6.418494346493279490e-02,6.375446875934420721e-02,6.331832529007966337e-02,6.287671157410699985e-02,6.242982587953678497e-02,6.197786606904007872e-02,6.152102946225423974e-02,6.105951272132439239e-02,6.059351176469406769e-02,6.012322171542087978e-02,5.964883689180434240e-02,5.917055085003952025e-02,5.868855649104128686e-02,5.820304624678589861e-02,5.771421236554453993e-02,5.722224732072655334e-02,5.672734437490732640e-02,5.622969833967437353e-02
5.430107526881720048e-01,5.503601896915608777e-02,5.547969595929318903e-02,5.592084167280157725e-02,5.635929957107806837e-02,5.679491159690496643e-02,5.722751800347049972e-02,5.765695726068633536e-02,5.808306602317065553e-02,5.850567914762903193e-02,5.892462974993400299e-02,5.933974929421627353e-02,5.975086770783387402e-02,6.015781351732063520e-02,6.056041400133641700e-02,6.095849535743646380e-02,6.135188288003389639e-02,6.174040114741174978e-02,6.212387421602048876e-02,6.250212582057856903e-02,6.287497957873949828e-02,6.324225919927749240e-02,6.360378869288790815e-02,6.395939258483002154e-02,6.430889612872142669e-02,6.465212552090818243e-02,6.498890811483762353e-02,6.531907263498031024e-02,6.564244938983763988e-02,6.595887048364003358e-02,6.626817002633918208e-02,6.657018434155811959e-02,6.686475217213522226e-02,6.715171488297243252e-02,6.743091666084902180e-02,6.770220471093121861e-02,6.796542944968012034e-02,6.822044469389541843e-02,6.846710784561400864e-02,6.870528007262755033e-02,6.893482648436013993e-02,6.915561630285946282e-02,6.936752302869149400e-02,6.957042460148954444e-02,6.976420355496108783e-02,6.994874716613111443e-02,7.012394759862923543e-02,7.028970203982282117e-02,7.044591283162306150e-02,7.059248759476931256e-02,7.072933934644583254e-02,7.085638661106652414e-02,7.097355352406750639e-02,7.108076992858770871e-02,7.117797146489911186e-02,7.126509965245766964e-02,7.134210196449010388e-02,7.140893189498369320e-02,7.146554901801865922e-02,7.151191903934785155e-02,7.154801384015843646e-02,7.157381151295397204e-02,7.158929638952375718e-02,7.159445906092795631e-02,7.158929638952303554e-02,7.157381151295455490e-02,7.154801384015772869e-02,7.151191903934804583e-02,7.146554901801840942e-02,7.140893189498424831e-02,7.134210196449075614e-02,7.126509965245819700e-02,7.117797146489883431e-02,7.108076992858797238e-02,7.097355352406749252e-02,7.085638661106641312e-02,7.072933934644581866e-02,7.059248759476915991e-02,7.044591283162256190e-02,7.028970203982265463e-02,7.012394759862919380e-02,6.994874716613150301e-02,6.976420355496179559e-02,6.957042460148990526e-02,6.936752302869145237e-02,6.915561630285919914e-02,6.893482648436055626e-02,6.870528007262818870e-02,6.846710784561355068e-02,6.822044469389527965e-02,6.796542944968023137e-02,6.770220471093066350e-02,6.743091666084936875e-02,6.715171488297282110e-02,6.686475217213598554e-02,6.657018434155767550e-02,6.626817002633919595e-02,6.595887048364018623e-02,6.564244938983772315e-02,6.531907263498015759e-02,6.498890811483815089e-02,6.465212552090812692e-02,6.430889612872121852e-02,6.395939258482855050e-02,6.360378869288803305e-02,6.324225919927717321e-02,6.287497957873880439e-02,6.250212582057854127e-02,6.212387421602042631e-02,6.174040114741164570e-02,6.135188288003363272e-02,6.095849535743605441e-02,6.056041400133595209e-02,6.015781351732075316e-02,5.975086770783381157e-02,5.933974929421639843e-02,5.892462974993380176e-02,5.850567914762893479e-02,5.808306602317051676e-02,5.765695726068587740e-02,5.722751800347078421e-02,5.679491159690552848e-02,5.635929957107850552e-02,5.592084167280211154e-02,5.547969595929264086e-02,5.503601896915611552e-02
5.473118279569892941e-01,5.429695770309396485e-02,5.469002227229637775e-02,5.508087010288761909e-02,5.546937035541835148e-02,5.585538912213623697e-02,5.623878954023821958e-02,5.661943192939517672e-02,5.699717394820871808e-02,5.737187076539934649e-02,5.774337524238161434e-02,5.811153812465674057e-02,5.847620823990145461e-02,5.883723270114030179e-02,5.919445711366119051e-02,5.954772578461950405e-02,5.989688193446873060e-02,6.024176790951981525e-02,6.058222539505459664e-02,6.091809562850458715e-02,6.124921961229355671e-02,6.157543832599431111e-02,6.189659293749903007e-02,6.221252501292084958e-02,6.252307672500373448e-02,6.282809105978451325e-02,6.312741202133331786e-02,6.342088483433726276e-02,6.370835614435568783e-02,6.398967421555239177e-02,6.426468912572431968e-02,6.453325295843231890e-02,6.479521999207044081e-02,6.505044688568836775e-02,6.529879286138044747e-02,6.554011988307305303e-02,6.577429283152996797e-02,6.600117967540548858e-02,6.622065163815096800e-02,6.643258336062486669e-02,6.663685305922559254e-02,6.683334267936075213e-02,6.702193804412369393e-02,6.720252899796476387e-02,6.737500954524021368e-02,6.753927798345243927e-02,6.769523703105038981e-02,6.784279394961624521e-02,6.798186066032838037e-02,6.811235385453413838e-02,6.823419509831731011e-02,6.834731093093335264e-02,6.845163295698605821e-02,6.854709793224227077e-02,6.863364784298160715e-02,6.871122997877315841e-02,6.877979699859577967e-02,6.883930699022858257e-02,6.888972352282259071e-02,6.893101569259861561e-02,6.896315816161577295e-02,6.898613118954617651e-02,6.899992065844645639e-02,6.900451809045782259e-02,6.899992065844665068e-02,6.898613118954698142e-02,6.896315816161598111e-02,6.893101569259890704e-02,6.888972352282277112e-02,6.883930699022844379e-02,6.877979699859554374e-02,6.871122997877338046e-02,6.863364784298207899e-02,6.854709793224202097e-02,6.845163295698560024e-02,6.834731093093415755e-02,6.823419509831736562e-02,6.811235385453444369e-02,6.798186066032775587e-02,6.784279394961598153e-02,6.769523703105015389e-02,6.753927798345218947e-02,6.737500954524011654e-02,6.720252899796524959e-02,6.702193804412387435e-02,6.683334267936097417e-02,6.663685305922535662e-02,6.643258336062426994e-02,6.622065163815071820e-02,6.600117967540600206e-02,6.577429283153053696e-02,6.554011988307290038e-02,6.529879286138057237e-02,6.505044688568882572e-02,6.479521999207107918e-02,6.453325295843215237e-02,6.426468912572484704e-02,6.398967421555279422e-02,6.370835614435578498e-02,6.342088483433673540e-02,6.312741202133372032e-02,6.282809105978515163e-02,6.252307672500359570e-02,6.221252501292089121e-02,6.189659293749846802e-02,6.157543832599443601e-02,6.124921961229353590e-02,6.091809562850507287e-02,6.058222539505449256e-02,6.024176790951999566e-02,5.989688193446859876e-02,5.954772578461955262e-02,5.919445711366140561e-02,5.883723270113980219e-02,5.847620823990093419e-02,5.811153812465681689e-02,5.774337524238122576e-02,5.737187076539899955e-02,5.699717394820909278e-02,5.661943192939532243e-02,5.623878954023949633e-02,5.585538912213675045e-02,5.546937035541815025e-02,5.508087010288777868e-02,5.469002227229585733e-02,5.429695770309422159e-02
5.516129032258064724e-01,5.399679215473822402e-02,5.433981928776976389e-02,5.468109295692624716e-02,5.502049773422948431e-02,5.535791434387661580e-02,5.569321993009364313e-02,5.602628832294011957e-02,5.635699030112949204e-02,5.668519385125985605e-02,5.701076442305657438e-02,5.733356518037220628e-02,5.765345724786827275e-02,5.797029995329933821e-02,5.828395106547899079e-02,5.859426702797176228e-02,5.890110318860609234e-02,5.920431402493354228e-02,5.950375336573143770e-02,5.979927460866597821e-02,6.009073093421944678e-02,6.037797551598207690e-02,6.066086172736809279e-02,6.093924334485616157e-02,6.121297474777345760e-02,6.148191111468212511e-02,6.174590861638852568e-02,6.200482460556537567e-02,6.225851780300695193e-02,6.250684848046725306e-02,6.274967864007460761e-02,6.298687219025801698e-02,6.321829511813813196e-02,6.344381565831461178e-02,6.366330445797495352e-02,6.387663473824038707e-02,6.408368245166243260e-02,6.428432643576521832e-02,6.447844856254550394e-02,6.466593388380906249e-02,6.484667077225761411e-02,6.502055105818038694e-02,6.518747016167078523e-02,6.534732722024899632e-02,6.550002521174283499e-02,6.564547107237034274e-02,6.578357580985651210e-02,6.591425461151309562e-02,6.603742694715417083e-02,6.615301666674902603e-02,6.626095209270045638e-02,6.636116610667931737e-02,6.645359623087554457e-02,6.653818470362982129e-02,6.661487854931519292e-02,6.668362964242774416e-02,6.674439476578941655e-02,6.679713566280685855e-02,6.684181908373010295e-02,6.687841682584767800e-02,6.690690576758172303e-02,6.692726789643639596e-02,6.693949033076904143e-02,6.694356533536208187e-02,6.693949033076912469e-02,6.692726789643634044e-02,6.690690576758130670e-02,6.687841682584712288e-02,6.684181908372986702e-02,6.679713566280696957e-02,6.674439476578994390e-02,6.668362964242798008e-02,6.661487854931506802e-02,6.653818470362921067e-02,6.645359623087544743e-02,6.636116610667820714e-02,6.626095209270049802e-02,6.615301666674845704e-02,6.603742694715357409e-02,6.591425461151258214e-02,6.578357580985579045e-02,6.564547107237017620e-02,6.550002521174308479e-02,6.534732722024846896e-02,6.518747016167052155e-02,6.502055105817949876e-02,6.484667077225747533e-02,6.466593388380949270e-02,6.447844856254518475e-02,6.428432643576525995e-02,6.408368245166196076e-02,6.387663473824092830e-02,6.366330445797467597e-02,6.344381565831405667e-02,6.321829511813809033e-02,6.298687219025786432e-02,6.274967864007423290e-02,6.250684848046728082e-02,6.225851780300704907e-02,6.200482460556545894e-02,6.174590861638809547e-02,6.148191111468230552e-02,6.121297474777388781e-02,6.093924334485682770e-02,6.066086172736852300e-02,6.037797551598200751e-02,6.009073093421958556e-02,5.979927460866585331e-02,5.950375336573157647e-02,5.920431402493393780e-02,5.890110318860564825e-02,5.859426702797172759e-02,5.828395106547924753e-02,5.797029995329967822e-02,5.765345724786810622e-02,5.733356518037276139e-02,5.701076442305685194e-02,5.668519385126010585e-02,5.635699030112849978e-02,5.602628832294018202e-02,5.569321993009368477e-02,5.535791434387617865e-02,5.502049773422995615e-02,5.468109295692612226e-02,5.433981928776918796e-02,5.399679215473932731e-02
5.559139784946236507e-01,5.421972076513274785e-02,5.451017815268394129e-02,5.479960416870578027e-02,5.508788490997771486e-02,5.537490252575820449e-02,5.566053557726800133e-02,5.594465937892340035e-02,5.622714632272190344e-02,5.650786618714759291e-02,5.678668643185071085e-02,5.706347247927072430e-02,5.733808798432195319e-02,5.761039509310081352e-02,5.788025469157558056e-02,5.814752664505898339e-02,5.841207002924705960e-02,5.867374335350240833e-02,5.893240477698184765e-02,5.918791231818071319e-02,5.944012405837038882e-02,5.968889833935184241e-02,5.993409395592902422e-02,6.017557034340477451e-02,6.041318776040685568e-02,6.064680746727110772e-02,6.087629190020267533e-02,6.110150484137635840e-02,6.132231158511711189e-02,6.153857910028254219e-02,6.175017618891004423e-02,6.195697364121603712e-02,6.215884438697280578e-02,6.235566364327485567e-02,6.254730905872661617e-02,6.273366085400680636e-02,6.291460195881469486e-02,6.309001814513741369e-02,6.325979815680883578e-02,6.342383383529698326e-02,6.358202024165623967e-02,6.373425577458408098e-02,6.388044228449145379e-02,6.402048518353609108e-02,6.415429355149945834e-02,6.428178023747112280e-02,6.440286195721810214e-02,6.451745938616715303e-02,6.462549724793098527e-02,6.472690439827100128e-02,6.482161390443923199e-02,6.490956311979401150e-02,6.499069375364738277e-02,6.506495193623632045e-02,6.513228827877580451e-02,6.519265792851294816e-02,6.524602061873398251e-02,6.529234071365162817e-02,6.533158724814290552e-02,6.536373396227941612e-02,6.538875933060631085e-02,6.540664658615587268e-02,6.541738373914733617e-02,6.542096359035613762e-02,6.541738373914783578e-02,6.540664658615640004e-02,6.538875933060633860e-02,6.536373396227901367e-02,6.533158724814301654e-02,6.529234071365201675e-02,6.524602061873405190e-02,6.519265792851391961e-02,6.513228827877531879e-02,6.506495193623679230e-02,6.499069375364727175e-02,6.490956311979484417e-02,6.482161390443892668e-02,6.472690439827102904e-02,6.462549724793090200e-02,6.451745938616683385e-02,6.440286195721785234e-02,6.428178023747177505e-02,6.415429355149943058e-02,6.402048518353574413e-02,6.388044228449227258e-02,6.373425577458427527e-02,6.358202024165648947e-02,6.342383383529662244e-02,6.325979815680968232e-02,6.309001814513731654e-02,6.291460195881470874e-02,6.273366085400690351e-02,6.254730905872639413e-02,6.235566364327492506e-02,6.215884438697218128e-02,6.195697364121649509e-02,6.175017618890950299e-02,6.153857910028222300e-02,6.132231158511736169e-02,6.110150484137616411e-02,6.087629190020261982e-02,6.064680746727039995e-02,6.041318776040680016e-02,6.017557034340513533e-02,5.993409395592877442e-02,5.968889833935138445e-02,5.944012405837005575e-02,5.918791231818029686e-02,5.893240477698134805e-02,5.867374335350253323e-02,5.841207002924739267e-02,5.814752664505867807e-02,5.788025469157603853e-02,5.761039509310120210e-02,5.733808798432112053e-02,5.706347247927028021e-02,5.678668643184971859e-02,5.650786618714839088e-02,5.622714632272086260e-02,5.594465937892328933e-02,5.566053557726832746e-02,5.537490252575751754e-02,5.508788490997786058e-02,5.479960416870524598e-02,5.451017815268376088e-02,5.421972076513223437e-02
5.602150537634408289e-01,5.508452640410956003e-02,5.531453368833667145e-02,5.554473760530220100e-02,5.577499826050257709e-02,5.600517318146605583e-02,5.623511767874997402e-02,5.646468517901641337e-02,5.669372753323179137e-02,5.692209530277517193e-02,5.714963802591660480e-02,5.737620446686374220e-02,5.760164284935541390e-02,5.782580107651658086e-02,5.804852693854387069e-02,5.826966830958570098e-02,5.848907333501909833e-02,5.870659061020438996e-02,5.892206935163787906e-02,5.913535956134154115e-02,5.934631218518655882e-02,5.955477926580367287e-02,5.976061409057846496e-02,5.996367133524127535e-02,6.016380720340858135e-02,6.036087956243643693e-02,6.055474807585577157e-02,6.074527433262533194e-02,6.093232197338825651e-02,6.111575681389816439e-02,6.129544696570775331e-02,6.147126295422936093e-02,6.164307783420937270e-02,6.181076730266704677e-02,6.197420980930393175e-02,6.213328666438262815e-02,6.228788214405298063e-02,6.243788359310296909e-02,6.258318152507785781e-02,6.272366971971837790e-02,6.285924531765742229e-02,6.298980891230225587e-02,6.311526463882577431e-02,6.323552026019051142e-02,6.335048725012615289e-02,6.346008087296126088e-02,6.356422026024183269e-02,6.366282848403971573e-02,6.375583262686557173e-02,6.384316384810148626e-02,6.392475744688097539e-02,6.400055292131510976e-02,6.407049402400613602e-02,6.413452881376895121e-02,6.419260970348572570e-02,6.424469350402861600e-02,6.429074146419803959e-02,6.433071930661164728e-02,6.436459725948685817e-02,6.439235008429275431e-02,6.441395709920789969e-02,6.442940219836131022e-02,6.443867386682940179e-02,6.444176519136296521e-02,6.443867386682929077e-02,6.442940219836146287e-02,6.441395709920809398e-02,6.439235008429264329e-02,6.436459725948666388e-02,6.433071930661130033e-02,6.429074146419869185e-02,6.424469350402857437e-02,6.419260970348585060e-02,6.413452881376907611e-02,6.407049402400677440e-02,6.400055292131448526e-02,6.392475744688047579e-02,6.384316384810087563e-02,6.375583262686454478e-02,6.366282848403884143e-02,6.356422026024133309e-02,6.346008087296095557e-02,6.335048725012640269e-02,6.323552026019063632e-02,6.311526463882542737e-02,6.298980891230197832e-02,6.285924531765790801e-02,6.272366971971826688e-02,6.258318152507796883e-02,6.243788359310273317e-02,6.228788214405274470e-02,6.213328666438214243e-02,6.197420980930404277e-02,6.181076730266690800e-02,6.164307783420902576e-02,6.147126295422933318e-02,6.129544696570779494e-02,6.111575681389820602e-02,6.093232197338806222e-02,6.074527433262488785e-02,6.055474807585677077e-02,6.036087956243692265e-02,6.016380720340878951e-02,5.996367133524102555e-02,5.976061409057906171e-02,5.955477926580352022e-02,5.934631218518686413e-02,5.913535956134101379e-02,5.892206935163797621e-02,5.870659061020432057e-02,5.848907333502020855e-02,5.826966830958604793e-02,5.804852693854421763e-02,5.782580107651680290e-02,5.760164284935509471e-02,5.737620446686264586e-02,5.714963802591559172e-02,5.692209530277464458e-02,5.669372753323144443e-02,5.646468517901630235e-02,5.623511767874968259e-02,5.600517318146593787e-02,5.577499826050330567e-02,5.554473760530121568e-02,5.531453368833689349e-02,5.508452640410956697e-02
5.645161290322581182e-01,5.714055867371528596e-02,5.729406607453431388e-02,5.745006724023410394e-02,5.760832869012912083e-02,5.776862028224165335e-02,5.793071523276653589e-02,5.809439012527610469e-02,5.825942491225140352e-02,5.842560291107755377e-02,5.859271079635063051e-02,5.876053858997568047e-02,5.892887965032765629e-02,5.909753066150447154e-02,5.926629162349589253e-02,5.943496584396129601e-02,5.960335993212384498e-02,5.977128379521030876e-02,5.993855063773156910e-02,6.010497696380621979e-02,6.027038258270236981e-02,6.043459061762872231e-02,6.059742751784225057e-02,6.075872307399225736e-02,6.091831043669423962e-02,6.107602613818641224e-02,6.123171011697277344e-02,6.138520574529429674e-02,6.153635985926510232e-02,6.168502279149214174e-02,6.183104840598843688e-02,6.197429413516855612e-02,6.211462101873205244e-02,6.225189374420141142e-02,6.238598068892423076e-02,6.251675396328525147e-02,6.264408945496172110e-02,6.276786687394006470e-02,6.288796979813655874e-02,6.300428571937599642e-02,6.311670608952422989e-02,6.322512636657783014e-02,6.332944606050952552e-02,6.342956877866273713e-02,6.352540227052312638e-02,6.361685847167350416e-02,6.370385354676613709e-02,6.378630793132782084e-02,6.386414637225298896e-02,6.393729796682842692e-02,6.400569620013345229e-02,6.406927898068504046e-02,6.412798867420139992e-02,6.418177213535439241e-02,6.423058073740724183e-02,6.427437039961417242e-02,6.431310161232665912e-02,6.434673945966162822e-02,6.437525363970612868e-02,6.439861848216552054e-02,6.441681296339069052e-02,6.442982071874997496e-02,6.443763005228986263e-02,6.444023394366334145e-02,6.443763005229094509e-02,6.442982071874954475e-02,6.441681296339052398e-02,6.439861848216582585e-02,6.437525363970608705e-02,6.434673945966143394e-02,6.431310161232711708e-02,6.427437039961446386e-02,6.423058073740649243e-02,6.418177213535497527e-02,6.412798867420113624e-02,6.406927898068481841e-02,6.400569620013310534e-02,6.393729796682821875e-02,6.386414637225260038e-02,6.378630793132732124e-02,6.370385354676630363e-02,6.361685847167304619e-02,6.352540227052225208e-02,6.342956877866268162e-02,6.332944606050942837e-02,6.322512636657834362e-02,6.311670608952391071e-02,6.300428571937680133e-02,6.288796979813719712e-02,6.276786687393937081e-02,6.264408945496149905e-02,6.251675396328583434e-02,6.238598068892391157e-02,6.225189374420210531e-02,6.211462101873245489e-02,6.197429413516962471e-02,6.183104840598854790e-02,6.168502279149330747e-02,6.153635985926544927e-02,6.138520574529507390e-02,6.123171011697307875e-02,6.107602613818610693e-02,6.091831043669306001e-02,6.075872307399149408e-02,6.059742751784147341e-02,6.043459061762815332e-02,6.027038258270138449e-02,6.010497696380677490e-02,5.993855063773227687e-02,5.977128379521118307e-02,5.960335993212347028e-02,5.943496584396078253e-02,5.926629162349549007e-02,5.909753066150406908e-02,5.892887965032733710e-02,5.876053858997554169e-02,5.859271079635078316e-02,5.842560291107741499e-02,5.825942491225134801e-02,5.809439012527679858e-02,5.793071523276614732e-02,5.776862028224169499e-02,5.760832869012873225e-02,5.745006724023453415e-02,5.729406607453417510e-02,5.714055867371459208e-02
5.688172043010752965e-01,6.052235259654657751e-02,6.056085809438964407e-02,6.060664580094889120e-02,6.065920554554675437e-02,6.071805196677172722e-02,6.078272270007803457e-02,6.085277673008254729e-02,6.092779289170816015e-02,6.100736850596828742e-02,6.109111813772150068e-02,6.117867246404701254e-02,6.126967724303764018e-02,6.136379237388073227e-02,6.146069103997205130e-02,6.156005892766608367e-02,6.166159351397662580e-02,6.176500341715694675e-02,6.187000780473911332e-02,6.197633585403906908e-02,6.208372626066498146e-02,6.219192679094666387e-02,6.230069387456776964e-02,6.240979223403494980e-02,6.251899454789563992e-02,6.262808114490446554e-02,6.273683972655891283e-02,6.284506511565246534e-02,6.295255902869636988e-02,6.305912987022686822e-02,6.316459254718571892e-02,6.326876830168814969e-02,6.337148456066465929e-02,6.347257480093805582e-02,6.357187842843145531e-02,6.366924067031497214e-02,6.376451247895983943e-02,6.385755044666116542e-02,6.394821673019372710e-02,6.403637898429806463e-02,6.412191030328649732e-02,6.420468917000043962e-02,6.428459941143067902e-02,6.436153016032096497e-02,6.443537582217814808e-02,6.450603604710210270e-02,6.457341570592987912e-02,6.463742487020876504e-02,6.469797879554926856e-02,6.475499790794918276e-02,6.480840779271156149e-02,6.485813918560741353e-02,6.490412796595118605e-02,6.494631515131429889e-02,6.498464689360293478e-02,6.501907447624548364e-02,6.504955431229948737e-02,6.507604794325247410e-02,6.509852203836739848e-02,6.511694839441785343e-02,6.513130393566991805e-02,6.514157071402294774e-02,6.514773590920625024e-02,6.514979182896743493e-02,6.514773590920688862e-02,6.514157071402353061e-02,6.513130393567050092e-02,6.511694839441761751e-02,6.509852203836744011e-02,6.507604794325141939e-02,6.504955431229936247e-02,6.501907447624534486e-02,6.498464689360304580e-02,6.494631515131449317e-02,6.490412796595090850e-02,6.485813918560780211e-02,6.480840779271135332e-02,6.475499790794921051e-02,6.469797879554946285e-02,6.463742487020876504e-02,6.457341570592960156e-02,6.450603604710165861e-02,6.443537582217849502e-02,6.436153016032068741e-02,6.428459941143065126e-02,6.420468917000045350e-02,6.412191030328610875e-02,6.403637898429770381e-02,6.394821673019396302e-02,6.385755044666076297e-02,6.376451247895990881e-02,6.366924067031493051e-02,6.357187842843045611e-02,6.347257480093781989e-02,6.337148456066518665e-02,6.326876830168806642e-02,6.316459254718574667e-02,6.305912987022768701e-02,6.295255902869636988e-02,6.284506511565191023e-02,6.273683972655857977e-02,6.262808114490500677e-02,6.251899454789595911e-02,6.240979223403500531e-02,6.230069387456828311e-02,6.219192679094699694e-02,6.208372626066518962e-02,6.197633585403899970e-02,6.187000780473962680e-02,6.176500341715791820e-02,6.166159351397591804e-02,6.156005892766655552e-02,6.146069103997206517e-02,6.136379237388088492e-02,6.126967724303815366e-02,6.117867246404692927e-02,6.109111813772172273e-02,6.100736850596716332e-02,6.092779289170760504e-02,6.085277673008189503e-02,6.078272270007786804e-02,6.071805196677287908e-02,6.065920554554558863e-02,6.060664580094785037e-02,6.056085809438993550e-02,6.052235259654664690e-02
5.731182795698924748e-01,6.610941472275147501e-02,6.594641120300308301e-02,6.580187289847558296e-02,6.567445133860036477e-02,6.556290219135836594e-02,6.546607484353077211e-02,6.538290320442016745e-02,6.531239757233367471e-02,6.525363742650056031e-02,6.520576502679381603e-02,6.516797972021547147e-02,6.513953286715379321e-02,6.511972331229408384e-02,6.510789333521771471e-02,6.510342502431416822e-02,6.510573702501483428e-02,6.511428161967769412e-02,6.512854210183334491e-02,6.514803041220619539e-02,6.517228500789640222e-02,6.520086893963780716e-02,6.523336811500099475e-02,6.526938972805156058e-02,6.530856083823563529e-02,6.535052708324808057e-02,6.539495151235541481e-02,6.544151352815313905e-02,6.548990792609241107e-02,6.553984402222511052e-02,6.559104486067721118e-02,6.564324649323831362e-02,6.569619732427184333e-02,6.574965751481250120e-02,6.580339844040390684e-02,6.585720219771672157e-02,6.591086115551825220e-02,6.596417754598732364e-02,6.601696309276336438e-02,6.606903867246465001e-02,6.612023400672102647e-02,6.617038738205804904e-02,6.621934539519734597e-02,6.626696272157998890e-02,6.631310190512332281e-02,6.635763316740803108e-02,6.640043423464353500e-02,6.644139018093726812e-02,6.648039328650102997e-02,6.651734290959521179e-02,6.655214537106586559e-02,6.658471385049918867e-02,6.661496829308126422e-02,6.664283532632661600e-02,6.666824818597590074e-02,6.669114665037187417e-02,6.671147698275387006e-02,6.672919188094529608e-02,6.674425043397808066e-02,6.675661808527194596e-02,6.676626660203116570e-02,6.677317405057554833e-02,6.677732477737861883e-02,6.677870939566013520e-02,6.677732477737870209e-02,6.677317405057522914e-02,6.676626660203278940e-02,6.675661808527162677e-02,6.674425043397834434e-02,6.672919188094574017e-02,6.671147698275411986e-02,6.669114665037238765e-02,6.666824818597599789e-02,6.664283532632689355e-02,6.661496829308094503e-02,6.658471385049900826e-02,6.655214537106568518e-02,6.651734290959497586e-02,6.648039328650141855e-02,6.644139018093692117e-02,6.640043423464347949e-02,6.635763316740841966e-02,6.631310190512296199e-02,6.626696272157923950e-02,6.621934539519866436e-02,6.617038738205885395e-02,6.612023400672199791e-02,6.606903867246523288e-02,6.601696309276358643e-02,6.596417754598665750e-02,6.591086115551712810e-02,6.585720219771669381e-02,6.580339844040418440e-02,6.574965751481216814e-02,6.569619732427262049e-02,6.564324649323839689e-02,6.559104486067658668e-02,6.553984402222517991e-02,6.548990792609195311e-02,6.544151352815300027e-02,6.539495151235547032e-02,6.535052708324885773e-02,6.530856083823506630e-02,6.526938972805144956e-02,6.523336811500160537e-02,6.520086893963888963e-02,6.517228500789715162e-02,6.514803041220625091e-02,6.512854210183341430e-02,6.511428161967698636e-02,6.510573702501457061e-02,6.510342502431400169e-02,6.510789333521750655e-02,6.511972331229470834e-02,6.513953286715350177e-02,6.516797972021516616e-02,6.520576502679388542e-02,6.525363742650210075e-02,6.531239757233464616e-02,6.538290320442032011e-02,6.546607484353085538e-02,6.556290219135742225e-02,6.567445133860064233e-02,6.580187289847551357e-02,6.594641120300374915e-02,6.610941472275132236e-02
5.774193548387096531e-01,7.583872923546948475e-02,7.525848125583212145e-02,7.472668370299184737e-02,7.423916673817139433e-02,7.379218932088413285e-02,7.338238571852336023e-02,7.300671968391456157e-02,7.266244507374776396e-02,7.234707189646821801e-02,7.205833695281493867e-02,7.179417837416184056e-02,7.155271347957094241e-02,7.133221946737541841e-02,7.113111653502321441e-02,7.094795308523281496e-02,7.078139272971421814e-02,7.063020284593928000e-02,7.049324447920088388e-02,7.036946341303955410e-02,7.025788225686251109e-02,7.015759342125565956e-02,7.006775286982670770e-02,6.998757455181639497e-02,6.991632543285637713e-02,6.985332105240804612e-02,6.979792154583312758e-02,6.974952807729585536e-02,6.970757963650109357e-02,6.967155015833623177e-02,6.964094592959767238e-02,6.961530325136575104e-02,6.959418632950421790e-02,6.957718536896624617e-02,6.956391485060131608e-02,6.955401197151876713e-02,6.954713523236635830e-02,6.954296315671903983e-02,6.954119312946419051e-02,6.954154034253789973e-02,6.954373683763984126e-02,6.954753063670862656e-02,6.955268495190632116e-02,6.955897746777288393e-02,6.956619968898654360e-02,6.957415634784096248e-02,6.958266486622369240e-02,6.959155486735135732e-02,6.960066773307453658e-02,6.960985620296593346e-02,6.961898401183450047e-02,6.962792556263525112e-02,6.963656563209584538e-02,6.964479910665259677e-02,6.965253074655089471e-02,6.965967497623713756e-02,6.966615569936383812e-02,6.967190613693952095e-02,6.967686868735720185e-02,6.968099480721454131e-02,6.968424491197604265e-02,6.968658829573298741e-02,6.968800306941788647e-02,6.968847611701617373e-02,6.968800306941758116e-02,6.968658829573284863e-02,6.968424491197637571e-02,6.968099480721506866e-02,6.967686868735691041e-02,6.967190613693959034e-02,6.966615569936525365e-02,6.965967497623731797e-02,6.965253074655125554e-02,6.964479910665266615e-02,6.963656563209651151e-02,6.962792556263526500e-02,6.961898401183408414e-02,6.960985620296594734e-02,6.960066773307407861e-02,6.959155486735214835e-02,6.958266486622402547e-02,6.957415634784198943e-02,6.956619968898691830e-02,6.955897746777350843e-02,6.955268495190658484e-02,6.954753063670882085e-02,6.954373683764017433e-02,6.954154034253780259e-02,6.954119312946460685e-02,6.954296315671947004e-02,6.954713523236660810e-02,6.955401197151855897e-02,6.956391485060134383e-02,6.957718536896680128e-02,6.959418632950441219e-02,6.961530325136663921e-02,6.964094592959689523e-02,6.967155015833605136e-02,6.970757963650066336e-02,6.974952807729645210e-02,6.979792154583340513e-02,6.985332105240731060e-02,6.991632543285791757e-02,6.998757455181571496e-02,7.006775286982723505e-02,7.015759342125690856e-02,7.025788225686341315e-02,7.036946341303980390e-02,7.049324447919956549e-02,7.063020284593982123e-02,7.078139272971567530e-02,7.094795308523352273e-02,7.113111653502390830e-02,7.133221946737484942e-02,7.155271347957117833e-02,7.179417837416114667e-02,7.205833695281603501e-02,7.234707189646737147e-02,7.266244507374806927e-02,7.300671968391499178e-02,7.338238571852363779e-02,7.379218932088457694e-02,7.423916673817156087e-02,7.472668370299009877e-02,7.525848125583296799e-02,7.583872923546916556e-02
5.817204301075269424e-01,9.461804078709293297e-02,9.299810697468940957e-02,9.152203626567098627e-02,9.017452265623866758e-02,8.894224042938482511e-02,8.781354407911137749e-02,8.677821948118806528e-02,8.582727669320790176e-02,8.495277671308187895e-02,8.414768605364414400e-02,8.340575419532207657e-02,8.272140993109540485e-02,8.208967337364009298e-02,8.150608099666199757e-02,8.096662156384741571e-02,8.046768118542624304e-02,8.000599605382036072e-02,7.957861166180212054e-02,7.918284751128384924e-02,7.881626648751487163e-02,7.847664820988510537e-02,7.816196578250494964e-02,7.787036545984285518e-02,7.760014881903264106e-02,7.734975709346511574e-02,7.711775737497969518e-02,7.690283043571076449e-02,7.670375995738325237e-02,7.651942298661328079e-02,7.634878146074153271e-02,7.619087467055538077e-02,7.604481254483401453e-02,7.590976965731971449e-02,7.578497987015916926e-02,7.566973153919853701e-02,7.556336321634228581e-02,7.546525979252656502e-02,7.537484903203472975e-02,7.529159845510589866e-02,7.521501253111891050e-02,7.514463014927033613e-02,7.508002233766185307e-02,7.502079020524300701e-02,7.496656308402549485e-02,7.491699685173484891e-02,7.487177241729343902e-02,7.483059435363542677e-02,7.479318966412097647e-02,7.475930667039179522e-02,7.472871401092838484e-02,7.470119974080700886e-02,7.467657052425458186e-02,7.465465091256649754e-02,7.463528270084357485e-02,7.461832435782539408e-02,7.460365052377269934e-02,7.459115157203298485e-02,7.458073323051800374e-02,7.457231625984125922e-02,7.456583618540865710e-02,7.456124308118773636e-02,7.455850140337497156e-02,7.455758987255395320e-02,7.455850140337419441e-02,7.456124308118736166e-02,7.456583618540901792e-02,7.457231625984106493e-02,7.458073323051772618e-02,7.459115157203229096e-02,7.460365052377247730e-02,7.461832435782619899e-02,7.463528270084403282e-02,7.465465091256547059e-02,7.467657052425494268e-02,7.470119974080692560e-02,7.472871401092721910e-02,7.475930667039124011e-02,7.479318966412133729e-02,7.483059435363569045e-02,7.487177241729371657e-02,7.491699685173550116e-02,7.496656308402474544e-02,7.502079020524268782e-02,7.508002233766238043e-02,7.514463014927069695e-02,7.521501253111771701e-02,7.529159845510574600e-02,7.537484903203485465e-02,7.546525979252678706e-02,7.556336321634180009e-02,7.566973153919831496e-02,7.578497987015936355e-02,7.590976965731936754e-02,7.604481254483315411e-02,7.619087467055500607e-02,7.634878146074172700e-02,7.651942298661343345e-02,7.670375995738219765e-02,7.690283043571030652e-02,7.711775737497930661e-02,7.734975709346586514e-02,7.760014881903248840e-02,7.787036545984361846e-02,7.816196578250472760e-02,7.847664820988607681e-02,7.881626648751495490e-02,7.918284751128430721e-02,7.957861166180224544e-02,8.000599605382074930e-02,8.046768118542693693e-02,8.096662156384594466e-02,8.150608099666312167e-02,8.208967337364046768e-02,8.272140993109601548e-02,8.340575419532110513e-02,8.414768605364371379e-02,8.495277671308203160e-02,8.582727669320851238e-02,8.677821948118930040e-02,8.781354407911125259e-02,8.894224042938485286e-02,9.017452265623869534e-02,9.152203626567108341e-02,9.299810697469208798e-02,9.461804078709212806e-02
5.860215053763441206e-01,1.370881586181499356e-01,1.322827079989652987e-01,1.279872853437824531e-01,1.241352881002637520e-01,1.206702993900256315e-01,1.175443637788278900e-01,1.147165695212280512e-01,1.121518839704964687e-01,1.098201965137699798e-01,1.076955309103456715e-01,1.057553956598784872e-01,1.039802468110535005e-01,1.023530424459153793e-01,1.008588720338139261e-01,9.948464706507831323e-02,9.821884197133286254e-02,9.705127642948814526e-02,9.597293182579738624e-02,9.497579600610744910e-02,9.405273152331478093e-02,9.319736346715162822e-02,9.240398366612173620e-02,9.166746862188782097e-02,9.098320899826256580e-02,9.034704886294667170e-02,8.975523318632892822e-02,8.920436235211892662e-02,8.869135263994430696e-02,8.821340180888451177e-02,8.776795905031815892e-02,8.735269869362680129e-02,8.696549714399630371e-02,8.660441261113445421e-02,8.626766725413279047e-02,8.595363142332765327e-02,8.566080972661707649e-02,8.538782868703792550e-02,8.513342579143311217e-02,8.489643975819347044e-02,8.467580187570758476e-02,8.447052828353236731e-02,8.427971308535267547e-02,8.410252219773096949e-02,8.393818785114184888e-02,8.378600367068717025e-02,8.364532027326190833e-02,8.351554132594626867e-02,8.339612001746803116e-02,8.328655590055665525e-02,8.318639206839950617e-02,8.309521263289727788e-02,8.301264047657309908e-02,8.293833525347980851e-02,8.287199161757315136e-02,8.281333765984059958e-02,8.276213353792356842e-02,8.271817028422188967e-02,8.268126878038656313e-02,8.265127888798100286e-02,8.262807872670746567e-02,8.261157409313849009e-02,8.260169801434112669e-02,8.259841043204249611e-02,8.260169801434058545e-02,8.261157409313847622e-02,8.262807872670686893e-02,8.265127888798115552e-02,8.268126878038691008e-02,8.271817028422141782e-02,8.276213353792429006e-02,8.281333765984019712e-02,8.287199161757324850e-02,8.293833525347968361e-02,8.301264047657237743e-02,8.309521263289670889e-02,8.318639206839956168e-02,8.328655590055640545e-02,8.339612001746599113e-02,8.351554132594525559e-02,8.364532027326190833e-02,8.378600367068753108e-02,8.393818785114175174e-02,8.410252219773210747e-02,8.427971308535124606e-02,8.447052828353288079e-02,8.467580187570904193e-02,8.489643975819199939e-02,8.513342579143294564e-02,8.538782868703718998e-02,8.566080972661693771e-02,8.595363142332666795e-02,8.626766725413224923e-02,8.660441261113466238e-02,8.696549714399548492e-02,8.735269869362648210e-02,8.776795905031925527e-02,8.821340180888478932e-02,8.869135263994486207e-02,8.920436235211978704e-02,8.975523318632795677e-02,9.034704886294495085e-02,9.098320899826260744e-02,9.166746862188888956e-02,9.240398366612137537e-02,9.319736346714900532e-02,9.405273152331637687e-02,9.497579600610600581e-02,9.597293182579721971e-02,9.705127642948677136e-02,9.821884197133286254e-02,9.948464706507828548e-02,1.008588720338180617e-01,1.023530424459172666e-01,1.039802468110540001e-01,1.057553956598783207e-01,1.076955309103463237e-01,1.098201965137687863e-01,1.121518839704983561e-01,1.147165695212311043e-01,1.175443637788298606e-01,1.206702993900282544e-01,1.241352881002623504e-01,1.279872853437832303e-01,1.322827079989704058e-01,1.370881586181500189e-01
5.903225806451612989e-01,2.512173776416607440e-01,2.358624985859363310e-01,2.222192008581810319e-01,2.101060841755280628e-01,1.993470338030118305e-01,1.897788912683708307e-01,1.812546826047716775e-01,1.736443001794009677e-01,1.668338157343085548e-01,1.607241313747110045e-01,1.552293778738830787e-01,1.502752870873463875e-01,1.457976559067671873e-01,1.417409553499844876e-01,1.380571023036264444e-01,1.347043919750492147e-01,1.316465794131419509e-01,1.288520943601031699e-01,1.262933727031401721e-01,1.239462884323832281e-01,1.217896714237605427e-01,1.198048980694929599e-01,1.179755435112651990e-01,1.162870858576565691e-01,1.147266542289202967e-01,1.132828137499308357e-01,1.119453817098220449e-01,1.107052700395081829e-01,1.095543500437978490e-01,1.084853359839345888e-01,1.074916846570699719e-01,1.065675085785489223e-01,1.057075007560523972e-01,1.049068693635511890e-01,1.041612808893016273e-01,1.034668105541725475e-01,1.028198989819915227e-01,1.022173142589630768e-01,1.016561186492207225e-01,1.011336393427859776e-01,1.006474427041711001e-01,1.001953115671499472e-01,9.977522518680019548e-02,9.938534151515186765e-02,9.902398151386139491e-02,9.868961525720787442e-02,9.838084961278747986e-02,9.809641731643188589e-02,9.783516728269360530e-02,9.759605601380744178e-02,9.737813998836153395e-02,9.718056892693942295e-02,9.700257984580387682e-02,9.684349182172163895e-02,9.670270140155977356e-02,9.657967859953726919e-02,9.647396343314224021e-02,9.638516295602385375e-02,9.631294875259535648e-02,9.625705486498400965e-02,9.621727612828551157e-02,9.619346689501856451e-02,9.618554013423764870e-02,9.619346689501923064e-02,9.621727612828342990e-02,9.625705486498502272e-02,9.631294875259552302e-02,9.638516295602406192e-02,9.647396343314221245e-02,9.657967859953722756e-02,9.670270140155962091e-02,9.684349182172050097e-02,9.700257984580436255e-02,9.718056892693947846e-02,9.737813998836139517e-02,9.759605601380828832e-02,9.783516728269529839e-02,9.809641731643146956e-02,9.838084961278817375e-02,9.868961525720700012e-02,9.902398151386061775e-02,9.938534151515079906e-02,9.977522518679990404e-02,1.001953115671500444e-01,1.006474427041720021e-01,1.011336393427873792e-01,1.016561186492194874e-01,1.022173142589633543e-01,1.028198989819906622e-01,1.034668105541736022e-01,1.041612808893025433e-01,1.049068693635498567e-01,1.057075007560540347e-01,1.065675085785471043e-01,1.074916846570684176e-01,1.084853359839354769e-01,1.095543500437976964e-01,1.107052700395087103e-01,1.119453817098224196e-01,1.132828137499299059e-01,1.147266542289229058e-01,1.162870858576541544e-01,1.179755435112662676e-01,1.198048980694957771e-01,1.217896714237626798e-01,1.239462884323864755e-01,1.262933727031401721e-01,1.288520943601020874e-01,1.316465794131441713e-01,1.347043919750479934e-01,1.380571023036276657e-01,1.417409553499859309e-01,1.457976559067681310e-01,1.502752870873468871e-01,1.552293778738780272e-01,1.607241313747078959e-01,1.668338157343106087e-01,1.736443001793984142e-01,1.812546826047638504e-01,1.897788912683706641e-01,1.993470338030113309e-01,2.101060841755314212e-01,2.222192008581820311e-01,2.358624985859252288e-01,2.512173776416546378e-01
5.946236559139784772e-01,4.373187934403257593e-01,4.264111181794444372e-01,4.119408145573399960e-01,3.950836828701514980e-01,3.769065253759300016e-01,3.582844191413111501e-01,3.398759838277372047e-01,3.221374136021774581e-01,3.053559981640828203e-01,2.896890662634394875e-01,2.752002304567195412e-01,2.618893897017313677e-01,2.497157585768563781e-01,2.386145988504635995e-01,2.285088452551539695e-01,2.193168589825257309e-01,2.109573774965478599e-01,2.033525051780455395e-01,1.964293755877085657e-01,1.901209387028508502e-01,1.843661897826970875e-01,1.791100559748242671e-01,1.743030851220139232e-01,1.699010313262524219e-01,1.658643976948042942e-01,1.621579737094571705e-01,1.587503894105039004e-01,1.556136986280223233e-01,1.527229971104384354e-01,1.500560774087702776e-01,1.475931199649651582e-01,1.453164184756479127e-01,1.432101368906005812e-01,1.412600951118906933e-01,1.394535804235808585e-01,1.377791817962397136e-01,1.362266444071142946e-01,1.347867419516240450e-01,1.334511645683237879e-01,1.322124204409042825e-01,1.310637493683967925e-01,1.299990468038470515e-01,1.290127970502135957e-01,1.281000144705333743e-01,1.272561917179833579e-01,1.264772541220379187e-01,1.257595194811610140e-01,1.250996626119336708e-01,1.244946840913047081e-01,1.239418827039310000e-01,1.234388311720578113e-01,1.229833548024022588e-01,1.225735127341034403e-01,1.222075815150385908e-01,1.218840407716821617e-01,1.216015607708857832e-01,1.213589917011515390e-01,1.211553545270632748e-01,1.209898332933646292e-01,1.208617687762524873e-01,1.207706533979787389e-01,1.207161273382825611e-01,1.206979757921128743e-01,1.207161273382797301e-01,1.207706533979796965e-01,1.208617687762518905e-01,1.209898332933652260e-01,1.211553545270628029e-01,1.213589917011527047e-01,1.216015607708846730e-01,1.218840407716826058e-01,1.222075815150356626e-01,1.225735127341032182e-01,1.229833548024017731e-01,1.234388311720589909e-01,1.239418827039325682e-01,1.244946840913032093e-01,1.250996626119319499e-01,1.257595194811612083e-01,1.264772541220368640e-01,1.272561917179784730e-01,1.281000144705333188e-01,1.290127970502136234e-01,1.299990468038473845e-01,1.310637493683964316e-01,1.322124204409058090e-01,1.334511645683246206e-01,1.347867419516244891e-01,1.362266444071117411e-01,1.377791817962403798e-01,1.394535804235803311e-01,1.412600951118944126e-01,1.432101368906029126e-01,1.453164184756496335e-01,1.475931199649664349e-01,1.500560774087732752e-01,1.527229971104384909e-01,1.556136986280267087e-01,1.587503894105051494e-01,1.621579737094590856e-01,1.658643976948029342e-01,1.699010313262541705e-01,1.743030851220165878e-01,1.791100559748216581e-01,1.843661897826926188e-01,1.901209387028404973e-01,1.964293755877050129e-01,2.033525051780364912e-01,2.109573774965396997e-01,2.193168589825266190e-01,2.285088452551495009e-01,2.386145988504592141e-01,2.497157585768556842e-01,2.618893897017273709e-01,2.752002304567085500e-01,2.896890662634244440e-01,3.053559981640844301e-01,3.221374136021824541e-01,3.398759838277420897e-01,3.582844191413151469e-01,3.769065253759366629e-01,3.950836828701471681e-01,4.119408145573525415e-01,4.264111181794493222e-01,4.373187934403349741e-01
5.989247311827957665e-01,3.182806594468773342e-01,3.352859742575831636e-01,3.517928876686353123e-01,3.672979880089513038e-01,3.812710097774255069e-01,3.931995086829396802e-01,4.026397499073471886e-01,4.092649314142648986e-01,4.129009344149696670e-01,4.135419526118301881e-01,4.113431333059175965e-01,4.065930155438911009e-01,3.996729344745102996e-01,3.910122805946211200e-01,3.810474871825347276e-01,3.701898721296818517e-01,3.588043188204810829e-01,3.471982561667422695e-01,3.356189148005255252e-01,3.242563303700497501e-01,3.132497283194797255e-01,3.026954205758070060e-01,2.926549199223313358e-01,2.831624880874300532e-01,2.742317217769667526e-01,2.658610436749949124e-01,2.580381244528195950e-01,2.507433454060102318e-01,2.439524452920603381e-01,2.376384992171655663e-01,2.317733658876513780e-01,2.263287210669967797e-01,2.212767748870102524e-01,2.165907515436671926e-01,2.122451931371105993e-01,2.082161353859947051e-01,2.044811915808406599e-01,2.010195721445812156e-01,1.978120601698421521e-01,1.948409579304501982e-01,1.920900152872639932e-01,1.895443478419928662e-01,1.871903504054882317e-01,1.850156096550029661e-01,1.830088186127793726e-01,1.811596946743516123e-01,1.794589022636579045e-01,1.778979807283830872e-01,1.764692777634571663e-01,1.751658884274774897e-01,1.739815996675043719e-01,1.729108401724969712e-01,1.719486353193841743e-01,1.710905669467815415e-01,1.703327376824292916e-01,1.696717395545906948e-01,1.691046266312815072e-01,1.686288914511009929e-01,1.682424450331788113e-01,1.679436002801729111e-01,1.677310586155819627e-01,1.676038997254218899e-01,1.675615743031447225e-01,1.676038997254233331e-01,1.677310586155796313e-01,1.679436002801732442e-01,1.682424450331764798e-01,1.686288914510972736e-01,1.691046266312813962e-01,1.696717395545878637e-01,1.703327376824305683e-01,1.710905669467810419e-01,1.719486353193856176e-01,1.729108401724995525e-01,1.739815996675029564e-01,1.751658884274818195e-01,1.764692777634573884e-01,1.778979807283803671e-01,1.794589022636566278e-01,1.811596946743464220e-01,1.830088186127840078e-01,1.850156096550024110e-01,1.871903504054882317e-01,1.895443478419941707e-01,1.920900152872629385e-01,1.948409579304469785e-01,1.978120601698435399e-01,2.010195721445748318e-01,2.044811915808447955e-01,2.082161353859970365e-01,2.122451931371078793e-01,2.165907515436626962e-01,2.212767748870151929e-01,2.263287210669963079e-01,2.317733658876507397e-01,2.376384992171662880e-01,2.439524452920643627e-01,2.507433454060149502e-01,2.580381244528234808e-01,2.658610436749995198e-01,2.742317217769655313e-01,2.831624880874278327e-01,2.926549199223412723e-01,3.026954205757981242e-01,3.132497283194783377e-01,3.242563303700624067e-01,3.356189148005354062e-01,3.471982561667450451e-01,3.588043188204815270e-01,3.701898721296823513e-01,3.810474871825241805e-01,3.910122805945971947e-01,3.996729344745044155e-01,4.065930155438858273e-01,4.113431333059142103e-01,4.135419526118305766e-01,4.129009344149643379e-01,4.092649314142644545e-01,4.026397499073511854e-01,3.931995086829421782e-01,3.812710097774262841e-01,3.672979880089513594e-01,3.517928876686379769e-01,3.352859742575832747e-01,3.182806594468752803e-01
6.032258064516129448e-01,2.197704658225002605e-01,2.277312705109544866e-01,2.361276450564930851e-01,2.449447907470603814e-01,2.541564504632159438e-01,2.637229397462323432e-01,2.735893246474585538e-01,2.836839467983467422e-01,2.939175389291793228e-01,3.041832000667115676e-01,3.143574954504233521e-01,3.243028984441828633e-01,3.338716910154186923e-01,3.429112853175290132e-01,3.512707346236513817e-01,3.588079956758571942e-01,3.653973270416553953e-01,3.709361034756948339e-01,3.753503295126268124e-01,3.785982595891808633e-01,3.806717607483817156e-01,3.815953441750076225e-01,3.814230847509560984e-01,3.802338863298523330e-01,3.781256946228367943e-01,3.752092956469381679e-01,3.716022774205253176e-01,3.674236055009726942e-01,3.627891050934706763e-01,3.578079863906037938e-01,3.525804184724742329e-01,3.471960620378896634e-01,3.417334141208259179e-01,3.362597938037413803e-01,3.308317985574936726e-01,3.254960774570746507e-01,3.202902925096843267e-01,3.152441669261602519e-01,3.103805455627269838e-01,3.057164158246017949e-01,3.012638561667021486e-01,2.970308938822615041e-01,2.930222645415745397e-01,2.892400728527995124e-01,2.856843595381102219e-01,2.823535816824873645e-01,2.792450154600466528e-01,2.763550906110414651e-01,2.736796658686897477e-01,2.712142539680341136e-01,2.689542040878403206e-01,2.668948487026387428e-01,2.650316209353863472e-01,2.633601476529378038e-01,2.618763227614955280e-01,2.605763644536704393e-01,2.594568595344234896e-01,2.585147974079931577e-01,2.577475958355644470e-01,2.571531201651194865e-01,2.567296973828117612e-01,2.564761260287248823e-01,2.563916827506455554e-01,2.564761260287241051e-01,2.567296973828098183e-01,2.571531201651172660e-01,2.577475958355680552e-01,2.585147974079938793e-01,2.594568595344203255e-01,2.605763644536707169e-01,2.618763227614946953e-01,2.633601476529423002e-01,2.650316209353891783e-01,2.668948487026420180e-01,2.689542040878471485e-01,2.712142539680293396e-01,2.736796658686944661e-01,2.763550906110459615e-01,2.792450154600441548e-01,2.823535816824872535e-01,2.856843595381144407e-01,2.892400728527950715e-01,2.930222645415710980e-01,2.970308938822646683e-01,3.012638561667016490e-01,3.057164158245954111e-01,3.103805455627215437e-01,3.152441669261607515e-01,3.202902925096927089e-01,3.254960774570694881e-01,3.308317985574925624e-01,3.362597938037374390e-01,3.417334141208329124e-01,3.471960620378913287e-01,3.525804184724741774e-01,3.578079863906071800e-01,3.627891050934757278e-01,3.674236055009751922e-01,3.716022774205322565e-01,3.752092956469402774e-01,3.781256946228285787e-01,3.802338863298496685e-01,3.814230847509607059e-01,3.815953441750065123e-01,3.806717607483835475e-01,3.785982595891810298e-01,3.753503295126280337e-01,3.709361034756948894e-01,3.653973270416529529e-01,3.588079956758560840e-01,3.512707346236505490e-01,3.429112853175318998e-01,3.338716910154160833e-01,3.243028984441821416e-01,3.143574954504252394e-01,3.041832000667072378e-01,2.939175389291723284e-01,2.836839467983475749e-01,2.735893246474583318e-01,2.637229397462318992e-01,2.541564504632169985e-01,2.449447907470552743e-01,2.361276450564955831e-01,2.277312705109552915e-01,2.197704658224963192e-01
6.075268817204301230e-01,2.132792051812238410e-01,2.167251467282394761e-01,2.203228493020144008e-01,2.240745617055149852e-01,2.279816530956046416e-01,2.320444470684630278e-01,2.362620441915880276e-01,2.406321357063708755e-01,2.451508122596643968e-01,2.498123727988079967e-01,2.546091401391381570e-01,2.595312911185632676e-01,2.645667105933550145e-01,2.697008796760455018e-01,2.749168094177899535e-01,2.801950314205499115e-01,2.855136564530738608e-01,2.908485108762219884e-01,2.961733584384858009e-01,3.014602117312439322e-01,3.066797333445301366e-01,3.118017217083615122e-01,3.167956710409903787e-01,3.216313891766706679e-01,3.262796518227452647e-01,3.307128675508295146e-01,3.349057250787007556e-01,3.388357935614849659e-01,3.424840479180263908e-01,3.458352946795555938e-01,3.488784792269141732e-01,3.516068621185684528e-01,3.540180598768268294e-01,3.561139533814061675e-01,3.579004742174662357e-01,3.593872853399647793e-01,3.605873768193590401e-01,3.615166000041256655e-01,3.621931641648208910e-01,3.626371187479494607e-01,3.628698420784727818e-01,3.629135540971255014e-01,3.627908669133013131e-01,3.625243829778336258e-01,3.621363468513303374e-01,3.616483531001225549e-01,3.610811099457506002e-01,3.604542559963469506e-01,3.597862257072539927e-01,3.590941581110689285e-01,3.583938427507304403e-01,3.576996965536873851e-01,3.570247655067839143e-01,3.563807453408401882e-01,3.557780159324608338e-01,3.552256847134399598e-01,3.547316349933142821e-01,3.543025757111512020e-01,3.539440897127507091e-01,3.536606781836080793e-01,3.534557993500638262e-01,3.533318999896846169e-01,3.532904386719493695e-01,3.533318999896841173e-01,3.534557993500659911e-01,3.536606781836056368e-01,3.539440897127498209e-01,3.543025757111520346e-01,3.547316349933106738e-01,3.552256847134366291e-01,3.557780159324590019e-01,3.563807453408341930e-01,3.570247655067835257e-01,3.576996965536889950e-01,3.583938427507394886e-01,3.590941581110715930e-01,3.597862257072501069e-01,3.604542559963511694e-01,3.610811099457519324e-01,3.616483531001180585e-01,3.621363468513341122e-01,3.625243829778383442e-01,3.627908669132973718e-01,3.629135540971220597e-01,3.628698420784719492e-01,3.626371187479447977e-01,3.621931641648208355e-01,3.615166000041248884e-01,3.605873768193560980e-01,3.593872853399646683e-01,3.579004742174679565e-01,3.561139533814063340e-01,3.540180598768248310e-01,3.516068621185687304e-01,3.488784792269144508e-01,3.458352946795552607e-01,3.424840479180256692e-01,3.388357935614865202e-01,3.349057250787007556e-01,3.307128675508300142e-01,3.262796518227469300e-01,3.216313891766717781e-01,3.167956710409898236e-01,3.118017217083591253e-01,3.066797333445309137e-01,3.014602117312409346e-01,2.961733584384845797e-01,2.908485108762174365e-01,2.855136564530748045e-01,2.801950314205517434e-01,2.749168094177887878e-01,2.697008796760476668e-01,2.645667105933529606e-01,2.595312911185629901e-01,2.546091401391357700e-01,2.498123727988079135e-01,2.451508122596644523e-01,2.406321357063700428e-01,2.362620441915892489e-01,2.320444470684629168e-01,2.279816530956053910e-01,2.240745617055156513e-01,2.203228493020131240e-01,2.167251467282387267e-01,2.132792051812237299e-01
6.118279569892473013e-01,2.608889968821667682e-01,2.625742691741707047e-01,2.642995526331382572e-01,2.660649771185536472e-01,2.678705222611341141e-01,2.697160050715863289e-01,2.716010673697223932e-01,2.735251632046435399e-01,2.754875464617825287e-01,2.774872588778301008e-01,2.795231187093538683e-01,2.815937103240390149e-01,2.836973750040726050e-01,2.858322032678144997e-01,2.879960290273133050e-01,2.901864259040530247e-01,2.924007060220046306e-01,2.946359215844090440e-01,2.968888695174884407e-01,2.991560994294636955e-01,3.014339250862944630e-01,3.037184395463655151e-01,3.060055340250100731e-01,3.082909204776969059e-01,3.105701577991385465e-01,3.128386814370449631e-01,3.150918361167538428e-01,3.173249112697993923e-01,3.195331786599608925e-01,3.217119316084219305e-01,3.238565251398244360e-01,3.259624163073852610e-01,3.280252039114261442e-01,3.300406668046581560e-01,3.320047999816164719e-01,3.339138476793740984e-01,3.357643327722561466e-01,3.375530818228665297e-01,3.392772452529846383e-01,3.409343122167809437e-01,3.425221198909965681e-01,3.440388570368843046e-01,3.454830618314966850e-01,3.468536141059802569e-01,3.481497222605356434e-01,3.493709052455131192e-01,3.505169701019997808e-01,3.515879856405997872e-01,3.525842529021789851e-01,3.535062730886633364e-01,3.543547136760089589e-01,3.551303734263139278e-01,3.558341470038315357e-01,3.564669898725373320e-01,3.570298841138925816e-01,3.575238057550639281e-01,3.579496941429749501e-01,3.583084238406976096e-01,3.586007794617628308e-01,3.588274337970846495e-01,3.589889295291783244e-01,3.590856647704029347e-01,3.591178826061536822e-01,3.590856647704027127e-01,3.589889295291795457e-01,3.588274337970842609e-01,3.586007794617623867e-01,3.583084238406981092e-01,3.579496941429765045e-01,3.575238057550628179e-01,3.570298841138926371e-01,3.564669898725361108e-01,3.558341470038316467e-01,3.551303734263144274e-01,3.543547136760089589e-01,3.535062730886622262e-01,3.525842529021778193e-01,3.515879856405996762e-01,3.505169701019995032e-01,3.493709052455130637e-01,3.481497222605344222e-01,3.468536141059788136e-01,3.454830618314968516e-01,3.440388570368831389e-01,3.425221198909965126e-01,3.409343122167803886e-01,3.392772452529853044e-01,3.375530818228677510e-01,3.357643327722565907e-01,3.339138476793737098e-01,3.320047999816154172e-01,3.300406668046584335e-01,3.280252039114268658e-01,3.259624163073860936e-01,3.238565251398241029e-01,3.217119316084227076e-01,3.195331786599615587e-01,3.173249112697981711e-01,3.150918361167537318e-01,3.128386814370442970e-01,3.105701577991389906e-01,3.082909204776976830e-01,3.060055340250102951e-01,3.037184395463659037e-01,3.014339250862954622e-01,2.991560994294633624e-01,2.968888695174892178e-01,2.946359215844094881e-01,2.924007060220053522e-01,2.901864259040530802e-01,2.879960290273128609e-01,2.858322032678153324e-01,2.836973750040741593e-01,2.815937103240388484e-01,2.795231187093545899e-01,2.774872588778317106e-01,2.754875464617824732e-01,2.735251632046432069e-01,2.716010673697222266e-01,2.697160050715867730e-01,2.678705222611346137e-01,2.660649771185529811e-01,2.642995526331385348e-01,2.625742691741699275e-01,2.608889968821668792e-01
6.161290322580645906e-01,3.275530384618973168e-01,3.285641612096318886e-01,3.295711940802044104e-01,3.305741571311278104e-01,3.315730215008654280e-01,3.325677110352261989e-01,3.335581038870072401e-01,3.345440341076965640e-01,3.355252932480399797e-01,3.365016319822763946e-01,3.374727617688631498e-01,3.384383565586174258e-01,3.393980545592611975e-01,3.403514600634189868e-01,3.412981453452246794e-01,3.422376526287432830e-01,3.431694961295509438e-01,3.440931641688310672e-01,3.450081213576110528e-01,3.459138108468124417e-01,3.468096566371402512e-01,3.476950659410946720e-01,3.485694315878925531e-01,3.494321344605864077e-01,3.502825459534373298e-01,3.511200304364930913e-01,3.519439477133689542e-01,3.527536554575846917e-01,3.535485116123012195e-01,3.543278767381295435e-01,3.550911162936503107e-01,3.558376028336339147e-01,3.565667181104741901e-01,3.572778550651231622e-01,3.579704196949181627e-01,3.586438327869161946e-01,3.592975315068683839e-01,3.599309708356002169e-01,3.605436248463999016e-01,3.611349878191054685e-01,3.617045751884384042e-01,3.622519243262888322e-01,3.627765951597994865e-01,3.632781706292209090e-01,3.637562569915133159e-01,3.642104839776142966e-01,3.646405048131240445e-01,3.650459961137674236e-01,3.654266576684837564e-01,3.657822121242243485e-01,3.661124045875107647e-01,3.664170021585823611e-01,3.666957934144005060e-01,3.669485878570442616e-01,3.671752153438291866e-01,3.673755255153128285e-01,3.675493872365573345e-01,3.676966880662754789e-01,3.678173337673343868e-01,3.679112478707604605e-01,3.679783713038831117e-01,3.680186620915643081e-01,3.680320951376163663e-01,3.680186620915640305e-01,3.679783713038819459e-01,3.679112478707608491e-01,3.678173337673347199e-01,3.676966880662746462e-01,3.675493872365567238e-01,3.673755255153139943e-01,3.671752153438285760e-01,3.669485878570429849e-01,3.666957934144003395e-01,3.664170021585804182e-01,3.661124045875115418e-01,3.657822121242236824e-01,3.654266576684825907e-01,3.650459961137668130e-01,3.646405048131252102e-01,3.642104839776145742e-01,3.637562569915130939e-01,3.632781706292217416e-01,3.627765951597985983e-01,3.622519243262890543e-01,3.617045751884384597e-01,3.611349878191054130e-01,3.605436248464006788e-01,3.599309708356001059e-01,3.592975315068697162e-01,3.586438327869163611e-01,3.579704196949183848e-01,3.572778550651234397e-01,3.565667181104741346e-01,3.558376028336334151e-01,3.550911162936496446e-01,3.543278767381292660e-01,3.535485116123014970e-01,3.527536554575839700e-01,3.519439477133696204e-01,3.511200304364925917e-01,3.502825459534371078e-01,3.494321344605851309e-01,3.485694315878932192e-01,3.476950659410943945e-01,3.468096566371401956e-01,3.459138108468126638e-01,3.450081213576113859e-01,3.440931641688310672e-01,3.431694961295510549e-01,3.422376526287442822e-01,3.412981453452234026e-01,3.403514600634192089e-01,3.393980545592601983e-01,3.384383565586175369e-01,3.374727617688623171e-01,3.365016319822766167e-01,3.355252932480397576e-01,3.345440341076966195e-01,3.335581038870082948e-01,3.325677110352258659e-01,3.315730215008642623e-01,3.305741571311268667e-01,3.295711940802044659e-01,3.285641612096327768e-01,3.275530384618979829e-01
6.204301075268817689e-01,3.279196167148640262e-01,3.287699119601986131e-01,3.295999197622952459e-01,3.304099945298916707e-01,3.312004715682747014e-01,3.319716690284330585e-01,3.327238896923229716e-01,3.334574226061741697e-01,3.341725445724498811e-01,3.348695215101090694e-01,3.355486096917547068e-01,3.362100568655811972e-01,3.368541032692680126e-01,3.374809825423783494e-01,3.380909225433791354e-01,3.386841460768706957e-01,3.392608715363569782e-01,3.398213134674378244e-01,3.403656830561678781e-01,3.408941885470068156e-01,3.414070355945954538e-01,3.419044275534722788e-01,3.423865657096172299e-01,3.428536494576470695e-01,3.433058764272990948e-01,3.437434425628045354e-01,3.441665421585813345e-01,3.445753678546088494e-01,3.449701105947948210e-01,3.453509595514641095e-01,3.457181020191012477e-01,3.460717232803304233e-01,3.464120064470639360e-01,3.467391322795433384e-01,3.470532789860396039e-01,3.473546220059746670e-01,3.476433337788982780e-01,3.479195835016754557e-01,3.481835368762408178e-01,3.484353558501867010e-01,3.486751983522315967e-01,3.489032180246382508e-01,3.491195639544493190e-01,3.493243804053390855e-01,3.495178065517569044e-01,3.496999762169795689e-01,3.498710176165105157e-01,3.500310531082431731e-01,3.501801989506329593e-01,3.503185650701057252e-01,3.504462548387397014e-01,3.505633648632696664e-01,3.506699847862915220e-01,3.507661971005164858e-01,3.508520769768084802e-01,3.509276921066742938e-01,3.509931025598115872e-01,3.510483606572231130e-01,3.510935108603647770e-01,3.511285896767010750e-01,3.511536255819946994e-01,3.511686389596163638e-01,3.511736420570252259e-01,3.511686389596158087e-01,3.511536255819950325e-01,3.511285896766998538e-01,3.510935108603649990e-01,3.510483606572231130e-01,3.509931025598113652e-01,3.509276921066746269e-01,3.508520769768100900e-01,3.507661971005168189e-01,3.506699847862909114e-01,3.505633648632691113e-01,3.504462548387403675e-01,3.503185650701062248e-01,3.501801989506333479e-01,3.500310531082425070e-01,3.498710176165112928e-01,3.496999762169796799e-01,3.495178065517581256e-01,3.493243804053396406e-01,3.491195639544500406e-01,3.489032180246376402e-01,3.486751983522313192e-01,3.484353558501877002e-01,3.481835368762419836e-01,3.479195835016742344e-01,3.476433337788985001e-01,3.473546220059753331e-01,3.470532789860394374e-01,3.467391322795426722e-01,3.464120064470640470e-01,3.460717232803304233e-01,3.457181020190998599e-01,3.453509595514641650e-01,3.449701105947947100e-01,3.445753678546085164e-01,3.441665421585812235e-01,3.437434425628059231e-01,3.433058764272978181e-01,3.428536494576469029e-01,3.423865657096175630e-01,3.419044275534708355e-01,3.414070355945955093e-01,3.408941885470063715e-01,3.403656830561685442e-01,3.398213134674377689e-01,3.392608715363569782e-01,3.386841460768708623e-01,3.380909225433786913e-01,3.374809825423786824e-01,3.368541032692680681e-01,3.362100568655818078e-01,3.355486096917535965e-01,3.348695215101092360e-01,3.341725445724496590e-01,3.334574226061728930e-01,3.327238896923225830e-01,3.319716690284322813e-01,3.312004715682748679e-01,3.304099945298922814e-01,3.295999197622963006e-01,3.287699119601993347e-01,3.279196167148633045e-01
6.247311827956989472e-01,2.652123791842941336e-01,2.657457971402048535e-01,2.662585325533528002e-01,2.667511931679516501e-01,2.672243763064322541e-01,2.676786690501851140e-01,2.681146483473642039e-01,2.685328810606864014e-01,2.689339239667040693e-01,2.693183237166269506e-01,2.696866167675359693e-01,2.700393292917175336e-01,2.703769770708450704e-01,2.707000653807992707e-01,2.710090888721043423e-01,2.713045314502036676e-01,2.715868661591336330e-01,2.718565550715347778e-01,2.721140491874076139e-01,2.723597883435304734e-01,2.725942011350385163e-01,2.728177048502327673e-01,2.730307054194198169e-01,2.732335973782052951e-01,2.734267638454896399e-01,2.736105765160837811e-01,2.737853956677921974e-01,2.739515701825486760e-01,2.741094375810702588e-01,2.742593240701934887e-01,2.744015446023159721e-01,2.745364029464207878e-01,2.746641917695002988e-01,2.747851927273555761e-01,2.748996765639429296e-01,2.750079032182795036e-01,2.751101219379349927e-01,2.752065713981251549e-01,2.752974798254006483e-01,2.753830651250072648e-01,2.754635350109481129e-01,2.755390871378294304e-01,2.756099092336045109e-01,2.756761792323776938e-01,2.757380654064045533e-01,2.757957264965528177e-01,2.758493118404223288e-01,2.758989614974842741e-01,2.759448063705025600e-01,2.759869683226661707e-01,2.760255602898211147e-01,2.760606863872602235e-01,2.760924420105729249e-01,2.761209139301076809e-01,2.761461803785763558e-01,2.761683111314793271e-01,2.761873675799625394e-01,2.762034027958116811e-01,2.762164615883259677e-01,2.762265805528238416e-01,2.762337881105944026e-01,2.762381045401446356e-01,2.762395419995923307e-01,2.762381045401443580e-01,2.762337881105931814e-01,2.762265805528222318e-01,2.762164615883261343e-01,2.762034027958124027e-01,2.761873675799625394e-01,2.761683111314795491e-01,2.761461803785759672e-01,2.761209139301071813e-01,2.760924420105728139e-01,2.760606863872593353e-01,2.760255602898213367e-01,2.759869683226661152e-01,2.759448063705008392e-01,2.758989614974835525e-01,2.758493118404213296e-01,2.757957264965509303e-01,2.757380654064057190e-01,2.756761792323779159e-01,2.756099092336042333e-01,2.755390871378287643e-01,2.754635350109486680e-01,2.753830651250075423e-01,2.752974798254002042e-01,2.752065713981255990e-01,2.751101219379364360e-01,2.750079032182785044e-01,2.748996765639422635e-01,2.747851927273555761e-01,2.746641917695001878e-01,2.745364029464214539e-01,2.744015446023165827e-01,2.742593240701940438e-01,2.741094375810697037e-01,2.739515701825477878e-01,2.737853956677919198e-01,2.736105765160847803e-01,2.734267638454901950e-01,2.732335973782062943e-01,2.730307054194196503e-01,2.728177048502339885e-01,2.725942011350386274e-01,2.723597883435303069e-01,2.721140491874067258e-01,2.718565550715353885e-01,2.715868661591335775e-01,2.713045314502033900e-01,2.710090888721047864e-01,2.707000653807997148e-01,2.703769770708463471e-01,2.700393292917179777e-01,2.696866167675369130e-01,2.693183237166284494e-01,2.689339239667032921e-01,2.685328810606867345e-01,2.681146483473651476e-01,2.676786690501865573e-01,2.672243763064318656e-01,2.667511931679514281e-01,2.662585325533529113e-01,2.657457971402041874e-01,2.652123791842936340e-01
6.290322580645161255e-01,2.029088877024341764e-01,2.029715767926060510e-01,2.030187620419575401e-01,2.030515096046777157e-01,2.030708439888175287e-01,2.030777481152012398e-01,2.030731635510343858e-01,2.030579909020673313e-01,2.030330903470671799e-01,2.029992822987006229e-01,2.029573481753356168e-01,2.029080312689012788e-01,2.028520376946890691e-01,2.027900374098146330e-01,2.027226652879073887e-01,2.026505222385662774e-01,2.025741763609757440e-01,2.024941641220562305e-01,2.024109915503872204e-01,2.023251354380625200e-01,2.022370445433915864e-01,2.021471407882745042e-01,2.020558204447543416e-01,2.019634553059926063e-01,2.018703938373895557e-01,2.017769623039299409e-01,2.016834658715542239e-01,2.015901896802048954e-01,2.014973998858101967e-01,2.014053446696554839e-01,2.013142552140878838e-01,2.012243466435857941e-01,2.011358189305466615e-01,2.010488577654231945e-01,2.009636353909893536e-01,2.008803114007930435e-01,2.007990335019552708e-01,2.007199382426355649e-01,2.006431517046080582e-01,2.005687901614681412e-01,2.004969607030798184e-01,2.004277618269388050e-01,2.003612839971385395e-01,2.002976101717044433e-01,2.002368162990724731e-01,2.001789717844307259e-01,2.001241399267743581e-01,2.000723783273732348e-01,2.000237392704465877e-01,1.999782700767670229e-01,1.999360134309004500e-01,1.998970076827483455e-01,1.998612871240638411e-01,1.998288822405094312e-01,1.997998199398632324e-01,1.997741237568531059e-01,1.997518140351431104e-01,1.997329080868605611e-01,1.997174203300720874e-01,1.997053624045538600e-01,1.996967432660886888e-01,1.996915692596011871e-01,1.996898441712433026e-01,1.996915692596013536e-01,1.996967432660898822e-01,1.997053624045532494e-01,1.997174203300732809e-01,1.997329080868590623e-01,1.997518140351423610e-01,1.997741237568531614e-01,1.997998199398627328e-01,1.998288822405097087e-01,1.998612871240629252e-01,1.998970076827489839e-01,1.999360134309000059e-01,1.999782700767677723e-01,2.000237392704456996e-01,2.000723783273725132e-01,2.001241399267746912e-01,2.001789717844307259e-01,2.002368162990725842e-01,2.002976101717046653e-01,2.003612839971368187e-01,2.004277618269403316e-01,2.004969607030795409e-01,2.005687901614683910e-01,2.006431517046085022e-01,2.007199382426363421e-01,2.007990335019559369e-01,2.008803114007935431e-01,2.009636353909889928e-01,2.010488577654223896e-01,2.011358189305463839e-01,2.012243466435846007e-01,2.013142552140885500e-01,2.014053446696546512e-01,2.014973998858096693e-01,2.015901896802053672e-01,2.016834658715539463e-01,2.017769623039310511e-01,2.018703938373889173e-01,2.019634553059914683e-01,2.020558204447540362e-01,2.021471407882752258e-01,2.022370445433912811e-01,2.023251354380623812e-01,2.024109915503885526e-01,2.024941641220563415e-01,2.025741763609767987e-01,2.026505222385663330e-01,2.027226652879060842e-01,2.027900374098136616e-01,2.028520376946896242e-01,2.029080312689025556e-01,2.029573481753356723e-01,2.029992822987007062e-01,2.030330903470676240e-01,2.030579909020674978e-01,2.030731635510344968e-01,2.030777481151995190e-01,2.030708439888172789e-01,2.030515096046774381e-01,2.030187620419586225e-01,2.029715767926058012e-01,2.029088877024338156e-01
6.333333333333333037e-01,1.697333426486252184e-01,1.691986608215676480e-01,1.686620292502067908e-01,1.681250341539982096e-01,1.675891137787918206e-01,1.670555678199551197e-01,1.665255666677553648e-01,1.660001604032518840e-01,1.654802874893199216e-01,1.649667831152233921e-01,1.644603871652933480e-01,1.639617517923165901e-01,1.634714485847303389e-01,1.629899753237462612e-01,1.625177623322106302e-01,1.620551784216175406e-01,1.616025364471737058e-01,1.611600984837769923e-01,1.607280806376628068e-01,1.603066575100313140e-01,1.598959663293393896e-01,1.594961107696432068e-01,1.591071644746768765e-01,1.587291743048659387e-01,1.583621633239192805e-01,1.580061335425906321e-01,1.576610684363636272e-01,1.573269352529542697e-01,1.570036871248439714e-01,1.566912650012640684e-01,1.563895994133145118e-01,1.560986120850489656e-01,1.558182174026399580e-01,1.555483237529214913e-01,1.552888347418437953e-01,1.550396503027015593e-01,1.548006677032042755e-01,1.545717824599330825e-01,1.543528891679155912e-01,1.541438822526298436e-01,1.539446566510471459e-01,1.537551084278871161e-01,1.535751353326994528e-01,1.534046373029581689e-01,1.532435169179346968e-01,1.530916798076354945e-01,1.529490350208287386e-01,1.528154953557262774e-01,1.526909776566657828e-01,1.525754030797087102e-01,1.524686973299408388e-01,1.523707908728690330e-01,1.522816191221525728e-01,1.522011226056134148e-01,1.521292471113357969e-01,1.520659438154121079e-01,1.520111693926901042e-01,1.519648861117808836e-01,1.519270619153630097e-01,1.518976704866398519e-01,1.518766913027414234e-01,1.518641096756400133e-01,1.518599167810507078e-01,1.518641096756407349e-01,1.518766913027419785e-01,1.518976704866402960e-01,1.519270619153638424e-01,1.519648861117811889e-01,1.520111693926889940e-01,1.520659438154131626e-01,1.521292471113357969e-01,1.522011226056125821e-01,1.522816191221527116e-01,1.523707908728700322e-01,1.524686973299406167e-01,1.525754030797085159e-01,1.526909776566654497e-01,1.528154953557285256e-01,1.529490350208279614e-01,1.530916798076371044e-01,1.532435169179347523e-01,1.534046373029571142e-01,1.535751353326976210e-01,1.537551084278873104e-01,1.539446566510486725e-01,1.541438822526295938e-01,1.543528891679158410e-01,1.545717824599323054e-01,1.548006677032044420e-01,1.550396503027011708e-01,1.552888347418452664e-01,1.555483237529219909e-01,1.558182174026401801e-01,1.560986120850480496e-01,1.563895994133151501e-01,1.566912650012650676e-01,1.570036871248423060e-01,1.573269352529535481e-01,1.576610684363627390e-01,1.580061335425906877e-01,1.583621633239182813e-01,1.587291743048649950e-01,1.591071644746766267e-01,1.594961107696433178e-01,1.598959663293392230e-01,1.603066575100316471e-01,1.607280806376640836e-01,1.611600984837768813e-01,1.616025364471739278e-01,1.620551784216165969e-01,1.625177623322109632e-01,1.629899753237443738e-01,1.634714485847292009e-01,1.639617517923170897e-01,1.644603871652927651e-01,1.649667831152219766e-01,1.654802874893196440e-01,1.660001604032527167e-01,1.665255666677557533e-01,1.670555678199566185e-01,1.675891137787904328e-01,1.681250341539986815e-01,1.686620292502074570e-01,1.691986608215660937e-01,1.697333426486253849e-01
6.376344086021505930e-01,1.640783115728428609e-01,1.624245580613351281e-01,1.608171154507897493e-01,1.592568681530937280e-01,1.577443092451652207e-01,1.562796008240534551e-01,1.548626271702174262e-01,1.534930413356168644e-01,1.521703057767015976e-01,1.508937276364299418e-01,1.496624892504728743e-01,1.484756744157748054e-01,1.473322909180755091e-01,1.462312897716588900e-01,1.451715815813364729e-01,1.441520503947445464e-01,1.431715653720886938e-01,1.422289905646819674e-01,1.413231930625372668e-01,1.404530497350375828e-01,1.396174527621870110e-01,1.388153141305624172e-01,1.380455692451394434e-01,1.373071797882325640e-01,1.365991359394269078e-01,1.359204580549667751e-01,1.352701978917880410e-01,1.346474394495507931e-01,1.340512994938107827e-01,1.334809278146275591e-01,1.329355072671164761e-01,1.324142536337850340e-01,1.319164153426672925e-01,1.314412730703289900e-01,1.309881392543962852e-01,1.305563575366298079e-01,1.301453021543067523e-01,1.297543772949278362e-01,1.293830164269273164e-01,1.290306816170168625e-01,1.286968628430519845e-01,1.283810773098842395e-01,1.280828687743467142e-01,1.278018068844432031e-01,1.275374865369756083e-01,1.272895272569807279e-01,1.270575726017575957e-01,1.268412895916936900e-01,1.266403681696665895e-01,1.264545206903728292e-01,1.262834814406655626e-01,1.261270061916889840e-01,1.259848717834068377e-01,1.258568757419469275e-01,1.257428359300270526e-01,1.256425902306634868e-01,1.255559962642456284e-01,1.254829311390030511e-01,1.254232912348863804e-01,1.253769920208083199e-01,1.253439679052151534e-01,1.253241721199210845e-01,1.253175766371748545e-01,1.253241721199222225e-01,1.253439679052156253e-01,1.253769920208079869e-01,1.254232912348862417e-01,1.254829311390025792e-01,1.255559962642460170e-01,1.256425902306635700e-01,1.257428359300264142e-01,1.258568757419468720e-01,1.259848717834062548e-01,1.261270061916879293e-01,1.262834814406644801e-01,1.264545206903723851e-01,1.266403681696666172e-01,1.268412895916936622e-01,1.270575726017570684e-01,1.272895272569812275e-01,1.275374865369757194e-01,1.278018068844435362e-01,1.280828687743470751e-01,1.283810773098844615e-01,1.286968628430507633e-01,1.290306816170175841e-01,1.293830164269301752e-01,1.297543772949273366e-01,1.301453021543055033e-01,1.305563575366306406e-01,1.309881392543957024e-01,1.314412730703296006e-01,1.319164153426672925e-01,1.324142536337847287e-01,1.329355072671170868e-01,1.334809278146264211e-01,1.340512994938117819e-01,1.346474394495519866e-01,1.352701978917898451e-01,1.359204580549671637e-01,1.365991359394261861e-01,1.373071797882335909e-01,1.380455692451393879e-01,1.388153141305645821e-01,1.396174527621887318e-01,1.404530497350380269e-01,1.413231930625359900e-01,1.422289905646819674e-01,1.431715653720871395e-01,1.441520503947432141e-01,1.451715815813350574e-01,1.462312897716597782e-01,1.473322909180767581e-01,1.484756744157733066e-01,1.496624892504727355e-01,1.508937276364324120e-01,1.521703057767030409e-01,1.534930413356151990e-01,1.548626271702164825e-01,1.562796008240548429e-01,1.577443092451646101e-01,1.592568681530927566e-01,1.608171154507905820e-01,1.624245580613381257e-01,1.640783115728390029e-01
6.419354838709677713e-01,1.864180934937971490e-01,1.822175968196251827e-01,1.782250457588111514e-01,1.744352360342522057e-01,1.708416265188705263e-01,1.674367719033150737e-01,1.642126618432830643e-01,1.611609833986627771e-01,1.582733212725320748e-01,1.555413081182456803e-01,1.529567351269042752e-01,1.505116312908449383e-01,1.481983181721043819e-01,1.460094456888555992e-01,1.439380133380722127e-01,1.419773803610087926e-01,1.401212676268248358e-01,1.383637534179200101e-01,1.366992648217282835e-01,1.351225660523990291e-01,1.336287447227292868e-01,1.322131968469923424e-01,1.308716111661850923e-01,1.295999532389076614e-01,1.283944496251931966e-01,1.272515724003190907e-01,1.261680241659468016e-01,1.251407236721273353e-01,1.241667921227606747e-01,1.232435402059467999e-01,1.223684558673517331e-01,1.215391928275340594e-01,1.207535598315054304e-01,1.200095106100838166e-01,1.193051345263491381e-01,1.186386478766845720e-01,1.180083858135075880e-01,1.174127948557411177e-01,1.168504259529091066e-01,1.163199280691663423e-01,1.158200422546492164e-01,1.153495961726779817e-01,1.149074990530262880e-01,1.144927370429898866e-01,1.141043689297693425e-01,1.137415222094519535e-01,1.134033894795608011e-01,1.130892251338825455e-01,1.127983423399670365e-01,1.125301102811974013e-01,1.122839516469949506e-01,1.120593403560008749e-01,1.118557994986764392e-01,1.116728994868623343e-01,1.115102563992593082e-01,1.113675305128731530e-01,1.112444250116354366e-01,1.111406848644630185e-01,1.110560958660917336e-01,1.109904838349107387e-01,1.109437139630612412e-01,1.109156903149120105e-01,1.109063554709405208e-01,1.109156903149109002e-01,1.109437139630603530e-01,1.109904838349114603e-01,1.110560958660914005e-01,1.111406848644633238e-01,1.112444250116337713e-01,1.113675305128741938e-01,1.115102563992595580e-01,1.116728994868610297e-01,1.118557994986766058e-01,1.120593403560016105e-01,1.122839516469959220e-01,1.125301102811995663e-01,1.127983423399660373e-01,1.130892251338824483e-01,1.134033894795606345e-01,1.137415222094517592e-01,1.141043689297685515e-01,1.144927370429891789e-01,1.149074990530267459e-01,1.153495961726771490e-01,1.158200422546497299e-01,1.163199280691683823e-01,1.168504259529089401e-01,1.174127948557418116e-01,1.180083858135095448e-01,1.186386478766847247e-01,1.193051345263484303e-01,1.200095106100826509e-01,1.207535598315058883e-01,1.215391928275352668e-01,1.223684558673547446e-01,1.232435402059484653e-01,1.241667921227619098e-01,1.251407236721264749e-01,1.261680241659480228e-01,1.272515724003205062e-01,1.283944496251919198e-01,1.295999532389072728e-01,1.308716111661814563e-01,1.322131968469920371e-01,1.336287447227278435e-01,1.351225660523983907e-01,1.366992648217282835e-01,1.383637534179187889e-01,1.401212676268246693e-01,1.419773803610119289e-01,1.439380133380729898e-01,1.460094456888507697e-01,1.481983181721054366e-01,1.505116312908416076e-01,1.529567351269068842e-01,1.555413081182377144e-01,1.582733212725329075e-01,1.611609833986604734e-01,1.642126618432785401e-01,1.674367719033151292e-01,1.708416265188711369e-01,1.744352360342484864e-01,1.782250457588139270e-01,1.822175968196318996e-01,1.864180934937950396e-01
6.462365591397849496e-01,2.561716691599350559e-01,2.454608372966879948e-01,2.354039343598916256e-01,2.260073876831306672e-01,2.172591223223864498e-01,2.091348654494713799e-01,2.016028399638086499e-01,1.946271626403791311e-01,1.881702379306206818e-01,1.821943945711054225e-01,1.766629641705997344e-01,1.715409566504656480e-01,1.667954499136828084e-01,1.623957809378641093e-01,1.583136020175502090e-01,1.545228480713590202e-01,1.509996476558676803e-01,1.477222005733759835e-01,1.446706378748791599e-01,1.418268749643887272e-01,1.391744648823841912e-01,1.366984562870861286e-01,1.343852588671728965e-01,1.322225176898895183e-01,1.301989971551947567e-01,1.283044746738923325e-01,1.265296438320647199e-01,1.248660265862969188e-01,1.233058939103317819e-01,1.218421942546343562e-01,1.204684891638649613e-01,1.191788954082542984e-01,1.179680330134404431e-01,1.168309786113739535e-01,1.157632235785302222e-01,1.147606364724813033e-01,1.138194293227583753e-01,1.129361273747415961e-01,1.121075419257616668e-01,1.113307459299959223e-01,1.106030520830378339e-01,1.099219931282919005e-01,1.092853041554718019e-01,1.086909066868865376e-01,1.081368943699315688e-01,1.076215201146020206e-01,1.071431845329403748e-01,1.067004255536578572e-01,1.062919090994811772e-01,1.059164207278549402e-01,1.055728581469780603e-01,1.052602245295498479e-01,1.049776225557433468e-01,1.047242491252238505e-01,1.044993906854174565e-01,1.043024191299463388e-01,1.041327882272468364e-01,1.039900305448453882e-01,1.038737548399155247e-01,1.037836438913378179e-01,1.037194527528505633e-01,1.036810074109467128e-01,1.036682038350220658e-01,1.036810074109486418e-01,1.037194527528507437e-01,1.037836438913371656e-01,1.038737548399153304e-01,1.039900305448448609e-01,1.041327882272467947e-01,1.043024191299464359e-01,1.044993906854179422e-01,1.047242491252231983e-01,1.049776225557433051e-01,1.052602245295506667e-01,1.055728581469799615e-01,1.059164207278549402e-01,1.062919090994808857e-01,1.067004255536571633e-01,1.071431845329425814e-01,1.076215201146008965e-01,1.081368943699335949e-01,1.086909066868876478e-01,1.092853041554732174e-01,1.099219931282922613e-01,1.106030520830383612e-01,1.113307459299969493e-01,1.121075419257627215e-01,1.129361273747400696e-01,1.138194293227568210e-01,1.147606364724812200e-01,1.157632235785314989e-01,1.168309786113752025e-01,1.179680330134389998e-01,1.191788954082562968e-01,1.204684891638637956e-01,1.218421942546364656e-01,1.233058939103321705e-01,1.248660265862977514e-01,1.265296438320648864e-01,1.283044746738921105e-01,1.301989971551983927e-01,1.322225176898858545e-01,1.343852588671733683e-01,1.366984562870910969e-01,1.391744648823876607e-01,1.418268749643907811e-01,1.446706378748791322e-01,1.477222005733755117e-01,1.509996476558671252e-01,1.545228480713618513e-01,1.583136020175514858e-01,1.623957809378657191e-01,1.667954499136874158e-01,1.715409566504706440e-01,1.766629641705963205e-01,1.821943945711103074e-01,1.881702379306192663e-01,1.946271626403809629e-01,2.016028399638098156e-01,2.091348654494687431e-01,2.172591223223876711e-01,2.260073876831277251e-01,2.354039343598872125e-01,2.454608372966857188e-01,2.561716691599440487e-01
6.505376344086022389e-01,4.208172044202052597e-01,4.001524085479075676e-01,3.784565641269680980e-01,3.567290034611041438e-01,3.356684031024764203e-01,3.157163958184940888e-01,2.971161175999260662e-01,2.799688187197162392e-01,2.642809458498566189e-01,2.499998863600922105e-01,2.370394239919394186e-01,2.252969691060782431e-01,2.146646910051396295e-01,2.050363559280876102e-01,1.963112566861148212e-01,1.883962375126295441e-01,1.812065121291745462e-01,1.746657461478729190e-01,1.687057139951484708e-01,1.632657298783866118e-01,1.582919779519375292e-01,1.537368177872562858e-01,1.495581094388915011e-01,1.457185821194530717e-01,1.421852578291490921e-01,1.389289335783278900e-01,1.359237213271909939e-01,1.331466422802529137e-01,1.305772709519895936e-01,1.281974239706094310e-01,1.259908885923833599e-01,1.239431861586125505e-01,1.220413661148351259e-01,1.202738266514855325e-01,1.186301584703366718e-01,1.171010086066639200e-01,1.156779616294331681e-01,1.143534358955195229e-01,1.131205928477592715e-01,1.119732576219786835e-01,1.109058494681151308e-01,1.099133206981869337e-01,1.089911030532921266e-01,1.081350605360689443e-01,1.073414478877642297e-01,1.066068740029372242e-01,1.059282696726794315e-01,1.053028591311671869e-01,1.047281349526166527e-01,1.042018359077905298e-01,1.037219274428315408e-01,1.032865844892856544e-01,1.028941763543295418e-01,1.025432534749264324e-01,1.022325358498016312e-01,1.019609029897468599e-01,1.017273852498808417e-01,1.015311564281207168e-01,1.013715275324276466e-01,1.012479416357645323e-01,1.011599697526158192e-01,1.011073076845363516e-01,1.010897737948598940e-01,1.011073076845378782e-01,1.011599697526149033e-01,1.012479416357631445e-01,1.013715275324283960e-01,1.015311564281216883e-01,1.017273852498806197e-01,1.019609029897462771e-01,1.022325358497996328e-01,1.025432534749239621e-01,1.028941763543301247e-01,1.032865844892858209e-01,1.037219274428312354e-01,1.042018359077892253e-01,1.047281349526165972e-01,1.053028591311678808e-01,1.059282696726815964e-01,1.066068740029371686e-01,1.073414478877644518e-01,1.081350605360683337e-01,1.089911030532892955e-01,1.099133206981860178e-01,1.109058494681130769e-01,1.119732576219793774e-01,1.131205928477592437e-01,1.143534358955206331e-01,1.156779616294331126e-01,1.171010086066628930e-01,1.186301584703382539e-01,1.202738266514864485e-01,1.220413661148320728e-01,1.239431861586097749e-01,1.259908885923800015e-01,1.281974239706075436e-01,1.305772709519931185e-01,1.331466422802530802e-01,1.359237213271913269e-01,1.389289335783261969e-01,1.421852578291442903e-01,1.457185821194505182e-01,1.495581094388976906e-01,1.537368177872574793e-01,1.582919779519393055e-01,1.632657298783836697e-01,1.687057139951498863e-01,1.746657461478784701e-01,1.812065121291836223e-01,1.883962375126260469e-01,1.963112566861086317e-01,2.050363559280891923e-01,2.146646910051385748e-01,2.252969691060840718e-01,2.370394239919359214e-01,2.499998863600894627e-01,2.642809458498397990e-01,2.799688187197283962e-01,2.971161175999239568e-01,3.157163958185023045e-01,3.356684031024938508e-01,3.567290034610881566e-01,3.784565641269651559e-01,4.001524085479079007e-01,4.208172044202259654e-01
6.548387096774194172e-01,4.896676510906395885e-01,5.205671700627324539e-01,5.410987619911821200e-01,5.491867173711950656e-01,5.446244688039407755e-01,5.290275315846708626e-01,5.051921363752830407e-01,4.762483105279908813e-01,4.449915549456635588e-01,4.135506657389605434e-01,3.833418343111855142e-01,3.551813302007570394e-01,3.294476655436208712e-01,3.062319547170249123e-01,2.854538949562427375e-01,2.669420044153161253e-01,2.504849778096319146e-01,2.358624176544450446e-01,2.228619192572326158e-01,2.112876116142628768e-01,2.009635974788431811e-01,1.917344986771134518e-01,1.834644663930680986e-01,1.760354664840103611e-01,1.693453052927292313e-01,1.633056511836947777e-01,1.578401818667038436e-01,1.528829149986003777e-01,1.483767388717127655e-01,1.442721383132177793e-01,1.405261003321272850e-01,1.371011797848869507e-01,1.339647045368963785e-01,1.310881006008901284e-01,1.284463195677879033e-01,1.260173527685583272e-01,1.237818187259178693e-01,1.217226124253667774e-01,1.198246066952551869e-01,1.180743975175664040e-01,1.164600864041847872e-01,1.149710940859424158e-01,1.135980006981716084e-01,1.123324084309923754e-01,1.111668232677643919e-01,1.100945529816119428e-01,1.091096190156658763e-01,1.082066802522915483e-01,1.073809669937001166e-01,1.066282237411858014e-01,1.059446595818742121e-01,1.053269051779927579e-01,1.047719755100737504e-01,1.042772376576039661e-01,1.038403830125083360e-01,1.034594034159152520e-01,1.031325707901528110e-01,1.028584199078623473e-01,1.026357340007894858e-01,1.024635329639829173e-01,1.023410639580024373e-01,1.022677942538266216e-01,1.022434062033521496e-01,1.022677942538300078e-01,1.023410639580042691e-01,1.024635329639824177e-01,1.026357340007902075e-01,1.028584199078635686e-01,1.031325707901525057e-01,1.034594034159150855e-01,1.038403830125098071e-01,1.042772376576056037e-01,1.047719755100725569e-01,1.053269051779930077e-01,1.059446595818749060e-01,1.066282237411868283e-01,1.073809669937008104e-01,1.082066802522913818e-01,1.091096190156654322e-01,1.100945529816096391e-01,1.111668232677643364e-01,1.123324084309963999e-01,1.135980006981709423e-01,1.149710940859406116e-01,1.164600864041837880e-01,1.180743975175654326e-01,1.198246066952559918e-01,1.217226124253698027e-01,1.237818187259148162e-01,1.260173527685585215e-01,1.284463195677910119e-01,1.310881006008918770e-01,1.339647045368964895e-01,1.371011797848925573e-01,1.405261003321328084e-01,1.442721383132188340e-01,1.483767388717092961e-01,1.528829149985971581e-01,1.578401818667081735e-01,1.633056511836928626e-01,1.693453052927232916e-01,1.760354664840122485e-01,1.834644663930794783e-01,1.917344986771163662e-01,2.009635974788573365e-01,2.112876116142690386e-01,2.228619192572294516e-01,2.358624176544379392e-01,2.504849778096238100e-01,2.669420044153093530e-01,2.854538949562318573e-01,3.062319547169957135e-01,3.294476655436150425e-01,3.551813302007759132e-01,3.833418343112163784e-01,4.135506657389830254e-01,4.449915549456363584e-01,4.762483105279724516e-01,5.051921363752782668e-01,5.290275315846622028e-01,5.446244688039413306e-01,5.491867173711922900e-01,5.410987619911797886e-01,5.205671700627193532e-01,4.896676510906523005e-01
6.591397849462365954e-01,2.387307962895993119e-01,2.716211365888668294e-01,3.101281570003889820e-01,3.543378784826923256e-01,4.035579561940327853e-01,4.558584918720768320e-01,5.077042760500405372e-01,5.540269617674867808e-01,5.891041586431118304e-01,6.082178341366897278e-01,6.093465447870689555e-01,5.938253335430461188e-01,5.655638207698110431e-01,5.294575044540970055e-01,4.899756573272827653e-01,4.504414900723880955e-01,4.129404753009573437e-01,3.785579994675964954e-01,3.476965434853647174e-01,3.203476821169701783e-01,2.962850099406402204e-01,2.751860748371076637e-01,2.567029345436890320e-01,2.404995278330736563e-01,2.262691572754723379e-01,2.137407574491498596e-01,2.026792330663457209e-01,1.928829327933444804e-01,1.841799623770554173e-01,1.764242390025601015e-01,1.694917322589605257e-01,1.632770851667730283e-01,1.576906748697042837e-01,1.526561053298780557e-01,1.481080937616179594e-01,1.439907015137051605e-01,1.402558590699292673e-01,1.368621385009948788e-01,1.337737322257412653e-01,1.309596028618086883e-01,1.283927745532189857e-01,1.260497411571038506e-01,1.239099709660564930e-01,1.219554912576740480e-01,1.201705389654251221e-01,1.185412662372428982e-01,1.170554916743793417e-01,1.157024896976671102e-01,1.144728118387891846e-01,1.133581348556991775e-01,1.123511314708061093e-01,1.114453602662698883e-01,1.106351718739357892e-01,1.099156290931029289e-01,1.092824389786573869e-01,1.087318952808837835e-01,1.082608299007691566e-01,1.078665722612160704e-01,1.075469156943886784e-01,1.073000901158761011e-01,1.071247404033245920e-01,1.070199100256291058e-01,1.069850295834385567e-01,1.070199100256268021e-01,1.071247404033208728e-01,1.073000901158750187e-01,1.075469156943862081e-01,1.078665722612169309e-01,1.082608299007694619e-01,1.087318952808827011e-01,1.092824389786577477e-01,1.099156290931047886e-01,1.106351718739374268e-01,1.114453602662724696e-01,1.123511314708054154e-01,1.133581348557006485e-01,1.144728118387900728e-01,1.157024896976642792e-01,1.170554916743801466e-01,1.185412662372430648e-01,1.201705389654234013e-01,1.219554912576751859e-01,1.239099709660564930e-01,1.260497411571046278e-01,1.283927745532189579e-01,1.309596028618121855e-01,1.337737322257418482e-01,1.368621385009884395e-01,1.402558590699313212e-01,1.439907015137029400e-01,1.481080937616241766e-01,1.526561053298785553e-01,1.576906748697091964e-01,1.632770851667652845e-01,1.694917322589500897e-01,1.764242390025460017e-01,1.841799623770574434e-01,1.928829327933457016e-01,2.026792330663445829e-01,2.137407574491534679e-01,2.262691572754642888e-01,2.404995278330704644e-01,2.567029345436895316e-01,2.751860748371054433e-01,2.962850099406428850e-01,3.203476821169664035e-01,3.476965434853771519e-01,3.785579994675891680e-01,4.129404753009912055e-01,4.504414900723554549e-01,4.899756573272665561e-01,5.294575044541116604e-01,5.655638207698048259e-01,5.938253335430537794e-01,6.093465447870676233e-01,6.082178341366856200e-01,5.891041586431096100e-01,5.540269617674972169e-01,5.077042760500988239e-01,4.558584918720716694e-01,4.035579561940659254e-01,3.543378784826755057e-01,3.101281570004098542e-01,2.716211365888774876e-01,2.387307962895920399e-01
6.634408602150537737e-01,1.168206946791491424e-01,1.276422248596087439e-01,1.406617595351341843e-01,1.563754459226779359e-01,1.753887135264353969e-01,1.984244818591532622e-01,2.263129083903359096e-01,2.599407091931906222e-01,3.001227842306572469e-01,3.473421208323106413e-01,4.013020887719720431e-01,4.602897271635749132e-01,5.205220892433726210e-01,5.759458656252873787e-01,6.191466672544866379e-01,6.435838528850355011e-01,6.461776440211213224e-01,6.284829908786697672e-01,5.956173155338766456e-01,5.539271880016949368e-01,5.089965315006050872e-01,4.647544910757298031e-01,4.234842493928415719e-01,3.862324119622987939e-01,3.532622822677797814e-01,3.244050803763030011e-01,2.992891893574656237e-01,2.774738978580543192e-01,2.585202284457118194e-01,2.420242564061330093e-01,2.276296353917647841e-01,2.150293741574151873e-01,2.039625486092022100e-01,1.942090110674858927e-01,1.855836603714050848e-01,1.779310124569839224e-01,1.711203737836993477e-01,1.650416977801957841e-01,1.596020987887136477e-01,1.547229536924866478e-01,1.503375082996148415e-01,1.463889073728873724e-01,1.428285753965047866e-01,1.396148854074701628e-01,1.367120633975061894e-01,1.340892849987167512e-01,1.317199290956006241e-01,1.295809596442915324e-01,1.276524124429531948e-01,1.259169680462930430e-01,1.243595956185734874e-01,1.229672554251727001e-01,1.217286500049339637e-01,1.206340159536946621e-01,1.196749497749668989e-01,1.188442624894712474e-01,1.181358587006387795e-01,1.175446366356745209e-01,1.170664063591033144e-01,1.166978239194887690e-01,1.164363396634447434e-01,1.162801593561841040e-01,1.162282171000181275e-01,1.162801593561826607e-01,1.164363396634413572e-01,1.166978239194865485e-01,1.170664063591041471e-01,1.175446366356750760e-01,1.181358587006473004e-01,1.188442624894711919e-01,1.196749497749654556e-01,1.206340159536971879e-01,1.217286500049371556e-01,1.229672554251747540e-01,1.243595956185755413e-01,1.259169680462969010e-01,1.276524124429494755e-01,1.295809596442890343e-01,1.317199290956006796e-01,1.340892849987173896e-01,1.367120633975014987e-01,1.396148854074729939e-01,1.428285753965039817e-01,1.463889073728814327e-01,1.503375082996102896e-01,1.547229536924902005e-01,1.596020987887150355e-01,1.650416977801970886e-01,1.711203737836978767e-01,1.779310124569937201e-01,1.855836603714142996e-01,1.942090110674968007e-01,2.039625486091983242e-01,2.150293741574047790e-01,2.276296353917566517e-01,2.420242564061325097e-01,2.585202284456817878e-01,2.774738978580705839e-01,2.992891893574489148e-01,3.244050803763023350e-01,3.532622822678009866e-01,3.862324119622789764e-01,4.234842493929056317e-01,4.647544910757686609e-01,5.089965315006097502e-01,5.539271880017118121e-01,5.956173155338944092e-01,6.284829908786628838e-01,6.461776440211328687e-01,6.435838528850423845e-01,6.191466672544557737e-01,5.759458656253149123e-01,5.205220892433801705e-01,4.602897271635620902e-01,4.013020887719973007e-01,3.473421208322730602e-01,3.001227842306822269e-01,2.599407091932065539e-01,2.263129083903324679e-01,1.984244818591559267e-01,1.753887135264251829e-01,1.563754459226672777e-01,1.406617595351348227e-01,1.276422248596139897e-01,1.168206946791481571e-01
6.677419354838709520e-01,7.538468315453789037e-02,7.906364963336162677e-02,8.343799393728827674e-02,8.864893651336508418e-02,9.487227448552121301e-02,1.023276477226595371e-01,1.112902245723051409e-01,1.221051687516693240e-01,1.352049535198646679e-01,1.511287995865659151e-01,1.705417163693336846e-01,1.942468936959752257e-01,2.231780008407146521e-01,2.583452740376852574e-01,3.006898492042751614e-01,3.507788502900511252e-01,4.082707208764876361e-01,4.711522184430737559e-01,5.349792349800165381e-01,5.927380331765477184e-01,6.361265677466279023e-01,6.583535130330544494e-01,6.570043606282101045e-01,6.348603164499129203e-01,5.981416799055409017e-01,5.537528211758413477e-01,5.073150420667809080e-01,4.625151121730290971e-01,4.213285776896659729e-01,3.845394701802328230e-01,3.522240428254849731e-01,3.240945429627387631e-01,2.997102630761115938e-01,2.785941691127949427e-01,2.602909986204222093e-01,2.443921000490950068e-01,2.305426652796179199e-01,2.184403492080405629e-01,2.078301713878884516e-01,1.984982316669222646e-01,1.902654679738027821e-01,1.829819908901615944e-01,1.765221750660440625e-01,1.707805160327743321e-01,1.656681857313588302e-01,1.611101938144079981e-01,1.570430592178649887e-01,1.534129044134467934e-01,1.501738964248174601e-01,1.472869708639197306e-01,1.447187864683754377e-01,1.424408673665195635e-01,1.404288984811337127e-01,1.386621462227289603e-01,1.371229821115794167e-01,1.357964914090400987e-01,1.346701524256884996e-01,1.337335750722759842e-01,1.329782895710196200e-01,1.323975781640778504e-01,1.319863442397737341e-01,1.317410146213122135e-01,1.316594718923043694e-01,1.317410146213124911e-01,1.319863442397725406e-01,1.323975781640792382e-01,1.329782895710213686e-01,1.337335750722759009e-01,1.346701524256838089e-01,1.357964914090480368e-01,1.371229821115850511e-01,1.386621462227310142e-01,1.404288984811389862e-01,1.424408673665252811e-01,1.447187864683737724e-01,1.472869708639178987e-01,1.501738964248207076e-01,1.534129044134500131e-01,1.570430592178658491e-01,1.611101938144042511e-01,1.656681857313607453e-01,1.707805160327787175e-01,1.765221750660442845e-01,1.829819908901583747e-01,1.902654679738092769e-01,1.984982316669204883e-01,2.078301713878912826e-01,2.184403492080560505e-01,2.305426652796077613e-01,2.443921000490912321e-01,2.602909986204122728e-01,2.785941691127838404e-01,2.997102630761268593e-01,3.240945429627640206e-01,3.522240428254864164e-01,3.845394701802193893e-01,4.213285776896443791e-01,4.625151121730749493e-01,5.073150420667673632e-01,5.537528211758513397e-01,5.981416799055415678e-01,6.348603164498907159e-01,6.570043606282152115e-01,6.583535130330546714e-01,6.361265677466153567e-01,5.927380331765966792e-01,5.349792349799818991e-01,4.711522184431833349e-01,4.082707208765472551e-01,3.507788502900469618e-01,3.006898492042476834e-01,2.583452740376980805e-01,2.231780008407326932e-01,1.942468936959747539e-01,1.705417163693285776e-01,1.511287995865709943e-01,1.352049535198688035e-01,1.221051687516734596e-01,1.112902245723024902e-01,1.023276477226603559e-01,9.487227448552068565e-02,8.864893651336455682e-02,8.343799393728812408e-02,7.906364963335806018e-02,7.538468315453818180e-02
6.720430107526882413e-01,5.945719463010286365e-02,6.074064382588066635e-02,6.228648171289863367e-02,6.413856674291076865e-02,6.635026994817393164e-02,6.898681222053798523e-02,7.212824595054163901e-02,7.587326998662313748e-02,8.034411979951308624e-02,8.569283675271172074e-02,9.210928577256867478e-02,9.983134310645169762e-02,1.091576762673922840e-01,1.204634016255341500e-01,1.342184557979183568e-01,1.510074087565927703e-01,1.715470310977771917e-01,1.966930785253494240e-01,2.274187616301497350e-01,2.647323601537670545e-01,3.094806973592909571e-01,3.619681007471390877e-01,4.213397013708987671e-01,4.848015348830350124e-01,5.470421778108994770e-01,6.005670166723191539e-01,6.375528190065087308e-01,6.527594300118568782e-01,6.456848532093197868e-01,6.203594254548957521e-01,5.831419332217603335e-01,5.402823164381260757e-01,4.965242893816430025e-01,4.548295116117754278e-01,4.167117550502661416e-01,3.827192040629246450e-01,3.528411315399658243e-01,3.267854757264862520e-01,3.041461180653725060e-01,2.844945177495153410e-01,2.674251069525299673e-01,2.525745039293887939e-01,2.396268417397355854e-01,2.283122767384133667e-01,2.184025405437196032e-01,2.097055504063187192e-01,2.020600660439517138e-01,1.953308294992285310e-01,1.894043391554972033e-01,1.841852688579173614e-01,1.795934802403884034e-01,1.755615534622188556e-01,1.720327583752775391e-01,1.689593939345740425e-01,1.663014328818566701e-01,1.640254186243610968e-01,1.621035705374898050e-01,1.605130621486056119e-01,1.592354437048505988e-01,1.582561865665381151e-01,1.575643318473829990e-01,1.571522299179978210e-01,1.570153609652716886e-01,1.571522299179939908e-01,1.575643318473940457e-01,1.582561865665404466e-01,1.592354437048580929e-01,1.605130621486038356e-01,1.621035705374990754e-01,1.640254186243538803e-01,1.663014328818480658e-01,1.689593939345732099e-01,1.720327583752728207e-01,1.755615534622236296e-01,1.795934802403943431e-01,1.841852688579088682e-01,1.894043391554954825e-01,1.953308294992273098e-01,2.020600660439531571e-01,2.097055504063157216e-01,2.184025405437078904e-01,2.283122767384148100e-01,2.396268417397542372e-01,2.525745039293604277e-01,2.674251069525180879e-01,2.844945177495294963e-01,3.041461180653856067e-01,3.267854757264593846e-01,3.528411315399800352e-01,3.827192040629581737e-01,4.167117550502885681e-01,4.548295116117287429e-01,4.965242893816365077e-01,5.402823164380987642e-01,5.831419332217910867e-01,6.203594254548987497e-01,6.456848532093188986e-01,6.527594300118551018e-01,6.375528190064949641e-01,6.005670166723374725e-01,5.470421778108915944e-01,4.848015348829996518e-01,4.213397013709265782e-01,3.619681007471215461e-01,3.094806973592772459e-01,2.647323601537892035e-01,2.274187616301709403e-01,1.966930785253616365e-01,1.715470310977645352e-01,1.510074087565906331e-01,1.342184557979136383e-01,1.204634016255348439e-01,1.091576762673901191e-01,9.983134310645616627e-02,9.210928577257386507e-02,8.569283675271319178e-02,8.034411979951514016e-02,7.587326998662567712e-02,7.212824595054137533e-02,6.898681222054019180e-02,6.635026994817504187e-02,6.413856674291087967e-02,6.228648171289749569e-02,6.074064382587958388e-02,5.945719463010194772e-02
6.763440860215054196e-01,5.269587071828163438e-02,5.302388997409583637e-02,5.347073035394274421e-02,5.405207616315589603e-02,5.478668413990764319e-02,5.569703828401804946e-02,5.681016411421757617e-02,5.815864575944075521e-02,5.978190191261928410e-02,6.172779305780631831e-02,6.405465351865283208e-02,6.683386886278183669e-02,7.015315303560128168e-02,7.412072073307543474e-02,7.887059781561139848e-02,8.456936114450482045e-02,9.142463617885274174e-02,9.969567661874993714e-02,1.097062434242902784e-01,1.218596668265262140e-01,1.366551773924798430e-01,1.547028991228624750e-01,1.767315771352298559e-01,2.035770704422459887e-01,2.361296559603965339e-01,2.752041567440671743e-01,3.212835322830163709e-01,3.740910907287892662e-01,4.320072346680355335e-01,4.915112885270601639e-01,5.470762859842696058e-01,5.920439945466038356e-01,6.205653973233040688e-01,6.297347466533209648e-01,6.205316352283984926e-01,5.969869482839444963e-01,5.643451736149720510e-01,5.274354144073043482e-01,4.898580702261264852e-01,4.538878050188386304e-01,4.207361797270688375e-01,3.908929997913501153e-01,3.644138973553849303e-01,3.411218356631944282e-01,3.207336034279482662e-01,3.029329717841754976e-01,2.874097678835983438e-01,2.738786294226898677e-01,2.620862996991229488e-01,2.518128201166348612e-01,2.428697194216796196e-01,2.350969257672764212e-01,2.283593234990356491e-01,2.225434191232235071e-01,2.175543278616886567e-01,2.133131568169379655e-01,2.097547918421666102e-01,2.068260630848152148e-01,2.044842519428669569e-01,2.026959003503997492e-01,2.014358866506899548e-01,2.006867380077798635e-01,2.004381558962456400e-01,2.006867380077744234e-01,2.014358866506911760e-01,2.026959003504045786e-01,2.044842519428722860e-01,2.068260630848096637e-01,2.097547918421754365e-01,2.133131568169327474e-01,2.175543278616833831e-01,2.225434191232151804e-01,2.283593234990503595e-01,2.350969257672851365e-01,2.428697194216724586e-01,2.518128201166477398e-01,2.620862996991476512e-01,2.738786294226864260e-01,2.874097678836129433e-01,3.029329717841621750e-01,3.207336034279612558e-01,3.411218356631881554e-01,3.644138973554003624e-01,3.908929997913461740e-01,4.207361797270708359e-01,4.538878050188523416e-01,4.898580702261047248e-01,5.274354144072748163e-01,5.643451736149702747e-01,5.969869482839569308e-01,6.205316352284127035e-01,6.297347466533238514e-01,6.205653973232964082e-01,5.920439945465942877e-01,5.470762859842275283e-01,4.915112885270490062e-01,4.320072346680204900e-01,3.740910907287958720e-01,3.212835322829960538e-01,2.752041567440754455e-01,2.361296559603620060e-01,2.035770704422647792e-01,1.767315771352291065e-01,1.547028991228668049e-01,1.366551773924831736e-01,1.218596668265216343e-01,1.097062434242886408e-01,9.969567661874473297e-02,9.142463617885218663e-02,8.456936114450264164e-02,7.887059781560876170e-02,7.412072073307540698e-02,7.015315303559911675e-02,6.683386886278198935e-02,6.405465351865227697e-02,6.172779305780620729e-02,5.978190191261800734e-02,5.815864575944063031e-02,5.681016411421824230e-02,5.569703828401761925e-02,5.478668413990774033e-02,5.405207616315500785e-02,5.347073035394298013e-02,5.302388997409605842e-02,5.269587071828178704e-02
6.806451612903225978e-01,4.982586177817177608e-02,4.970809309694609879e-02,4.965409619376019712e-02,4.966996862229446086e-02,4.976296304944455295e-02,4.994170341012074688e-02,5.021644628650992481e-02,5.059939854245922020e-02,5.110510506588744617e-02,5.175092408765609442e-02,5.255761217726510892e-02,5.355004694648322905e-02,5.475812307156052716e-02,5.621786689605923204e-02,5.797282708637295501e-02,6.007581409246702531e-02,6.259107995552237735e-02,6.559705244415622860e-02,6.918976298548806803e-02,7.348713413839147446e-02,7.863431384889563169e-02,8.481024835959850849e-02,9.223564916732460151e-02,1.011823854296688141e-01,1.119840364250122705e-01,1.250467188117368456e-01,1.408581098945198007e-01,1.599904369371939472e-01,1.830895926778726701e-01,2.108370483740606982e-01,2.438642069161871540e-01,2.825930205410936980e-01,3.269801798601614240e-01,3.761709870095646946e-01,4.281421785774238153e-01,4.795262085086363646e-01,5.258871110686144101e-01,5.626068101672411226e-01,5.861640380746325762e-01,5.951873620390545350e-01,5.906902486557924492e-01,5.754296032737360456e-01,5.528637295775659100e-01,5.262598539639438133e-01,4.982098394186300627e-01,4.705164533715081587e-01,4.442931280485178935e-01,4.201377094983004823e-01,3.983007298711077060e-01,3.788178660183256774e-01,3.616030780186088589e-01,3.465094092675200521e-01,3.333664559462463650e-01,3.220022415826986339e-01,3.122551959971316959e-01,3.039801125816863347e-01,2.970505906158539267e-01,2.913595310087626067e-01,2.868186418546599392e-01,2.833575240499586201e-01,2.809226694694705873e-01,2.794765607921627093e-01,2.789969772061856590e-01,2.794765607921745332e-01,2.809226694694696436e-01,2.833575240499585091e-01,2.868186418546712080e-01,2.913595310087519485e-01,2.970505906158408815e-01,3.039801125816754546e-01,3.122551959971200386e-01,3.220022415827156204e-01,3.333664559462499732e-01,3.465094092675437554e-01,3.616030780185882643e-01,3.788178660183408319e-01,3.983007298711213062e-01,4.201377094983128058e-01,4.442931280485128975e-01,4.705164533715224251e-01,4.982098394186559309e-01,5.262598539639378181e-01,5.528637295775937766e-01,5.754296032737381550e-01,5.906902486558093246e-01,5.951873620390590869e-01,5.861640380746466761e-01,5.626068101672341282e-01,5.258871110686043071e-01,4.795262085086062775e-01,4.281421785774314204e-01,3.761709870095421571e-01,3.269801798601261189e-01,2.825930205410871476e-01,2.438642069162238468e-01,2.108370483740499846e-01,1.830895926778838834e-01,1.599904369371754342e-01,1.408581098945261567e-01,1.250467188117456996e-01,1.119840364250178910e-01,1.011823854296666353e-01,9.223564916733215102e-02,8.481024835959896646e-02,7.863431384889466025e-02,7.348713413839300101e-02,6.918976298548529247e-02,6.559705244415546532e-02,6.259107995552304349e-02,6.007581409246826043e-02,5.797282708637202520e-02,5.621786689605964837e-02,5.475812307156267822e-02,5.355004694648334007e-02,5.255761217726535872e-02,5.175092408765646912e-02,5.110510506588863966e-02,5.059939854245856794e-02,5.021644628651099340e-02,4.994170341012058034e-02,4.976296304944434479e-02,4.966996862229461351e-02,4.965409619375947547e-02,4.970809309694687594e-02,4.982586177817291406e-02
6.849462365591398871e-01,4.894995988817277266e-02,4.859256035219952641e-02,4.827547772476870058e-02,4.800107960395066931e-02,4.777221808785842017e-02,4.759231384745907234e-02,4.746545445668298724e-02,4.739651031801828118e-02,4.739127221292437075e-02,4.745661537740158975e-02,4.760069609732170415e-02,4.783318819009445277e-02,4.816556845649207219e-02,4.861146233218384405e-02,4.918706364357687544e-02,4.991164569607692281e-02,5.080818503063741498e-02,5.190412422266729719e-02,5.323230620339272634e-02,5.483211985351221784e-02,5.675090503364932371e-02,5.904567451747914919e-02,6.178521975218329021e-02,6.505267538786785320e-02,6.894862093967438210e-02,7.359479092547753509e-02,7.913843695956121471e-02,8.575731872288752666e-02,9.366516585078776824e-02,1.031172023802788829e-01,1.144148882912318227e-01,1.279083103174750713e-01,1.439935304743202027e-01,1.631005877784387215e-01,1.856658122571946401e-01,2.120801389092996370e-01,2.426045682223579303e-01,2.772475617108000612e-01,3.156110595954755293e-01,3.567352600670743445e-01,3.990040630094874308e-01,4.401955411834763687e-01,4.777431878416927846e-01,5.091915260534470855e-01,5.327116281413524224e-01,5.474736399333293146e-01,5.537273802035214132e-01,5.525907569273578179e-01,5.456769781621451099e-01,5.347220967703530947e-01,5.213171145063221212e-01,5.067700438579365585e-01,4.920718332259199079e-01,4.779244088344657415e-01,4.647953752322683263e-01,4.529769233242314508e-01,4.426378618417907695e-01,4.338650334647879969e-01,4.266942074206293567e-01,4.211320945275666139e-01,4.171714633532764838e-01,4.148011209657403997e-01,4.140121192578557485e-01,4.148011209657411769e-01,4.171714633532819239e-01,4.211320945275698335e-01,4.266942074205986035e-01,4.338650334647603524e-01,4.426378618417647903e-01,4.529769233242157966e-01,4.647953752322656618e-01,4.779244088344483665e-01,4.920718332259102490e-01,5.067700438579445521e-01,5.213171145063429934e-01,5.347220967703560923e-01,5.456769781621227944e-01,5.525907569273619258e-01,5.537273802035231896e-01,5.474736399333381964e-01,5.327116281413448728e-01,5.091915260534531917e-01,4.777431878417169875e-01,4.401955411835043463e-01,3.990040630094703888e-01,3.567352600670697926e-01,3.156110595954595421e-01,2.772475617107876822e-01,2.426045682223232081e-01,2.120801389092957789e-01,1.856658122572029113e-01,1.631005877784575397e-01,1.439935304743098776e-01,1.279083103174656622e-01,1.144148882912329052e-01,1.031172023802722632e-01,9.366516585078765722e-02,8.575731872288334945e-02,7.913843695956507274e-02,7.359479092547663304e-02,6.894862093967377148e-02,6.505267538786616011e-02,6.178521975218135426e-02,5.904567451747830265e-02,5.675090503364893513e-02,5.483211985351264806e-02,5.323230620339286512e-02,5.190412422266584003e-02,5.080818503063722069e-02,4.991164569607765833e-02,4.918706364357756933e-02,4.861146233218217871e-02,4.816556845649208607e-02,4.783318819009431400e-02,4.760069609732237028e-02,4.745661537740201996e-02,4.739127221292477321e-02,4.739651031801765668e-02,4.746545445668270968e-02,4.759231384745921112e-02,4.777221808785755974e-02,4.800107960395116891e-02,4.827547772476714627e-02,4.859256035219977621e-02,4.894995988817271715e-02
6.892473118279570654e-01,4.908026278512331309e-02,4.858002373083417091e-02,4.810931627374717690e-02,4.766893604249800021e-02,4.725988894815738584e-02,4.688343126315655529e-02,4.654111402139557430e-02,4.623483302193989730e-02,4.596688588624650573e-02,4.574003783514887789e-02,4.555759812514439955e-02,4.542350942368246491e-02,4.534245282265904342e-02,4.531997170246106210e-02,4.536261828298800147e-02,4.547812745271832824e-02,4.567562337372670089e-02,4.596586544269215535e-02,4.636154146727788916e-02,4.687761741145565764e-02,4.753175477881804722e-02,4.834480862423490288e-02,4.934142125612335505e-02,5.055072879062727509e-02,5.200719960811364673e-02,5.375162502201097370e-02,5.583228239235084323e-02,5.830628834940682764e-02,6.124115291520159515e-02,6.471653132146426568e-02,6.882614503340994672e-02,7.367980085015030101e-02,7.940536860300181909e-02,8.615047308217746447e-02,9.408350178044913581e-02,1.033933150882927476e-01,1.142867651737567575e-01,1.269827994183352626e-01,1.417016014547367031e-01,1.586470388040054635e-01,1.779808795959869350e-01,1.997881680136133487e-01,2.240352137525300213e-01,2.505250847959814564e-01,2.788599306813964729e-01,3.084234614506051742e-01,3.383978393437339638e-01,3.678242373730115089e-01,3.957044670535878050e-01,4.211256716480343831e-01,4.433784311852430049e-01,4.620379708451768375e-01,4.769901148711939154e-01,4.884022505571423700e-01,4.966554548615478293e-01,5.022606585201254692e-01,5.057790237996440119e-01,5.077587811095165549e-01,5.086924206327176901e-01,5.089922486586190287e-01,5.089795063385879059e-01,5.088817830152915223e-01,5.088342808379313631e-01,5.088817830152898569e-01,5.089795063385977869e-01,5.089922486586228034e-01,5.086924206327041453e-01,5.077587811095183312e-01,5.057790237996390159e-01,5.022606585201216944e-01,4.966554548615426112e-01,4.884022505571252171e-01,4.769901148711914174e-01,4.620379708451908818e-01,4.433784311852134730e-01,4.211256716480804574e-01,3.957044670536186137e-01,3.678242373729673220e-01,3.383978393437272469e-01,3.084234614506163319e-01,2.788599306814024126e-01,2.505250847959920035e-01,2.240352137525079557e-01,1.997881680136163185e-01,1.779808795959681167e-01,1.586470388039825374e-01,1.417016014547289315e-01,1.269827994183228559e-01,1.142867651737651813e-01,1.033933150882899443e-01,9.408350178043774215e-02,8.615047308217320399e-02,7.940536860300768940e-02,7.367980085014919078e-02,6.882614503340724055e-02,6.471653132146158727e-02,6.124115291520425275e-02,5.830628834940883992e-02,5.583228239235289020e-02,5.375162502200792058e-02,5.200719960811432674e-02,5.055072879062780244e-02,4.934142125612270280e-02,4.834480862423552738e-02,4.753175477881832478e-02,4.687761741145494987e-02,4.636154146727870795e-02,4.596586544269212760e-02,4.567562337372693682e-02,4.547812745271809232e-02,4.536261828298777943e-02,4.531997170246070128e-02,4.534245282265871035e-02,4.542350942368174327e-02,4.555759812514448281e-02,4.574003783514909993e-02,4.596688588624678329e-02,4.623483302194042466e-02,4.654111402139551878e-02,4.688343126315688836e-02,4.725988894815788544e-02,4.766893604249838878e-02,4.810931627374778752e-02,4.858002373083467051e-02,4.908026278512322982e-02
6.935483870967742437e-01,4.981385001156690695e-02,4.921961117434778266e-02,4.864953128845117547e-02,4.810374774542627851e-02,4.758247313910848875e-02,4.708602086891100491e-02,4.661483117455458847e-02,4.616949830368119456e-02,4.575079953075264494e-02,4.535972678083435849e-02,4.499752166618925520e-02,4.466571481844530678e-02,4.436617049580873773e-02,4.410113756528527551e-02,4.387330810594791686e-02,4.368588505280374124e-02,4.354266050344149375e-02,4.344810654219946611e-02,4.340748069868276271e-02,4.342694844621765304e-02,4.351372545502826816e-02,4.367624263191373368e-02,4.392433728237783719e-02,4.426947398819573720e-02,4.472499895066225917e-02,4.530643152748238534e-02,4.603179637196337659e-02,4.692199879751339509e-02,4.800124449911463698e-02,4.929750223576685741e-02,5.084300406730937749e-02,5.267477166162419511e-02,5.483514830702684167e-02,5.737230370110905225e-02,6.034066137659049173e-02,6.380117586202682656e-02,6.782135780272990910e-02,7.247491058496793870e-02,7.784080347396572785e-02,8.400156866609134743e-02,9.104058197727439572e-02,9.903808378733612583e-02,1.080657392370872327e-01,1.181796502162557189e-01,1.294119414114620337e-01,1.417613617610877230e-01,1.551837552251403851e-01,1.695836967344026280e-01,1.848089371900674960e-01,2.006493857197719499e-01,2.168420123972355229e-01,2.330822038501976223e-01,2.490408472366976989e-01,2.643850608509332178e-01,2.787994678544474247e-01,2.920046132047922627e-01,3.037697063099201733e-01,3.139181618363285353e-01,3.223259881596411414e-01,3.289144638433486589e-01,3.336394169934505660e-01,3.364796849534573697e-01,3.374270869335629364e-01,3.364796849535013346e-01,3.336394169934857601e-01,3.289144638433292300e-01,3.223259881596894916e-01,3.139181618363223181e-01,3.037697063099097927e-01,2.920046132047904308e-01,2.787994678544101212e-01,2.643850608509409894e-01,2.490408472367006132e-01,2.330822038502090854e-01,2.168420123972377433e-01,2.006493857197820807e-01,1.848089371900476785e-01,1.695836967343964108e-01,1.551837552251512653e-01,1.417613617610858634e-01,1.294119414114572597e-01,1.181796502162537066e-01,1.080657392370871633e-01,9.903808378734729745e-02,9.104058197727435409e-02,8.400156866608959882e-02,7.784080347395991306e-02,7.247491058496910443e-02,6.782135780273075565e-02,6.380117586202579960e-02,6.034066137659310075e-02,5.737230370110796285e-02,5.483514830702883314e-02,5.267477166162515961e-02,5.084300406730998811e-02,4.929750223576769008e-02,4.800124449911455371e-02,4.692199879751331182e-02,4.603179637196468110e-02,4.530643152748206615e-02,4.472499895066217590e-02,4.426947398819580659e-02,4.392433728237772617e-02,4.367624263191349776e-02,4.351372545502871225e-02,4.342694844621859673e-02,4.340748069868205494e-02,4.344810654220007673e-02,4.354266050344041128e-02,4.368588505280363021e-02,4.387330810594777808e-02,4.410113756528466489e-02,4.436617049580893202e-02,4.466571481844613944e-02,4.499752166618975480e-02,4.535972678083458054e-02,4.575079953075311678e-02,4.616949830368077823e-02,4.661483117455475500e-02,4.708602086891047755e-02,4.758247313910868304e-02,4.810374774542519605e-02,4.864953128845023178e-02,4.921961117434764388e-02,4.981385001156707348e-02
6.978494623655914220e-01,5.089088269879454840e-02,5.023137256024112762e-02,4.959289662588833858e-02,4.897538996818276424e-02,4.837877788275449231e-02,4.780299859864525769e-02,4.724802445197068268e-02,4.671388208158500088e-02,4.620067217133277948e-02,4.570858923948731278e-02,4.523794196188302141e-02,4.478917451068720190e-02,4.436288939514057561e-02,4.395987230373160637e-02,4.358111946817053162e-02,4.322786809760106874e-02,4.290163046531419999e-02,4.260423226827064758e-02,4.233785591941824356e-02,4.210508947054261708e-02,4.190898189424796527e-02,4.175310547044318310e-02,4.164162601533065444e-02,4.157938164597760333e-02,4.157197067213240504e-02,4.162584902441739121e-02,4.174843733130095824e-02,4.194823730392559236e-02,4.223495642315860943e-02,4.261963898005681484e-02,4.311480021707665700e-02,4.373455855813229709e-02,4.449475859626000895e-02,4.541307452345345885e-02,4.650907994862367445e-02,4.780426551176568395e-02,4.932198040619865248e-02,5.108726805710270269e-02,5.312656019517162514e-02,5.546718816292849769e-02,5.813666668949888511e-02,6.116170527524739109e-02,6.456690797672196003e-02,6.837313639308588431e-02,7.259553565297865996e-02,7.724126111020056251e-02,8.230699445303669981e-02,8.777639916262801323e-02,9.361772966037040788e-02,9.978186431886827690e-02,1.062010642938994304e-01,1.127887516234791915e-01,1.194405391786646786e-01,1.260366297941308278e-01,1.324455446512736168e-01,1.385289689353871034e-01,1.441473525292815416e-01,1.491658104467232515e-01,1.534598539522901151e-01,1.569205490285127402e-01,1.594588213483361661e-01,1.610087682352099037e-01,1.615299581540795837e-01,1.610087682352158434e-01,1.594588213483290051e-01,1.569205490285110471e-01,1.534598539523059912e-01,1.491658104467320778e-01,1.441473525292686630e-01,1.385289689353796094e-01,1.324455446512787238e-01,1.260366297941243330e-01,1.194405391786517584e-01,1.127887516234827581e-01,1.062010642938873567e-01,9.978186431885899266e-02,9.361772966037947008e-02,8.777639916263271780e-02,8.230699445303658879e-02,7.724126111019707919e-02,7.259553565297587052e-02,6.837313639308009727e-02,6.456690797672387516e-02,6.116170527524716904e-02,5.813666668949351440e-02,5.546718816292757481e-02,5.312656019516946021e-02,5.108726805710418761e-02,4.932198040619646673e-02,4.780426551176258920e-02,4.650907994862348016e-02,4.541307452345293150e-02,4.449475859626238206e-02,4.373455855813219995e-02,4.311480021707704557e-02,4.261963898005603768e-02,4.223495642315981680e-02,4.194823730392639727e-02,4.174843733130136070e-02,4.162584902441662793e-02,4.157197067213323771e-02,4.157938164597710373e-02,4.164162601533065444e-02,4.175310547044339127e-02,4.190898189424854814e-02,4.210508947054128481e-02,4.233785591941865989e-02,4.260423226827014798e-02,4.290163046531389468e-02,4.322786809760198468e-02,4.358111946817086468e-02,4.395987230373119004e-02,4.436288939514104745e-02,4.478917451068673006e-02,4.523794196188288264e-02,4.570858923948678543e-02,4.620067217133391746e-02,4.671388208158441802e-02,4.724802445196998879e-02,4.780299859864489687e-02,4.837877788275349311e-02,4.897538996818154300e-02,4.959289662588814429e-02,5.023137256024051700e-02,5.089088269879479820e-02
7.021505376344086002e-01,5.232457142264854144e-02,5.161648631428897294e-02,5.092704294441427471e-02,5.025624644790688267e-02,4.960402224998552989e-02,4.897024128586760505e-02,4.835474237169612444e-02,4.775735227954858164e-02,4.717790401777818832e-02,4.661625377264322356e-02,4.607229692831651957e-02,4.554598354985883724e-02,4.503733368706097639e-02,4.454645283579961035e-02,4.407354787673628538e-02,4.361894379790720588e-02,4.318310149697809908e-02,4.276663694887744560e-02,4.237034201366893238e-02,4.199520714545440514e-02,4.164244624286292384e-02,4.131352385164729912e-02,4.101018488543320406e-02,4.073448696562825821e-02,4.048883538879621824e-02,4.027602059976771731e-02,4.009925787072887715e-02,3.996222864647702711e-02,3.986912269869964665e-02,3.982467981946496982e-02,3.983422925712698515e-02,3.990372443718639972e-02,4.003976969942329989e-02,4.024963480961540885e-02,4.054125186975593431e-02,4.092318797423682986e-02,4.140458558985417314e-02,4.199506126613496149e-02,4.270455205765168183e-02,4.354309818286621753e-02,4.452055025944037792e-02,4.564619033662744435e-02,4.692825835842304172e-02,4.837338013812670506e-02,4.998589986654424638e-02,5.176712991186362828e-02,5.371454317706022413e-02,5.582094803141697537e-02,5.807370161987503859e-02,6.045403220480401185e-02,6.293655243542228828e-02,6.548904999269422600e-02,6.807263698891513615e-02,7.064232276996595949e-02,7.314804600267432733e-02,7.553616298431681253e-02,7.775134414670677174e-02,7.973878564353910348e-02,8.144660421281739449e-02,8.282825688427415678e-02,8.384481619458063195e-02,8.446693734366424178e-02,8.467637463137457632e-02,8.446693734366084172e-02,8.384481619457737067e-02,8.282825688427425392e-02,8.144660421282218232e-02,7.973878564353269194e-02,7.775134414670223371e-02,7.553616298431624354e-02,7.314804600267198198e-02,7.064232276996805504e-02,6.807263698890800296e-02,6.548904999269911098e-02,6.293655243542606303e-02,6.045403220480705109e-02,5.807370161987704393e-02,5.582094803141395001e-02,5.371454317705590814e-02,5.176712991186294827e-02,4.998589986654549538e-02,4.837338013812562260e-02,4.692825835842348581e-02,4.564619033662793007e-02,4.452055025944025302e-02,4.354309818286614814e-02,4.270455205765071038e-02,4.199506126613408719e-02,4.140458558985450621e-02,4.092318797423476207e-02,4.054125186975600370e-02,4.024963480961525619e-02,4.003976969942445174e-02,3.990372443718703810e-02,3.983422925712637452e-02,3.982467981946495594e-02,3.986912269869981318e-02,3.996222864647766548e-02,4.009925787072875225e-02,4.027602059976696791e-02,4.048883538879463617e-02,4.073448696562831373e-02,4.101018488543176077e-02,4.131352385164829832e-02,4.164244624286284058e-02,4.199520714545504352e-02,4.237034201366907116e-02,4.276663694887844480e-02,4.318310149697843214e-02,4.361894379790562382e-02,4.407354787673556373e-02,4.454645283579969361e-02,4.503733368705922779e-02,4.554598354985964215e-02,4.607229692831737999e-02,4.661625377264308479e-02,4.717790401777913201e-02,4.775735227954808204e-02,4.835474237169584688e-02,4.897024128586788261e-02,4.960402224998422538e-02,5.025624644790568918e-02,5.092704294441496859e-02,5.161648631428911171e-02,5.232457142264806960e-02
7.064516129032258895e-01,5.405381622274726960e-02,5.331002986120769727e-02,5.258235348772030693e-02,5.187106549342940243e-02,5.117629465882275741e-02,5.049805079073696468e-02,4.983625147714321191e-02,4.919074553195504351e-02,4.856133365209253094e-02,4.794778676018371377e-02,4.734986246045597147e-02,4.676731999322100708e-02,4.619993403535119225e-02,4.564750766017805494e-02,4.510988473995242165e-02,4.458696204699139076e-02,4.407870128482294092e-02,4.358514125744888945e-02,4.310641036184106878e-02,4.264273956468814242e-02,4.219447599764114543e-02,4.176209727373930702e-02,4.134622658918046811e-02,4.094764862614344580e-02,4.056732621084269130e-02,4.020641760252538499e-02,3.986629418926421198e-02,3.954855824040354184e-02,3.925506020801325380e-02,3.898791487546868217e-02,3.874951541525056831e-02,3.854254413647979771e-02,3.836997837377401077e-02,3.823508959498463089e-02,3.814143339378606168e-02,3.809282760031373893e-02,3.809331531675998195e-02,3.814710930748872741e-02,3.825851390628730309e-02,3.843182052908508672e-02,3.867117310333458013e-02,3.898040037002274694e-02,3.936281321736725958e-02,3.982096710090750336e-02,4.035639230043255171e-02,4.096929830706511760e-02,4.165826296951818941e-02,4.241992195483444694e-02,4.324867920902260993e-02,4.413646384454076449e-02,4.507256245543261181e-02,4.604355736721367498e-02,4.703339987409059508e-02,4.802364238911169259e-02,4.899384430511388722e-02,4.992215347229204958e-02,5.078604944867422255e-02,5.156321763360427468e-02,5.223250710121084273e-02,5.277491165296713943e-02,5.317450536851592302e-02,5.341926226534982058e-02,5.350169526848644330e-02,5.341926226534635808e-02,5.317450536851370257e-02,5.277491165296207404e-02,5.223250710120747042e-02,5.156321763360237342e-02,5.078604944867351478e-02,4.992215347229220224e-02,4.899384430511515703e-02,4.802364238911138034e-02,4.703339987409035222e-02,4.604355736721949671e-02,4.507256245543368733e-02,4.413646384453790567e-02,4.324867920901873108e-02,4.241992195483598044e-02,4.165826296951660040e-02,4.096929830706449310e-02,4.035639230043323866e-02,3.982096710090907155e-02,3.936281321736612160e-02,3.898040037002270530e-02,3.867117310333388625e-02,3.843182052908586388e-02,3.825851390628667859e-02,3.814710930748763107e-02,3.809331531676106442e-02,3.809282760031233728e-02,3.814143339378524289e-02,3.823508959498536641e-02,3.836997837377362219e-02,3.854254413647886790e-02,3.874951541525047116e-02,3.898791487546884871e-02,3.925506020801325380e-02,3.954855824040243162e-02,3.986629418926368462e-02,4.020641760252546826e-02,4.056732621084357948e-02,4.094764862614336254e-02,4.134622658918091220e-02,4.176209727373958458e-02,4.219447599764106216e-02,4.264273956468886406e-02,4.310641036184012509e-02,4.358514125744811230e-02,4.407870128482185845e-02,4.458696204699141852e-02,4.510988473995272696e-02,4.564750766017772188e-02,4.619993403535163634e-02,4.676731999322022992e-02,4.734986246045622127e-02,4.794778676018365826e-02,4.856133365209208685e-02,4.919074553195473820e-02,4.983625147714249026e-02,5.049805079073643732e-02,5.117629465882161943e-02,5.187106549342987427e-02,5.258235348772122286e-02,5.331002986120722542e-02,5.405381622274804676e-02
7.107526881720430678e-01,5.585148545886675642e-02,5.508710284727552642e-02,5.433554770847201509e-02,5.359754823302148585e-02,5.287360765108808924e-02,5.216404169523325418e-02,5.146901140098264493e-02,5.078855179800145780e-02,5.012259701547858159e-02,4.947100228924747323e-02,4.883356331881857915e-02,4.821003338266996452e-02,4.760013858124975683e-02,4.700359154025102182e-02,4.642010387234749014e-02,4.584939766362605695e-02,4.529121622156437321e-02,4.474533429367824611e-02,4.421156793980990374e-02,4.368978421522617950e-02,4.317991079558805567e-02,4.268194564718233441e-02,4.219596681534090732e-02,4.172214236924576269e-02,4.126074050067907173e-02,4.081213972588537686e-02,4.037683908157793655e-02,3.995546813620062809e-02,3.954879655376625225e-02,3.915774284802403526e-02,3.878338184799109967e-02,3.842695026137418757e-02,3.808984957079764033e-02,3.777364533186003404e-02,3.748006176736058681e-02,3.721097037812634567e-02,3.696837113206753733e-02,3.675436467007019148e-02,3.657111390767871228e-02,3.642079345027129933e-02,3.630552541905057717e-02,3.622730065290730161e-02,3.618788485620266782e-02,3.618871014843161316e-02,3.623075366817760101e-02,3.631440639340832721e-02,3.643933712448137185e-02,3.660435854172257308e-02,3.680730423460620848e-02,3.704492737295264626e-02,3.731283295655171695e-02,3.760545600535987465e-02,3.791609730977494458e-02,3.823702618740763143e-02,3.855965596317455918e-02,3.887479267876239181e-02,3.917295116902032998e-02,3.944472569363883380e-02,3.968119557134608399e-02,3.987434063445061821e-02,4.001743768569310938e-02,4.010540820182073585e-02,4.013508967650121495e-02,4.010540820181918154e-02,4.001743768569289428e-02,3.987434063445035454e-02,3.968119557134563297e-02,3.944472569363902809e-02,3.917295116901928914e-02,3.887479267876214201e-02,3.855965596317458000e-02,3.823702618740904696e-02,3.791609730977221759e-02,3.760545600535982608e-02,3.731283295655137694e-02,3.704492737295296545e-02,3.680730423460563949e-02,3.660435854172117143e-02,3.643933712447977591e-02,3.631440639340710597e-02,3.623075366817785081e-02,3.618871014843084988e-02,3.618788485620400008e-02,3.622730065290663548e-02,3.630552541905024411e-02,3.642079345027182669e-02,3.657111390767936454e-02,3.675436467007052455e-02,3.696837113206753733e-02,3.721097037812656771e-02,3.748006176735992068e-02,3.777364533185900708e-02,3.808984957079830647e-02,3.842695026137377123e-02,3.878338184799043353e-02,3.915774284802334138e-02,3.954879655376597469e-02,3.995546813620071136e-02,4.037683908157860269e-02,4.081213972588682015e-02,4.126074050067921051e-02,4.172214236924565167e-02,4.219596681534124039e-02,4.268194564718172379e-02,4.317991079558800016e-02,4.368978421522667910e-02,4.421156793981040334e-02,4.474533429367874571e-02,4.529121622156379035e-02,4.584939766362547409e-02,4.642010387234640767e-02,4.700359154025146591e-02,4.760013858124928499e-02,4.821003338267049187e-02,4.883356331881838486e-02,4.947100228924766752e-02,5.012259701547844282e-02,5.078855179800112474e-02,5.146901140098320004e-02,5.216404169523278234e-02,5.287360765108850558e-02,5.359754823302245730e-02,5.433554770847223714e-02,5.508710284727624806e-02,5.585148545886609028e-02
7.150537634408602461e-01,5.770750268923802162e-02,5.693766578356806995e-02,5.617624616544364402e-02,5.542458300877117772e-02,5.468370879760225955e-02,5.395439380579364341e-02,5.323718550843614672e-02,5.253244337017812238e-02,5.184036947064660228e-02,5.116103542301042584e-02,5.049440602484167595e-02,4.984036005565142813e-02,4.919870860617375774e-02,4.856921129319397012e-02,4.795159068215054665e-02,4.734554520871778194e-02,4.675076086097426642e-02,4.616692185554621686e-02,4.559372051432836193e-02,4.503086652282206614e-02,4.447809572614913609e-02,4.393517859406867454e-02,4.340192846086840528e-02,4.287820961914681761e-02,4.236394531726675461e-02,4.185912567758920400e-02,4.136381551543866220e-02,4.087816199602656297e-02,4.040240201716968627e-02,3.993686914877922489e-02,3.948199989508269225e-02,3.903833897230332695e-02,3.860654321378012566e-02,3.818738362782281293e-02,3.778174504431650038e-02,3.739062269922510673e-02,3.701511502928858666e-02,3.665641189252250021e-02,3.631577740731331549e-02,3.599452663039169609e-02,3.569399539121824450e-02,3.541550278856800404e-02,3.516030615503494550e-02,3.492954872458610416e-02,3.472420080721440316e-02,3.454499598056609555e-02,3.439236462984959775e-02,3.426636805872891600e-02,3.416663728090001129e-02,3.409232138111047139e-02,3.404205087620033876e-02,3.401392166814634632e-02,3.400550482267857000e-02,3.401388641922598044e-02,3.403574004892497007e-02,3.406743222213491629e-02,3.410515812523284840e-02,3.414510208810248026e-02,3.418361413157941509e-02,3.421739145407522859e-02,3.424365208077173595e-02,3.426028745549652976e-02,3.426598168605976547e-02,3.426028745549592608e-02,3.424365208077315148e-02,3.421739145407389632e-02,3.418361413157941509e-02,3.414510208810167535e-02,3.410515812523237655e-02,3.406743222213351463e-02,3.403574004892413740e-02,3.401388641922593881e-02,3.400550482267832020e-02,3.401392166814608264e-02,3.404205087620115755e-02,3.409232138110998567e-02,3.416663728090021945e-02,3.426636805872997071e-02,3.439236462984980591e-02,3.454499598056537391e-02,3.472420080721431990e-02,3.492954872458611804e-02,3.516030615503470957e-02,3.541550278856722689e-02,3.569399539121836940e-02,3.599452663039087730e-02,3.631577740731359305e-02,3.665641189252255572e-02,3.701511502928891972e-02,3.739062269922482917e-02,3.778174504431544567e-02,3.818738362782264639e-02,3.860654321377912646e-02,3.903833897230316041e-02,3.948199989508224816e-02,3.993686914877889182e-02,4.040240201716827073e-02,4.087816199602728462e-02,4.136381551543905077e-02,4.185912567758870440e-02,4.236394531726650481e-02,4.287820961914676210e-02,4.340192846086826650e-02,4.393517859406875781e-02,4.447809572614827567e-02,4.503086652282187186e-02,4.559372051432894479e-02,4.616692185554566175e-02,4.675076086097396111e-02,4.734554520871775418e-02,4.795159068215110176e-02,4.856921129319358155e-02,4.919870860617361896e-02,4.984036005565153915e-02,5.049440602484031593e-02,5.116103542300987073e-02,5.184036947064674106e-02,5.253244337017859422e-02,5.323718550843706265e-02,5.395439380579375444e-02,5.468370879760248160e-02,5.542458300877051158e-02,5.617624616544369953e-02,5.693766578356890262e-02,5.770750268923791060e-02
7.193548387096774244e-01,5.949328054462710291e-02,5.873652442717547384e-02,5.798234423104897672e-02,5.723283289725922263e-02,5.648969239193479819e-02,5.575428386005770731e-02,5.502767290706350733e-02,5.431067021295971076e-02,5.360386776907466455e-02,5.290767107806743086e-02,5.222232768258688873e-02,5.154795239423179409e-02,5.088454958807026030e-02,5.023203291291225558e-02,4.959024274733478399e-02,4.895896170824490246e-02,4.833792849410031844e-02,4.772685032010712258e-02,4.712541417814583578e-02,4.653329713028245274e-02,4.595017582159569014e-02,4.537573537545350200e-02,4.480967781201261602e-02,4.425173010821054076e-02,4.370165199428255320e-02,4.315924355721623140e-02,4.262435269490258416e-02,4.209688243539075336e-02,4.157679810277045696e-02,4.106413427437488606e-02,4.055900143256399581e-02,4.006159216826429836e-02,3.957218674288742744e-02,3.909115776094423955e-02,3.861897364936550670e-02,3.815620058367527601e-02,3.770350244974404741e-02,3.726163838821153207e-02,3.683145744372851027e-02,3.641388984173654642e-02,3.600993445142136595e-02,3.562064207580892261e-02,3.524709434948578024e-02,3.489037823022694829e-02,3.455155634838592837e-02,3.423163382651425724e-02,3.393152259128312531e-02,3.365200464878910502e-02,3.339369624722630936e-02,3.315701525803801952e-02,3.294215440617774548e-02,3.274906310324784964e-02,3.257744051662789242e-02,3.242674208964432814e-02,3.229620098528689087e-02,3.218486487241302429e-02,3.209164717120790988e-02,3.201539043881393432e-02,3.195493816550679100e-02,3.190921005285358991e-02,3.187727504342184603e-02,3.185841612002124346e-02,3.185218128004844995e-02,3.185841612002150713e-02,3.187727504342229012e-02,3.190921005285347889e-02,3.195493816550691590e-02,3.201539043881507229e-02,3.209164717120890908e-02,3.218486487241267735e-02,3.229620098528711292e-02,3.242674208964471672e-02,3.257744051662968265e-02,3.274906310324769698e-02,3.294215440617655200e-02,3.315701525803672889e-02,3.339369624722679508e-02,3.365200464878953523e-02,3.393152259128234816e-02,3.423163382651356335e-02,3.455155634838689982e-02,3.489037823022711482e-02,3.524709434948625209e-02,3.562064207580956099e-02,3.600993445142214311e-02,3.641388984173610233e-02,3.683145744372839925e-02,3.726163838821172636e-02,3.770350244974435272e-02,3.815620058367538703e-02,3.861897364936575650e-02,3.909115776094385097e-02,3.957218674288753846e-02,4.006159216826438163e-02,4.055900143256285784e-02,4.106413427437433095e-02,4.157679810276959653e-02,4.209688243539133623e-02,4.262435269490347234e-02,4.315924355721559302e-02,4.370165199428208136e-02,4.425173010821054076e-02,4.480967781201261602e-02,4.537573537545414037e-02,4.595017582159602321e-02,4.653329713028250825e-02,4.712541417814755662e-02,4.772685032010762218e-02,4.833792849409909720e-02,4.895896170824551308e-02,4.959024274733442317e-02,5.023203291291175598e-02,5.088454958807228645e-02,5.154795239423265452e-02,5.222232768258716629e-02,5.290767107806809699e-02,5.360386776907460904e-02,5.431067021296048791e-02,5.502767290706439551e-02,5.575428386005687464e-02,5.648969239193457614e-02,5.723283289725900058e-02,5.798234423104953184e-02,5.873652442717575139e-02,5.949328054462843518e-02
7.236559139784946026e-01,6.064035479801793693e-02,5.992456779079796680e-02,5.920398686012734446e-02,5.848154446670711382e-02,5.775970677093505978e-02,5.704052590642860743e-02,5.632568845714575057e-02,5.561655994560621430e-02,5.491422531631601212e-02,5.421952552425568506e-02,5.353309042401194207e-02,5.285536820993991247e-02,5.218665168924130349e-02,5.152710168417895531e-02,5.087676786169881282e-02,5.023560728211839965e-02,4.960350094633969587e-02,4.898026860520240944e-02,4.836568207663718977e-02,4.775947729735754987e-02,4.716136531651346497e-02,4.657104241933052169e-02,4.598819954958299761e-02,4.541253118049976001e-02,4.484374376432526121e-02,4.428156387087883727e-02,4.372574610451404609e-02,4.317608086667834577e-02,4.263240200684145775e-02,4.209459437789536684e-02,4.156260128223718264e-02,4.103643176176435814e-02,4.051616764839047202e-02,4.000197025189194955e-02,3.949408651935995551e-02,3.899285445651201609e-02,3.849870755747583639e-02,3.801217794927885807e-02,3.753389792376757295e-02,3.706459950811200055e-02,3.660511172089403464e-02,3.615635518084905908e-02,3.571933378602246134e-02,3.529512326892825236e-02,3.488485656262130252e-02,3.448970608512022529e-02,3.411086326251946965e-02,3.374951585536395404e-02,3.340682391233865123e-02,3.308389542620264467e-02,3.278176297803449268e-02,3.250136279210687207e-02,3.224351764848118473e-02,3.200892498316254553e-02,3.179815122742615796e-02,3.161163299919765579e-02,3.144968518440661998e-02,3.131251528587794541e-02,3.120024274557933741e-02,3.111292135175149076e-02,3.105056241703496589e-02,3.101315623389623577e-02,3.100068942694218788e-02,3.101315623389702680e-02,3.105056241703631204e-02,3.111292135175058871e-02,3.120024274557969823e-02,3.131251528587744581e-02,3.144968518440609262e-02,3.161163299919812764e-02,3.179815122742547795e-02,3.200892498316307289e-02,3.224351764848135127e-02,3.250136279210610879e-02,3.278176297803453432e-02,3.308389542620351897e-02,3.340682391233881776e-02,3.374951585536278831e-02,3.411086326251952516e-02,3.448970608511969793e-02,3.488485656262069190e-02,3.529512326892791929e-02,3.571933378602187847e-02,3.615635518084928113e-02,3.660511172089481180e-02,3.706459950811219484e-02,3.753389792376859990e-02,3.801217794927921889e-02,3.849870755747694662e-02,3.899285445651151649e-02,3.949408651936037185e-02,4.000197025189194955e-02,4.051616764838988916e-02,4.103643176176469121e-02,4.156260128223748795e-02,4.209459437789561664e-02,4.263240200684181858e-02,4.317608086667837353e-02,4.372574610451490651e-02,4.428156387087825441e-02,4.484374376432584408e-02,4.541253118049828896e-02,4.598819954958222045e-02,4.657104241933127109e-02,4.716136531651357600e-02,4.775947729735771641e-02,4.836568207663832775e-02,4.898026860520285353e-02,4.960350094634033424e-02,5.023560728211817761e-02,5.087676786169958998e-02,5.152710168417917735e-02,5.218665168924113695e-02,5.285536820994068963e-02,5.353309042401210860e-02,5.421952552425524097e-02,5.491422531631601212e-02,5.561655994560660288e-02,5.632568845714563954e-02,5.704052590642944010e-02,5.775970677093539285e-02,5.848154446670666973e-02,5.920398686012684486e-02,5.992456779079785578e-02,6.064035479801815898e-02
7.279569892473118919e-01,6.143299516747502409e-02,6.078159327382498534e-02,6.011667035758855304e-02,5.944203035029482773e-02,5.876095321730767651e-02,5.807624436856867467e-02,5.739028233565685033e-02,5.670506398962532613e-02,5.602224684753259742e-02,5.534318822734657362e-02,5.466898117073182295e-02,5.400048717070676796e-02,5.333836582434281492e-02,5.268310158716188463e-02,5.203502784166014195e-02,5.139434851250024305e-02,5.076115746956016972e-02,5.013545596035084984e-02,4.951716830777708189e-02,4.890615609985449197e-02,4.830223108595649295e-02,4.770516698064633521e-02,4.711471036163722426e-02,4.653059083326446799e-02,4.595253061135778916e-02,4.538025366924725024e-02,4.481349456791483554e-02,4.425200707548626600e-02,4.369557266209339597e-02,4.314400893505385137e-02,4.259717805593690731e-02,4.205499515485119910e-02,4.151743672784710681e-02,4.098454897050177181e-02,4.045645596431102220e-02,3.993336759306975736e-02,3.941558702448955120e-02,3.890351754929305406e-02,3.839766852807480202e-02,3.789866015792467402e-02,3.740722673997445846e-02,3.692421810989354736e-02,3.645059889094109939e-02,3.598744524850228110e-02,3.553593887105721549e-02,3.509735797864227402e-02,3.467306526798477617e-02,3.426449284178606502e-02,3.387312433294034641e-02,3.350047461232347201e-02,3.314806764653285831e-02,3.281741323051037829e-02,3.250998343844224703e-02,3.222718969398594147e-02,3.197036134165806565e-02,3.174072649676029645e-02,3.153939576485001450e-02,3.136734917003897172e-02,3.122542634380232052e-02,3.111431974164796666e-02,3.103457041682033957e-02,3.098656572690001998e-02,3.097053830764087690e-02,3.098656572689915956e-02,3.103457041682111672e-02,3.111431974164789727e-02,3.122542634380119642e-02,3.136734917003967948e-02,3.153939576485023655e-02,3.174072649675899194e-02,3.197036134165812116e-02,3.222718969398616351e-02,3.250998343844263561e-02,3.281741323050935133e-02,3.314806764653277504e-02,3.350047461232338875e-02,3.387312433294029090e-02,3.426449284178598176e-02,3.467306526798441535e-02,3.509735797864313445e-02,3.553593887105743754e-02,3.598744524850222559e-02,3.645059889094007244e-02,3.692421810989332531e-02,3.740722673997387560e-02,3.789866015792461851e-02,3.839766852807530162e-02,3.890351754929310957e-02,3.941558702448838547e-02,3.993336759306878592e-02,4.045645596431113322e-02,4.098454897050168855e-02,4.151743672784558026e-02,4.205499515485022766e-02,4.259717805593787876e-02,4.314400893505390688e-02,4.369557266209292412e-02,4.425200707548659906e-02,4.481349456791405839e-02,4.538025366924741677e-02,4.595253061135801120e-02,4.653059083326435696e-02,4.711471036163672466e-02,4.770516698064675154e-02,4.830223108595604886e-02,4.890615609985504708e-02,4.951716830777791456e-02,5.013545596035079432e-02,5.076115746955989216e-02,5.139434851250018754e-02,5.203502784165980888e-02,5.268310158716116298e-02,5.333836582434253737e-02,5.400048717070726756e-02,5.466898117073171193e-02,5.534318822734579646e-02,5.602224684753470685e-02,5.670506398962465999e-02,5.739028233565673931e-02,5.807624436856873018e-02,5.876095321730745447e-02,5.944203035029549387e-02,6.011667035758866406e-02,6.078159327382443022e-02,6.143299516747469102e-02
7.322580645161290702e-01,6.202834413119351353e-02,6.146239746383302949e-02,6.087309284471148496e-02,6.026507449050572118e-02,5.964243233457611204e-02,5.900874250209747762e-02,5.836710905662489957e-02,5.772020568973185162e-02,5.707031637683573910e-02,5.641937431258109426e-02,5.576899867352275164e-02,5.512052894099650491e-02,5.447505666002117053e-02,5.383345461796512632e-02,5.319640350587406807e-02,5.256441618144325201e-02,5.193785969080361165e-02,5.131697523036016229e-02,5.070189624357357427e-02,5.009266485329305629e-02,4.948924683036581840e-02,4.889154529517847347e-02,4.829941334198112335e-02,4.771266576696331363e-02,4.713109007071197842e-02,4.655445689424875244e-02,4.598253003530972105e-02,4.541507617783197004e-02,4.485187445256708094e-02,4.429272592988253709e-02,4.373746312678733483e-02,4.318595958839488436e-02,4.263813957890744133e-02,4.209398788832419136e-02,4.155355972780350182e-02,4.101699064890029778e-02,4.048450637967576649e-02,3.995643242429516850e-02,3.943320322325902239e-02,3.891537062029878924e-02,3.840361133170819286e-02,3.789873306751537219e-02,3.740167891561746449e-02,3.691352957442989302e-02,3.643550301202599928e-02,3.596895114555848094e-02,3.551535317836146399e-02,3.507630530747396502e-02,3.465350662203767196e-02,3.424874115187062640e-02,3.386385618983689394e-02,3.350073719240442838e-02,3.316127974714000448e-02,3.284735926896195646e-02,3.256079923266336218e-02,3.230333885343511513e-02,3.207660117935429156e-02,3.188206255587777704e-02,3.172102436473436815e-02,3.159458783793656078e-02,3.150363261651131785e-02,3.144879957960056149e-02,3.143047832821885268e-02,3.144879957959978434e-02,3.150363261651017988e-02,3.159458783793614445e-02,3.172102436473417386e-02,3.188206255587816562e-02,3.207660117935354216e-02,3.230333885343447675e-02,3.256079923266363974e-02,3.284735926896142910e-02,3.316127974714022653e-02,3.350073719240437287e-02,3.386385618983658863e-02,3.424874115186954393e-02,3.465350662203880994e-02,3.507630530747379849e-02,3.551535317836107541e-02,3.596895114555717643e-02,3.643550301202749808e-02,3.691352957442839422e-02,3.740167891561749225e-02,3.789873306751451176e-02,3.840361133170847041e-02,3.891537062029903904e-02,3.943320322325932770e-02,3.995643242429428033e-02,4.048450637967515586e-02,4.101699064890054758e-02,4.155355972780400142e-02,4.209398788832427463e-02,4.263813957890655315e-02,4.318595958839510640e-02,4.373746312678877812e-02,4.429272592988323098e-02,4.485187445256769156e-02,4.541507617783241413e-02,4.598253003530899941e-02,4.655445689424875244e-02,4.713109007071286660e-02,4.771266576696442385e-02,4.829941334198134539e-02,4.889154529517886205e-02,4.948924683036609595e-02,5.009266485329294527e-02,5.070189624357329672e-02,5.131697523036082842e-02,5.193785969080422227e-02,5.256441618144408467e-02,5.319640350587412359e-02,5.383345461796612552e-02,5.447505666002167013e-02,5.512052894099805922e-02,5.576899867352197449e-02,5.641937431258059465e-02,5.707031637683657177e-02,5.772020568973212917e-02,5.836710905662484405e-02,5.900874250209664496e-02,5.964243233457561244e-02,6.026507449050610976e-02,6.087309284471148496e-02,6.146239746383375113e-02,6.202834413119240331e-02
7.365591397849462485e-01,6.238239487765129265e-02,6.192287553041464498e-02,6.142944187169963044e-02,6.090746533138713392e-02,6.036177043666496322e-02,5.979665980009890580e-02,5.921594406352337359e-02,5.862297491194812249e-02,5.802067965194707133e-02,5.741159618522245767e-02,5.679790749723173660e-02,5.618147502356224399e-02,5.556387045609861852e-02,5.494640571153863728e-02,5.433016091147746529e-02,5.371601032112299778e-02,5.310464626773558905e-02,5.249660111453585687e-02,5.189226740473878996e-02,5.129191631723761802e-02,5.069571459273281011e-02,5.010374009915818938e-02,4.951599620990082551e-02,4.893242516886531224e-02,4.835292061389717677e-02,4.777733942519418742e-02,4.720551305851816704e-02,4.663725851441363757e-02,4.607238908416583234e-02,4.551072500087838257e-02,4.495210410906114173e-02,4.439639264839109756e-02,4.384349622576041994e-02,4.329337102404468007e-02,4.274603526514123009e-02,4.220158090825856800e-02,4.166018552157066401e-02,4.112212421590460965e-02,4.058778147322930629e-02,4.005766264112181618e-02,3.953240479841993449e-02,3.901278662954002496e-02,3.849973687858529448e-02,3.799434089433206818e-02,3.749784472888975650e-02,3.701165622314253612e-02,3.653734250811066508e-02,3.607662338031983329e-02,3.563136007754352796e-02,3.520353909324908104e-02,3.479525082543902248e-02,3.440866305607639952e-02,3.404598949397277807e-02,3.370945387546470107e-02,3.340125038729177542e-02,3.312350143570522154e-02,3.287821401431104129e-02,3.266723610051699977e-02,3.249221461996518179e-02,3.235455654796831615e-02,3.225539466124643928e-02,3.219555931315584707e-02,3.217555738859095849e-02,3.219555931315581931e-02,3.225539466124696664e-02,3.235455654796787206e-02,3.249221461996398830e-02,3.266723610051719406e-02,3.287821401431048618e-02,3.312350143570508276e-02,3.340125038729072071e-02,3.370945387546525618e-02,3.404598949397269481e-02,3.440866305607712117e-02,3.479525082543880043e-02,3.520353909324877573e-02,3.563136007754369450e-02,3.607662338031938920e-02,3.653734250811030426e-02,3.701165622314331327e-02,3.749784472888850750e-02,3.799434089433190165e-02,3.849973687858598836e-02,3.901278662954052456e-02,3.953240479841918509e-02,4.005766264112070596e-02,4.058778147322969487e-02,4.112212421590388800e-02,4.166018552157030319e-02,4.220158090825881780e-02,4.274603526514222929e-02,4.329337102404412496e-02,4.384349622575961503e-02,4.439639264839206900e-02,4.495210410906153031e-02,4.551072500087827155e-02,4.607238908416716461e-02,4.663725851441369308e-02,4.720551305851827806e-02,4.777733942519402088e-02,4.835292061389762086e-02,4.893242516886564530e-02,4.951599620990126960e-02,5.010374009915807836e-02,5.069571459273369829e-02,5.129191631723772904e-02,5.189226740473962263e-02,5.249660111453680056e-02,5.310464626773669927e-02,5.371601032112272023e-02,5.433016091147813142e-02,5.494640571153736053e-02,5.556387045609817443e-02,5.618147502356407585e-02,5.679790749723218068e-02,5.741159618522218011e-02,5.802067965194707133e-02,5.862297491194801147e-02,5.921594406352298501e-02,5.979665980009901682e-02,6.036177043666535180e-02,6.090746533138763352e-02,6.142944187169835368e-02,6.192287553041414538e-02,6.238239487765212532e-02
7.408602150537635378e-01,6.235869155949935738e-02,6.202577305602391400e-02,6.164829862492327006e-02,6.123215681044608116e-02,6.078274225399554753e-02,6.030495939980556885e-02,5.980323497424783197e-02,5.928153699267280086e-02,5.874339838065756325e-02,5.819194362034080248e-02,5.762991713374521208e-02,5.705971238539664370e-02,5.648340092270204282e-02,5.590276077393752097e-02,5.531930379194383018e-02,5.473430166946435804e-02,5.414881046313801960e-02,5.356369355095597085e-02,5.297964301633789619e-02,5.239719950406629412e-02,5.181677063230616387e-02,5.123864807328654125e-02,5.066302343529927033e-02,5.009000309217337410e-02,4.951962211477672904e-02,4.895185746346830680e-02,4.838664060158143210e-02,4.782386968835666829e-02,4.726342150554052601e-02,4.670516326510842919e-02,4.614896443581872898e-02,4.559470871339288411e-02,4.504230624193172883e-02,4.449170617228015434e-02,4.394290961517421934e-02,4.339598301226066379e-02,4.285107190532094767e-02,4.230841503246327018e-02,4.176835861899419466e-02,4.123137066009027740e-02,4.069805491279601672e-02,4.016916422795124841e-02,3.964561276134637158e-02,3.912848651184872018e-02,3.861905154898734316e-02,3.811875922093008184e-02,3.762924758571492556e-02,3.715233829446298874e-02,3.669002818607663974e-02,3.624447493890317618e-02,3.581797627400537531e-02,3.541294242127371317e-02,3.503186184219866939e-02,3.467726054363345911e-02,3.435165569932607799e-02,3.405750469675652981e-02,3.379715111605749445e-02,3.357276949131804411e-02,3.338631096759220318e-02,3.323945211786871745e-02,3.313354919893152228e-02,3.306959998987005211e-02,3.304821507219335430e-02,3.306959998987030191e-02,3.313354919893099493e-02,3.323945211786860643e-02,3.338631096759175909e-02,3.357276949131943189e-02,3.379715111605754996e-02,3.405750469675594694e-02,3.435165569932577267e-02,3.467726054363304278e-02,3.503186184219828081e-02,3.541294242127454583e-02,3.581797627400462591e-02,3.624447493890223249e-02,3.669002818607802752e-02,3.715233829446282221e-02,3.762924758571403738e-02,3.811875922092938795e-02,3.861905154898859216e-02,3.912848651184844262e-02,3.964561276134681567e-02,4.016916422795085984e-02,4.069805491279523957e-02,4.123137066009138763e-02,4.176835861899397262e-02,4.230841503246321467e-02,4.285107190532122523e-02,4.339598301226027521e-02,4.394290961517466343e-02,4.449170617228120905e-02,4.504230624193289456e-02,4.559470871339188491e-02,4.614896443581806285e-02,4.670516326510820715e-02,4.726342150554163624e-02,4.782386968835639074e-02,4.838664060158132108e-02,4.895185746346925049e-02,4.951962211477778375e-02,5.009000309217381819e-02,5.066302343529921481e-02,5.123864807328587512e-02,5.181677063230599734e-02,5.239719950406596105e-02,5.297964301633772966e-02,5.356369355095697005e-02,5.414881046313840818e-02,5.473430166946408049e-02,5.531930379194344161e-02,5.590276077393713239e-02,5.648340092270259793e-02,5.705971238539719881e-02,5.762991713374482350e-02,5.819194362034191270e-02,5.874339838065717467e-02,5.928153699267307841e-02,5.980323497424772095e-02,6.030495939980562436e-02,6.078274225399582509e-02,6.123215681044696934e-02,6.164829862492382517e-02,6.202577305602591240e-02,6.235869155949880227e-02
7.451612903225807161e-01,6.200404501952966330e-02,6.181399169280049621e-02,6.156929970117008821e-02,6.127609560478897155e-02,6.094011072124450035e-02,6.056666001834126734e-02,6.016063301832846877e-02,5.972649443652683354e-02,5.926829247923964816e-02,5.878967296531573128e-02,5.829389768957887741e-02,5.778386569751620128e-02,5.726213637795191103e-02,5.673095349666112952e-02,5.619226948579209013e-02,5.564776947000277252e-02,5.509889465142647769e-02,5.454686479334558413e-02,5.399269963925135141e-02,5.343723918232029524e-02,5.288116276298332474e-02,5.232500702164277762e-02,5.176918277196729257e-02,5.121399088974420977e-02,5.065963733449652118e-02,5.010624743750763388e-02,4.955387960159829408e-02,4.900253856565001120e-02,4.845218839109072251e-02,4.790276532832121736e-02,4.735419071849322759e-02,4.680638407948700674e-02,4.625927651391537054e-02,4.571282456044617470e-02,4.516702458645205365e-02,4.462192778869844556e-02,4.407765582783557123e-02,4.353441707032024155e-02,4.299252334674552589e-02,4.245240705731340158e-02,4.191463836289122113e-02,4.137994209462991790e-02,4.084921389825524329e-02,4.032353500518828793e-02,3.980418489747813982e-02,3.929265101643444891e-02,3.879063456705972301e-02,3.830005140623221616e-02,3.782302698805212193e-02,3.736188439128954042e-02,3.691912458712459655e-02,3.649739833195086991e-02,3.609946939578559388e-02,3.572816925800659238e-02,3.538634390412681574e-02,3.507679391244922229e-02,3.480220958800428477e-02,3.456510343335078561e-02,3.436774268629239071e-02,3.421208494878999473e-02,3.409972003282726871e-02,3.403182102666885145e-02,3.400910722926131502e-02,3.403182102666871267e-02,3.409972003282732422e-02,3.421208494879068862e-02,3.436774268629316786e-02,3.456510343335020274e-02,3.480220958800384068e-02,3.507679391244936107e-02,3.538634390412651043e-02,3.572816925800650911e-02,3.609946939578514979e-02,3.649739833195092542e-02,3.691912458712445777e-02,3.736188439129006778e-02,3.782302698805292684e-02,3.830005140623196636e-02,3.879063456705947321e-02,3.929265101643503177e-02,3.980418489747755695e-02,4.032353500518956468e-02,4.084921389825552085e-02,4.137994209462883544e-02,4.191463836289177625e-02,4.245240705731234687e-02,4.299252334674663611e-02,4.353441707031963093e-02,4.407765582783640390e-02,4.462192778869789045e-02,4.516702458645083240e-02,4.571282456044628573e-02,4.625927651391575912e-02,4.680638407948650714e-02,4.735419071849267247e-02,4.790276532832132839e-02,4.845218839108988984e-02,4.900253856565034427e-02,4.955387960159801652e-02,5.010624743750802246e-02,5.065963733449546647e-02,5.121399088974415426e-02,5.176918277196757012e-02,5.232500702164266659e-02,5.288116276298382434e-02,5.343723918231990666e-02,5.399269963925240612e-02,5.454686479334508453e-02,5.509889465142642218e-02,5.564776947000260598e-02,5.619226948579281178e-02,5.673095349666046339e-02,5.726213637795202205e-02,5.778386569751670088e-02,5.829389768957798923e-02,5.878967296531667497e-02,5.926829247923975919e-02,5.972649443652661150e-02,6.016063301832846877e-02,6.056666001834210000e-02,6.094011072124400075e-02,6.127609560478852746e-02,6.156929970116958861e-02,6.181399169279960804e-02,6.200404501952921921e-02
7.494623655913978943e-01,6.121579554348227648e-02,6.118049604940156705e-02,6.108183082319829094e-02,6.092582827809372992e-02,6.071825954489851185e-02,6.046459244115293119e-02,6.016995937283409202e-02,5.983913725912920478e-02,5.947653757747906056e-02,5.908620471570052990e-02,5.867182096306172712e-02,5.823671664973184559e-02,5.778388413624158115e-02,5.731599454831787233e-02,5.683541633820704542e-02,5.634423492571499770e-02,5.584427282707477014e-02,5.533710981616124513e-02,5.482410278047350483e-02,5.430640503451716894e-02,5.378498493744715558e-02,5.326064373158495568e-02,5.273403257595149496e-02,5.220566879568239171e-02,5.167595140621239480e-02,5.114517600169682376e-02,5.061354912152626895e-02,5.008120222818573941e-02,4.954820544448501618e-02,4.901458120899193638e-02,4.848031801526070383e-02,4.794538440284845660e-02,4.740974336558495539e-02,4.687336733408398182e-02,4.633625387353168534e-02,4.579844221282347583e-02,4.526003068485578984e-02,4.472119510805599996e-02,4.418220807366929348e-02,4.364345901958910368e-02,4.310547486805393902e-02,4.256894088047591396e-02,4.203472123871820898e-02,4.150387870142430158e-02,4.097769251207428187e-02,4.045767356208229693e-02,3.994557565079520645e-02,3.944340155279280058e-02,3.895340252318041374e-02,3.847806986838178678e-02,3.802011730838944503e-02,3.758245307940444313e-02,3.716814108929200611e-02,3.678035094706522123e-02,3.642229733070681541e-02,3.609716990464947872e-02,3.580805579835846797e-02,3.555785744109679625e-02,3.534920923229301071e-02,3.518439702526215962e-02,3.506528463574321020e-02,3.499325149793897083e-02,3.496914515451723937e-02,3.499325149793949818e-02,3.506528463574251631e-02,3.518439702526462987e-02,3.534920923229237233e-02,3.555785744109637991e-02,3.580805579835755204e-02,3.609716990465045017e-02,3.642229733070767583e-02,3.678035094706558206e-02,3.716814108929319960e-02,3.758245307940563662e-02,3.802011730838869563e-02,3.847806986838134269e-02,3.895340252317988639e-02,3.944340155279374427e-02,3.994557565079576156e-02,4.045767356208190835e-02,4.097769251207444841e-02,4.150387870142469016e-02,4.203472123872031840e-02,4.256894088047702418e-02,4.310547486805482720e-02,4.364345901958849305e-02,4.418220807366907144e-02,4.472119510805572240e-02,4.526003068485551228e-02,4.579844221282319827e-02,4.633625387352985348e-02,4.687336733408309364e-02,4.740974336558456681e-02,4.794538440284829006e-02,4.848031801526131446e-02,4.901458120899215842e-02,4.954820544448529374e-02,5.008120222818629452e-02,5.061354912152560281e-02,5.114517600169660172e-02,5.167595140621333849e-02,5.220566879568200314e-02,5.273403257595216109e-02,5.326064373158573284e-02,5.378498493744726661e-02,5.430640503451800161e-02,5.482410278047333829e-02,5.533710981616152269e-02,5.584427282707604689e-02,5.634423492571544179e-02,5.683541633820665684e-02,5.731599454831753926e-02,5.778388413624147013e-02,5.823671664973056883e-02,5.867182096306233774e-02,5.908620471569953070e-02,5.947653757747956016e-02,5.983913725912937132e-02,6.016995937283292628e-02,6.046459244115315323e-02,6.071825954489795674e-02,6.092582827809533974e-02,6.108183082319817991e-02,6.118049604940051234e-02,6.121579554348194341e-02
7.537634408602151836e-01,5.979406432325956589e-02,5.991883183839036286e-02,5.997376084976258070e-02,5.996441975751881648e-02,5.989628271041680385e-02,5.977466262055558532e-02,5.960465818035876051e-02,5.939111369943700369e-02,5.913859037218616166e-02,5.885134749247666885e-02,5.853333212522759954e-02,5.818817580284740831e-02,5.781919691738485190e-02,5.742940760961684488e-02,5.702152410064070809e-02,5.659797955970691241e-02,5.616093874652255957e-02,5.571231380216573603e-02,5.525378068725561587e-02,5.478679587744361701e-02,5.431261302448631145e-02,5.383229937652855845e-02,5.334675182442744079e-02,5.285671250379209152e-02,5.236278393538618126e-02,5.186544373181978251e-02,5.136505893655179955e-02,5.086190009366176046e-02,5.035615517417929565e-02,4.984794350758908754e-02,4.933732988579409007e-02,4.882433902087818245e-02,4.830897054727573137e-02,4.779121476198355811e-02,4.727106929199997865e-02,4.674855686391266030e-02,4.622374432397574617e-02,4.569676301473146740e-02,4.516783055292267202e-02,4.463727396894173749e-02,4.410555405703825427e-02,4.357329064470638613e-02,4.304128831771458774e-02,4.251056193455488019e-02,4.198236103531016727e-02,4.145819200356803957e-02,4.093983659119454499e-02,4.042936518624434816e-02,3.992914302262845494e-02,3.944182743203333841e-02,3.897035426301986849e-02,3.851791177906027652e-02,3.808790073028628376e-02,3.768387989353433332e-02,3.730949719146589572e-02,3.696840750459912117e-02,3.666417941755398258e-02,3.640019429630883541e-02,3.617954215363455850e-02,3.600491958777382595e-02,3.587853554287528945e-02,3.580203063462569779e-02,3.577641525582825333e-02,3.580203063462611413e-02,3.587853554287637192e-02,3.600491958777451984e-02,3.617954215363489157e-02,3.640019429630816927e-02,3.666417941755351073e-02,3.696840750459906566e-02,3.730949719146589572e-02,3.768387989353449985e-02,3.808790073028517353e-02,3.851791177906005448e-02,3.897035426301964645e-02,3.944182743203322739e-02,3.992914302262806636e-02,4.042936518624551390e-02,4.093983659119593277e-02,4.145819200356776202e-02,4.198236103531144403e-02,4.251056193455327037e-02,4.304128831771514285e-02,4.357329064470666369e-02,4.410555405703819876e-02,4.463727396894284771e-02,4.516783055292289406e-02,4.569676301473052371e-02,4.622374432397585720e-02,4.674855686391377052e-02,4.727106929199825780e-02,4.779121476198339158e-02,4.830897054727534279e-02,4.882433902087796040e-02,4.933732988579353496e-02,4.984794350758858794e-02,5.035615517417812992e-02,5.086190009366226006e-02,5.136505893655252120e-02,5.186544373182011558e-02,5.236278393538612574e-02,5.285671250379159192e-02,5.334675182442677466e-02,5.383229937652789232e-02,5.431261302448764372e-02,5.478679587744256230e-02,5.525378068725644853e-02,5.571231380216590257e-02,5.616093874652272611e-02,5.659797955970652383e-02,5.702152410064126320e-02,5.742940760961678937e-02,5.781919691738446332e-02,5.818817580284729729e-02,5.853333212522732198e-02,5.885134749247561414e-02,5.913859037218499592e-02,5.939111369943644858e-02,5.960465818035831642e-02,5.977466262055508572e-02,5.989628271041691487e-02,5.996441975751914955e-02,5.997376084976135946e-02,5.991883183839064042e-02,5.979406432325917731e-02
7.580645161290322509e-01,5.793300076157714695e-02,5.821525436061564251e-02,5.842378628079925029e-02,5.856340132442955371e-02,5.863897728541833665e-02,5.865538422717059275e-02,5.861741595175956610e-02,5.852973340512873657e-02,5.839681938184571042e-02,5.822294362713276161e-02,5.801213726906900847e-02,5.776817543336215666e-02,5.749456687954856982e-02,5.719454953414476739e-02,5.687109086864983176e-02,5.652689216540979222e-02,5.616439582247600981e-02,5.578579496156305106e-02,5.539304471534678420e-02,5.498787467780913429e-02,5.457180210145839983e-02,5.414614551677349175e-02,5.371203853172534792e-02,5.327044364271921184e-02,5.282216595355770927e-02,5.236786675663507307e-02,5.190807698170307738e-02,5.144321056289219429e-02,5.097357781527017684e-02,5.049939894849420075e-02,5.002081787764495191e-02,4.953791651992600631e-02,4.905072979029306834e-02,4.855926152817580110e-02,4.806350159967148761e-02,4.756344442247395499e-02,4.705910915114258630e-02,4.655056173389365837e-02,4.603793900377251003e-02,4.552147489092589483e-02,4.500152873226820338e-02,4.447861550358089833e-02,4.395343760141745548e-02,4.342691755441935308e-02,4.290023074596893693e-02,4.237483688826521044e-02,4.185250861595046779e-02,4.133535518955833155e-02,4.082583895168234722e-02,4.032678191096938924e-02,3.984135970086871703e-02,3.937308023865343509e-02,3.892574476083132673e-02,3.850338958666893463e-02,3.811020798752656757e-02,3.775045289917622338e-02,3.742832283586799980e-02,3.714783511661917670e-02,3.691269220910198268e-02,3.672614841036631050e-02,3.659088498706913883e-02,3.650890209628976368e-02,3.648143518328333945e-02,3.650890209628926408e-02,3.659088498706941639e-02,3.672614841036675459e-02,3.691269220910159410e-02,3.714783511661745585e-02,3.742832283586844389e-02,3.775045289917727809e-02,3.811020798752595695e-02,3.850338958666876810e-02,3.892574476083193735e-02,3.937308023865421225e-02,3.984135970086899459e-02,4.032678191097005538e-02,4.082583895168290233e-02,4.133535518955622212e-02,4.185250861594980165e-02,4.237483688826609862e-02,4.290023074596915897e-02,4.342691755441913104e-02,4.395343760141789957e-02,4.447861550358067628e-02,4.500152873226775929e-02,4.552147489092533972e-02,4.603793900377245452e-02,4.655056173389310326e-02,4.705910915114203119e-02,4.756344442247367743e-02,4.806350159967204272e-02,4.855926152817574559e-02,4.905072979029301283e-02,4.953791651992650591e-02,5.002081787764456333e-02,5.049939894849325706e-02,5.097357781527073195e-02,5.144321056289236083e-02,5.190807698170202267e-02,5.236786675663490653e-02,5.282216595355698763e-02,5.327044364271937837e-02,5.371203853172518139e-02,5.414614551677421339e-02,5.457180210145828880e-02,5.498787467780907878e-02,5.539304471534584051e-02,5.578579496156227391e-02,5.616439582247562123e-02,5.652689216540918160e-02,5.687109086865105301e-02,5.719454953414432330e-02,5.749456687954712653e-02,5.776817543336271177e-02,5.801213726906878643e-02,5.822294362713220650e-02,5.839681938184482224e-02,5.852973340512790390e-02,5.861741595175901098e-02,5.865538422716987110e-02,5.863897728541955789e-02,5.856340132442944268e-02,5.842378628079819558e-02,5.821525436061636416e-02,5.793300076157670286e-02
7.623655913978495402e-01,5.598654390773621925e-02,5.641859560618522895e-02,5.677542578682931440e-02,5.706087818186278415e-02,5.727902174949145442e-02,5.743406474294088238e-02,5.753027773687263702e-02,5.757192627363683091e-02,5.756321331715846812e-02,5.750823131960497436e-02,5.741092341478121197e-02,5.727505304635865935e-02,5.710418120838450795e-02,5.690165040832195764e-02,5.667057444650958065e-02,5.641383312864062249e-02,5.613407107874540669e-02,5.583369989012637591e-02,5.551490293299010670e-02,5.517964222445237432e-02,5.482966685451701183e-02,5.446652254760697698e-02,5.409156202117576528e-02,5.370595587981985553e-02,5.331070385458325234e-02,5.290664626312469032e-02,5.249447562724057770e-02,5.207474844077258913e-02,5.164789713386269687e-02,5.121424232936006016e-02,5.077400553471722588e-02,5.032732245811211147e-02,4.987425718049892653e-02,4.941481745543457871e-02,4.894897144410870204e-02,4.847666622166674211e-02,4.799784840916582196e-02,4.751248728795171017e-02,4.702060073344138669e-02,4.652228425445609217e-02,4.601774333225028268e-02,4.550732910832278044e-02,4.499157725967684041e-02,4.447124961279258493e-02,4.394737767415246577e-02,4.342130679312533603e-02,4.289473912928781774e-02,4.236977299276178943e-02,4.184893550404844564e-02,4.133520494388054356e-02,4.083201872335023852e-02,4.034326271122884444e-02,3.987323783293755808e-02,3.942660052309648888e-02,3.900827486020413959e-02,3.862333606696277677e-02,3.827686746149955299e-02,3.797379571939779597e-02,3.771871216352251643e-02,3.751569035430163401e-02,3.736811208129664497e-02,3.727851456772818262e-02,3.724847102524642128e-02,3.727851456772784955e-02,3.736811208129725559e-02,3.751569035430207810e-02,3.771871216352234990e-02,3.797379571939762943e-02,3.827686746150010810e-02,3.862333606696177757e-02,3.900827486020397306e-02,3.942660052309632235e-02,3.987323783293655888e-02,4.034326271122751217e-02,4.083201872334907279e-02,4.133520494388143174e-02,4.184893550404900076e-02,4.236977299276240005e-02,4.289473912928770671e-02,4.342130679312566910e-02,4.394737767415374252e-02,4.447124961279197430e-02,4.499157725967595223e-02,4.550732910832183675e-02,4.601774333225067126e-02,4.652228425445448234e-02,4.702060073344127566e-02,4.751248728795259835e-02,4.799784840916504480e-02,4.847666622166574291e-02,4.894897144410914613e-02,4.941481745543513382e-02,4.987425718049903756e-02,5.032732245811077920e-02,5.077400553471583811e-02,5.121424232935917198e-02,5.164789713386325198e-02,5.207474844077231158e-02,5.249447562723891236e-02,5.290664626312596708e-02,5.331070385458230865e-02,5.370595587981980001e-02,5.409156202117515466e-02,5.446652254760731005e-02,5.482966685451817757e-02,5.517964222445270739e-02,5.551490293298977363e-02,5.583369989012648693e-02,5.613407107874562874e-02,5.641383312863962329e-02,5.667057444651002474e-02,5.690165040832312338e-02,5.710418120838561817e-02,5.727505304635838179e-02,5.741092341478126748e-02,5.750823131960364210e-02,5.756321331715885670e-02,5.757192627363744153e-02,5.753027773687352520e-02,5.743406474294110442e-02,5.727902174949178749e-02,5.706087818186317273e-02,5.677542578682892582e-02,5.641859560618567304e-02,5.598654390773499800e-02
7.666666666666667185e-01,5.395725954085250908e-02,5.452776958036720245e-02,5.502389907740945496e-02,5.544841948063222725e-02,5.580445083160590070e-02,5.609537908447587151e-02,5.632477837480537319e-02,5.649633962879796467e-02,5.661380643138230750e-02,5.668091865003987984e-02,5.670136395277458607e-02,5.667873706838894021e-02,5.661650641465360012e-02,5.651798756063602935e-02,5.638632288634365386e-02,5.622446674722808568e-02,5.603517543454406002e-02,5.582100123598826569e-02,5.558428993712849486e-02,5.532718115582396790e-02,5.505161096377142460e-02,5.475931631696845381e-02,5.445184088715826487e-02,5.413054195663485890e-02,5.379659810812964515e-02,5.345101750864683643e-02,5.309464665133090122e-02,5.272817948266655952e-02,5.235216690437161091e-02,5.196702670071379204e-02,5.157305400379991189e-02,5.117043247204988710e-02,5.075924642133666786e-02,5.033949421399452895e-02,4.991110327745562625e-02,4.947394718990522078e-02,4.902786533178149497e-02,4.857268565402689253e-02,4.810825114885391995e-02,4.763445061556825788e-02,4.715125427791372337e-02,4.665875471177277634e-02,4.615721336029632305e-02,4.564711262185844332e-02,4.512921306831596535e-02,4.460461476343635656e-02,4.407482088975017698e-02,4.354180096023357871e-02,4.300804982084294181e-02,4.247663751347369177e-02,4.195124398908023355e-02,4.143617181639402958e-02,4.093632965204863083e-02,4.045717958214922749e-02,4.000464276033621758e-02,3.958496022798740910e-02,3.920450943656045295e-02,3.886958161179843163e-02,3.858613025757579029e-02,3.835950609855204307e-02,3.819419774682047963e-02,3.809359948339913204e-02,3.805982710090483057e-02,3.809359948339907653e-02,3.819419774682025759e-02,3.835950609855137694e-02,3.858613025757645643e-02,3.886958161179859816e-02,3.920450943656073051e-02,3.958496022798740910e-02,4.000464276033577349e-02,4.045717958214883891e-02,4.093632965204718754e-02,4.143617181639414060e-02,4.195124398908073315e-02,4.247663751347291461e-02,4.300804982084310835e-02,4.354180096023357871e-02,4.407482088974962187e-02,4.460461476343646758e-02,4.512921306831590984e-02,4.564711262185694451e-02,4.615721336029593447e-02,4.665875471177094447e-02,4.715125427791327928e-02,4.763445061556875748e-02,4.810825114885391995e-02,4.857268565402816929e-02,4.902786533178182804e-02,4.947394718990505424e-02,4.991110327745451603e-02,5.033949421399419588e-02,5.075924642133694542e-02,5.117043247204977607e-02,5.157305400380063354e-02,5.196702670071440266e-02,5.235216690437166642e-02,5.272817948266600441e-02,5.309464665133040162e-02,5.345101750864783563e-02,5.379659810812992271e-02,5.413054195663519197e-02,5.445184088715848691e-02,5.475931631697050772e-02,5.505161096377170216e-02,5.532718115582496710e-02,5.558428993712760668e-02,5.582100123598854324e-02,5.603517543454367145e-02,5.622446674722880733e-02,5.638632288634504164e-02,5.651798756063730611e-02,5.661650641465199030e-02,5.667873706838932879e-02,5.670136395277364239e-02,5.668091865003910268e-02,5.661380643138208546e-02,5.649633962879707649e-02,5.632477837480576177e-02,5.609537908447620458e-02,5.580445083160534558e-02,5.544841948063050641e-02,5.502389907741006558e-02,5.452776958036664734e-02,5.395725954085356380e-02
7.709677419354838968e-01,5.174958557714459673e-02,5.244236647426542275e-02,5.306388973464698511e-02,5.361583357131366467e-02,5.410030952930577897e-02,5.451979018312486103e-02,5.487703774040703086e-02,5.517503536506779271e-02,5.541692264456532513e-02,5.560593624336918062e-02,5.574535642764377741e-02,5.583845982826429744e-02,5.588847853879125305e-02,5.589856542499449521e-02,5.587176535269272604e-02,5.581099191765026557e-02,5.571900918010663784e-02,5.559841786106983763e-02,5.545164544172104248e-02,5.528093961469948692e-02,5.508836456152177430e-02,5.487579956868626763e-02,5.464493954260785102e-02,5.439729703687162798e-02,5.413420546260144794e-02,5.385682321214468882e-02,5.356613848737101780e-02,5.326297468632379406e-02,5.294799626631191414e-02,5.262171506860557901e-02,5.228449716103950040e-02,5.193657033143228574e-02,5.157803244853814695e-02,5.120886099984994777e-02,5.082892421800866423e-02,5.043799432057055609e-02,5.003576351036109759e-02,4.962186351277991792e-02,4.919588955589027091e-02,4.875742981851988178e-02,4.830610146356539847e-02,4.784159441375956945e-02,4.736372398014715435e-02,4.687249327380471620e-02,4.636816596184195616e-02,4.585134930411544074e-02,4.532308645993010643e-02,4.478495572731011620e-02,4.423917264433435692e-02,4.368868877344744828e-02,4.313727862792038348e-02,4.258960383265558702e-02,4.205124163660228787e-02,4.152866385397924187e-02,4.102915284530100903e-02,4.056064388002666998e-02,4.013148858108706030e-02,3.975014215971933718e-02,3.942478722045605899e-02,3.916291775846253431e-02,3.897091667908070267e-02,3.885366655480421150e-02,3.881423446425935619e-02,3.885366655480365639e-02,3.897091667907925938e-02,3.916291775846253431e-02,3.942478722045661410e-02,3.975014215971955922e-02,4.013148858108689376e-02,4.056064388002661447e-02,4.102915284530073148e-02,4.152866385397979698e-02,4.205124163660156622e-02,4.258960383265469885e-02,4.313727862792060552e-02,4.368868877344761481e-02,4.423917264433324670e-02,4.478495572731022722e-02,4.532308645993016194e-02,4.585134930411516319e-02,4.636816596184167860e-02,4.687249327380399455e-02,4.736372398014659924e-02,4.784159441375901434e-02,4.830610146356650869e-02,4.875742981851965974e-02,4.919588955588910517e-02,4.962186351277914076e-02,5.003576351036065351e-02,5.043799432057027854e-02,5.082892421800855320e-02,5.120886099985050288e-02,5.157803244853897962e-02,5.193657033143161961e-02,5.228449716103927836e-02,5.262171506860613412e-02,5.294799626631185863e-02,5.326297468632373855e-02,5.356613848737118433e-02,5.385682321214546597e-02,5.413420546260172550e-02,5.439729703687179452e-02,5.464493954260796205e-02,5.487579956868599007e-02,5.508836456152088612e-02,5.528093961470004203e-02,5.545164544172065391e-02,5.559841786107011519e-02,5.571900918010613823e-02,5.581099191765032108e-02,5.587176535269122724e-02,5.589856542499460623e-02,5.588847853879036487e-02,5.583845982826363130e-02,5.574535642764355536e-02,5.560593624336945817e-02,5.541692264456604677e-02,5.517503536506790374e-02,5.487703774040736393e-02,5.451979018312436143e-02,5.410030952930588999e-02,5.361583357131421979e-02,5.306388973464792880e-02,5.244236647426414599e-02,5.174958557714431917e-02
7.752688172043011861e-01,4.960325882603283665e-02,5.040257585034185750e-02,5.113535314778028251e-02,5.180224653287135439e-02,5.240439106088218280e-02,5.294334347699980459e-02,5.342102211948135393e-02,5.383964619334102863e-02,5.420167607317971648e-02,5.450975600441587687e-02,5.476666027271687165e-02,5.497524361937616844e-02,5.513839640932943764e-02,5.525900481746581772e-02,5.533991609354071972e-02,5.538390879809457212e-02,5.539366777123622132e-02,5.537176350011946413e-02,5.532063548624560623e-02,5.524257917573321963e-02,5.513973600017313403e-02,5.501408607810281959e-02,5.486744314375063825e-02,5.470145129701720066e-02,5.451758320405675207e-02,5.431713941928500988e-02,5.410124854601472411e-02,5.387086800358342753e-02,5.362678522416641780e-02,5.336961916338134326e-02,5.309982207709224022e-02,5.281768159500432880e-02,5.252332321305402951e-02,5.221671343529182829e-02,5.189766392663752725e-02,5.156583719578866631e-02,5.122075451789137590e-02,5.086180703371168121e-02,5.048827122860910510e-02,5.009933029892027490e-02,4.969410324685924474e-02,4.927168388811709043e-02,4.883119227219251401e-02,4.837184124359417137e-02,4.789302092058850269e-02,4.739440360590541079e-02,4.687607089869894050e-02,4.633866333918973401e-02,4.578355056244676202e-02,4.521301647031067406e-02,4.463044926374754029e-02,4.404052044676204369e-02,4.344933061205558111e-02,4.286449393327934621e-02,4.229512935272505825e-02,4.175172644619717932e-02,4.124585993944751561e-02,4.078974036104188183e-02,4.039560946227160887e-02,4.007501574309252357e-02,3.983803311170913686e-02,3.969250784693212353e-02,3.964342875799509169e-02,3.969250784693223455e-02,3.983803311170897032e-02,4.007501574309263459e-02,4.039560946227227500e-02,4.078974036104071610e-02,4.124585993944768214e-02,4.175172644619823403e-02,4.229512935272589091e-02,4.286449393327890212e-02,4.344933061205558111e-02,4.404052044676221023e-02,4.463044926374803989e-02,4.521301647031022997e-02,4.578355056244776122e-02,4.633866333918867930e-02,4.687607089869827437e-02,4.739440360590402301e-02,4.789302092058822513e-02,4.837184124359417137e-02,4.883119227219201441e-02,4.927168388811786759e-02,4.969410324685902269e-02,5.009933029891938672e-02,5.048827122860849448e-02,5.086180703371051548e-02,5.122075451789065426e-02,5.156583719578922143e-02,5.189766392663625050e-02,5.221671343529071807e-02,5.252332321305358542e-02,5.281768159500427329e-02,5.309982207709368351e-02,5.336961916338101020e-02,5.362678522416702842e-02,5.387086800358337202e-02,5.410124854601322530e-02,5.431713941928473233e-02,5.451758320405697411e-02,5.470145129701597941e-02,5.486744314375036069e-02,5.501408607810387430e-02,5.513973600017330057e-02,5.524257917573432985e-02,5.532063548624516214e-02,5.537176350011940862e-02,5.539366777123611030e-02,5.538390879809479417e-02,5.533991609354066421e-02,5.525900481746653936e-02,5.513839640932954866e-02,5.497524361937616844e-02,5.476666027271781534e-02,5.450975600441487767e-02,5.420167607317888381e-02,5.383964619334041801e-02,5.342102211948202006e-02,5.294334347699947152e-02,5.240439106088118359e-02,5.180224653287124337e-02,5.113535314778078211e-02,5.040257585034146892e-02,4.960325882603283665e-02
7.795698924731182533e-01,4.730886947769791240e-02,4.819453419532043759e-02,4.901986259541668556e-02,4.978461633145608856e-02,5.048904471791387794e-02,5.113384400886661352e-02,5.172011164663370408e-02,5.224929722936544341e-02,5.272315182919601328e-02,5.314367712141482292e-02,5.351307557777562618e-02,5.383370275070603617e-02,5.410802244433943198e-02,5.433856534523345827e-02,5.452789147934861136e-02,5.467855667853493973e-02,5.479308308287950124e-02,5.487393357617575962e-02,5.492348994965062792e-02,5.494403451256918425e-02,5.493773481417207893e-02,5.490663110697091565e-02,5.485262616314801054e-02,5.477747705061930539e-02,5.468278848041041584e-02,5.457000734999017943e-02,5.444041812630018295e-02,5.429513873617358710e-02,5.413511666048109738e-02,5.396112496197530417e-02,5.377375801702127811e-02,5.357342677109083739e-02,5.336035340115385939e-02,5.313456535128480152e-02,5.289588881948303900e-02,5.264394192515087223e-02,5.237812799301744260e-02,5.209762966911202220e-02,5.180140496067553446e-02,5.148818679089317563e-02,5.115648830921898371e-02,5.080461702411259717e-02,5.043070184222397945e-02,5.003273829675952689e-02,4.960865857196244955e-02,4.915643424516003002e-02,4.867422071461524613e-02,4.816055262691626426e-02,4.761459860328187688e-02,4.703648028432977357e-02,4.642765406622267887e-02,4.579134278204860520e-02,4.513298829136297430e-02,4.446067486291466198e-02,4.378544973543041507e-02,4.312144651013100072e-02,4.248570732948653284e-02,4.189761132078451134e-02,4.137785845570940424e-02,4.094703236283547820e-02,4.062386362487668823e-02,4.042341367077290082e-02,4.035546582871191168e-02,4.042341367077284531e-02,4.062386362487668823e-02,4.094703236283575576e-02,4.137785845570846055e-02,4.189761132078440031e-02,4.248570732948564466e-02,4.312144651013272156e-02,4.378544973542974894e-02,4.446067486291577220e-02,4.513298829136236368e-02,4.579134278204832764e-02,4.642765406622301194e-02,4.703648028433099482e-02,4.761459860328154381e-02,4.816055262691715244e-02,4.867422071461391386e-02,4.915643424516030757e-02,4.960865857196267159e-02,5.003273829676013751e-02,5.043070184222464558e-02,5.080461702411298575e-02,5.115648830921804002e-02,5.148818679089234296e-02,5.180140496067481282e-02,5.209762966910991278e-02,5.237812799301627686e-02,5.264394192515020610e-02,5.289588881948337207e-02,5.313456535128374680e-02,5.336035340115385939e-02,5.357342677109117046e-02,5.377375801702105607e-02,5.396112496197608133e-02,5.413511666048115289e-02,5.429513873617280995e-02,5.444041812629879518e-02,5.457000734999062352e-02,5.468278848040974971e-02,5.477747705062036010e-02,5.485262616314756645e-02,5.490663110697019400e-02,5.493773481417230098e-02,5.494403451257090509e-02,5.492348994965079445e-02,5.487393357617537104e-02,5.479308308288022289e-02,5.467855667853294133e-02,5.452789147934877789e-02,5.433856534523356929e-02,5.410802244433970953e-02,5.383370275070731292e-02,5.351307557777534862e-02,5.314367712141382372e-02,5.272315182919640186e-02,5.224929722936633159e-02,5.172011164663403715e-02,5.113384400886622494e-02,5.048904471791371140e-02,4.978461633145653265e-02,4.901986259541624147e-02,4.819453419532143679e-02,4.730886947769785689e-02
7.838709677419355426e-01,4.437242780429784261e-02,4.531261223758337175e-02,4.620030360185145568e-02,4.703455328849898143e-02,4.781487313978816101e-02,4.854121157985280544e-02,4.921392339904478996e-02,4.983373458545342638e-02,5.040170360069129440e-02,5.091918044005988575e-02,5.138776471203848617e-02,5.180926383135503466e-02,5.218565225638455152e-02,5.251903252699507973e-02,5.281159868328322293e-02,5.306560247699382282e-02,5.328332263164464733e-02,5.346703726864598938e-02,5.361899949685045019e-02,5.374141606272103688e-02,5.383642887686618250e-02,5.390609916848704275e-02,5.395239396994888637e-02,5.397717459680972940e-02,5.398218676108912373e-02,5.396905193476297935e-02,5.393925956347733752e-02,5.389415971494093682e-02,5.383495572980395716e-02,5.376269642355652190e-02,5.367826736424063938e-02,5.358238072234711158e-02,5.347556315622359335e-02,5.335814116096510018e-02,5.323022327562848544e-02,5.309167852130219911e-02,5.294211044563484903e-02,5.278082620158730531e-02,5.260680022656932797e-02,5.241863236939980908e-02,5.221450082180040253e-02,5.199211107060036641e-02,5.174864347009522358e-02,5.148070417378625141e-02,5.118428735859981149e-02,5.085476126759869153e-02,5.048689692453806055e-02,5.007496662313243307e-02,4.961294923560805037e-02,4.909488989777743839e-02,4.851546998175604308e-02,4.787084420756554382e-02,4.715978668749748470e-02,4.638514482406408401e-02,4.555551670381258189e-02,4.468693733986173200e-02,4.380419337481200603e-02,4.294122940281558387e-02,4.214004767177309541e-02,4.144764629222991159e-02,4.091096569488106294e-02,4.057047605604147122e-02,4.045371960517518684e-02,4.057047605604247043e-02,4.091096569487995271e-02,4.144764629222902341e-02,4.214004767177131905e-02,4.294122940281541734e-02,4.380419337481389341e-02,4.468693733986300876e-02,4.555551670381213780e-02,4.638514482406369543e-02,4.715978668749765124e-02,4.787084420756532177e-02,4.851546998175704228e-02,4.909488989777949230e-02,4.961294923560760628e-02,5.007496662313221103e-02,5.048689692453595113e-02,5.085476126759796989e-02,5.118428735859958945e-02,5.148070417378752817e-02,5.174864347009511256e-02,5.199211107060097703e-02,5.221450082179923680e-02,5.241863236940069726e-02,5.260680022656910593e-02,5.278082620158802696e-02,5.294211044563285062e-02,5.309167852130147747e-02,5.323022327562820788e-02,5.335814116096460058e-02,5.347556315622409295e-02,5.358238072234722260e-02,5.367826736424169409e-02,5.376269642355763212e-02,5.383495572980417920e-02,5.389415971493999313e-02,5.393925956347711548e-02,5.396905193476253526e-02,5.398218676108956782e-02,5.397717459680950736e-02,5.395239396994999659e-02,5.390609916848754235e-02,5.383642887686757028e-02,5.374141606272031524e-02,5.361899949685078326e-02,5.346703726864604489e-02,5.328332263164520244e-02,5.306560247699393384e-02,5.281159868328400009e-02,5.251903252699474667e-02,5.218565225638538418e-02,5.180926383135447955e-02,5.138776471203831964e-02,5.091918044006055188e-02,5.040170360069118338e-02,4.983373458545309331e-02,4.921392339904445690e-02,4.854121157985247237e-02,4.781487313978766140e-02,4.703455328849875938e-02,4.620030360185078955e-02,4.531261223758309420e-02,4.437242780429895284e-02
7.881720430107527209e-01,4.136622845792287118e-02,4.233773301761140084e-02,4.326494906666633611e-02,4.414642755448289213e-02,4.498113268053394176e-02,4.576843255714468928e-02,4.650808322629523817e-02,4.720020701591010059e-02,4.784526630648849865e-02,4.844403381026368693e-02,4.899756044793174281e-02,4.950714184997562217e-02,4.997428441965950929e-02,5.040067178218843313e-02,5.078813231807732809e-02,5.113860834666195121e-02,5.145412739459531704e-02,5.173677585951069746e-02,5.198867526461115052e-02,5.221196119827009596e-02,5.240876494499258076e-02,5.258119774013969572e-02,5.273133752020298104e-02,5.286121799108933761e-02,5.297281979698476029e-02,5.306806353913096075e-02,5.314880436398761177e-02,5.321682781033676424e-02,5.327384657045497462e-02,5.332149777648043099e-02,5.336134036314066353e-02,5.339485197423810003e-02,5.342342476191785927e-02,5.344835926142010862e-02,5.347085529086237354e-02,5.349199850100377907e-02,5.351274075059903046e-02,5.353387186417396526e-02,5.355597948266566100e-02,5.357939256832516817e-02,5.360410258146858231e-02,5.362965430352445440e-02,5.365499563708586717e-02,5.367827241346928568e-02,5.369655036286635763e-02,5.370544235921087539e-02,5.369861594402841609e-02,5.366715643928543500e-02,5.359876972488347713e-02,5.347683552007914676e-02,5.327938352313338344e-02,5.297818782881180688e-02,5.253839651059216687e-02,5.191946900678234833e-02,5.107867906218443999e-02,4.997891322820624538e-02,4.860250626744516689e-02,4.697149381974452531e-02,4.517075884575116884e-02,4.336390989029248466e-02,4.178563130708701223e-02,4.069676547755846086e-02,4.030686940937722174e-02,4.069676547755779472e-02,4.178563130708717877e-02,4.336390989029281773e-02,4.517075884575261213e-02,4.697149381974274895e-02,4.860250626744333502e-02,4.997891322820596782e-02,5.107867906218077625e-02,5.191946900677840704e-02,5.253839651059205584e-02,5.297818782881308364e-02,5.327938352313360548e-02,5.347683552007870267e-02,5.359876972488464286e-02,5.366715643928354762e-02,5.369861594402819405e-02,5.370544235921287379e-02,5.369655036286763439e-02,5.367827241346811995e-02,5.365499563708564512e-02,5.362965430352417684e-02,5.360410258146663942e-02,5.357939256832344732e-02,5.355597948266582753e-02,5.353387186417374322e-02,5.351274075059969659e-02,5.349199850100261333e-02,5.347085529086170741e-02,5.344835926142071925e-02,5.342342476191808132e-02,5.339485197423787799e-02,5.336134036314266194e-02,5.332149777647998690e-02,5.327384657045652894e-02,5.321682781033554299e-02,5.314880436398738972e-02,5.306806353913029461e-02,5.297281979698476029e-02,5.286121799108844943e-02,5.273133752020386922e-02,5.258119774013902958e-02,5.240876494499246974e-02,5.221196119826998494e-02,5.198867526460976274e-02,5.173677585951097502e-02,5.145412739459420681e-02,5.113860834666061894e-02,5.078813231807699502e-02,5.040067178218765598e-02,4.997428441965956480e-02,4.950714184997639933e-02,4.899756044793213139e-02,4.844403381026252120e-02,4.784526630648822110e-02,4.720020701591065571e-02,4.650808322629484959e-02,4.576843255714446723e-02,4.498113268053344216e-02,4.414642755448217049e-02,4.326494906666616957e-02,4.233773301761234453e-02,4.136622845792287118e-02
7.924731182795698992e-01,3.860841157421479597e-02,3.959694352738152290e-02,4.054902503775797973e-02,4.146289387854928954e-02,4.233714680345423975e-02,4.317074168511580989e-02,4.396299342415066480e-02,4.471356424416017550e-02,4.542244911885007230e-02,4.608995716647679153e-02,4.671668989512550718e-02,4.730351719305952995e-02,4.785155193650925121e-02,4.836212403931150483e-02,4.883675470141818353e-02,4.927713153392199175e-02,4.968508515325337216e-02,5.006256775326001218e-02,5.041163408612137076e-02,5.073442521649917936e-02,5.103315536184216406e-02,5.131010209928998922e-02,5.156760020925132970e-02,5.180803944146017415e-02,5.203386653531261175e-02,5.224759190826011590e-02,5.245180155192397109e-02,5.264917485645825845e-02,5.284250933551259966e-02,5.303475357021203429e-02,5.322905016440393489e-02,5.342879115461185435e-02,5.363768921928502298e-02,5.385986929198871564e-02,5.409998696591034051e-02,5.436338263356765843e-02,5.465628402577871192e-02,5.498607531393906456e-02,5.536165921187741201e-02,5.579395118807195519e-02,5.629656471526633954e-02,5.688677815699783036e-02,5.758692575342783115e-02,5.842644239013561336e-02,5.944494292005619851e-02,6.069698727682670825e-02,6.225968491648659064e-02,6.424526416930431694e-02,6.682270207284979335e-02,7.025671421527945881e-02,7.498190066647081320e-02,8.175262522484239014e-02,9.196693577298864497e-02,1.084115553235306395e-01,1.369877228280672599e-01,1.893617058543338727e-01,2.675836225815782510e-01,2.590586282542526875e-01,1.426901760230202543e-01,7.721377561931896949e-02,5.204507400008318019e-02,4.263163469098352198e-02,4.017467960198600752e-02,4.263163469098613101e-02,5.204507400006913587e-02,7.721377561928061128e-02,1.426901760229251637e-01,2.590586282542429730e-01,2.675836225817895264e-01,1.893617058544734277e-01,1.369877228281730641e-01,1.084115553235942553e-01,9.196693577300152356e-02,8.175262522483794925e-02,7.498190066646148733e-02,7.025671421529022798e-02,6.682270207285645469e-02,6.424526416930487205e-02,6.225968491648314895e-02,6.069698727682992789e-02,5.944494292005486624e-02,5.842644239013972118e-02,5.758692575342883035e-02,5.688677815699549889e-02,5.629656471526878203e-02,5.579395118807051190e-02,5.536165921187830019e-02,5.498607531393895353e-02,5.465628402577926703e-02,5.436338263356788048e-02,5.409998696591011846e-02,5.385986929198993689e-02,5.363768921928435685e-02,5.342879115461240946e-02,5.322905016440415693e-02,5.303475357021125713e-02,5.284250933551271068e-02,5.264917485645914663e-02,5.245180155192541438e-02,5.224759190826111510e-02,5.203386653531261175e-02,5.180803944146039619e-02,5.156760020925066357e-02,5.131010209929032229e-02,5.103315536184260814e-02,5.073442521649862424e-02,5.041163408612225894e-02,5.006256775326078934e-02,4.968508515325364971e-02,4.927713153392193624e-02,4.883675470141829456e-02,4.836212403931139381e-02,4.785155193651013938e-02,4.730351719305975200e-02,4.671668989512528514e-02,4.608995716647601437e-02,4.542244911884912861e-02,4.471356424416045305e-02,4.396299342415072031e-02,4.317074168511592092e-02,4.233714680345385117e-02,4.146289387854945607e-02,4.054902503775759115e-02,3.959694352738096779e-02,3.860841157421490699e-02
7.967741935483871885e-01,3.606437732532585816e-02,3.705768583124247062e-02,3.802184098883587549e-02,3.895492848871695557e-02,3.985533889088804793e-02,4.072177833876888808e-02,4.155327392832719458e-02,4.234917406311577981e-02,4.310914427531420401e-02,4.383315911523338881e-02,4.452149080573808426e-02,4.517469542369517699e-02,4.579359741075866852e-02,4.637927323446261463e-02,4.693303502379331249e-02,4.745641499768071814e-02,4.795115149859796588e-02,4.841917744493207110e-02,4.886261203552566545e-02,4.928375658889561084e-02,4.968509549205468723e-02,5.006930338699888683e-02,5.043925995980058641e-02,5.079807404935943183e-02,5.114911930531484963e-02,5.149608436243435783e-02,5.184304155925834046e-02,5.219453975824117631e-02,5.255572904846639304e-02,5.293252838228212909e-02,5.333185207449386844e-02,5.376191848611477919e-02,5.423267563104894329e-02,5.475639643812302282e-02,5.534852541487789157e-02,5.602890643612423727e-02,5.682360296220878570e-02,5.776766511302111606e-02,5.890945803376845813e-02,6.031765734261029799e-02,6.209298846538691130e-02,6.438880620672604582e-02,6.744906534850014790e-02,7.168274721722123211e-02,7.782063869613098372e-02,8.727512161156214532e-02,1.030515382562087190e-01,1.322883504742776717e-01,1.931455479587526058e-01,3.122564219278354258e-01,3.303081902126531189e-01,1.689826844923932869e-01,9.071731311397165931e-02,6.245961133110694563e-02,5.098461112810093177e-02,4.571419596272352504e-02,4.306685717994118701e-02,4.165329795030531246e-02,4.086868782552388613e-02,4.042564855659175338e-02,4.017931108523392636e-02,4.005514044281488495e-02,4.001730873038950032e-02,4.005514044281482944e-02,4.017931108523287165e-02,4.042564855659108725e-02,4.086868782552371959e-02,4.165329795030575655e-02,4.306685717994362950e-02,4.571419596272530139e-02,5.098461112809477003e-02,6.245961133107336138e-02,9.071731311396458164e-02,1.689826844923266735e-01,3.303081902126001612e-01,3.122564219278824438e-01,1.931455479587776969e-01,1.322883504742872196e-01,1.030515382562076088e-01,8.727512161157024995e-02,7.782063869612232399e-02,7.168274721721479281e-02,6.744906534849415269e-02,6.438880620672604582e-02,6.209298846538879868e-02,6.031765734261163026e-02,5.890945803377101164e-02,5.776766511302244833e-02,5.682360296220856366e-02,5.602890643612201682e-02,5.534852541487866873e-02,5.475639643812124646e-02,5.423267563104938738e-02,5.376191848611444613e-02,5.333185207449231413e-02,5.293252838228212909e-02,5.255572904846628202e-02,5.219453975824106529e-02,5.184304155925689717e-02,5.149608436243346965e-02,5.114911930531484963e-02,5.079807404935943183e-02,5.043925995979969823e-02,5.006930338699988603e-02,4.968509549205546438e-02,4.928375658889594391e-02,4.886261203552488830e-02,4.841917744493118292e-02,4.795115149859729975e-02,4.745641499768021854e-02,4.693303502379192471e-02,4.637927323446333627e-02,4.579359741075783585e-02,4.517469542369506597e-02,4.452149080573808426e-02,4.383315911523399944e-02,4.310914427531276072e-02,4.234917406311639043e-02,4.155327392832713906e-02,4.072177833876988728e-02,3.985533889088849202e-02,3.895492848871795477e-02,3.802184098883559793e-02,3.705768583124147142e-02,3.606437732532530305e-02
8.010752688172043667e-01,3.360591550752084489e-02,3.459089277362908943e-02,3.555344671242394172e-02,3.649164902078477768e-02,3.740382679505310781e-02,3.828857943558305887e-02,3.914479138565973848e-02,3.997164085962745528e-02,4.076860486956290774e-02,4.153546100315785861e-02,4.227228653577153050e-02,4.297945557678772843e-02,4.365763505694697511e-02,4.430778046422406691e-02,4.493113233869561185e-02,4.552921465274706314e-02,4.610383634638337558e-02,4.665709747795809825e-02,4.719140171520996851e-02,4.770947726580587744e-02,4.821440888252126467e-02,4.870968434896738586e-02,4.919925996623364384e-02,4.968765118206164288e-02,5.018005688343973869e-02,5.068252940340711721e-02,5.120220760134330806e-02,5.174763848755103979e-02,5.232922548523866180e-02,5.295986147432696356e-02,5.365583735615153671e-02,5.443817124331196133e-02,5.533459669029050509e-02,5.638261375013520205e-02,5.763431043327438275e-02,5.916424327181035725e-02,6.108282947693466358e-02,6.356015847392026963e-02,6.687062729353820956e-02,7.148196481900481736e-02,7.824614530168638726e-02,8.884397356216067188e-02,1.069089379029597442e-01,1.409273695970135742e-01,2.083077521100993312e-01,2.885879869519154539e-01,2.120380798611787299e-01,1.104213302837813021e-01,6.907334748906010513e-02,5.310339534012681328e-02,4.623415304861772102e-02,4.299087461876477390e-02,4.136090412975279573e-02,4.051274723824055402e-02,4.006732364988407902e-02,3.983778798465120730e-02,3.972624693820725472e-02,3.967891919601146400e-02,3.966518043794575732e-02,3.966716744808018724e-02,3.967437544823471107e-02,3.968076544011323037e-02,3.968321670347296770e-02,3.968076544011422957e-02,3.967437544823404494e-02,3.966716744808113093e-02,3.966518043794581283e-02,3.967891919601101991e-02,3.972624693820758779e-02,3.983778798465120730e-02,4.006732364988507822e-02,4.051274723824271895e-02,4.136090412975318431e-02,4.299087461876516247e-02,4.623415304862177333e-02,5.310339534013253093e-02,6.907334748906918120e-02,1.104213302838052690e-01,2.120380798610660145e-01,2.885879869519161756e-01,2.083077521100463736e-01,1.409273695970461038e-01,1.069089379029656284e-01,8.884397356216200414e-02,7.824614530168105819e-02,7.148196481900703780e-02,6.687062729354131818e-02,6.356015847392315621e-02,6.108282947693677301e-02,5.916424327181202258e-02,5.763431043327449377e-02,5.638261375013542409e-02,5.533459669029305861e-02,5.443817124331107316e-02,5.365583735615020444e-02,5.295986147432685254e-02,5.232922548523843975e-02,5.174763848755059570e-02,5.120220760134386317e-02,5.068252940340745027e-02,5.018005688344051585e-02,4.968765118206108777e-02,4.919925996623364384e-02,4.870968434896805199e-02,4.821440888252026546e-02,4.770947726580521131e-02,4.719140171521019056e-02,4.665709747795709905e-02,4.610383634638426376e-02,4.552921465274822888e-02,4.493113233869322487e-02,4.430778046422489957e-02,4.365763505694747471e-02,4.297945557678700679e-02,4.227228653577141948e-02,4.153546100315885781e-02,4.076860486956301877e-02,3.997164085962712221e-02,3.914479138565907235e-02,3.828857943558311439e-02,3.740382679505155350e-02,3.649164902078416706e-02,3.555344671242410826e-02,3.459089277362925596e-02,3.360591550752201062e-02
8.053763440860215450e-01,3.125961035270707900e-02,3.222622836415434122e-02,3.317648826306673904e-02,3.410855552845815097e-02,3.502081021842307074e-02,3.591186845245181170e-02,3.678060109202496708e-02,3.762614972100597477e-02,3.844794018988084705e-02,3.924569415731488098e-02,4.001943923906348122e-02,4.076951856156685317e-02,4.149660072273980704e-02,4.220169139728441321e-02,4.288614810666063759e-02,4.355170003157216030e-02,4.420047521680969815e-02,4.483503816178269208e-02,4.545844168948509623e-02,4.607429826802877937e-02,4.668687781340374876e-02,4.730124172610772337e-02,4.792342697452445233e-02,4.856070018703473323e-02,4.922191119053964670e-02,4.991799032061972063e-02,5.066265772871358930e-02,5.147345221184618236e-02,5.237325346595111952e-02,5.339258715991435089e-02,5.457321000622294971e-02,5.597386002487325651e-02,5.767981288372470150e-02,5.981942816548491137e-02,6.259419176097991144e-02,6.633634983395664264e-02,7.162670281343086476e-02,7.955291250847695839e-02,9.231596282928511421e-02,1.146830370073119720e-01,1.564341565040201498e-01,2.201283520773641977e-01,2.126105543796544817e-01,1.220734124445344848e-01,7.264199885356209530e-02,5.332549850355694510e-02,4.536688876749889188e-02,4.180288637397827634e-02,4.011726748020449929e-02,3.930698183231728926e-02,3.893107796736583470e-02,3.877947213191162978e-02,3.874552556187721430e-02,3.877238295740181862e-02,3.882857505868819725e-02,3.889619499525137636e-02,3.896485546231692743e-02,3.902846066037679584e-02,3.908341769523071552e-02,3.912761622867294564e-02,3.915983436959774577e-02,3.917939044752849487e-02,3.918594350104470658e-02,3.917939044752932753e-02,3.915983436959741271e-02,3.912761622867311218e-02,3.908341769523093756e-02,3.902846066037624073e-02,3.896485546231626129e-02,3.889619499525026614e-02,3.882857505868875236e-02,3.877238295740198515e-02,3.874552556187638164e-02,3.877947213191140774e-02,3.893107796736489101e-02,3.930698183231906562e-02,4.011726748020510991e-02,4.180288637397927554e-02,4.536688876749922494e-02,5.332549850356452237e-02,7.264199885354999386e-02,1.220734124445513602e-01,2.126105543796472097e-01,2.201283520773600344e-01,1.564341565040040516e-01,1.146830370073418370e-01,9.231596282928733466e-02,7.955291250848306461e-02,7.162670281342697898e-02,6.633634983395675366e-02,6.259419176098346416e-02,5.981942816548424524e-02,5.767981288372558968e-02,5.597386002487336754e-02,5.457321000622195051e-02,5.339258715991301862e-02,5.237325346594912112e-02,5.147345221184462805e-02,5.066265772871392237e-02,4.991799032061949859e-02,4.922191119053764830e-02,4.856070018703428914e-02,4.792342697452112166e-02,4.730124172610761235e-02,4.668687781340297160e-02,4.607429826802789119e-02,4.545844168948431907e-02,4.483503816178269208e-02,4.420047521680992020e-02,4.355170003157105008e-02,4.288614810666013799e-02,4.220169139728513485e-02,4.149660072273875233e-02,4.076951856156679765e-02,4.001943923906431388e-02,3.924569415731377076e-02,3.844794018988129114e-02,3.762614972100652988e-02,3.678060109202513361e-02,3.591186845245097903e-02,3.502081021842273767e-02,3.410855552845815097e-02,3.317648826306601739e-02,3.222622836415484082e-02,3.125961035270713451e-02
8.096774193548388343e-01,2.902857219470472705e-02,2.996885438190266537e-02,3.089815385513144941e-02,3.181481421682125221e-02,3.271736402365021945e-02,3.360454209897162370e-02,3.447532158691285487e-02,3.532893293868172302e-02,3.616488621526464664e-02,3.698299331598819961e-02,3.778339100768546288e-02,3.856656594841501029e-02,3.933338329482366502e-02,4.008512098726091377e-02,4.082351247307675068e-02,4.155080153350054761e-02,4.226981414087732647e-02,4.298405407093064401e-02,4.369783160935569732e-02,4.441643856664223566e-02,4.514638866343134715e-02,4.589575134690093705e-02,4.667462122573484695e-02,4.749578798448039763e-02,4.837570891681564067e-02,4.933594916828565324e-02,5.040536427851893819e-02,5.162349646891195576e-02,5.304602329920993231e-02,5.475381094028097806e-02,5.686857640018505577e-02,5.958127166606641545e-02,6.320633266664199557e-02,6.829173345308581222e-02,7.585662617843424993e-02,8.792977891299225135e-02,1.087126627016591351e-01,1.454916824241970774e-01,1.911692999459493336e-01,1.670308878108894834e-01,9.747322317845177886e-02,6.180322289990650142e-02,4.765285239443875498e-02,4.180380486136547891e-02,3.923863210381767219e-02,3.809030260947143809e-02,3.760045702550729452e-02,3.743253711769850556e-02,3.742586987164558954e-02,3.749927172437478307e-02,3.760995026510843831e-02,3.773467660143275948e-02,3.786062493544484209e-02,3.798068602618154266e-02,3.809096692833557896e-02,3.818940971760137471e-02,3.827500598841276913e-02,3.834733943944979018e-02,3.840631445531311750e-02,3.845199284414035912e-02,3.848449496262712488e-02,3.850394014520708286e-02,3.851041196442017700e-02,3.850394014520747143e-02,3.848449496262612568e-02,3.845199284414035912e-02,3.840631445531333954e-02,3.834733943945028978e-02,3.827500598841176993e-02,3.818940971760131919e-02,3.809096692833585651e-02,3.798068602618204226e-02,3.786062493544467555e-02,3.773467660143137170e-02,3.760995026510893791e-02,3.749927172437417244e-02,3.742586987164409074e-02,3.743253711769706227e-02,3.760045702550757207e-02,3.809030260947204871e-02,3.923863210381844935e-02,4.180380486136225926e-02,4.765285239443725618e-02,6.180322289991793672e-02,9.747322317847512130e-02,1.670308878108286432e-01,1.911692999459523867e-01,1.454916824242065143e-01,1.087126627016337110e-01,8.792977891298947579e-02,7.585662617843980104e-02,6.829173345307892884e-02,6.320633266664588135e-02,5.958127166606574932e-02,5.686857640018749827e-02,5.475381094028231033e-02,5.304602329920826698e-02,5.162349646891228883e-02,5.040536427851805001e-02,4.933594916828754062e-02,4.837570891681486351e-02,4.749578798448006456e-02,4.667462122573473593e-02,4.589575134689949376e-02,4.514638866343057000e-02,4.441643856664245771e-02,4.369783160935702959e-02,4.298405407092920072e-02,4.226981414087782607e-02,4.155080153350032557e-02,4.082351247307680620e-02,4.008512098726024764e-02,3.933338329482327644e-02,3.856656594841362251e-02,3.778339100768485226e-02,3.698299331598869921e-02,3.616488621526564584e-02,3.532893293868144546e-02,3.447532158691180015e-02,3.360454209897206779e-02,3.271736402364877616e-02,3.181481421682064159e-02,3.089815385513178247e-02,2.996885438190211026e-02,2.902857219470494909e-02
8.139784946236559016e-01,2.699028321015051191e-02,2.790097641571687159e-02,2.880539493746020474e-02,2.970212134795569003e-02,3.058990690483320840e-02,3.146770102675455760e-02,3.233468134669414962e-02,3.319028480985897200e-02,3.403424056207610127e-02,3.486660572926431056e-02,3.568780564696083513e-02,3.649868070144451915e-02,3.730054275331895486e-02,3.809524522617285802e-02,3.888527250431034199e-02,3.967385652380517325e-02,4.046513172334403885e-02,4.126434442761905963e-02,4.207814022177036595e-02,4.291496453865140115e-02,4.378563026190840368e-02,4.470413646811266517e-02,4.568887321727665984e-02,4.676443485012660162e-02,4.796442005432555167e-02,4.933588420066459257e-02,5.094666017906701594e-02,5.289786671846263832e-02,5.534623858818410458e-02,5.854602515481865943e-02,6.293204997092183284e-02,6.929383744804784584e-02,7.915519438233176164e-02,9.555430038342871413e-02,1.236391934655995950e-01,1.602216787191028669e-01,1.504326335210162680e-01,9.263324357809284149e-02,5.872560472812712873e-02,4.508014814532304571e-02,3.957830310923149408e-02,3.727255217287678279e-02,3.631792112649873117e-02,3.597512118462564690e-02,3.592185790658014577e-02,3.600727250833329895e-02,3.615678611247202801e-02,3.633207249041409126e-02,3.651297419409854639e-02,3.668882633034875607e-02,3.685408026579090057e-02,3.700600281323096485e-02,3.714342466476017179e-02,3.726604049837656252e-02,3.737400893141562541e-02,3.746772004967324765e-02,3.754765876796589685e-02,3.761432401092856814e-02,3.766818086081341610e-02,3.770963235470115027e-02,3.773900304711275133e-02,3.775652962583475603e-02,3.776235577043618452e-02,3.775652962583481154e-02,3.773900304711380604e-02,3.770963235470337072e-02,3.766818086081308303e-02,3.761432401092928979e-02,3.754765876796556379e-02,3.746772004967230396e-02,3.737400893141512581e-02,3.726604049837567434e-02,3.714342466476067139e-02,3.700600281323218610e-02,3.685408026579045648e-02,3.668882633034925567e-02,3.651297419409876843e-02,3.633207249041442433e-02,3.615678611247213903e-02,3.600727250833329895e-02,3.592185790658020128e-02,3.597512118462820041e-02,3.631792112649712134e-02,3.727255217288044653e-02,3.957830310923809991e-02,4.508014814531605130e-02,5.872560472813553867e-02,9.263324357805624576e-02,1.504326335210184329e-01,1.602216787190919312e-01,1.236391934655984848e-01,9.555430038342316301e-02,7.915519438232287985e-02,6.929383744804662459e-02,6.293204997092105568e-02,5.854602515481421854e-02,5.534623858818699116e-02,5.289786671846519184e-02,5.094666017906690492e-02,4.933588420066470359e-02,4.796442005432521860e-02,4.676443485012715673e-02,4.568887321727832518e-02,4.470413646811077779e-02,4.378563026190795959e-02,4.291496453865206728e-02,4.207814022176958879e-02,4.126434442761883759e-02,4.046513172334403885e-02,3.967385652380650551e-02,3.888527250431111915e-02,3.809524522617274700e-02,3.730054275331795566e-02,3.649868070144524079e-02,3.568780564696161228e-02,3.486660572926286727e-02,3.403424056207654536e-02,3.319028480985913854e-02,3.233468134669331695e-02,3.146770102675489067e-02,3.058990690483220920e-02,2.970212134795557901e-02,2.880539493746037127e-02,2.790097641571764875e-02,2.699028321015090048e-02
8.182795698924731909e-01,2.508205647685624040e-02,2.595984323032174412e-02,2.683551552899970938e-02,2.770794985791114051e-02,2.857619009977346858e-02,2.943948269850144017e-02,3.029731481748687560e-02,3.114945653169171047e-02,3.199600856727385922e-02,3.283745774742036216e-02,3.367474319013369355e-02,3.450933754338531001e-02,3.534334930611043868e-02,3.617965483894791667e-02,3.702207244570837608e-02,3.787559660317230126e-02,3.874671919082733895e-02,3.964387838710836665e-02,4.057809816781321466e-02,4.156391816068261136e-02,4.262077618836812576e-02,4.377511546941981191e-02,4.506368706881025421e-02,4.653889157099799778e-02,4.827773503118826248e-02,5.039747067001099090e-02,5.308420777786693190e-02,5.664797619682415686e-02,6.163443786082678510e-02,6.906109770575530327e-02,8.090521775990267006e-02,1.007440321937568273e-01,1.304081327595719708e-01,1.417059691217675277e-01,9.837278691468030745e-02,6.055181527887544546e-02,4.438050071858259948e-02,3.804755318863980995e-02,3.552184499053601119e-02,3.454723012063870557e-02,3.424817142063529829e-02,3.425641552125241462e-02,3.440534791489896493e-02,3.461520429343839522e-02,3.484628534311984271e-02,3.507842803931582321e-02,3.530141543619447209e-02,3.551025673726559972e-02,3.570276256815874127e-02,3.587825526534815790e-02,3.603686374249293056e-02,3.617912989626542730e-02,3.630578581829296825e-02,3.641762683674487633e-02,3.651543929129785759e-02,3.659995996038795107e-02,3.667185390643445952e-02,3.673170301829054019e-02,3.678000068265890876e-02,3.681714985214856739e-02,3.684346286415068894e-02,3.685916201756628263e-02,3.686438031361954915e-02,3.685916201756683774e-02,3.684346286415046690e-02,3.681714985214767921e-02,3.678000068265957490e-02,3.673170301828992956e-02,3.667185390643501464e-02,3.659995996038695187e-02,3.651543929129758004e-02,3.641762683674515388e-02,3.630578581829446705e-02,3.617912989626642650e-02,3.603686374249287505e-02,3.587825526534843545e-02,3.570276256815863025e-02,3.551025673726604381e-02,3.530141543619519373e-02,3.507842803931565667e-02,3.484628534312150805e-02,3.461520429343845073e-02,3.440534791489840982e-02,3.425641552125535672e-02,3.424817142063607545e-02,3.454723012063870557e-02,3.552184499053129274e-02,3.804755318863767277e-02,4.438050071858012924e-02,6.055181527887598669e-02,9.837278691465742297e-02,1.417059691217343043e-01,1.304081327595464357e-01,1.007440321937449479e-01,8.090521775990044961e-02,6.906109770575274975e-02,6.163443786082711817e-02,5.664797619682160335e-02,5.308420777786659883e-02,5.039747067001087988e-02,4.827773503118970577e-02,4.653889157099344587e-02,4.506368706881136443e-02,4.377511546941992293e-02,4.262077618836801474e-02,4.156391816068227829e-02,4.057809816781465795e-02,3.964387838710758949e-02,3.874671919082678384e-02,3.787559660317185717e-02,3.702207244570804301e-02,3.617965483894769463e-02,3.534334930611121584e-02,3.450933754338603165e-02,3.367474319013286088e-02,3.283745774742069523e-02,3.199600856727441434e-02,3.114945653169176598e-02,3.029731481748593191e-02,2.943948269850016342e-02,2.857619009977424573e-02,2.770794985790986376e-02,2.683551552899876569e-02,2.595984323032379804e-02,2.508205647685612938e-02
8.225806451612903691e-01,2.335062587160052772e-02,2.419568894310231144e-02,2.504237747586673946e-02,2.588991408508245495e-02,2.673770590475998965e-02,2.758538876361577019e-02,2.843287793118398632e-02,2.928042758002236123e-02,3.012870201949324755e-02,3.097886305002456320e-02,3.183267965158886881e-02,3.269266895277223028e-02,3.356228150343448791e-02,3.444615007547346952e-02,3.535043084931760449e-02,3.628328114704665319e-02,3.725554277999892916e-02,3.828174169585452091e-02,3.938158617464693201e-02,4.058227282780224598e-02,4.192214301161367729e-02,4.345667772899675096e-02,4.526870566126695028e-02,4.748654385896233787e-02,5.031780639130822852e-02,5.411569360781043336e-02,5.951519524731296862e-02,6.771731271774261707e-02,8.099956621266435342e-02,1.025318861195355646e-01,1.258130841798962285e-01,1.099125024278015256e-01,6.836666281276955470e-02,4.605894332207043085e-02,3.734844527082956112e-02,3.402430202275419369e-02,3.279975571471882567e-02,3.244587430728401722e-02,3.247106293015411538e-02,3.266302876606008709e-02,3.292422394423522025e-02,3.320784932564374570e-02,3.349095159995807425e-02,3.376232378233473552e-02,3.401674789435588098e-02,3.425212591001963736e-02,3.446799589806320840e-02,3.466474205934338970e-02,3.484316522990732468e-02,3.500424633477539071e-02,3.514901564126077238e-02,3.527848109906539520e-02,3.539359008943865348e-02,3.549521016799317419e-02,3.558412056835807968e-02,3.566100970153246452e-02,3.572647586637578421e-02,3.578102953500000849e-02,3.582509625014379528e-02,3.585901956994996809e-02,3.588306373176702868e-02,3.589741584696798382e-02,3.590218752166218774e-02,3.589741584696698462e-02,3.588306373176647357e-02,3.585901956995063422e-02,3.582509625014251853e-02,3.578102953499956440e-02,3.572647586637711647e-02,3.566100970153202043e-02,3.558412056835880133e-02,3.549521016799256357e-02,3.539359008943915308e-02,3.527848109906572827e-02,3.514901564126193811e-02,3.500424633477522418e-02,3.484316522990815734e-02,3.466474205934344521e-02,3.446799589806281983e-02,3.425212591001858264e-02,3.401674789435604751e-02,3.376232378233495757e-02,3.349095159996007265e-02,3.320784932564380121e-02,3.292422394423766274e-02,3.266302876606363981e-02,3.247106293015583622e-02,3.244587430728573807e-02,3.279975571471732687e-02,3.402430202275646964e-02,3.734844527082556431e-02,4.605894332207233210e-02,6.836666281276604362e-02,1.099125024278486545e-01,1.258130841798658639e-01,1.025318861195358977e-01,8.099956621266524159e-02,6.771731271774339422e-02,5.951519524730208843e-02,5.411569360781476323e-02,5.031780639131033794e-02,4.748654385896688979e-02,4.526870566126850459e-02,4.345667772899519665e-02,4.192214301161378831e-02,4.058227282780335621e-02,3.938158617464504463e-02,3.828174169585485398e-02,3.725554277999915120e-02,3.628328114704598706e-02,3.535043084931743795e-02,3.444615007547252583e-02,3.356228150343354422e-02,3.269266895277234131e-02,3.183267965158920187e-02,3.097886305002373053e-02,3.012870201949324755e-02,2.928042758002219470e-02,2.843287793118393081e-02,2.758538876361621428e-02,2.673770590476109987e-02,2.588991408508295455e-02,2.504237747586579577e-02,2.419568894310281104e-02,2.335062587160008363e-02
8.268817204301075474e-01,2.177579098323906281e-02,2.258930516471518990e-02,2.340793732135415528e-02,2.423132294698132627e-02,2.505932367208141276e-02,2.589208664186981590e-02,2.673011635253030871e-02,2.757436327617973637e-02,2.842633549042417052e-02,2.928824231849302961e-02,3.016318318411287391e-02,3.105540132159823052e-02,3.197063205448391621e-02,3.291659147967435084e-02,3.390367784708020471e-02,3.494600250916513051e-02,3.606294471290477643e-02,3.728156330778120697e-02,3.864045642782409917e-02,4.019615890005912018e-02,4.203417301297285302e-02,4.428884984610015341e-02,4.718100944047276535e-02,5.109277689122770916e-02,5.672245909523154772e-02,6.539927294470393448e-02,7.952363892023883718e-02,1.009337247816893823e-01,1.135688192466657864e-01,8.412919571098334548e-02,5.219196211843128014e-02,3.820849486802527228e-02,3.300496604398378553e-02,3.113520387594259642e-02,3.057135194049509508e-02,3.054853377463573327e-02,3.075549087999618347e-02,3.105629410657284595e-02,3.138841294036848195e-02,3.172221726794710595e-02,3.204364483451072054e-02,3.234630147725015004e-02,3.262766968748415097e-02,3.288721189347248997e-02,3.312539058292601757e-02,3.334315016545053023e-02,3.354163912614849252e-02,3.372206054690796151e-02,3.388559257882373110e-02,3.403334754194192735e-02,3.416635247834964861e-02,3.428554157424062998e-02,3.439175503126390421e-02,3.448574129657139276e-02,3.456816088393521724e-02,3.463959077860301328e-02,3.470052885883440075e-02,3.475139802275845069e-02,3.479254985703739145e-02,3.482426776832098225e-02,3.484676954512300195e-02,3.486020934229155932e-02,3.486467909121143682e-02,3.486020934229139279e-02,3.484676954512400116e-02,3.482426776832120430e-02,3.479254985703789105e-02,3.475139802275833967e-02,3.470052885883523341e-02,3.463959077860290225e-02,3.456816088393566133e-02,3.448574129657017151e-02,3.439175503126279398e-02,3.428554157424051896e-02,3.416635247834981515e-02,3.403334754194281553e-02,3.388559257882306497e-02,3.372206054690768395e-02,3.354163912614882559e-02,3.334315016544980859e-02,3.312539058292435223e-02,3.288721189347315610e-02,3.262766968748520569e-02,3.234630147725181537e-02,3.204364483451077605e-02,3.172221726795038110e-02,3.138841294036753826e-02,3.105629410657401168e-02,3.075549087999535081e-02,3.054853377463495612e-02,3.057135194049354077e-02,3.113520387593970984e-02,3.300496604397731848e-02,3.820849486801861095e-02,5.219196211844768368e-02,8.412919571098795291e-02,1.135688192466848268e-01,1.009337247816878280e-01,7.952363892024294501e-02,6.539927294469749519e-02,5.672245909522910523e-02,5.109277689122926347e-02,4.718100944047520784e-02,4.428884984610348408e-02,4.203417301297518449e-02,4.019615890005845404e-02,3.864045642782565348e-02,3.728156330778065186e-02,3.606294471290533155e-02,3.494600250916474193e-02,3.390367784707837284e-02,3.291659147967535004e-02,3.197063205448430478e-02,3.105540132159823052e-02,3.016318318411193022e-02,2.928824231849386228e-02,2.842633549042472563e-02,2.757436327617907024e-02,2.673011635253003115e-02,2.589208664186909425e-02,2.505932367208163480e-02,2.423132294698210343e-02,2.340793732135437732e-02,2.258930516471635563e-02,2.177579098323922935e-02
8.311827956989248367e-01,2.032473709257176520e-02,2.110829051184798244e-02,2.190041803977937906e-02,2.270126713100245608e-02,2.351128906304045252e-02,2.433132494899337139e-02,2.516271482476184485e-02,2.600743867843358093e-02,2.686830246949523104e-02,2.774918863609066033e-02,2.865540074780914548e-02,2.959414832751261493e-02,3.057524489608365315e-02,3.161213818010605303e-02,3.272347171048856085e-02,3.393552228796359316e-02,3.528613039932576578e-02,3.683127336175440192e-02,3.865651824190352581e-02,4.089791362822536858e-02,4.378205156640746498e-02,4.770682151336014254e-02,5.340978822790476421e-02,6.230180650329208980e-02,7.679024819958391035e-02,9.697327361124885581e-02,9.970200730718306592e-02,6.682167434109331783e-02,4.265965828806886351e-02,3.315001310972548465e-02,2.977895628520874083e-02,2.869237627490522913e-02,2.849786351475586121e-02,2.866760328488432430e-02,2.898527063308870000e-02,2.935625622464421713e-02,2.973737499855588773e-02,3.010860846978019589e-02,3.046089874073265591e-02,3.079055229923527426e-02,3.109654794468608152e-02,3.137919219452106612e-02,3.163942886708620561e-02,3.187847825949119418e-02,3.209764739102732856e-02,3.229823106859219806e-02,3.248146192646711450e-02,3.264848707630557678e-02,3.280035918214119217e-02,3.293803522647476001e-02,3.306237921360599685e-02,3.317416671308193177e-02,3.327409007859144507e-02,3.336276370690716142e-02,3.344072900274830396e-02,3.350845888622550062e-02,3.356636177521105102e-02,3.361478502681924940e-02,3.365401784886462577e-02,3.368429370404468770e-02,3.370579223310143924e-02,3.371864072194602491e-02,3.372291513378217198e-02,3.371864072194469264e-02,3.370579223310038453e-02,3.368429370404446566e-02,3.365401784886473679e-02,3.361478502681924940e-02,3.356636177521049591e-02,3.350845888622500102e-02,3.344072900274691618e-02,3.336276370690904880e-02,3.327409007859177814e-02,3.317416671308109910e-02,3.306237921360499765e-02,3.293803522647537063e-02,3.280035918214202484e-02,3.264848707630396696e-02,3.248146192646650388e-02,3.229823106859336379e-02,3.209764739102732856e-02,3.187847825949058356e-02,3.163942886708603908e-02,3.137919219451995589e-02,3.109654794468480477e-02,3.079055229923804982e-02,3.046089874073260040e-02,3.010860846978230532e-02,2.973737499855472199e-02,2.935625622464760331e-02,2.898527063308875551e-02,2.866760328488465737e-02,2.849786351475719348e-02,2.869237627490567322e-02,2.977895628520541016e-02,3.315001310972556792e-02,4.265965828807292970e-02,6.682167434108808590e-02,9.970200730721634486e-02,9.697327361127483503e-02,7.679024819959034964e-02,6.230180650329786296e-02,5.340978822789599345e-02,4.770682151336280707e-02,4.378205156640746498e-02,4.089791362822658982e-02,3.865651824190607933e-02,3.683127336175395783e-02,3.528613039932765316e-02,3.393552228796486991e-02,3.272347171048817227e-02,3.161213818010494281e-02,3.057524489608426377e-02,2.959414832751244839e-02,2.865540074780875690e-02,2.774918863608993869e-02,2.686830246949495349e-02,2.600743867843380297e-02,2.516271482476256649e-02,2.433132494899381548e-02,2.351128906304067456e-02,2.270126713100223403e-02,2.190041803978004520e-02,2.110829051184820448e-02,2.032473709257204275e-02
8.354838709677420150e-01,1.900468717851250267e-02,1.976170275477362459e-02,2.053098813099629716e-02,2.131336126157090671e-02,2.211008070353648325e-02,2.292298033844053506e-02,2.375464795905185555e-02,2.460866669337447021e-02,2.548994822183298092e-02,2.640520290979425644e-02,2.736361882414573010e-02,2.837786744754022816e-02,2.946563464753332307e-02,3.065202261189381439e-02,3.197344697465281937e-02,3.348420284789888068e-02,3.526800747018704607e-02,3.745927960296113746e-02,4.028445414625569931e-02,4.414641894459980787e-02,4.980272408956654129e-02,5.871580059341563462e-02,7.328095535085576984e-02,9.206347924991786780e-02,8.784339580890668242e-02,5.552541354310924077e-02,3.643190660204589926e-02,2.942615682257390675e-02,2.708248775331492664e-02,2.644663420573839518e-02,2.647128886939215109e-02,2.675959495042584679e-02,2.714885024523971957e-02,2.756819883448752284e-02,2.798569400883077485e-02,2.838691326890108169e-02,2.876569012767293820e-02,2.911986027709956293e-02,2.944921858814725235e-02,2.975450360728881805e-02,3.003688069153226392e-02,3.029767570394059639e-02,3.053823806248406880e-02,3.075987187501610931e-02,3.096380331562825772e-02,3.115116731954653551e-02,3.132300445388574994e-02,3.148026297277650709e-02,3.162380332193437393e-02,3.175440360203740653e-02,3.187276519293386068e-02,3.197951812779198377e-02,3.207522602210444163e-02,3.216039048117214083e-02,3.223545497332630516e-02,3.230080818830588507e-02,3.235678691471444157e-02,3.240367847501524068e-02,3.244172275575551989e-02,3.247111386720225035e-02,3.249200146162123382e-02,3.250449173416347648e-02,3.250864812477394228e-02,3.250449173416436466e-02,3.249200146162206648e-02,3.247111386720319404e-02,3.244172275575618603e-02,3.240367847501551823e-02,3.235678691471538526e-02,3.230080818830682876e-02,3.223545497332541698e-02,3.216039048117219634e-02,3.207522602210344242e-02,3.197951812779192826e-02,3.187276519293347210e-02,3.175440360203757306e-02,3.162380332193359678e-02,3.148026297277711771e-02,3.132300445388708221e-02,3.115116731954747920e-02,3.096380331562847976e-02,3.075987187501560971e-02,3.053823806248395778e-02,3.029767570394154008e-02,3.003688069153176432e-02,2.975450360728870702e-02,2.944921858814530946e-02,2.911986027710017355e-02,2.876569012767160594e-02,2.838691326890024902e-02,2.798569400883160752e-02,2.756819883448791142e-02,2.714885024524033019e-02,2.675959495042662395e-02,2.647128886939298376e-02,2.644663420573828416e-02,2.708248775331256741e-02,2.942615682256077836e-02,3.643190660204072284e-02,5.552541354309559890e-02,8.784339580890879184e-02,9.206347924988966813e-02,7.328095535085887846e-02,5.871580059343173286e-02,4.980272408956865071e-02,4.414641894459958582e-02,4.028445414625492216e-02,3.745927960296457915e-02,3.526800747018837834e-02,3.348420284790115664e-02,3.197344697465281937e-02,3.065202261189431399e-02,2.946563464753326755e-02,2.837786744754045021e-02,2.736361882414523050e-02,2.640520290979375684e-02,2.548994822183170417e-02,2.460866669337480328e-02,2.375464795905174453e-02,2.292298033843986893e-02,2.211008070353681632e-02,2.131336126157068467e-02,2.053098813099563102e-02,1.976170275477223681e-02,1.900468717851216960e-02
8.397849462365591933e-01,1.779919983699967956e-02,1.853416478100089471e-02,1.928571717086463577e-02,2.005561455237825363e-02,2.084629676105953511e-02,2.166111438053625049e-02,2.250464523149137142e-02,2.338314234154592608e-02,2.430518293721412038e-02,2.528263276617787048e-02,2.633211932866580396e-02,2.747735296102105096e-02,2.875291183429368180e-02,3.021065838318154340e-02,3.193110459586889771e-02,3.404456247586140627e-02,3.677269714203157402e-02,4.051473379287906518e-02,4.603282334092817507e-02,5.482319124183188119e-02,6.932766994962413776e-02,8.721331823493833069e-02,7.900673017547139854e-02,4.800493039987693833e-02,3.196750176852530823e-02,2.639391569503277135e-02,2.464498463290604180e-02,2.427521230948975761e-02,2.443212319220411377e-02,2.479421768513123681e-02,2.523017293624263413e-02,2.568316845183177266e-02,2.612790143021131994e-02,2.655322097885698396e-02,2.695460548565570269e-02,2.733071609990955775e-02,2.768174738385925648e-02,2.800861233564205799e-02,2.831253135703198920e-02,2.859482337115815120e-02,2.885680065330137323e-02,2.909971775906922131e-02,2.932474887410335684e-02,2.953298002704807246e-02,2.972540890567954008e-02,2.990294836170914738e-02,3.006643149709525842e-02,3.021661721293505964e-02,3.035419564573904605e-02,3.047979321508187400e-02,3.059397716957101832e-02,3.069725960486435756e-02,3.079010097151974046e-02,3.087291311067763555e-02,3.094606186275350446e-02,3.100986929449278673e-02,3.106461558647305443e-02,3.111054061829549022e-02,3.114784528331332458e-02,3.117669255950500373e-02,3.119720835805162018e-02,3.120948216657970509e-02,3.121356749983128509e-02,3.120948216658170349e-02,3.119720835805217529e-02,3.117669255950561435e-02,3.114784528331265845e-02,3.111054061829560125e-02,3.106461558647410914e-02,3.100986929449356388e-02,3.094606186275317139e-02,3.087291311067735800e-02,3.079010097151946290e-02,3.069725960486541227e-02,3.059397716957107383e-02,3.047979321508048622e-02,3.035419564573760276e-02,3.021661721293411595e-02,3.006643149709625762e-02,2.990294836170909187e-02,2.972540890567948457e-02,2.953298002704785041e-02,2.932474887410335684e-02,2.909971775906872171e-02,2.885680065330176181e-02,2.859482337115820672e-02,2.831253135703198920e-02,2.800861233564244657e-02,2.768174738385997813e-02,2.733071609990933570e-02,2.695460548565536962e-02,2.655322097885703947e-02,2.612790143021187506e-02,2.568316845183116204e-02,2.523017293624313373e-02,2.479421768513140334e-02,2.443212319220289253e-02,2.427521230949125641e-02,2.464498463290715202e-02,2.639391569503291013e-02,3.196750176851470560e-02,4.800493039987317745e-02,7.900673017551108901e-02,8.721331823493627677e-02,6.932766994961458984e-02,5.482319124182344350e-02,4.603282334092995143e-02,4.051473379287950927e-02,3.677269714203035278e-02,3.404456247586529205e-02,3.193110459586967487e-02,3.021065838318054420e-02,2.875291183429268260e-02,2.747735296102105096e-02,2.633211932866513783e-02,2.528263276617886968e-02,2.430518293721378731e-02,2.338314234154587057e-02,2.250464523149109386e-02,2.166111438053686111e-02,2.084629676106053431e-02,2.005561455237891977e-02,1.928571717086419168e-02,1.853416478100033959e-02,1.779919983699873587e-02
8.440860215053764826e-01,1.670469716797851056e-02,1.742403863271119180e-02,1.816550498950580961e-02,1.893227169690314682e-02,1.972864016124697972e-02,2.056045896074970569e-02,2.143573580708041382e-02,2.236554934983980836e-02,2.336544625380132523e-02,2.445764963693575211e-02,2.567467471414935920e-02,2.706548827575427918e-02,2.870648695329264255e-02,3.072209390415148178e-02,3.332566961570515573e-02,3.690571451002855330e-02,4.221569562589289060e-02,5.077110745875834663e-02,6.514836787115285688e-02,8.296620806029997297e-02,7.318704344343164581e-02,4.298583707289624356e-02,2.857954773053809905e-02,2.378642274838582704e-02,2.236845733338541087e-02,2.214830778494103480e-02,2.238012249366316819e-02,2.278478640019010459e-02,2.324889558599663175e-02,2.372366202549308634e-02,2.418753506530391117e-02,2.463114765995150224e-02,2.505081275087950310e-02,2.544555244252483250e-02,2.581568161433744901e-02,2.616211153745201523e-02,2.648600104959958346e-02,2.678858099248576652e-02,2.707106708115519789e-02,2.733461857310892640e-02,2.758032076071215144e-02,2.780917974209934362e-02,2.802212333225045926e-02,2.822000483684494743e-02,2.840360794951640733e-02,2.857365186842125704e-02,2.873079618361840115e-02,2.887564533408809586e-02,2.900875256564922067e-02,2.913062338936006634e-02,2.924171857300417177e-02,2.934245671185453652e-02,2.943321642807139593e-02,2.951433824594551503e-02,2.958612618565586994e-02,2.964884911267334777e-02,2.970274187440813396e-02,2.974800625047785418e-02,2.978481173823871453e-02,2.981329619113537444e-02,2.983356632370082195e-02,2.984569809393838868e-02,2.984973697104986723e-02,2.984569809393861073e-02,2.983356632370148809e-02,2.981329619113565199e-02,2.978481173823843697e-02,2.974800625047668845e-02,2.970274187440991032e-02,2.964884911267329226e-02,2.958612618565525931e-02,2.951433824594523747e-02,2.943321642807189553e-02,2.934245671185575777e-02,2.924171857300444932e-02,2.913062338936051043e-02,2.900875256564927618e-02,2.887564533408665257e-02,2.873079618361751297e-02,2.857365186842208971e-02,2.840360794951535262e-02,2.822000483684461436e-02,2.802212333224923801e-02,2.780917974209901056e-02,2.758032076071137428e-02,2.733461857310925947e-02,2.707106708115586402e-02,2.678858099248587754e-02,2.648600104959913937e-02,2.616211153745140461e-02,2.581568161433772657e-02,2.544555244252560966e-02,2.505081275087867043e-02,2.463114765995277899e-02,2.418753506530380015e-02,2.372366202549336389e-02,2.324889558599707584e-02,2.278478640018899437e-02,2.238012249366394535e-02,2.214830778494186747e-02,2.236845733338391207e-02,2.378642274839132265e-02,2.857954773053848763e-02,4.298583707289113653e-02,7.318704344341105117e-02,8.296620806029153528e-02,6.514836787115774186e-02,5.077110745875501596e-02,4.221569562588756153e-02,3.690571451002500059e-02,3.332566961570437858e-02,3.072209390415375774e-02,2.870648695329308664e-02,2.706548827575516736e-02,2.567467471414819347e-02,2.445764963693586314e-02,2.336544625380138074e-02,2.236554934984097409e-02,2.143573580708113546e-02,2.056045896075003876e-02,1.972864016124636910e-02,1.893227169690320233e-02,1.816550498950619819e-02,1.742403863271119180e-02,1.670469716797778892e-02
8.483870967741935498e-01,1.572818900001532461e-02,1.644137704535814093e-02,1.718445586213646070e-02,1.796291700566127192e-02,1.878424409667778239e-02,1.965876511808672955e-02,2.060096113970782961e-02,2.163154004034117950e-02,2.278084125251617076e-02,2.409465673002625374e-02,2.564465482966943322e-02,2.754806401168607977e-02,3.000713922933007094e-02,3.339354861862192658e-02,3.843904473008152856e-02,4.665802441788080568e-02,6.082305684467181894e-02,7.939466097531927558e-02,7.009356665593717561e-02,3.978080434156694434e-02,2.593660370943587368e-02,2.148427673990799258e-02,2.022060136223119420e-02,2.007036460213607043e-02,2.033633674928225776e-02,2.076021726366766851e-02,2.123767189228187302e-02,2.172397243882134843e-02,2.219939597717363045e-02,2.265536549513003095e-02,2.308848611805286444e-02,2.349782970941205473e-02,2.388364404929310680e-02,2.424672003126820963e-02,2.458807567294912788e-02,2.490879764281422881e-02,2.520996294232275003e-02,2.549260195062741374e-02,2.575768288276636397e-02,2.600610721150758975e-02,2.623871051683623890e-02,2.645626582182020181e-02,2.665948786502397860e-02,2.684903751281442208e-02,2.702552592399148912e-02,2.718951829987698021e-02,2.734153717000809003e-02,2.748206522304685873e-02,2.761154772041668481e-02,2.773039454075021393e-02,2.783898190479505708e-02,2.793765382734259006e-02,2.802672333775041436e-02,2.810647350493256091e-02,2.817715829714939613e-02,2.823900330178780171e-02,2.829220632583756556e-02,2.833693789382035755e-02,2.837334165663801810e-02,2.840153472197348705e-02,2.842160791457143398e-02,2.843362597265230995e-02,2.843762768511598482e-02,2.843362597265119973e-02,2.842160791457226665e-02,2.840153472197448625e-02,2.837334165663707441e-02,2.833693789382085715e-02,2.829220632583739903e-02,2.823900330178652496e-02,2.817715829714928510e-02,2.810647350493278296e-02,2.802672333775141356e-02,2.793765382734314517e-02,2.783898190479555668e-02,2.773039454075076904e-02,2.761154772041524152e-02,2.748206522304796895e-02,2.734153717000781247e-02,2.718951829987703572e-02,2.702552592399160014e-02,2.684903751281553230e-02,2.665948786502314594e-02,2.645626582181992426e-02,2.623871051683657196e-02,2.600610721150825588e-02,2.575768288276536477e-02,2.549260195062719170e-02,2.520996294232186186e-02,2.490879764281389575e-02,2.458807567294979401e-02,2.424672003126915332e-02,2.388364404929316231e-02,2.349782970941255433e-02,2.308848611805336404e-02,2.265536549513241793e-02,2.219939597717440760e-02,2.172397243882112639e-02,2.123767189228253915e-02,2.076021726366766851e-02,2.033633674928247981e-02,2.007036460213734719e-02,2.022060136223291504e-02,2.148427673990274678e-02,2.593660370943529081e-02,3.978080434156115730e-02,7.009356665592401947e-02,7.939466097533193212e-02,6.082305684465838524e-02,4.665802441788391430e-02,3.843904473007742073e-02,3.339354861862092738e-02,3.000713922932812805e-02,2.754806401168691243e-02,2.564465482966971077e-02,2.409465673002519903e-02,2.278084125251728098e-02,2.163154004034301137e-02,2.060096113970766307e-02,1.965876511808661853e-02,1.878424409667767137e-02,1.796291700566104987e-02,1.718445586213585008e-02,1.644137704535819644e-02,1.572818900001504705e-02
8.526881720430108391e-01,1.487559788656495074e-02,1.559668951843495854e-02,1.635953006882340244e-02,1.717373255850446201e-02,1.805273927784256660e-02,1.901574591701615802e-02,2.009086585263170077e-02,2.132055157130724465e-02,2.277133226692790169e-02,2.455228424521660457e-02,2.685232943570109443e-02,3.002097199541342576e-02,3.475514830264786470e-02,4.253868119221015931e-02,5.633711550559961090e-02,7.622697103717862577e-02,6.951338421414049451e-02,3.813229387652485036e-02,2.391867167426725560e-02,1.945636862260577415e-02,1.820846740404771791e-02,1.806460141317006718e-02,1.833098430157703573e-02,1.875366104555009628e-02,1.923064573837085511e-02,1.971825093375456639e-02,2.019711524300449312e-02,2.065869260905311977e-02,2.109946549295693696e-02,2.151831753690386373e-02,2.191528633721356867e-02,2.229095201635877821e-02,2.264613142427551740e-02,2.298172419000865663e-02,2.329863605766308021e-02,2.359774214613491461e-02,2.387987092335819295e-02,2.414579882803985500e-02,2.439625019980062870e-02,2.463189967583234719e-02,2.485337555238303908e-02,2.506126333605018797e-02,2.525610910520337260e-02,2.543842251601524662e-02,2.560867940145805655e-02,2.576732396998093755e-02,2.591477063820901705e-02,2.605140554273904785e-02,2.617758777802858816e-02,2.629365040461506542e-02,2.639990126726993180e-02,2.649662365727623037e-02,2.658407684769031887e-02,2.666249652558666527e-02,2.673209514085056471e-02,2.679306218743887635e-02,2.684556442977004131e-02,2.688974608433647440e-02,2.692572896439598962e-02,2.695361259386758190e-02,2.697347429506602445e-02,2.698536925372041484e-02,2.698933056379371198e-02,2.698536925372074791e-02,2.697347429506602445e-02,2.695361259386769293e-02,2.692572896439426877e-02,2.688974608433575275e-02,2.684556442976948620e-02,2.679306218743893186e-02,2.673209514085062022e-02,2.666249652558727590e-02,2.658407684769076296e-02,2.649662365727550872e-02,2.639990126726948771e-02,2.629365040461528746e-02,2.617758777802825509e-02,2.605140554273938092e-02,2.591477063820901705e-02,2.576732396998093755e-02,2.560867940145800103e-02,2.543842251601496907e-02,2.525610910520287300e-02,2.506126333605041001e-02,2.485337555238253948e-02,2.463189967583223616e-02,2.439625019980173892e-02,2.414579882804074318e-02,2.387987092335747130e-02,2.359774214613435950e-02,2.329863605766252510e-02,2.298172419000993338e-02,2.264613142427468473e-02,2.229095201635844514e-02,2.191528633721406827e-02,2.151831753690258697e-02,2.109946549295627083e-02,2.065869260905317528e-02,2.019711524300576988e-02,1.971825093375401128e-02,1.923064573837185431e-02,1.875366104554893054e-02,1.833098430157686920e-02,1.806460141317206558e-02,1.820846740404907793e-02,1.945636862260646804e-02,2.391867167426374452e-02,3.813229387653525870e-02,6.951338421409286594e-02,7.622697103718345524e-02,5.633711550559150627e-02,4.253868119220483024e-02,3.475514830264547772e-02,3.002097199541797767e-02,2.685232943570275976e-02,2.455228424521577191e-02,2.277133226692817924e-02,2.132055157130824385e-02,2.009086585263225588e-02,1.901574591701621353e-02,1.805273927784351029e-02,1.717373255850435099e-02,1.635953006882329142e-02,1.559668951843523610e-02,1.487559788656506177e-02
8.569892473118280174e-01,1.416340328431414664e-02,1.491462209625865620e-02,1.572731265835697334e-02,1.661917078724595154e-02,1.761606352235739470e-02,1.875700611352371094e-02,2.010311143708509718e-02,2.175460245055743647e-02,2.388531328700194134e-02,2.681801975615388800e-02,3.120216242521023364e-02,3.845403386758483588e-02,5.165043186761919536e-02,7.293836547897020184e-02,7.125159364021438346e-02,3.805956004500554019e-02,2.251985491094760095e-02,1.771568496361758394e-02,1.635839539362982098e-02,1.616408922795128933e-02,1.640030328080285815e-02,1.680271921436610194e-02,1.726583762218458773e-02,1.774441478959210006e-02,1.821820089166731327e-02,1.867803855658711765e-02,1.911993963421415588e-02,1.954240236610188530e-02,1.994513766062805393e-02,2.032844297252806021e-02,2.069288732101520756e-02,2.103915109403409200e-02,2.136794488709597983e-02,2.167996939975808113e-02,2.197589682310641113e-02,2.225636342580994409e-02,2.252196784853871536e-02,2.277327215982966058e-02,2.301080409682154659e-02,2.323505966185257510e-02,2.344650565604811110e-02,2.364558195585025890e-02,2.383270346012006380e-02,2.400826169951980615e-02,2.417262613167309171e-02,2.432614515944453437e-02,2.446914691375456918e-02,2.460193984131603395e-02,2.472481313407881576e-02,2.483803703263004481e-02,2.494186303104317659e-02,2.503652400613776141e-02,2.512223428999327268e-02,2.519918970102430489e-02,2.526756754583242559e-02,2.532752660149867330e-02,2.537920708584456841e-02,2.542273062148797669e-02,2.545820019808048285e-02,2.548570013604029016e-02,2.550529605421991697e-02,2.551703484319739479e-02,2.552094464545728858e-02,2.551703484319733928e-02,2.550529605421947288e-02,2.548570013604045670e-02,2.545820019807887302e-02,2.542273062148814322e-02,2.537920708584534557e-02,2.532752660149878432e-02,2.526756754583225906e-02,2.519918970102436040e-02,2.512223428999288410e-02,2.503652400613742834e-02,2.494186303104350966e-02,2.483803703263048890e-02,2.472481313407925985e-02,2.460193984131620049e-02,2.446914691375301487e-02,2.432614515944414579e-02,2.417262613167364682e-02,2.400826169951980615e-02,2.383270346011945318e-02,2.364558195585048095e-02,2.344650565604944337e-02,2.323505966185346328e-02,2.301080409682065842e-02,2.277327215982821729e-02,2.252196784853832678e-02,2.225636342581033267e-02,2.197589682310674419e-02,2.167996939975797011e-02,2.136794488709692352e-02,2.103915109403414752e-02,2.069288732101487449e-02,2.032844297252839327e-02,1.994513766062888660e-02,1.954240236610071957e-02,1.911993963421265708e-02,1.867803855658639600e-02,1.821820089166692469e-02,1.774441478959359886e-02,1.726583762218442120e-02,1.680271921436504723e-02,1.640030328080371858e-02,1.616408922795070646e-02,1.635839539362737849e-02,1.771568496361747291e-02,2.251985491093627667e-02,3.805956004499744250e-02,7.125159364020625108e-02,7.293836547897980527e-02,5.165043186761464344e-02,3.845403386758505793e-02,3.120216242521361982e-02,2.681801975615621947e-02,2.388531328700121970e-02,2.175460245055738095e-02,2.010311143708443105e-02,1.875700611352315583e-02,1.761606352235817186e-02,1.661917078724561847e-02,1.572731265835680681e-02,1.491462209625787905e-02,1.416340328431403561e-02
8.612903225806451957e-01,1.364217213429175235e-02,1.446229436541657254e-02,1.537998775147692010e-02,1.643078260896135845e-02,1.767020530538943035e-02,1.918914479036731846e-02,2.114504428122504498e-02,2.383028623796412671e-02,2.783554963801909699e-02,3.447037223145471563e-02,4.677785150084290411e-02,6.891143034213664809e-02,7.488049868307503076e-02,3.980388946206017686e-02,2.181301636957092005e-02,1.630449313069366746e-02,1.471339149350120445e-02,1.441596388232818660e-02,1.459495822061171455e-02,1.496070033980301250e-02,1.539851130872504914e-02,1.585918416865905733e-02,1.632046405177495219e-02,1.677202916021253154e-02,1.720913321221823056e-02,1.762973428820863164e-02,1.803313118126259607e-02,1.841929055765717527e-02,1.878850587118108262e-02,1.914122165388826291e-02,1.947794264603169845e-02,1.979918734747754261e-02,2.010546510300581513e-02,2.039726567547162084e-02,2.067505536660935173e-02,2.093927645910309554e-02,2.119034822417953379e-02,2.142866854783603836e-02,2.165461567773846463e-02,2.186854984289432480e-02,2.207081463680438116e-02,2.226173813031023796e-02,2.244163372012569768e-02,2.261080073836563287e-02,2.276952485641819957e-02,2.291807831814413055e-02,2.305672003571718198e-02,2.318569557822880434e-02,2.330523707930520771e-02,2.341556308601688841e-02,2.351687836772597961e-02,2.360937370007409886e-02,2.369322563646114599e-02,2.376859627677718745e-02,2.383563304104657776e-02,2.389446845393022878e-02,2.394521994451026536e-02,2.398798966469939398e-02,2.402286432870798238e-02,2.404991507521814231e-02,2.406919735350443457e-02,2.408075083423766305e-02,2.408459934549078696e-02,2.408075083423799612e-02,2.406919735350321332e-02,2.404991507521736516e-02,2.402286432870764932e-02,2.398798966469983807e-02,2.394521994450821145e-02,2.389446845393028429e-02,2.383563304104635572e-02,2.376859627677618825e-02,2.369322563646164559e-02,2.360937370007415437e-02,2.351687836772564655e-02,2.341556308601810965e-02,2.330523707930443056e-02,2.318569557822869331e-02,2.305672003571590523e-02,2.291807831814429708e-02,2.276952485641814405e-02,2.261080073836413407e-02,2.244163372012630830e-02,2.226173813031051552e-02,2.207081463680432565e-02,2.186854984289454684e-02,2.165461567773935281e-02,2.142866854783553876e-02,2.119034822417881214e-02,2.093927645910331758e-02,2.067505536660935173e-02,2.039726567547062164e-02,2.010546510300614820e-02,1.979918734747698750e-02,1.947794264603208703e-02,1.914122165388809638e-02,1.878850587118074955e-02,1.841929055765734180e-02,1.803313118126248504e-02,1.762973428820813204e-02,1.720913321221673176e-02,1.677202916021169887e-02,1.632046405177411952e-02,1.585918416865905733e-02,1.539851130872516016e-02,1.496070033980340108e-02,1.459495822061226966e-02,1.441596388232754822e-02,1.471339149350278652e-02,1.630449313069722017e-02,2.181301636957133638e-02,3.980388946203838180e-02,7.488049868306601020e-02,6.891143034214386454e-02,4.677785150083213495e-02,3.447037223145277274e-02,2.783554963802292725e-02,2.383028623796795697e-02,2.114504428122521151e-02,1.918914479036631926e-02,1.767020530538948586e-02,1.643078260896124743e-02,1.537998775147692010e-02,1.446229436541712765e-02,1.364217213429314013e-02
8.655913978494624850e-01,1.339676765359909538e-02,1.435958740166387582e-02,1.549442092924713243e-02,1.688271987074801972e-02,1.866502219789561989e-02,2.110140846291264083e-02,2.471663696211284789e-02,3.068285574400086979e-02,4.185252559073693313e-02,6.378730421393108418e-02,7.942823137803300959e-02,4.389771204504166330e-02,2.197796397028517479e-02,1.529638452801590498e-02,1.332512160631924014e-02,1.286774656691400121e-02,1.296251101312476117e-02,1.327626367857231982e-02,1.367864785186473364e-02,1.411384136452431548e-02,1.455639304261585609e-02,1.499424315125696960e-02,1.542159778217011556e-02,1.583572459647231145e-02,1.623543161163693016e-02,1.662031407203368172e-02,1.699036975389156545e-02,1.734579824477755494e-02,1.768689505176807009e-02,1.801399577303097743e-02,1.832744713057199437e-02,1.862759252635720619e-02,1.891476542971282093e-02,1.918928691555166210e-02,1.945146531448194160e-02,1.970159684640410136e-02,1.993996662064528858e-02,2.016684967544374318e-02,2.038251189385981155e-02,2.058721072592506474e-02,2.078119569814179668e-02,2.096470871885230958e-02,2.113798420149615165e-02,2.130124903332986097e-02,2.145472241830459481e-02,2.159861562137199709e-02,2.173313163906914758e-02,2.185846481807340869e-02,2.197480044038513380e-02,2.208231429074719587e-02,2.218117221918897153e-02,2.227152970916579378e-02,2.235353145963131505e-02,2.242731098760308850e-02,2.249299025622802928e-02,2.255067933216603482e-02,2.260047607505299982e-02,2.264246586103380032e-02,2.267672134170067855e-02,2.270330223933825220e-02,2.272225517901310665e-02,2.273361355780800785e-02,2.273739745136926782e-02,2.273361355780839643e-02,2.272225517901255154e-02,2.270330223933703095e-02,2.267672134170090059e-02,2.264246586103357828e-02,2.260047607505299982e-02,2.255067933216570175e-02,2.249299025622869541e-02,2.242731098760297748e-02,2.235353145963164812e-02,2.227152970916634889e-02,2.218117221918952664e-02,2.208231429074808405e-02,2.197480044038546687e-02,2.185846481807351971e-02,2.173313163906948065e-02,2.159861562137238566e-02,2.145472241830442828e-02,2.130124903332974995e-02,2.113798420149559654e-02,2.096470871885264264e-02,2.078119569814174117e-02,2.058721072592534229e-02,2.038251189386008910e-02,2.016684967544357665e-02,1.993996662064551062e-02,1.970159684640387932e-02,1.945146531448194160e-02,1.918928691555132904e-02,1.891476542971304298e-02,1.862759252635676210e-02,1.832744713057221642e-02,1.801399577303025579e-02,1.768689505176829213e-02,1.734579824477672227e-02,1.699036975389239812e-02,1.662031407203351518e-02,1.623543161163731874e-02,1.583572459647353270e-02,1.542159778217067068e-02,1.499424315125791329e-02,1.455639304261624467e-02,1.411384136452298321e-02,1.367864785186520549e-02,1.327626367857365208e-02,1.296251101312445586e-02,1.286774656691352936e-02,1.332512160631724174e-02,1.529638452802149773e-02,2.197796397027117904e-02,4.389771204504558377e-02,7.942823137802307309e-02,6.378730421392031502e-02,4.185252559072771827e-02,3.068285574399759463e-02,2.471663696210896211e-02,2.110140846291508332e-02,1.866502219789467620e-02,1.688271987074679847e-02,1.549442092924829817e-02,1.435958740166387582e-02,1.339676765359959498e-02
8.698924731182796632e-01,1.350873298624666319e-02,1.476645249964142481e-02,1.637465718501629475e-02,1.856010782472372611e-02,2.177743447026841972e-02,2.704070144483899929e-02,3.687946084575133288e-02,5.736150165820996794e-02,8.269165924549776170e-02,5.108552723174571153e-02,2.328598611723387002e-02,1.474971180723236297e-02,1.219811874166933097e-02,1.150621477557414729e-02,1.148176053718399925e-02,1.172356348043437912e-02,1.207714727580230796e-02,1.247671443762571331e-02,1.289212263822336890e-02,1.330885165400136350e-02,1.371968901927150819e-02,1.412101359055134564e-02,1.451103399877345934e-02,1.488891427555000257e-02,1.525432410041005493e-02,1.560720129008980051e-02,1.594762415738176786e-02,1.627574233767747902e-02,1.659173937689206735e-02,1.689581280646440531e-02,1.718816389869953776e-02,1.746899275645952265e-02,1.773849628786555721e-02,1.799686767717323388e-02,1.824429656558368418e-02,1.848096950242100744e-02,1.870707042800423547e-02,1.892278106631456458e-02,1.912828117310194642e-02,1.932374862350511036e-02,1.950935934452452392e-02,1.968528710862188502e-02,1.985170320969542601e-02,2.000877604403411558e-02,2.015667061826997841e-02,2.029554800467209263e-02,2.042556476196122350e-02,2.054687233742918950e-02,2.065961646387964867e-02,2.076393656264702292e-02,2.085996516204524642e-02,2.094782733873373770e-02,2.102764018803060520e-02,2.109951232782081298e-02,2.116354343962523199e-02,2.121982384950488187e-02,2.126843415064266773e-02,2.130944486896335643e-02,2.134291617262040752e-02,2.136889762586569042e-02,2.138742798757653496e-02,2.139853505455674432e-02,2.140223554964010289e-02,2.139853505455785454e-02,2.138742798757659047e-02,2.136889762586524633e-02,2.134291617262001894e-02,2.130944486896241274e-02,2.126843415064222365e-02,2.121982384950632516e-02,2.116354343962623119e-02,2.109951232782064645e-02,2.102764018803038315e-02,2.094782733873418179e-02,2.085996516204424722e-02,2.076393656264702292e-02,2.065961646387859396e-02,2.054687233743007768e-02,2.042556476196100146e-02,2.029554800467148201e-02,2.015667061827014495e-02,2.000877604403450416e-02,1.985170320969559254e-02,1.968528710862171849e-02,1.950935934452441289e-02,1.932374862350527689e-02,1.912828117310205744e-02,1.892278106631406498e-02,1.870707042800473507e-02,1.848096950242200665e-02,1.824429656558318458e-02,1.799686767717367797e-02,1.773849628786633437e-02,1.746899275645913407e-02,1.718816389869837202e-02,1.689581280646373918e-02,1.659173937689251144e-02,1.627574233767786760e-02,1.594762415738137928e-02,1.560720129008974499e-02,1.525432410041033249e-02,1.488891427555005809e-02,1.451103399877340383e-02,1.412101359055029093e-02,1.371968901927028694e-02,1.330885165400114145e-02,1.289212263822381299e-02,1.247671443762529697e-02,1.207714727580128100e-02,1.172356348043609997e-02,1.148176053718674705e-02,1.150621477557162153e-02,1.219811874167228694e-02,1.474971180722955966e-02,2.328598611723170508e-02,5.108552723175353166e-02,8.269165924551497016e-02,5.736150165822417879e-02,3.687946084573612282e-02,2.704070144483772253e-02,2.177743447027308266e-02,1.856010782472311549e-02,1.637465718501357470e-02,1.476645249964125828e-02,1.350873298624705177e-02
8.741935483870968415e-01,1.426326979767916781e-02,1.620211785268166338e-02,1.902756636351476960e-02,2.358998074975637849e-02,3.202247333925262174e-02,5.005323505868963796e-02,8.189478960146223674e-02,6.220132474595185812e-02,2.627090139555732229e-02,1.481242305017307914e-02,1.138684724565980355e-02,1.035850296752885424e-02,1.016980630923741691e-02,1.031528696350728080e-02,1.060446979539711454e-02,1.095700638449292885e-02,1.133606919009444436e-02,1.172372347656494562e-02,1.211084902586240242e-02,1.249267238515505696e-02,1.286665636953648884e-02,1.323145135392450600e-02,1.358635286021042665e-02,1.393101213391023663e-02,1.426527809128663726e-02,1.458910964896020790e-02,1.490252670679215186e-02,1.520558275611688659e-02,1.549834973476926780e-02,1.578090985219571252e-02,1.605335136600805068e-02,1.631576656236799483e-02,1.656825092200919780e-02,1.681090287880099288e-02,1.704382382867580814e-02,1.726711819612269938e-02,1.748089345472464418e-02,1.768526005151543901e-02,1.788033121648069379e-02,1.806622265676449679e-02,1.824305214523802565e-02,1.841093901826934554e-02,1.857000359959448677e-02,1.872036656751874251e-02,1.886214828190951875e-02,1.899546808609103854e-02,1.912044359717390840e-02,1.923718999661233608e-02,1.934581933111351182e-02,1.944643983246074903e-02,1.953915526330540775e-02,1.962406429471791336e-02,1.970125992012666805e-02,1.977082890924930503e-02,1.983285130482892455e-02,1.988739996420363365e-02,1.993454014727197299e-02,1.997432915181079904e-02,2.000681599689135837e-02,2.003204115473677938e-02,2.005003633128132901e-02,2.006082429549876922e-02,2.006441875751624471e-02,2.006082429549926882e-02,2.005003633128171758e-02,2.003204115473744551e-02,2.000681599689185797e-02,1.997432915181102109e-02,1.993454014727197299e-02,1.988739996420352263e-02,1.983285130482842495e-02,1.977082890925035974e-02,1.970125992012650151e-02,1.962406429471696967e-02,1.953915526330379793e-02,1.944643983246113761e-02,1.934581933111356733e-02,1.923718999661205853e-02,1.912044359717368636e-02,1.899546808609042792e-02,1.886214828191012938e-02,1.872036656751918660e-02,1.857000359959393165e-02,1.841093901826940105e-02,1.824305214523941343e-02,1.806622265676544048e-02,1.788033121648141544e-02,1.768526005151543901e-02,1.748089345472481071e-02,1.726711819612292143e-02,1.704382382867625223e-02,1.681090287880199208e-02,1.656825092200919780e-02,1.631576656236777279e-02,1.605335136600816170e-02,1.578090985219648967e-02,1.549834973476887923e-02,1.520558275611672006e-02,1.490252670679126368e-02,1.458910964896054097e-02,1.426527809128580460e-02,1.393101213391118032e-02,1.358635286021014910e-02,1.323145135392406191e-02,1.286665636953654435e-02,1.249267238515550105e-02,1.211084902586428980e-02,1.172372347656533420e-02,1.133606919009461089e-02,1.095700638449384479e-02,1.060446979539650392e-02,1.031528696350766938e-02,1.016980630923830509e-02,1.035850296752838240e-02,1.138684724565668105e-02,1.481242305017289873e-02,2.627090139554423900e-02,6.220132474592764138e-02,8.189478960143536934e-02,5.005323505869974099e-02,3.202247333925362094e-02,2.358998074975343640e-02,1.902756636351599084e-02,1.620211785268194093e-02,1.426326979767961189e-02
8.784946236559141308e-01,1.649037878485293263e-02,2.038080382733098439e-02,2.743088053468029086e-02,4.248641951284726215e-02,7.533730887824618971e-02,7.693082348992252850e-02,3.181848332622184972e-02,1.570703509283050137e-02,1.096343317299980358e-02,9.460374137880811496e-03,9.052589935658217346e-03,9.075032649175251986e-03,9.284303289782941393e-03,9.579346817825934446e-03,9.914093427969145056e-03,1.026601882872293925e-02,1.062351276551504187e-02,1.098034499239924910e-02,1.133306787459115172e-02,1.167972807262196433e-02,1.201919850622734653e-02,1.235081941852472776e-02,1.267420005100122760e-02,1.298910671622938162e-02,1.329539868762497079e-02,1.359299116371426308e-02,1.388183383055385800e-02,1.416189851673660405e-02,1.443317217788753215e-02,1.469565299842279238e-02,1.494934829411737054e-02,1.519427342638712819e-02,1.543045125425462905e-02,1.565791184095871591e-02,1.587669224888083042e-02,1.608683632835417043e-02,1.628839445031943223e-02,1.648142315998596397e-02,1.666598474531355567e-02,1.684214672389094947e-02,1.700998125734737298e-02,1.716956450527684641e-02,1.732097593176518124e-02,1.746429757765288748e-02,1.759961331114073824e-02,1.772700806829474729e-02,1.784656709396464924e-02,1.795837519228798973e-02,1.806251599486879966e-02,1.815907125341825745e-02,1.824812016261623260e-02,1.832973871798748711e-02,1.840399911261658694e-02,1.847096917580637321e-02,1.853071185610216665e-02,1.858328475052545281e-02,1.862873968135636549e-02,1.866712232150136153e-02,1.869847186907153125e-02,1.872282077165754455e-02,1.874019450054337232e-02,1.875061137501299324e-02,1.875408243684995035e-02,1.875061137501338182e-02,1.874019450054359437e-02,1.872282077165832170e-02,1.869847186907069858e-02,1.866712232150075090e-02,1.862873968135630998e-02,1.858328475052495321e-02,1.853071185610244420e-02,1.847096917580476338e-02,1.840399911261719756e-02,1.832973871798743160e-02,1.824812016261601055e-02,1.815907125341775785e-02,1.806251599487046500e-02,1.795837519228765666e-02,1.784656709396403862e-02,1.772700806829596853e-02,1.759961331113973904e-02,1.746429757765260993e-02,1.732097593176495920e-02,1.716956450527806766e-02,1.700998125734715094e-02,1.684214672389050538e-02,1.666598474531327811e-02,1.648142315998513130e-02,1.628839445031904365e-02,1.608683632835422594e-02,1.587669224888055286e-02,1.565791184095843835e-02,1.543045125425479558e-02,1.519427342638729472e-02,1.494934829411720401e-02,1.469565299842179318e-02,1.443317217788747664e-02,1.416189851673632649e-02,1.388183383055413556e-02,1.359299116371315286e-02,1.329539868762419363e-02,1.298910671622849344e-02,1.267420005100078351e-02,1.235081941852511633e-02,1.201919850622740205e-02,1.167972807262124268e-02,1.133306787459231746e-02,1.098034499239908257e-02,1.062351276551598556e-02,1.026601882872371641e-02,9.914093427969533634e-03,9.579346817827211202e-03,9.284303289783885083e-03,9.075032649175307498e-03,9.052589935657745501e-03,9.460374137881408241e-03,1.096343317299748599e-02,1.570703509283636473e-02,3.181848332621675657e-02,7.693082348991941988e-02,7.533730887824974243e-02,4.248641951283826934e-02,2.743088053467535037e-02,2.038080382732854190e-02,1.649037878485004605e-02
8.827956989247311981e-01,2.328712575684827035e-02,3.536159230796348529e-02,6.435497341463358723e-02,9.106010794344238102e-02,4.144939106189385325e-02,1.781796057486061471e-02,1.104011661051747945e-02,8.864497668979384737e-03,8.168993679114042172e-03,8.039808743924542478e-03,8.155354811637011148e-03,8.385273077531674168e-03,8.670883954341401800e-03,8.983606411639671885e-03,9.308648249917422790e-03,9.637977374140849207e-03,9.967057801262890759e-03,1.029324013215038303e-02,1.061492828461757520e-02,1.093113070056062064e-02,1.124121077302731031e-02,1.154474447948272697e-02,1.184143755989253144e-02,1.213107664605339586e-02,1.241350016522196897e-02,1.268858095220321003e-02,1.295621587439965694e-02,1.321631968291803183e-02,1.346882140894428703e-02,1.371366227911696711e-02,1.395079451793834746e-02,1.418018064654724686e-02,1.440179303695721114e-02,1.461561357472923595e-02,1.482163334246083819e-02,1.501985227426017033e-02,1.521027875540442720e-02,1.539292915659634664e-02,1.556782730177402874e-02,1.573500387419451974e-02,1.589449576889745419e-02,1.604634540133670351e-02,1.619059998273930656e-02,1.632731077269122810e-02,1.645653231905025438e-02,1.657832169461775917e-02,1.669273773911994496e-02,1.679984031419506918e-02,1.689968957811233130e-02,1.699234528609200323e-02,1.707786612122474956e-02,1.715630906019149915e-02,1.722772877731210128e-02,1.729217708973307399e-02,1.734970244610517520e-02,1.740034946051660647e-02,1.744415849311231614e-02,1.748116527844162382e-02,1.751140060233014051e-02,1.753489002780778128e-02,1.755165367050881553e-02,1.756170602377177259e-02,1.756505583362988343e-02,1.756170602377088441e-02,1.755165367050814940e-02,1.753489002780767025e-02,1.751140060233014051e-02,1.748116527844173484e-02,1.744415849311137245e-02,1.740034946051605136e-02,1.734970244610556378e-02,1.729217708973374013e-02,1.722772877731210128e-02,1.715630906019238733e-02,1.707786612122424996e-02,1.699234528609222528e-02,1.689968957811216477e-02,1.679984031419534674e-02,1.669273773912072212e-02,1.657832169461748162e-02,1.645653231905069847e-02,1.632731077269145015e-02,1.619059998273947309e-02,1.604634540133653697e-02,1.589449576889762072e-02,1.573500387419524138e-02,1.556782730177308505e-02,1.539292915659568051e-02,1.521027875540459373e-02,1.501985227426089198e-02,1.482163334246011654e-02,1.461561357472884737e-02,1.440179303695721114e-02,1.418018064654597010e-02,1.395079451793818093e-02,1.371366227911807734e-02,1.346882140894367641e-02,1.321631968291731019e-02,1.295621587439810263e-02,1.268858095220332105e-02,1.241350016522213551e-02,1.213107664605339586e-02,1.184143755989208735e-02,1.154474447948233840e-02,1.124121077302725480e-02,1.093113070056012104e-02,1.061492828461796378e-02,1.029324013215138223e-02,9.967057801262696470e-03,9.637977374141210030e-03,9.308648249917172990e-03,8.983606411638617173e-03,8.670883954343372446e-03,8.385273077531896213e-03,8.155354811638509949e-03,8.039808743926651902e-03,8.168993679113542572e-03,8.864497668980286793e-03,1.104011661051803456e-02,1.781796057486556908e-02,4.144939106187463945e-02,9.106010794344038262e-02,6.435497341464990750e-02,3.536159230795121733e-02,2.328712575684299679e-02
8.870967741935484874e-01,5.198293026388256521e-02,9.517338640470751621e-02,5.750889273376819100e-02,2.187362811184477562e-02,1.178788814964011611e-02,8.613107859875707151e-03,7.522739388399993232e-03,7.198724112997559321e-03,7.200056557443934580e-03,7.353699711547562190e-03,7.583288183427155937e-03,7.852011527278102143e-03,8.140875802128161309e-03,8.439533743544863631e-03,8.742089222507881674e-03,9.045048197606514462e-03,9.346263474116184300e-03,9.644367131299458329e-03,9.938454160769272239e-03,1.022790091206216001e-02,1.051225842459918569e-02,1.079118859225658422e-02,1.106442543359786868e-02,1.133175137608588567e-02,1.159298266269964683e-02,1.184796036532115293e-02,1.209654486725625366e-02,1.233861249437406826e-02,1.257405346866097284e-02,1.280277066227575311e-02,1.302467882069735516e-02,1.323970404422986080e-02,1.344778339475255491e-02,1.364886454487024281e-02,1.384290541949428910e-02,1.402987380142473040e-02,1.420974688670950670e-02,1.438251078475721867e-02,1.454815996420522062e-02,1.470669664923113240e-02,1.485813017324155716e-02,1.500247629815515404e-02,1.513975650786081317e-02,1.526999728459610406e-02,1.539322937664910906e-02,1.550948706527000009e-02,1.561880743814864081e-02,1.572122967604050459e-02,1.581679435849114856e-02,1.590554279385353320e-02,1.598751637815803983e-02,1.606275598671785820e-02,1.613130140177365668e-02,1.619319077894265657e-02,1.624846015477171557e-02,1.629714299722745396e-02,1.633926980063243883e-02,1.637486772620921904e-02,1.640396028916346616e-02,1.642656709297624085e-02,1.644270361143307380e-02,1.645238101876439485e-02,1.645560606815033022e-02,1.645238101876439485e-02,1.644270361143251868e-02,1.642656709297535267e-02,1.640396028916402127e-02,1.637486772620910802e-02,1.633926980063205026e-02,1.629714299722795356e-02,1.624846015477160455e-02,1.619319077894260106e-02,1.613130140177421179e-02,1.606275598671863536e-02,1.598751637815848392e-02,1.590554279385320013e-02,1.581679435849214777e-02,1.572122967604150379e-02,1.561880743814830774e-02,1.550948706526911192e-02,1.539322937664883151e-02,1.526999728459660366e-02,1.513975650785992499e-02,1.500247629815482098e-02,1.485813017324211227e-02,1.470669664923118791e-02,1.454815996420705249e-02,1.438251078475666356e-02,1.420974688670884056e-02,1.402987380142517448e-02,1.384290541949351194e-02,1.364886454487101997e-02,1.344778339475255491e-02,1.323970404422919467e-02,1.302467882069779925e-02,1.280277066227530902e-02,1.257405346866125040e-02,1.233861249437484542e-02,1.209654486725542100e-02,1.184796036532181907e-02,1.159298266269948030e-02,1.133175137608621874e-02,1.106442543359764663e-02,1.079118859225614013e-02,1.051225842459907467e-02,1.022790091206410290e-02,9.938454160768384060e-03,9.644367131299153018e-03,9.346263474116156544e-03,9.045048197606098128e-03,8.742089222508242496e-03,8.439533743544613831e-03,8.140875802128383354e-03,7.852011527278657255e-03,7.583288183426933893e-03,7.353699711547118101e-03,7.200056557444323158e-03,7.198724112997212377e-03,7.522739388399257709e-03,8.613107859873805894e-03,1.178788814964409210e-02,2.187362811182651245e-02,5.750889273376566524e-02,9.517338640465466959e-02,5.198293026386990867e-02
8.913978494623656657e-01,8.116083539058027707e-02,2.922522107037789363e-02,1.349279482449332671e-02,8.770173392340832597e-03,7.120450006792289344e-03,6.539553280440854599e-03,6.398648236379464449e-03,6.461323386121264889e-03,6.626087611886793960e-03,6.844844239212971582e-03,7.093005926101236813e-03,7.357224113837740331e-03,7.629883076617577364e-03,7.906447446731246220e-03,8.184108475155771334e-03,8.461059567640316637e-03,8.736093064027117272e-03,9.008368393330579149e-03,9.277275139321250474e-03,9.542350374056318696e-03,9.803227876853559675e-03,1.005960652446036274e-02,1.031123043114734461e-02,1.055787640206951039e-02,1.079934599140464080e-02,1.103546048106723854e-02,1.126605771618638396e-02,1.149099011651039115e-02,1.171012342339189383e-02,1.192333589563460139e-02,1.213051776684048733e-02,1.233157084208336141e-02,1.252640815499200810e-02,1.271495363523950095e-02,1.289714175595624290e-02,1.307291714379410497e-02,1.324223414331426874e-02,1.340505633338695546e-02,1.356135599734814567e-02,1.371111355118209696e-02,1.385431693572480860e-02,1.399096097968421937e-02,1.412104674076658517e-02,1.424458083225738081e-02,1.436157474217975016e-02,1.447204415190189719e-02,1.457600826053206955e-02,1.467348912096666513e-02,1.476451099292447333e-02,1.484909971768405557e-02,1.492728211876354072e-02,1.499908543218375634e-02,1.506453676953262155e-02,1.512366261649633614e-02,1.517648836920304500e-02,1.522303791025753084e-02,1.526333322607237308e-02,1.529739406678182201e-02,1.532523764975762814e-02,1.534687840756848720e-02,1.536232778100277141e-02,1.537159405763610653e-02,1.537468225629495810e-02,1.537159405763605102e-02,1.536232778100243834e-02,1.534687840756843169e-02,1.532523764975818326e-02,1.529739406678204405e-02,1.526333322607315024e-02,1.522303791025680919e-02,1.517648836920304500e-02,1.512366261649722432e-02,1.506453676953295462e-02,1.499908543218392287e-02,1.492728211876398481e-02,1.484909971768477721e-02,1.476451099292308555e-02,1.467348912096622104e-02,1.457600826053151444e-02,1.447204415190300741e-02,1.436157474217947261e-02,1.424458083225887961e-02,1.412104674076775090e-02,1.399096097968416386e-02,1.385431693572436451e-02,1.371111355118187491e-02,1.356135599734675790e-02,1.340505633338767710e-02,1.324223414331388016e-02,1.307291714379399394e-02,1.289714175595535472e-02,1.271495363523866828e-02,1.252640815499211913e-02,1.233157084208280629e-02,1.213051776684032079e-02,1.192333589563510099e-02,1.171012342339222689e-02,1.149099011651028013e-02,1.126605771618643947e-02,1.103546048106612831e-02,1.079934599140514040e-02,1.055787640206884426e-02,1.031123043114728910e-02,1.005960652446064030e-02,9.803227876852282918e-03,9.542350374056485229e-03,9.277275139321861097e-03,9.008368393330551394e-03,8.736093064027922184e-03,8.461059567640760726e-03,8.184108475156021134e-03,7.906447446730496820e-03,7.629883076618798610e-03,7.357224113838295443e-03,7.093005926102402547e-03,6.844844239213970782e-03,6.626087611887154782e-03,6.461323386122180823e-03,6.398648236379422816e-03,6.539553280441104399e-03,7.120450006793760389e-03,8.770173392342692220e-03,1.349279482449923170e-02,2.922522107037724137e-02,8.116083539050517048e-02
8.956989247311828439e-01,1.675564466432553912e-02,9.490091616400707364e-03,7.011410458058281447e-03,6.079783896774770824e-03,5.757038233972749941e-03,5.709323494133611288e-03,5.798444069383151822e-03,5.960461812535761128e-03,6.163187081958232394e-03,6.389301601931296481e-03,6.628970027435038270e-03,6.876342873302410119e-03,7.127795298834893600e-03,7.380992511075462614e-03,7.634372176966164325e-03,7.886847332385898968e-03,8.137630671473966570e-03,8.386128001543896593e-03,8.631872299002391058e-03,8.874482215751156033e-03,9.113635635481287522e-03,9.349052665810764218e-03,9.580484636284247735e-03,9.807706963786799736e-03,1.003051452802589116e-02,1.024871868198190539e-02,1.046214532541178688e-02,1.067063366356996168e-02,1.087403539933184948e-02,1.107221419011744645e-02,1.126504525653271305e-02,1.145241506725191982e-02,1.163422105036132637e-02,1.181037129911821637e-02,1.198078425236576150e-02,1.214538833847833565e-02,1.230412157769783521e-02,1.245693114185952854e-02,1.260377287342934194e-02,1.274461076763910850e-02,1.287941642277218302e-02,1.300816846442304220e-02,1.313085194985463833e-02,1.324745775875812992e-02,1.335798197657117603e-02,1.346242527634566866e-02,1.356079230474799280e-02,1.365309107747331163e-02,1.373933238886843045e-02,1.381952924013257755e-02,1.389369629001585560e-02,1.396184933152877505e-02,1.402400479766363617e-02,1.408017929886684616e-02,1.413038919449000064e-02,1.417465020022290467e-02,1.421297703314733374e-02,1.424538309577494388e-02,1.427188020022202020e-02,1.429247833343333385e-02,1.430718546417336645e-02,1.431600739237781639e-02,1.431894764124319597e-02,1.431600739237859354e-02,1.430718546417486525e-02,1.429247833343200158e-02,1.427188020022202020e-02,1.424538309577377815e-02,1.421297703314716721e-02,1.417465020022334876e-02,1.413038919448911246e-02,1.408017929886706820e-02,1.402400479766430230e-02,1.396184933152844199e-02,1.389369629001702133e-02,1.381952924013185591e-02,1.373933238886987374e-02,1.365309107747275652e-02,1.356079230474810382e-02,1.346242527634466946e-02,1.335798197657178665e-02,1.324745775875857401e-02,1.313085194985508242e-02,1.300816846442315322e-02,1.287941642277140586e-02,1.274461076763916401e-02,1.260377287342989705e-02,1.245693114185952854e-02,1.230412157769733561e-02,1.214538833847855770e-02,1.198078425236626110e-02,1.181037129911810535e-02,1.163422105036127085e-02,1.145241506725075409e-02,1.126504525653221345e-02,1.107221419011678032e-02,1.087403539933190499e-02,1.067063366356835186e-02,1.046214532541145381e-02,1.024871868198135028e-02,1.003051452802611321e-02,9.807706963786022580e-03,9.580484636284802846e-03,9.349052665810597684e-03,9.113635635481953656e-03,8.874482215750989500e-03,8.631872299001308591e-03,8.386128001544257415e-03,8.137630671475104549e-03,7.886847332385343856e-03,7.634372176966469636e-03,7.380992511076212015e-03,7.127795298835837290e-03,6.876342873302715430e-03,6.628970027435010515e-03,6.389301601932212415e-03,6.163187081958371172e-03,5.960461812536649306e-03,5.798444069383429378e-03,5.709323494133403121e-03,5.757038233972028296e-03,6.079783896774923480e-03,7.011410458055811201e-03,9.490091616399159991e-03,1.675564466432388766e-02
9.000000000000001332e-01,7.271173052791464475e-03,5.844506864629506193e-03,5.284163697640342772e-03,5.100938694466358725e-03,5.101656880015931206e-03,5.199750923785440015e-03,5.352573223877388209e-03,5.537511127706506997e-03,5.741844868913714706e-03,5.958057217610335243e-03,6.181509780392530073e-03,6.409225970819609763e-03,6.639222159056046291e-03,6.870126029233203369e-03,7.100951383140319262e-03,7.330961505275040979e-03,7.559584317734013847e-03,7.786358668968151875e-03,8.010899796060955147e-03,8.232876843549119528e-03,8.451998099431423661e-03,8.668001244285128415e-03,8.880646895160271281e-03,9.089714333095300081e-03,9.294998684405808564e-03,9.496309069806863068e-03,9.693467394030541584e-03,9.886307553375772716e-03,1.007467490880897820e-02,1.025842591997844222e-02,1.043742786831824976e-02,1.061155862025708885e-02,1.078070639764366900e-02,1.094476953389822427e-02,1.110365620255848729e-02,1.125728411074466973e-02,1.140558015426001992e-02,1.154848003406899748e-02,1.168592783600691520e-02,1.181787557706115432e-02,1.194428272255171342e-02,1.206511567914869687e-02,1.218034726903627352e-02,1.228995619060885280e-02,1.239392647111908774e-02,1.249224691648553875e-02,1.258491056332178282e-02,1.267191413782770004e-02,1.275325752600842133e-02,1.282894325918376710e-02,1.289897601848910558e-02,1.296336216164117872e-02,1.302210927493324677e-02,1.307522575301667267e-02,1.312272040878398327e-02,1.316460211528225344e-02,1.320087948137310674e-02,1.323156056255880841e-02,1.325665260816211166e-02,1.327616184587826487e-02,1.329009330447045167e-02,1.329845067524226820e-02,1.330123621277623513e-02,1.329845067524310087e-02,1.329009330446911941e-02,1.327616184587826487e-02,1.325665260816200064e-02,1.323156056255914148e-02,1.320087948137277367e-02,1.316460211528108770e-02,1.312272040878342816e-02,1.307522575301772738e-02,1.302210927493335779e-02,1.296336216164151178e-02,1.289897601848855047e-02,1.282894325918454426e-02,1.275325752600864337e-02,1.267191413782681186e-02,1.258491056332189384e-02,1.249224691648620489e-02,1.239392647111919876e-02,1.228995619060913036e-02,1.218034726903649556e-02,1.206511567914858585e-02,1.194428272255065870e-02,1.181787557706076575e-02,1.168592783600630458e-02,1.154848003406921952e-02,1.140558015425979788e-02,1.125728411074367052e-02,1.110365620255804320e-02,1.094476953389661444e-02,1.078070639764350247e-02,1.061155862025764396e-02,1.043742786831813874e-02,1.025842591997866426e-02,1.007467490880975536e-02,9.886307553377493562e-03,9.693467394029930961e-03,9.496309069806641023e-03,9.294998684405975098e-03,9.089714333095411103e-03,8.880646895160493326e-03,8.668001244284739837e-03,8.451998099431423661e-03,8.232876843549619128e-03,8.010899796061232703e-03,7.786358668968207386e-03,7.559584317734791004e-03,7.330961505274624646e-03,7.100951383140902129e-03,6.870126029233175613e-03,6.639222159056323846e-03,6.409225970819137919e-03,6.181509780391891695e-03,5.958057217611389955e-03,5.741844868912826527e-03,5.537511127706590264e-03,5.352573223876722075e-03,5.199750923785967371e-03,5.101656880016680606e-03,5.100938694466344847e-03,5.284163697640439916e-03,5.844506864626022868e-03,7.271173052789937918e-03
9.043010752688173115e-01,5.014457527475854604e-03,4.664703016684382253e-03,4.564162390418069482e-03,4.593167044003032551e-03,4.694461230428936815e-03,4.838311858303440127e-03,5.008243317170008035e-03,5.194626596909474037e-03,5.391572380350678761e-03,5.595329952230970738e-03,5.803419103211804320e-03,6.014139004578950010e-03,6.226280195096217662e-03,6.438950510796376259e-03,6.651467030626329047e-03,6.863287622825536838e-03,7.073966745742815698e-03,7.283126493268204937e-03,7.490437408868871882e-03,7.695605666955984692e-03,7.898364464720253331e-03,8.098468230618660613e-03,8.295688733351569422e-03,8.489812479721747795e-03,8.680638987542010909e-03,8.867979650127311153e-03,9.051656996307388958e-03,9.231504209223473367e-03,9.407364808122931077e-03,9.579092425896496010e-03,9.746550635286788111e-03,9.909612791138444621e-03,1.006816186644621247e-02,1.022209026760423356e-02,1.037129961974014858e-02,1.051570051723871302e-02,1.065521223744747559e-02,1.078976241788021095e-02,1.091928669883052150e-02,1.104372833437416990e-02,1.116303777567501099e-02,1.127717223090352050e-02,1.138609520643896200e-02,1.148977603417805637e-02,1.158818938971145629e-02,1.168131480610828943e-02,1.176913618783470561e-02,1.185164132911709078e-02,1.192882144080220641e-02,1.200067068945892546e-02,1.206718575219667411e-02,1.212836539031442173e-02,1.218421004463976498e-02,1.223472145506199205e-02,1.227990230654096848e-02,1.231975590350897765e-02,1.235428587443154758e-02,1.238349590794440847e-02,1.240738952185754806e-02,1.242596986602234610e-02,1.243923955995918096e-02,1.244720056587234058e-02,1.244985409760784867e-02,1.244720056587306223e-02,1.243923955995923647e-02,1.242596986602234610e-02,1.240738952185632682e-02,1.238349590794474153e-02,1.235428587443143655e-02,1.231975590350842253e-02,1.227990230654019133e-02,1.223472145506304676e-02,1.218421004464032009e-02,1.212836539031553196e-02,1.206718575219623002e-02,1.200067068945903648e-02,1.192882144080253948e-02,1.185164132911736834e-02,1.176913618783487214e-02,1.168131480610745676e-02,1.158818938971101220e-02,1.148977603417744575e-02,1.138609520643907302e-02,1.127717223090218823e-02,1.116303777567589917e-02,1.104372833437383683e-02,1.091928669883057701e-02,1.078976241788126567e-02,1.065521223744692048e-02,1.051570051723871302e-02,1.037129961974009307e-02,1.022209026760384498e-02,1.006816186644754474e-02,9.909612791138444621e-03,9.746550635286566067e-03,9.579092425895996410e-03,9.407364808122986588e-03,9.231504209222418655e-03,9.051656996306944869e-03,8.867979650126922575e-03,8.680638987541844376e-03,8.489812479722969041e-03,8.295688733352180044e-03,8.098468230619215724e-03,7.898364464719864753e-03,7.695605666956845115e-03,7.490437408869315972e-03,7.283126493268732293e-03,7.073966745742954476e-03,6.863287622826841350e-03,6.651467030626301291e-03,6.438950510796515037e-03,6.226280195096883796e-03,6.014139004578616943e-03,5.803419103211304719e-03,5.595329952229971537e-03,5.391572380349513027e-03,5.194626596908780147e-03,5.008243317170063547e-03,4.838311858302829505e-03,4.694461230428575993e-03,4.593167044001894572e-03,4.564162390417625392e-03,4.664703016683688364e-03,5.014457527476617882e-03
9.086021505376344898e-01,4.144536144594243576e-03,4.092461191513477314e-03,4.135718610525862537e-03,4.234683969321390018e-03,4.367827653649139497e-03,4.522752672108221184e-03,4.691965801298492167e-03,4.870743006520461549e-03,5.055990535393323215e-03,5.245608467642493000e-03,5.438120889193098773e-03,5.632453746496152158e-03,5.827797581650723258e-03,6.023520652118974361e-03,6.219112782860303223e-03,6.414148499677391202e-03,6.608262451889918010e-03,6.801132864143966117e-03,6.992470305568182498e-03,7.182010033101954294e-03,7.369506764943745125e-03,7.554731120843150016e-03,7.737467212204807154e-03,7.917511026962087417e-03,8.094669362436912596e-03,8.268759132726954952e-03,8.439606927804932379e-03,8.607048736597344707e-03,8.770929771347912851e-03,8.931104348294860440e-03,9.087435792692499792e-03,9.239796345616779760e-03,9.388067057028492979e-03,9.532137654819805572e-03,9.671906383473261037e-03,9.807279808939750598e-03,9.938172588616123182e-03,1.006450720695301060e-02,1.018621367849775750e-02,1.030322922111231998e-02,1.041549790273899045e-02,1.052297026554721571e-02,1.062560293157432945e-02,1.072335819408587465e-02,1.081620359895391070e-02,1.090411152025161368e-02,1.098705873418448498e-02,1.106502599528413899e-02,1.113799761856382187e-02,1.120596107115606754e-02,1.126890657662454887e-02,1.132682673495172265e-02,1.137971616088206961e-02,1.142757114307785260e-02,1.147038932625465968e-02,1.150816941823884498e-02,1.154091092365733262e-02,1.156861390570440573e-02,1.159127877727583744e-02,1.160890612251813669e-02,1.162149654966193602e-02,1.162905057587232394e-02,1.163156854460262180e-02,1.162905057587293456e-02,1.162149654966193602e-02,1.160890612251724852e-02,1.159127877727544886e-02,1.156861390570512738e-02,1.154091092365727711e-02,1.150816941823884498e-02,1.147038932625449315e-02,1.142757114307774158e-02,1.137971616088273574e-02,1.132682673495077896e-02,1.126890657662393824e-02,1.120596107115628959e-02,1.113799761856409942e-02,1.106502599528319530e-02,1.098705873418481804e-02,1.090411152025044794e-02,1.081620359895435479e-02,1.072335819408665181e-02,1.062560293157410740e-02,1.052297026554610548e-02,1.041549790273893494e-02,1.030322922111270856e-02,1.018621367849797954e-02,1.006450720695389878e-02,9.938172588617011360e-03,9.807279808939028953e-03,9.671906383473316549e-03,9.532137654820249661e-03,9.388067057027271733e-03,9.239796345615947093e-03,9.087435792693221437e-03,8.931104348294416351e-03,8.770929771347357740e-03,8.607048736597344707e-03,8.439606927804821357e-03,8.268759132727399042e-03,8.094669362436301974e-03,7.917511026964030307e-03,7.737467212204196532e-03,7.554731120843594105e-03,7.369506764943856147e-03,7.182010033101648983e-03,6.992470305568210254e-03,6.801132864144382451e-03,6.608262451889557187e-03,6.414148499677585491e-03,6.219112782860830579e-03,6.023520652118169449e-03,5.827797581650279168e-03,5.632453746496651759e-03,5.438120889192626928e-03,5.245608467641993400e-03,5.055990535393961594e-03,4.870743006520628082e-03,4.691965801298381145e-03,4.522752672108248939e-03,4.367827653647973762e-03,4.234683969321445529e-03,4.135718610526251116e-03,4.092461191514004670e-03,4.144536144594090921e-03
9.129032258064516681e-01,3.672405634673012176e-03,3.722104080157703776e-03,3.815986394358192313e-03,3.937989475713207788e-03,4.078547897341466832e-03,4.231706131367335422e-03,4.393607965152396266e-03,4.561665384963220493e-03,4.734081453389632488e-03,4.909566341442350712e-03,5.087163026537944166e-03,5.266137439344842353e-03,5.445907646581510386e-03,5.625997314739838995e-03,5.806004652949503519e-03,5.985581320507554759e-03,6.164418124010057065e-03,6.342235113554917092e-03,6.518774734095567069e-03,6.693797101125942284e-03,6.867076740333405427e-03,7.038400355326435154e-03,7.207565317816966299e-03,7.374378664878666889e-03,7.538656449843195162e-03,7.700223336505662708e-03,7.858912356707825619e-03,8.014564773088039829e-03,8.167030004486486305e-03,8.316165583069135003e-03,8.461837120714632565e-03,8.603918268684285220e-03,8.742290659422391474e-03,8.876843823063029770e-03,9.007475074065574017e-03,9.134089365653741410e-03,9.256599111350183318e-03,9.374923974327931120e-03,9.488990626211724067e-03,9.598732477746618752e-03,9.704089384319269929e-03,9.805007329682813300e-03,9.901438091493852678e-03,9.993338892402781060e-03,1.008067204051243948e-02,1.016340456297126771e-02,1.024150783639210527e-02,1.031495721767605733e-02,1.038373167862760571e-02,1.044781344758244357e-02,1.050718766104408175e-02,1.056184202811927264e-02,1.061176651028278295e-02,1.065695301882774171e-02,1.069739513207262904e-02,1.073308783419701928e-02,1.076402727738495768e-02,1.079021056870804740e-02,1.081163558299513827e-02,1.082830080276903084e-02,1.084020518611383821e-02,1.084734806317688705e-02,1.084972906188169661e-02,1.084734806317749767e-02,1.084020518611356065e-02,1.082830080276903084e-02,1.081163558299547134e-02,1.079021056870771433e-02,1.076402727738601239e-02,1.073308783419646417e-02,1.069739513207285109e-02,1.065695301882713109e-02,1.061176651028206130e-02,1.056184202811899508e-02,1.050718766104502544e-02,1.044781344758238806e-02,1.038373167862793878e-02,1.031495721767583529e-02,1.024150783639249385e-02,1.016340456297082362e-02,1.008067204051321664e-02,9.993338892402559015e-03,9.901438091493741656e-03,9.805007329682369210e-03,9.704089384318270728e-03,9.598732477746119152e-03,9.488990626212168156e-03,9.374923974328819298e-03,9.256599111350238829e-03,9.134089365654185499e-03,9.007475074066739751e-03,8.876843823062363636e-03,8.742290659421780852e-03,8.603918268684396242e-03,8.461837120714910121e-03,8.316165583069357048e-03,8.167030004485709149e-03,8.014564773086985117e-03,7.858912356707770108e-03,7.700223336504663507e-03,7.538656449842917606e-03,7.374378664877612177e-03,7.207565317816189143e-03,7.038400355326046576e-03,6.867076740333349916e-03,6.693797101126747195e-03,6.518774734095567069e-03,6.342235113555055870e-03,6.164418124010306865e-03,5.985581320507554759e-03,5.806004652948698608e-03,5.625997314739589195e-03,5.445907646581427120e-03,5.266137439344703575e-03,5.087163026538388255e-03,4.909566341443322157e-03,4.734081453389354932e-03,4.561665384963276004e-03,4.393607965152424022e-03,4.231706131366641532e-03,4.078547897341439077e-03,3.937989475713554732e-03,3.815986394357970268e-03,3.722104080158550321e-03,3.672405634673289732e-03
9.172043010752688463e-01,3.347207215304251471e-03,3.434541288364900691e-03,3.545461811770372895e-03,3.672433040099495893e-03,3.810638589037212975e-03,3.956885385682812339e-03,4.108983877420285813e-03,4.265383521373927733e-03,4.424951096304557963e-03,4.586831934507096253e-03,4.750360877106146740e-03,4.915003906093701191e-03,5.080319184642523300e-03,5.245930654051350617e-03,5.411509918158363686e-03,5.576763700115089373e-03,5.741425122400667380e-03,5.905247392461621114e-03,6.067999797724626942e-03,6.229464544417445682e-03,6.389434716215697252e-03,6.547712863015892060e-03,6.704110056165224485e-03,6.858445276410607416e-03,7.010545035861848184e-03,7.160243161324908456e-03,7.307380685306230639e-03,7.451805804803590672e-03,7.593373878273801392e-03,7.731947438794406491e-03,7.867396207322907564e-03,7.999597094366206473e-03,8.128434181895904942e-03,8.253798679983659348e-03,8.375588854821980345e-03,8.493709926435166757e-03,8.608073935724935843e-03,8.718599581526376152e-03,8.825212029184625884e-03,8.927842692762311128e-03,9.026428993485047236e-03,9.120914097326460190e-03,9.211246634940328804e-03,9.297380407183641893e-03,9.379274079652166751e-03,9.456890869545264700e-03,9.530198228201947064e-03,9.599167522522322749e-03,9.663773718352086650e-03,9.723995068786517315e-03,9.779812810153221125e-03,9.831210868252171498e-03,9.878175577243797356e-03,9.920695413375368865e-03,9.958760745516492818e-03,9.992363604324761006e-03,1.002149747159036819e-02,1.004615709120737499e-02,1.006633830295189380e-02,1.008203790012229817e-02,1.009325351191442399e-02,1.009998351121210725e-02,1.010222694834983503e-02,1.009998351121182969e-02,1.009325351191325826e-02,1.008203790012190959e-02,1.006633830295233789e-02,1.004615709120798561e-02,1.002149747158970206e-02,9.992363604324316917e-03,9.958760745517547530e-03,9.920695413375424376e-03,9.878175577244685535e-03,9.831210868252726609e-03,9.779812810153165614e-03,9.723995068787349982e-03,9.663773718351587050e-03,9.599167522521934170e-03,9.530198228201280930e-03,9.456890869544321010e-03,9.379274079652499818e-03,9.297380407183364337e-03,9.211246634939496136e-03,9.120914097326515702e-03,9.026428993484936214e-03,8.927842692762422150e-03,8.825212029184181795e-03,8.718599581527319842e-03,8.608073935725157888e-03,8.493709926435166757e-03,8.375588854821702789e-03,8.253798679982993214e-03,8.128434181895904942e-03,7.999597094365928918e-03,7.867396207322518986e-03,7.731947438794239957e-03,7.593373878273967925e-03,7.451805804804256805e-03,7.307380685306286150e-03,7.160243161325574590e-03,7.010545035862680852e-03,6.858445276411107017e-03,6.704110056164946929e-03,6.547712863015947571e-03,6.389434716215613985e-03,6.229464544417778749e-03,6.067999797724099587e-03,5.905247392461482336e-03,5.741425122400084513e-03,5.576763700115838773e-03,5.411509918158030619e-03,5.245930654051988995e-03,5.080319184642190233e-03,4.915003906093562414e-03,4.750360877106424295e-03,4.586831934508039943e-03,4.424951096303308962e-03,4.265383521373899978e-03,4.108983877419536412e-03,3.956885385682867851e-03,3.810638589037879109e-03,3.672433040099482016e-03,3.545461811771274951e-03,3.434541288365386413e-03,3.347207215305458838e-03
9.215053763440861356e-01,3.084198703001056474e-03,3.184458318694571854e-03,3.298726307042268435e-03,3.423061882430494807e-03,3.554797265211767643e-03,3.692068132620768273e-03,3.833531367186088223e-03,3.978189991570818540e-03,4.125281609115627468e-03,4.274205632617211759e-03,4.424474850072801502e-03,4.575682629610083874e-03,4.727480391152144579e-03,4.879561947776805964e-03,5.031652522816620898e-03,5.183500998142992477e-03,5.334874426857150187e-03,5.485554188330410419e-03,5.635333114718865666e-03,5.784013620400235700e-03,5.931406536084760095e-03,6.077330054780089030e-03,6.221609195972171991e-03,6.364075451921080706e-03,6.504566590296134709e-03,6.642926565087692303e-03,6.779005498896983894e-03,6.912659708605328746e-03,7.043751753325333542e-03,7.172150488694961634e-03,7.297731115701477922e-03,7.420375215336616481e-03,7.539970762967362905e-03,7.656412118272670764e-03,7.769599988215802888e-03,7.879441361832939528e-03,7.985849416638823861e-03,8.088743397339892560e-03,8.188048468112274492e-03,8.283695540375113353e-03,8.375621078227035721e-03,8.463766884136247892e-03,8.548079867643054719e-03,8.628511799944171834e-03,8.705019057348495348e-03,8.777562356576062985e-03,8.846106484851679053e-03,8.910620027694549083e-03,8.971075097179925795e-03,9.027447063357396662e-03,9.079714291343909949e-03,9.127857886473855764e-03,9.171861449715656978e-03,9.211710845379916801e-03,9.247393982997287321e-03,9.278900615039942235e-03,9.306222152014265170e-03,9.329351496216775619e-03,9.348282895385695568e-03,9.363011817183519714e-03,9.373534845392161863e-03,9.379849598469047756e-03,9.381954671008330138e-03,9.379849598468048555e-03,9.373534845393549642e-03,9.363011817183575225e-03,9.348282895385584546e-03,9.329351496216720108e-03,9.306222152014764770e-03,9.278900615039886723e-03,9.247393982996121586e-03,9.211710845379861290e-03,9.171861449715823511e-03,9.127857886474355364e-03,9.079714291343299326e-03,9.027447063357119106e-03,8.971075097180092328e-03,8.910620027694438061e-03,8.846106484852289675e-03,8.777562356575063784e-03,8.705019057348606371e-03,8.628511799943672234e-03,8.548079867642777163e-03,8.463766884136914026e-03,8.375621078227091232e-03,8.283695540375279887e-03,8.188048468111941425e-03,8.088743397338837848e-03,7.985849416639656528e-03,7.879441361832384416e-03,7.769599988215858399e-03,7.656412118272781786e-03,7.539970762967085349e-03,7.420375215335672792e-03,7.297731115701922011e-03,7.172150488696016346e-03,7.043751753324778431e-03,6.912659708605994879e-03,6.779005498897316961e-03,6.642926565088413948e-03,6.504566590294469375e-03,6.364075451921635818e-03,6.221609195972199746e-03,6.077330054780422097e-03,5.931406536085925829e-03,5.784013620400180189e-03,5.635333114719309755e-03,5.485554188330465930e-03,5.334874426856650587e-03,5.183500998142964722e-03,5.031652522817120499e-03,4.879561947777166786e-03,4.727480391152255601e-03,4.575682629611166341e-03,4.424474850072634968e-03,4.274205632616906447e-03,4.125281609115266646e-03,3.978189991571068340e-03,3.833531367185644134e-03,3.692068132620657250e-03,3.554797265210768442e-03,3.423061882429745406e-03,3.298726307043198247e-03,3.184458318694044499e-03,3.084198703000667896e-03
9.258064516129033139e-01,2.852209378962217157e-03,2.954605295563308975e-03,3.066047980500696823e-03,3.184293589067480057e-03,3.307747520921278106e-03,3.435243520290204300e-03,3.565904173415151979e-03,3.699050537889159163e-03,3.834142293148073977e-03,3.970737340884628042e-03,4.108464085641416741e-03,4.247002152661605301e-03,4.386068823731187338e-03,4.525409412534264764e-03,4.664790394436096888e-03,4.803994487382667877e-03,4.942817130686755211e-03,5.081063975560767831e-03,5.218549120334342595e-03,5.355093962410073516e-03,5.490525915286592618e-03,5.624678524909443311e-03,5.757390734874551219e-03,5.888506766966589145e-03,6.017876053063864195e-03,6.145353232215544637e-03,6.270798194557447580e-03,6.394076152461403151e-03,6.515057723659345434e-03,6.633619014582370355e-03,6.749641695052543966e-03,6.863013057795630534e-03,6.973626058067783351e-03,7.081379330200809896e-03,7.186177179177577479e-03,7.287929546252847057e-03,7.386551948590169836e-03,7.481965393472067571e-03,7.574096268235130935e-03,7.662876207541968743e-03,7.748241939890820884e-03,7.830135115590663997e-03,7.908502118582239060e-03,7.983293864622487135e-03,8.054465588456460878e-03,8.121976622569693216e-03,8.185790170175510916e-03,8.245873074976484141e-03,8.302195590250471824e-03,8.354731149610161722e-03,8.403456141775900168e-03,8.448349691506595871e-03,8.489393448715742974e-03,8.526571387645232036e-03,8.559869617835336175e-03,8.589276208448404226e-03,8.614781027361462229e-03,8.636375596283329958e-03,8.654052963001979126e-03,8.667807591697995750e-03,8.677635272131334343e-03,8.683533048345459804e-03,8.685499167377597196e-03,8.683533048345903893e-03,8.677635272132000477e-03,8.667807591697440639e-03,8.654052963002145660e-03,8.636375596283052403e-03,8.614781027361240184e-03,8.589276208447849115e-03,8.559869617835225153e-03,8.526571387645454081e-03,8.489393448715631951e-03,8.448349691507150983e-03,8.403456141776066701e-03,8.354731149610161722e-03,8.302195590250416313e-03,8.245873074975873518e-03,8.185790170174678249e-03,8.121976622570359350e-03,8.054465588456738434e-03,7.983293864622320601e-03,7.908502118582183549e-03,7.830135115591607686e-03,7.748241939891320484e-03,7.662876207542024254e-03,7.574096268234964402e-03,7.481965393472012060e-03,7.386551948591058014e-03,7.287929546251792345e-03,7.186177179176467256e-03,7.081379330200310296e-03,6.973626058067394773e-03,6.863013057795963601e-03,6.749641695051655788e-03,6.633619014581759732e-03,6.515057723658235211e-03,6.394076152460292928e-03,6.270798194556947980e-03,6.145353232215933215e-03,6.017876053063642150e-03,5.888506766967616102e-03,5.757390734873468752e-03,5.624678524909054733e-03,5.490525915287258751e-03,5.355093962409462893e-03,5.218549120333926261e-03,5.081063975561572743e-03,4.942817130686866234e-03,4.803994487382862166e-03,4.664790394436929555e-03,4.525409412533654141e-03,4.386068823730548960e-03,4.247002152661355501e-03,4.108464085641722052e-03,3.970737340883601085e-03,3.834142293147824176e-03,3.699050537888659562e-03,3.565904173414957690e-03,3.435243520289815722e-03,3.307747520920362172e-03,3.184293589067188623e-03,3.066047980501876435e-03,2.954605295563669798e-03,2.852209378962147768e-03
9.301075268817204922e-01,2.640667274376826135e-03,2.740348268706685464e-03,2.846261281038570123e-03,2.957040239245270485e-03,3.071672588706358953e-03,3.189387516601110972e-03,3.309582429432300632e-03,3.431773570713864130e-03,3.555562246589066833e-03,3.680611364592606405e-03,3.806628921559807033e-03,3.933356257375481002e-03,4.060559629686377736e-03,4.188024136166201838e-03,4.315549317516542693e-03,4.442945977393725210e-03,4.570033891881902788e-03,4.696640174323335470e-03,4.822598126045352096e-03,4.947746450712914301e-03,5.071928783386969730e-03,5.194993262183422722e-03,5.316792191154606773e-03,5.437182494211267869e-03,5.556025295421151977e-03,5.673186077070957456e-03,5.788534767579733842e-03,5.901945843426570359e-03,6.013298435990466206e-03,6.122476434779200449e-03,6.229368580343341844e-03,6.333868541886444881e-03,6.435874975921296315e-03,6.535291563497802603e-03,6.632027024492337386e-03,6.725995108269100520e-03,6.817114560642323351e-03,6.905309067708087500e-03,6.990507177482174761e-03,7.072642200753875841e-03,7.151652092759197554e-03,7.227479317611196219e-03,7.300070697531746422e-03,7.369377249076380920e-03,7.435354008629990741e-03,7.497959849470325899e-03,7.557157292707172846e-03,7.612912314403863512e-03,7.665194151056597960e-03,7.713975105656689646e-03,7.759230356340240942e-03,7.800937769607385608e-03,7.839077719968223779e-03,7.873632917691053557e-03,7.904588246266053275e-03,7.931930611017046218e-03,7.955648800176295943e-03,7.975733359576853143e-03,7.992176481996682291e-03,8.004971912044689386e-03,8.014114867322397195e-03,8.019601976477885863e-03,8.021431234632059315e-03,8.019601976479162619e-03,8.014114867321231461e-03,8.004971912045688587e-03,7.992176481997514959e-03,7.975733359577241721e-03,7.955648800176962077e-03,7.931930611017878885e-03,7.904588246265109586e-03,7.873632917690553956e-03,7.839077719968279290e-03,7.800937769606830496e-03,7.759230356339463786e-03,7.713975105658688047e-03,7.665194151056320404e-03,7.612912314403419423e-03,7.557157292707228358e-03,7.497959849469659765e-03,7.435354008629657674e-03,7.369377249076769498e-03,7.300070697531024777e-03,7.227479317611695819e-03,7.151652092759697155e-03,7.072642200754708508e-03,6.990507177482507828e-03,6.905309067707809945e-03,6.817114560642378862e-03,6.725995108269100520e-03,6.632027024492448408e-03,6.535291563497469536e-03,6.435874975921296315e-03,6.333868541886000791e-03,6.229368580342731221e-03,6.122476434779144938e-03,6.013298435991742963e-03,5.901945843425626670e-03,5.788534767579511797e-03,5.673186077070790923e-03,5.556025295421929133e-03,5.437182494211351136e-03,5.316792191154995351e-03,5.194993262182839855e-03,5.071928783386747686e-03,4.947746450713774724e-03,4.822598126045379852e-03,4.696640174323085670e-03,4.570033891881347676e-03,4.442945977393975010e-03,4.315549317516403915e-03,4.188024136166174083e-03,4.060559629686183447e-03,3.933356257375147935e-03,3.806628921560140100e-03,3.680611364591995782e-03,3.555562246587734565e-03,3.431773570713558819e-03,3.309582429432716966e-03,3.189387516601027706e-03,3.071672588706095275e-03,2.957040239245381508e-03,2.846261281039222379e-03,2.740348268705949941e-03,2.640667274376909401e-03
9.344086021505377815e-01,2.461438178258501530e-03,2.557240370879565461e-03,2.657547518073927195e-03,2.761483810540241168e-03,2.868375372845774485e-03,2.977690464655569080e-03,3.088998784737201353e-03,3.201943295405490497e-03,3.316220425302662811e-03,3.431565984800127866e-03,3.547745043162214840e-03,3.664544595877478050e-03,3.781768224559584057e-03,3.899232197746460571e-03,4.016762625232844774e-03,4.134193390125162626e-03,4.251364659599049522e-03,4.368121828868032352e-03,4.484314790779680981e-03,4.599797450644815822e-03,4.714427426240647145e-03,4.828065894423555493e-03,4.940577675494828291e-03,5.051830546112023868e-03,5.161696325655967810e-03,5.270050375521251329e-03,5.376771798150437043e-03,5.481743580987019637e-03,5.584852722496536082e-03,5.685990350878633581e-03,5.785051831264764743e-03,5.881936857639658012e-03,5.976549526718388794e-03,6.068798391827778804e-03,6.158596495625001666e-03,6.245861381111939004e-03,6.330515080962884067e-03,6.412484085626890540e-03,6.491699291077179801e-03,6.568095927362571640e-03,6.641613469410667658e-03,6.712195531720421826e-03,6.779789748747377942e-03,6.844347642886661198e-03,6.905824482061284630e-03,6.964179128936209828e-03,7.019373883813628812e-03,7.071374323230905645e-03,7.120149136261799683e-03,7.165669960463749710e-03,7.207911219309248718e-03,7.246849962902590647e-03,7.282465713633445858e-03,7.314740318355605897e-03,7.343657808516812491e-03,7.369204269595697188e-03,7.391367721038766270e-03,7.410138007776456703e-03,7.425506704292872406e-03,7.437467032049727145e-03,7.446013790975314350e-03,7.451143305593876942e-03,7.452853386228641686e-03,7.451143305593765920e-03,7.446013790974537194e-03,7.437467032050282256e-03,7.425506704292927918e-03,7.410138007775679547e-03,7.391367721038044625e-03,7.369204269594975543e-03,7.343657808516257379e-03,7.314740318355272830e-03,7.282465713633612392e-03,7.246849962901980025e-03,7.207911219308471562e-03,7.165669960463749710e-03,7.120149136261910705e-03,7.071374323230239511e-03,7.019373883814628012e-03,6.964179128936265339e-03,6.905824482061173608e-03,6.844347642885717509e-03,6.779789748746878342e-03,6.712195531720588360e-03,6.641613469410834192e-03,6.568095927363570841e-03,6.491699291077290823e-03,6.412484085626057873e-03,6.330515080963050600e-03,6.245861381112327582e-03,6.158596495625334732e-03,6.068798391827556760e-03,5.976549526718222261e-03,5.881936857639880056e-03,5.785051831264764743e-03,5.685990350878689092e-03,5.584852722495758925e-03,5.481743580987130660e-03,5.376771798150048465e-03,5.270050375520973773e-03,5.161696325655634743e-03,5.051830546112023868e-03,4.940577675494689514e-03,4.828065894424027338e-03,4.714427426240730412e-03,4.599797450645176644e-03,4.484314790779153626e-03,4.368121828867921330e-03,4.251364659599604634e-03,4.134193390125190382e-03,4.016762625232289663e-03,3.899232197746821393e-03,3.781768224558890168e-03,3.664544595877311517e-03,3.547745043163047507e-03,3.431565984800072355e-03,3.316220425302635055e-03,3.201943295404102718e-03,3.088998784737367886e-03,2.977690464655902147e-03,2.868375372845149984e-03,2.761483810539699935e-03,2.657547518073621884e-03,2.557240370879204638e-03,2.461438178259028886e-03
9.387096774193548487e-01,2.292221502627075913e-03,2.382963295527881775e-03,2.477083275191013789e-03,2.573996476899029218e-03,2.673237337496220389e-03,2.774426329067825048e-03,2.877246583512294009e-03,2.981427285660420701e-03,3.086731734901704272e-03,3.192948679781898447e-03,3.299885981531053281e-03,3.407365957318025940e-03,3.515221949860675155e-03,3.623295802208631455e-03,3.731436007045257908e-03,3.839496362709887700e-03,3.947335012300129398e-03,4.054813773715387759e-03,4.161797691098534369e-03,4.268154754702213616e-03,4.373755748379115627e-03,4.478474193316456242e-03,4.582186365581775167e-03,4.684771405772197861e-03,4.786111409320004118e-03,4.886091034784934006e-03,4.984598672106155259e-03,5.081525833182054530e-03,5.176767464592224588e-03,5.270222080803188547e-03,5.361791881035360419e-03,5.451382850887864784e-03,5.538904846940195803e-03,5.624271662863666865e-03,5.707401076163909348e-03,5.788214875114716662e-03,5.866638865956896876e-03,5.942602860731782677e-03,6.016040646540321557e-03,6.086889937200856693e-03,6.155092308564924508e-03,6.220593118902162377e-03,6.283341415912468975e-03,6.343289832051957067e-03,6.400394469890213767e-03,6.454614779303591288e-03,6.505913428303755630e-03,6.554256169298389167e-03,6.599611702563179527e-03,6.641951538643664499e-03,6.681249861367422049e-03,6.717483393055556640e-03,6.750631263450768138e-03,6.780674883780202222e-03,6.807597827276357094e-03,6.831385717367577382e-03,6.852026124652133010e-03,6.869508473640206780e-03,6.883823960155466271e-03,6.894965480142123404e-03,6.902927570547390257e-03,6.907706362779042486e-03,6.909299549177017052e-03,6.907706362778320841e-03,6.902927570547279235e-03,6.894965480142289938e-03,6.883823960154411559e-03,6.869508473640206780e-03,6.852026124653021188e-03,6.831385717367854937e-03,6.807597827276801183e-03,6.780674883780812845e-03,6.750631263451101205e-03,6.717483393056500329e-03,6.681249861367255516e-03,6.641951538643664499e-03,6.599611702563012994e-03,6.554256169298888768e-03,6.505913428303367052e-03,6.454614779302925154e-03,6.400394469889991722e-03,6.343289832052179111e-03,6.283341415912524486e-03,6.220593118901107665e-03,6.155092308565590642e-03,6.086889937200967715e-03,6.016040646540210535e-03,5.942602860732282277e-03,5.866638865957674032e-03,5.788214875115105240e-03,5.707401076162799125e-03,5.624271662864055443e-03,5.538904846940695403e-03,5.451382850888419895e-03,5.361791881035582463e-03,5.270222080803799170e-03,5.176767464591947032e-03,5.081525833182276575e-03,4.984598672106099748e-03,4.886091034784767473e-03,4.786111409319698806e-03,4.684771405771059882e-03,4.582186365582247012e-03,4.478474193316400731e-03,4.373755748379615227e-03,4.268154754702019327e-03,4.161797691098118035e-03,4.054813773715276737e-03,3.947335012300268176e-03,3.839496362709943211e-03,3.731436007045119130e-03,3.623295802208575944e-03,3.515221949860425354e-03,3.407365957318053695e-03,3.299885981529915302e-03,3.192948679782203758e-03,3.086731734901870805e-03,2.981427285660531723e-03,2.877246583512349520e-03,2.774426329068019337e-03,2.673237337495901200e-03,2.573996476899362285e-03,2.477083275191444001e-03,2.382963295528728320e-03,2.292221502626201612e-03
9.430107526881721380e-01,2.126613239377989073e-03,2.211445093916422633e-03,2.298879884095550441e-03,2.388514140576308842e-03,2.480016642052398912e-03,2.573109217796187842e-03,2.667552956305163647e-03,2.763138186843483446e-03,2.859677135393562386e-03,2.956998503621216523e-03,3.054943448647401416e-03,3.153362595448655492e-03,3.252113818628749042e-03,3.351060602867161897e-03,3.450070842198560417e-03,3.549015974269126295e-03,3.647770371558389790e-03,3.746210930295840180e-03,3.844216811523248900e-03,3.941669298912875430e-03,4.038451745632054557e-03,4.134449588275246334e-03,4.229550410550092510e-03,4.323644043660979097e-03,4.416622700766564824e-03,4.508381316423143437e-03,4.598816763426855081e-03,4.687829344899918649e-03,4.775322166309659000e-03,4.861201361776590346e-03,4.945376246497490413e-03,5.027759425387412495e-03,5.108266884579548694e-03,5.186818065860132609e-03,5.263335923497647340e-03,5.337746963184841764e-03,5.409981263153285092e-03,5.479972477809680331e-03,5.547657824537421956e-03,5.612978054518602544e-03,5.675877408644225408e-03,5.736303559709388100e-03,5.794207542266338606e-03,5.849543671558599112e-03,5.902269453048336612e-03,5.952345484111665197e-03,5.999735349460411094e-03,6.044405511882400273e-03,6.086325199865794122e-03,6.125466293639136861e-03,6.161803211091887444e-03,6.195312795041763021e-03,6.225974203145412389e-03,6.253768801788850418e-03,6.278680065106234665e-03,6.300693480233154897e-03,6.319796459827942137e-03,6.335978262708930053e-03,6.349229923469923431e-03,6.359544191719690431e-03,6.366915481577917202e-03,6.371339831872380177e-03,6.372814877454224813e-03,6.371339831872713244e-03,6.366915481577584135e-03,6.359544191719745942e-03,6.349229923469701387e-03,6.335978262709096587e-03,6.319796459828719293e-03,6.300693480233932053e-03,6.278680065105790575e-03,6.253768801789183485e-03,6.225974203145134833e-03,6.195312795042096088e-03,6.161803211092997667e-03,6.125466293638526238e-03,6.086325199865794122e-03,6.044405511882566806e-03,5.999735349460022515e-03,5.952345484111887242e-03,5.902269453048503145e-03,5.849543671558710134e-03,5.794207542267226785e-03,5.736303559708944011e-03,5.675877408644447453e-03,5.612978054519823790e-03,5.547657824537199911e-03,5.479972477809014197e-03,5.409981263152841002e-03,5.337746963185174831e-03,5.263335923497869384e-03,5.186818065860687721e-03,5.108266884579937273e-03,5.027759425388356185e-03,4.945376246497656947e-03,4.861201361777256480e-03,4.775322166309770022e-03,4.687829344900196205e-03,4.598816763427021614e-03,4.508381316422699348e-03,4.416622700766731358e-03,4.323644043660535008e-03,4.229550410549509643e-03,4.134449588274802245e-03,4.038451745632026801e-03,3.941669298913014208e-03,3.844216811522083166e-03,3.746210930295895691e-03,3.647770371558223257e-03,3.549015974269376095e-03,3.450070842198782461e-03,3.351060602867300675e-03,3.252113818628887820e-03,3.153362595449099581e-03,3.054943448646957327e-03,2.956998503621133256e-03,2.859677135394173009e-03,2.763138186843094868e-03,2.667552956304830580e-03,2.573109217796382131e-03,2.480016642052260134e-03,2.388514140575892508e-03,2.298879884095134107e-03,2.211445093915895277e-03,2.126613239378280507e-03
9.473118279569893163e-01,1.966675727229860726e-03,2.045288404770181923e-03,2.125943593000223508e-03,2.208356470318653675e-03,2.292286351821229418e-03,2.377525442582933968e-03,2.463890576955563017e-03,2.551217100116576209e-03,2.639354307405361588e-03,2.728162030618513922e-03,2.817508078436142815e-03,2.907266319551599087e-03,2.997315253897292475e-03,3.087536957582015518e-03,3.177816315898196464e-03,3.268040479545653021e-03,3.358098494428224390e-03,3.447881066560937180e-03,3.537280432014899834e-03,3.626190308076343571e-03,3.714505906662168844e-03,3.802123994639250437e-03,3.888942988674842782e-03,3.974863074546253205e-03,4.059786343092008920e-03,4.143616939050492887e-03,4.226261263588437789e-03,4.307628112497935424e-03,4.387628166716839306e-03,4.466175438665009878e-03,4.543186434609935986e-03,4.618580496218993581e-03,4.692279901023055366e-03,4.764209942537844800e-03,4.834298994027874663e-03,4.902478556113698538e-03,4.968683288381514629e-03,5.032851025299878156e-03,5.094922776981425372e-03,5.154842715551999355e-03,5.212558147988710644e-03,5.268019476484475661e-03,5.321180147496384905e-03,5.371996590702143859e-03,5.420428149183365019e-03,5.466437002171364856e-03,5.509988081746575173e-03,5.551048984858419910e-03,5.589589882039169844e-03,5.625583424164970481e-03,5.659004648561616335e-03,5.689830885728330845e-03,5.718041667871931466e-03,5.743618640401570996e-03,5.766545477430440325e-03,5.786807802284132940e-03,5.804393113911121560e-03,5.819290720011527362e-03,5.831491677597333556e-03,5.840988741631025771e-03,5.847776322269904181e-03,5.851850451139395393e-03,5.853208757019112696e-03,5.851850451139284370e-03,5.847776322269682137e-03,5.840988741631303327e-03,5.831491677596722933e-03,5.819290720011527362e-03,5.804393113912065250e-03,5.786807802284354985e-03,5.766545477430884414e-03,5.743618640401348951e-03,5.718041667871098799e-03,5.689830885727775733e-03,5.659004648561005713e-03,5.625583424165359059e-03,5.589589882040113533e-03,5.551048984859197066e-03,5.509988081746852728e-03,5.466437002171364856e-03,5.420428149182476840e-03,5.371996590702199370e-03,5.321180147496162860e-03,5.268019476484753216e-03,5.212558147988044510e-03,5.154842715553109578e-03,5.094922776981425372e-03,5.032851025300044689e-03,4.968683288381736674e-03,4.902478556113143426e-03,4.834298994027264040e-03,4.764209942538122355e-03,4.692279901022333721e-03,4.618580496218882558e-03,4.543186434609547408e-03,4.466175438665120900e-03,4.387628166718171574e-03,4.307628112498490536e-03,4.226261263589214945e-03,4.143616939050992487e-03,4.059786343091675853e-03,3.974863074547085873e-03,3.888942988675397894e-03,3.802123994639167170e-03,3.714505906663029267e-03,3.626190308076399083e-03,3.537280432014622278e-03,3.447881066561298002e-03,3.358098494427808056e-03,3.268040479545070154e-03,3.177816315897891153e-03,3.087536957582237562e-03,2.997315253897486764e-03,2.907266319551238265e-03,2.817508078435948526e-03,2.728162030618125344e-03,2.639354307405222810e-03,2.551217100115549252e-03,2.463890576955285461e-03,2.377525442582587023e-03,2.292286351821493096e-03,2.208356470317515696e-03,2.125943593000084730e-03,2.045288404770390089e-03,1.966675727230388082e-03
9.516129032258064946e-01,1.820477338190656935e-03,1.893265760746914994e-03,1.967674944587799457e-03,2.043500965240363509e-03,2.120566586783931284e-03,2.198714666212492341e-03,2.277803210793349908e-03,2.357701653995292190e-03,2.438288040058050887e-03,2.519446893341270588e-03,2.601067608840740286e-03,2.683043242829807884e-03,2.765269613151460915e-03,2.847644640731505916e-03,2.930067880018982773e-03,3.012440197948079712e-03,3.094663569856409557e-03,3.176640967461757947e-03,3.258276319013014843e-03,3.339474525624774870e-03,3.420141520746683428e-03,3.500184362114466818e-03,3.579511347334973781e-03,3.658032145805401036e-03,3.735657940884679062e-03,3.812301577510890382e-03,3.887877712316467615e-03,3.962302974082482221e-03,4.035496350447143055e-03,4.107378155509544548e-03,4.177871894189888469e-03,4.246903315785810484e-03,4.314400685640040756e-03,4.380294896652092707e-03,4.444519539298308342e-03,4.507010955749679582e-03,4.567708279409887773e-03,4.626553460313820310e-03,4.683491276884665933e-03,4.738469334687633872e-03,4.791438052945740100e-03,4.842350639710446547e-03,4.891163056666592013e-03,4.937833974653693669e-03,4.982324721008568602e-03,5.024599219928815863e-03,5.064623927018119254e-03,5.102367759247550261e-03,5.137802021514537021e-03,5.170900330990990668e-03,5.201638540410447042e-03,5.229994661409276269e-03,5.255948788988384912e-03,5.279483028106657372e-03,5.300581423362482614e-03,5.319229892619181665e-03,5.335416165414552658e-03,5.349129726851642452e-03,5.360361767651089515e-03,5.369105140911545337e-03,5.375354326064840649e-03,5.379105400432016015e-03,5.380356018683585262e-03,5.379105400431405393e-03,5.375354326064729626e-03,5.369105140911378804e-03,5.360361767651533604e-03,5.349129726851975519e-03,5.335416165413664480e-03,5.319229892619237177e-03,5.300581423362316080e-03,5.279483028106879416e-03,5.255948788987663267e-03,5.229994661409331780e-03,5.201638540410891132e-03,5.170900330990158000e-03,5.137802021514148443e-03,5.102367759246939638e-03,5.064623927018563343e-03,5.024599219928649330e-03,4.982324721008402069e-03,4.937833974652972024e-03,4.891163056666369968e-03,4.842350639710224502e-03,4.791438052946295212e-03,4.738469334687966938e-03,4.683491276884055310e-03,4.626553460314541955e-03,4.567708279408999594e-03,4.507010955749457537e-03,4.444519539297642208e-03,4.380294896652425773e-03,4.314400685640151778e-03,4.246903315785810484e-03,4.177871894189555402e-03,4.107378155509711082e-03,4.035496350447781433e-03,3.962302974083481422e-03,3.887877712317105994e-03,3.812301577511140183e-03,3.735657940885178663e-03,3.658032145805650837e-03,3.579511347336084004e-03,3.500184362114189263e-03,3.420141520747654873e-03,3.339474525625135692e-03,3.258276319012487487e-03,3.176640967461757947e-03,3.094663569856520580e-03,3.012440197948051956e-03,2.930067880018871751e-03,2.847644640731505916e-03,2.765269613152043782e-03,2.683043242829613595e-03,2.601067608841461931e-03,2.519446893341770188e-03,2.438288040057662309e-03,2.357701653995042390e-03,2.277803210793322153e-03,2.198714666212769897e-03,2.120566586783403928e-03,2.043500965239364309e-03,1.967674944588895802e-03,1.893265760746290494e-03,1.820477338191073269e-03
9.559139784946237839e-01,1.691986504318260254e-03,1.759665053503320364e-03,1.828638725877268500e-03,1.898760501211085860e-03,1.969898869149375176e-03,2.041934045781429452e-03,2.114755083783087519e-03,2.188257661057402270e-03,2.262342389293958700e-03,2.336913524287470567e-03,2.411877989205307715e-03,2.487144643327610094e-03,2.562623744524789027e-03,2.638226565428891668e-03,2.713865131946630038e-03,2.789452059365843395e-03,2.864900466274300506e-03,2.940123950373324524e-03,3.015036613151084177e-03,3.089553122785637651e-03,3.163588806358419436e-03,3.237059763982835792e-03,3.309882998609459115e-03,3.381976556181387483e-03,3.453259671718972301e-03,3.523652917526570727e-03,3.593078350460271464e-03,3.661459656227911141e-03,3.728722292548225514e-03,3.794793698487480826e-03,3.859603309619541456e-03,3.923082097703256554e-03,3.985164030062826601e-03,4.045785097983700673e-03,4.104883657060465207e-03,4.162400490665185693e-03,4.218278855985191367e-03,4.272464516815621671e-03,4.324905763921693680e-03,4.375553423585309964e-03,4.424360855024733752e-03,4.471283937446390855e-03,4.516281047599268739e-03,4.559313028753786412e-03,4.600343152054875429e-03,4.639337071322802153e-03,4.676262772296269077e-03,4.711090517399263433e-03,4.743792787076650530e-03,4.774344218745341095e-03,4.802721544381050034e-03,4.828903527719585753e-03,4.852870902032124789e-03,4.874606309370477231e-03,4.894094242125945904e-03,4.911320987691092377e-03,4.926274576941169769e-03,4.938944737215844594e-03,4.949322850349824332e-03,4.957401916290626875e-03,4.963176522733425688e-03,4.966642821125855090e-03,4.967798509326437628e-03,4.966642821125633045e-03,4.963176522733481200e-03,4.957401916290349320e-03,4.949322850349324732e-03,4.938944737216177661e-03,4.926274576940115058e-03,4.911320987690315221e-03,4.894094242126778571e-03,4.874606309369922119e-03,4.852870902031514166e-03,4.828903527718808597e-03,4.802721544381327590e-03,4.774344218746062740e-03,4.743792787076761552e-03,4.711090517398763833e-03,4.676262772295602943e-03,4.639337071322247041e-03,4.600343152054708895e-03,4.559313028753675390e-03,4.516281047600656517e-03,4.471283937445835743e-03,4.424360855024511707e-03,4.375553423586309165e-03,4.324905763921860213e-03,4.272464516816232294e-03,4.218278855984192166e-03,4.162400490664852626e-03,4.104883657059854585e-03,4.045785097983145562e-03,3.985164030063381713e-03,3.923082097703367577e-03,3.859603309618597766e-03,3.794793698487397560e-03,3.728722292548086736e-03,3.661459656228799320e-03,3.593078350459966153e-03,3.523652917526182149e-03,3.453259671720138035e-03,3.381976556182081373e-03,3.309882998610097493e-03,3.237059763983279881e-03,3.163588806358086369e-03,3.089553122785720918e-03,3.015036613151333977e-03,2.940123950373130235e-03,2.864900466274494795e-03,2.789452059365898906e-03,2.713865131947296172e-03,2.638226565429474535e-03,2.562623744525566183e-03,2.487144643327277027e-03,2.411877989205085671e-03,2.336913524287248523e-03,2.262342389293264810e-03,2.188257661057679826e-03,2.114755083782504652e-03,2.041934045781915175e-03,1.969898869149791509e-03,1.898760501211516072e-03,1.828638725878337090e-03,1.759665053503237098e-03,1.691986504317857798e-03
9.602150537634409622e-01,1.569129920156453473e-03,1.631789843562964082e-03,1.695485173464558737e-03,1.760110151293750591e-03,1.825567224237642505e-03,1.891765007434376145e-03,1.958616694411580150e-03,2.026038821695830272e-03,2.093950314589115846e-03,2.162271757275346928e-03,2.230924842758830184e-03,2.299831967594256898e-03,2.368915943624594345e-03,2.438099804516868918e-03,2.507306689190275106e-03,2.576459787577589644e-03,2.645482336775251131e-03,2.714297657673947484e-03,2.782829223794192064e-03,2.851000755328431113e-03,2.918736332474580752e-03,2.985960522955827257e-03,3.052598519355076423e-03,3.118576282503726649e-03,3.183820687644750569e-03,3.248259670553893530e-03,3.311822371254186104e-03,3.374439273297530351e-03,3.436042337261607793e-03,3.496565128801393252e-03,3.555942956381813458e-03,3.614113249633343905e-03,3.671014291758978310e-03,3.726587428539041014e-03,3.780775776433875635e-03,3.833524563986279166e-03,3.884781201655473915e-03,3.934495321221143094e-03,3.982618802862547547e-03,4.029105791364728795e-03,4.073912702221293980e-03,4.116998218306855417e-03,4.158323277864917067e-03,4.197851054621892786e-03,4.235546930876632477e-03,4.271378464426434096e-03,4.305315350281113673e-03,4.337329378044596506e-03,4.367394385902667597e-03,4.395486212144195104e-03,4.421582645089128238e-03,4.445663372309116568e-03,4.467709929978247452e-03,4.487705653136997430e-03,4.505635627640391938e-03,4.521486644485261941e-03,4.535247157138100338e-03,4.546907242490572099e-03,4.556458565930843196e-03,4.563894351003405792e-03,4.569209354051750882e-03,4.572399844151198156e-03,4.573463588601667240e-03,4.572399844151198156e-03,4.569209354051972927e-03,4.563894351003683347e-03,4.556458565931009730e-03,4.546907242490794143e-03,4.535247157138044827e-03,4.521486644485928075e-03,4.505635627641391139e-03,4.487705653136553341e-03,4.467709929978858074e-03,4.445663372309616168e-03,4.421582645088961705e-03,4.395486212144139593e-03,4.367394385901834930e-03,4.337329378044429973e-03,4.305315350281335718e-03,4.271378464426489607e-03,4.235546930876354921e-03,4.197851054623447098e-03,4.158323277865749734e-03,4.116998218308076662e-03,4.073912702221960114e-03,4.029105791365172884e-03,3.982618802863269192e-03,3.934495321222142294e-03,3.884781201656251071e-03,3.833524563986334677e-03,3.780775776433820123e-03,3.726587428538874480e-03,3.671014291758478709e-03,3.614113249633010838e-03,3.555942956382757147e-03,3.496565128800810385e-03,3.436042337262190660e-03,3.374439273297613617e-03,3.311822371254324882e-03,3.248259670553393930e-03,3.183820687644028924e-03,3.118576282503643382e-03,3.052598519355131934e-03,2.985960522955105612e-03,2.918736332474913819e-03,2.851000755328986225e-03,2.782829223794053286e-03,2.714297657674336062e-03,2.645482336774612753e-03,2.576459787577312088e-03,2.507306689190691440e-03,2.438099804516785651e-03,2.368915943624400056e-03,2.299831967594478943e-03,2.230924842758441606e-03,2.162271757276124085e-03,2.093950314589393402e-03,2.026038821695247405e-03,1.958616694410761361e-03,1.891765007434528800e-03,1.825567224238225372e-03,1.760110151293708958e-03,1.695485173463490147e-03,1.631789843563519193e-03,1.569129920156397962e-03
9.645161290322581404e-01,1.453233021037295125e-03,1.511112324099200821e-03,1.569814800089497364e-03,1.629265498690135594e-03,1.689392779463755323e-03,1.750127388370853465e-03,1.811401713858518114e-03,1.873149196930351534e-03,1.935303871881788318e-03,1.997800017268458461e-03,2.060571899526908446e-03,2.123553594309379733e-03,2.186678872870995161e-03,2.249881142761672725e-03,2.313093433733454107e-03,2.376248421088189566e-03,2.439278479796747057e-03,2.502115763648504743e-03,2.564692304432902858e-03,2.626940126776777795e-03,2.688791374836518866e-03,2.750178447418760719e-03,2.811034138584272979e-03,2.871291781058465942e-03,2.930885390130227863e-03,2.989749805968389129e-03,3.047820832568437499e-03,3.105035371779057973e-03,3.161331551128659934e-03,3.216648844530239915e-03,3.270928185835131341e-03,3.324112080357821686e-03,3.376144845605555389e-03,3.426972252617122017e-03,3.476541631980634151e-03,3.524802800926984947e-03,3.571707244440947004e-03,3.617208406146543709e-03,3.661261723595543582e-03,3.703824650747145064e-03,3.744856670928831122e-03,3.784319301179617234e-03,3.822176088670692362e-03,3.858392599916604659e-03,3.892936403510127708e-03,3.925777047159406674e-03,3.956886029789330461e-03,3.986236769546847025e-03,4.013804568489764968e-03,4.039566574756014994e-03,4.063501743025721424e-03,4.085590794004612114e-03,4.105816173705700844e-03,4.124162013193433118e-03,4.140614089484628835e-03,4.155159788212070548e-03,4.167788068628219822e-03,4.178489431459153636e-03,4.187255890093055655e-03,4.194080945487788092e-03,4.198959565167081909e-03,4.201888166589007323e-03,4.202864605086842342e-03,4.201888166588896301e-03,4.198959565167692531e-03,4.194080945486844403e-03,4.187255890093055655e-03,4.178489431459375680e-03,4.167788068628608400e-03,4.155159788211792993e-03,4.140614089483796167e-03,4.124162013192544940e-03,4.105816173705478800e-03,4.085590794004112514e-03,4.063501743025554891e-03,4.039566574755959483e-03,4.013804568489875990e-03,3.986236769547846226e-03,3.956886029788331260e-03,3.925777047159795252e-03,3.892936403511015886e-03,3.858392599916160570e-03,3.822176088670692362e-03,3.784319301180116835e-03,3.744856670928220499e-03,3.703824650747589153e-03,3.661261723595321538e-03,3.617208406147043309e-03,3.571707244440947004e-03,3.524802800927095969e-03,3.476541631981300284e-03,3.426972252617122017e-03,3.376144845605721923e-03,3.324112080357072285e-03,3.270928185834159896e-03,3.216648844530045626e-03,3.161331551129409334e-03,3.105035371779252262e-03,3.047820832568520766e-03,2.989749805968056062e-03,2.930885390129894796e-03,2.871291781058160630e-03,2.811034138583523578e-03,2.750178447418732963e-03,2.688791374836185799e-03,2.626940126776916573e-03,2.564692304431848147e-03,2.502115763648282698e-03,2.439278479795886634e-03,2.376248421087578944e-03,2.313093433733343085e-03,2.249881142761894770e-03,2.186678872871661294e-03,2.123553594309463000e-03,2.060571899526103534e-03,1.997800017267820083e-03,1.935303871882176896e-03,1.873149196930795624e-03,1.811401713858448725e-03,1.750127388371089387e-03,1.689392779463588790e-03,1.629265498689136393e-03,1.569814800089885942e-03,1.511112324098548565e-03,1.453233021036642869e-03
9.688172043010754297e-01,1.342060903769912161e-03,1.395289191414975094e-03,1.449163745620346555e-03,1.503633176736157706e-03,1.558646073733280235e-03,1.614150807417780165e-03,1.670095347218125692e-03,1.726427105561950670e-03,1.783092815993370106e-03,1.840038446650843484e-03,1.897209148224804354e-03,1.954549234096075727e-03,2.012002189742817526e-03,2.069510708188226911e-03,2.127016748225102338e-03,2.184461612268207009e-03,2.241786040766635679e-03,2.298930320353886891e-03,2.355834403055673265e-03,2.412438034071734405e-03,2.468680885834989569e-03,2.524502696238412058e-03,2.579843409056953307e-03,2.634643314793488900e-03,2.688843190318535026e-03,2.742384435839767542e-03,2.795209207887061620e-03,2.847260547155533450e-03,2.898482500219762281e-03,2.948820234286247954e-03,2.998220144400598475e-03,3.046629953021268156e-03,3.093998804090752897e-03,3.140277377789379987e-03,3.185418204480816584e-03,3.229374308177379582e-03,3.272101593996046276e-03,3.313557314190307412e-03,3.353700468179621197e-03,3.392491840494726851e-03,3.429894019840173947e-03,3.465871409605025821e-03,3.500390231059913315e-03,3.533418519955366932e-03,3.564926117183786491e-03,3.594884654175845018e-03,3.623267533717222655e-03,3.650049906872288030e-03,3.675208646729877238e-03,3.698722319653235946e-03,3.720571154724516827e-03,3.740737012049411003e-03,3.759203350582274172e-03,3.775955196061109298e-03,3.790979109662251378e-03,3.804263157903886583e-03,3.815796884315991733e-03,3.825571283315620796e-03,3.833578776731960680e-03,3.839813193300234406e-03,3.844269751469453489e-03,3.846945045765104432e-03,3.847837036895951357e-03,3.846945045765270965e-03,3.844269751469786556e-03,3.839813193299457250e-03,3.833578776731849658e-03,3.825571283315676308e-03,3.815796884314548443e-03,3.804263157904386183e-03,3.790979109661807289e-03,3.775955196061275831e-03,3.759203350582829284e-03,3.740737012048911403e-03,3.720571154724516827e-03,3.698722319653180435e-03,3.675208646730765416e-03,3.650049906872676608e-03,3.623267533717056121e-03,3.594884654175900529e-03,3.564926117184119558e-03,3.533418519955366932e-03,3.500390231059524737e-03,3.465871409604748266e-03,3.429894019840395991e-03,3.392491840494782362e-03,3.353700468180231820e-03,3.313557314189696790e-03,3.272101593996157298e-03,3.229374308176879982e-03,3.185418204480927606e-03,3.140277377788269764e-03,3.093998804090641874e-03,3.046629953021490200e-03,2.998220144399960096e-03,2.948820234286997355e-03,2.898482500220594948e-03,2.847260547154867316e-03,2.795209207886450997e-03,2.742384435839906320e-03,2.688843190318535026e-03,2.634643314793211344e-03,2.579843409057092085e-03,2.524502696238328792e-03,2.468680885834628747e-03,2.412438034071373583e-03,2.355834403055923065e-03,2.298930320354025669e-03,2.241786040767579369e-03,2.184461612268040476e-03,2.127016748225102338e-03,2.069510708187338732e-03,2.012002189743206104e-03,1.954549234096131238e-03,1.897209148223916175e-03,1.840038446650288373e-03,1.783092815992703972e-03,1.726427105562311493e-03,1.670095347217709358e-03,1.614150807418515687e-03,1.558646073732780635e-03,1.503633176735630350e-03,1.449163745620041244e-03,1.395289191414739172e-03,1.342060903769606850e-03
9.731182795698924970e-01,1.245775357423081764e-03,1.295039547208595709e-03,1.344803346061893001e-03,1.395033588421190629e-03,1.445694748375553340e-03,1.496749229989949304e-03,1.548157565834623606e-03,1.599878561255138609e-03,1.651869408436035247e-03,1.704085785576625600e-03,1.756481950855842689e-03,1.809010837075325506e-03,1.861624150440138736e-03,1.914272475260159201e-03,1.966905385292622155e-03,2.019471561710201035e-03,2.071918917191856169e-03,2.124194725344780155e-03,2.176245754450301106e-03,2.228018404422799081e-03,2.279458845819121171e-03,2.330513159710861926e-03,2.381127477238315082e-03,2.431248117738177283e-03,2.480821724339804524e-03,2.529795396048806211e-03,2.578116815372621939e-03,2.625734370658661110e-03,2.672597272406929125e-03,2.718655662909713611e-03,2.763860718717203735e-03,2.808164745569358134e-03,2.851521265729767274e-03,2.893885098797260857e-03,2.935212444976020851e-03,2.975461276572666236e-03,3.014589979917770002e-03,3.052559360201101413e-03,3.089331677632478623e-03,3.124870692607584211e-03,3.159141774120355350e-03,3.192111917075690641e-03,3.223749751067428448e-03,3.254025542871907817e-03,3.282911193430326779e-03,3.310380229936293883e-03,3.336407793635920438e-03,3.360970623960013448e-03,3.384047039589666017e-03,3.405616917074083538e-03,3.425661667587454051e-03,3.444164212437317296e-03,3.461108957857061963e-03,3.476481769661088350e-03,3.490269948257240795e-03,3.502462204498457687e-03,3.513048636836768601e-03,3.522020710160889134e-03,3.529371236710321380e-03,3.535094359362778160e-03,3.539185537583311447e-03,3.541641536265793810e-03,3.542460417619908153e-03,3.541641536266182388e-03,3.539185537583700025e-03,3.535094359361667937e-03,3.529371236710265869e-03,3.522020710162165891e-03,3.513048636836879624e-03,3.502462204498846265e-03,3.490269948257018751e-03,3.476481769661032839e-03,3.461108957857172985e-03,3.444164212438149963e-03,3.425661667588952852e-03,3.405616917073750471e-03,3.384047039590387662e-03,3.360970623959624870e-03,3.336407793635642882e-03,3.310380229936682461e-03,3.282911193431437002e-03,3.254025542871186172e-03,3.223749751068372138e-03,3.192111917077022909e-03,3.159141774120188817e-03,3.124870692607528699e-03,3.089331677632978224e-03,3.052559360200546301e-03,3.014589979918047558e-03,2.975461276572832769e-03,2.935212444976520452e-03,2.893885098797427391e-03,2.851521265729517474e-03,2.808164745568886289e-03,2.763860718717370268e-03,2.718655662909852389e-03,2.672597272406679325e-03,2.625734370659243977e-03,2.578116815372427650e-03,2.529795396047973544e-03,2.480821724339860035e-03,2.431248117738732395e-03,2.381127477238453860e-03,2.330513159710917437e-03,2.279458845819232193e-03,2.228018404422410503e-03,2.176245754450439884e-03,2.124194725344863421e-03,2.071918917191717391e-03,2.019471561709507146e-03,1.966905385292649910e-03,1.914272475260020423e-03,1.861624150440333025e-03,1.809010837075242240e-03,1.756481950855648400e-03,1.704085785576764378e-03,1.651869408436479336e-03,1.599878561254194920e-03,1.548157565833596649e-03,1.496749229989657870e-03,1.445694748376483152e-03,1.395033588421107362e-03,1.344803346061823612e-03,1.295039547208082231e-03,1.245775357423262175e-03
9.774193548387097863e-01,1.156846972833969200e-03,1.202469412939152771e-03,1.248466703611797457e-03,1.294820149077044458e-03,1.341507030082206287e-03,1.388501228264282794e-03,1.435773689904232264e-03,1.483292780975517533e-03,1.531024568743488690e-03,1.578933053986542046e-03,1.626980370309755175e-03,1.675126961882322796e-03,1.723331747311845907e-03,1.771552274864113263e-03,1.819744872485984377e-03,1.867864794838636211e-03,1.915866368626978344e-03,1.963703136942468452e-03,2.011328002799184222e-03,2.058693371790099036e-03,2.105751293533492108e-03,2.152453601435372343e-03,2.198752050204727526e-03,2.244598450479723395e-03,2.289944799945070608e-03,2.334743410276451936e-03,2.378947029297751037e-03,2.422508957785507455e-03,2.465383160372314197e-03,2.507524370105096434e-03,2.548888186252901145e-03,2.589431165075484209e-03,2.629110903336367988e-03,2.667886114603085224e-03,2.705716698895965777e-03,2.742563809667031283e-03,2.778389971365202715e-03,2.813159213441329687e-03,2.846835925653767863e-03,2.879387101895336531e-03,2.910780766628484617e-03,2.940986393427880152e-03,2.969974923586804483e-03,2.997718773825985838e-03,3.024191838450540626e-03,3.049369486878616975e-03,3.073228557161022945e-03,3.095747346029686931e-03,3.116905596018959557e-03,3.136684480196327840e-03,3.155066585021570891e-03,3.172035891871816116e-03,3.187577757699511238e-03,3.201678895330684060e-03,3.214327353843360324e-03,3.225512499451910209e-03,3.235224997301333616e-03,3.243456794516486053e-03,3.250201104848471356e-03,3.255452395180824521e-03,3.259206374160605879e-03,3.261459983141978825e-03,3.262211389600311318e-03,3.261459983141590246e-03,3.259206374160716901e-03,3.255452395181102077e-03,3.250201104848748912e-03,3.243456794516097474e-03,3.235224997300001348e-03,3.225512499451410608e-03,3.214327353843415835e-03,3.201678895330961616e-03,3.187577757698567549e-03,3.172035891871816116e-03,3.155066585021792935e-03,3.136684480197049485e-03,3.116905596019736713e-03,3.095747346029409375e-03,3.073228557160800900e-03,3.049369486878561464e-03,3.024191838450207559e-03,2.997718773826540950e-03,2.969974923586304882e-03,2.940986393427713619e-03,2.910780766627651950e-03,2.879387101895114487e-03,2.846835925652879684e-03,2.813159213440774575e-03,2.778389971364980671e-03,2.742563809666975772e-03,2.705716698896826200e-03,2.667886114603446046e-03,2.629110903336312477e-03,2.589431165074346231e-03,2.548888186253178700e-03,2.507524370105873590e-03,2.465383160373396665e-03,2.422508957785313166e-03,2.378947029297667770e-03,2.334743410276091113e-03,2.289944799945459186e-03,2.244598450479862173e-03,2.198752050204894060e-03,2.152453601435649899e-03,2.105751293533769664e-03,2.058693371789738213e-03,2.011328002799128711e-03,1.963703136942135385e-03,1.915866368626589766e-03,1.867864794838469678e-03,1.819744872486511733e-03,1.771552274864029997e-03,1.723331747311124262e-03,1.675126961882239529e-03,1.626980370309144552e-03,1.578933053986264490e-03,1.531024568743960534e-03,1.483292780975073444e-03,1.435773689904412675e-03,1.388501228264490961e-03,1.341507030081803831e-03,1.294820149077086091e-03,1.248466703612199913e-03,1.202469412939596860e-03,1.156846972833969200e-03
9.817204301075269646e-01,1.071019015496624260e-03,1.113080159566598448e-03,1.155408082760447930e-03,1.197995825818087834e-03,1.240831218918339585e-03,1.283897739852574160e-03,1.327175165116892264e-03,1.370640075058784935e-03,1.414266255574059272e-03,1.458025026165987725e-03,1.501885515426376605e-03,1.545814898890718325e-03,1.589778609930037057e-03,1.633740531268579321e-03,1.677663172496290933e-03,1.721507837394803397e-03,1.765234783645430738e-03,1.808803376717238454e-03,1.852172239057064962e-03,1.895299395219429694e-03,1.938142413298898914e-03,1.980658542698743307e-03,2.022804848165526970e-03,2.064538339849597559e-03,2.105816099089330429e-03,2.146595399578871133e-03,2.186833823533990140e-03,2.226489372511269993e-03,2.265520572519413856e-03,2.303886573104541036e-03,2.341547240147401343e-03,2.378463242133366240e-03,2.414596129769769339e-03,2.449908408823614492e-03,2.484363606282430359e-03,2.517926330233344334e-03,2.550562325467020663e-03,2.582238541443848678e-03,2.612923535914579709e-03,2.642585752545500988e-03,2.671196281289311969e-03,2.698727099983866395e-03,2.725151474393339157e-03,2.750443990919171355e-03,2.774580563979944792e-03,2.797538438128965854e-03,2.819296186301945006e-03,2.839833704765482025e-03,2.859132205301484486e-03,2.877174205071830748e-03,2.893943514640895387e-03,2.909425224595474369e-03,2.923605691213471136e-03,2.936472521594457596e-03,2.948014558639966420e-03,2.958221866271482092e-03,2.967085715231632115e-03,2.974598569778885704e-03,2.980754075558422755e-03,2.985547048908021583e-03,2.988973467821176566e-03,2.991030464710275893e-03,2.991716321155357683e-03,2.991030464710331405e-03,2.988973467821454122e-03,2.985547048908743228e-03,2.980754075557201510e-03,2.974598569778885704e-03,2.967085715231521093e-03,2.958221866271537603e-03,2.948014558639189264e-03,2.936472521595123730e-03,2.923605691213637670e-03,2.909425224594808235e-03,2.893943514640784365e-03,2.877174205072552393e-03,2.859132205301873064e-03,2.839833704764649358e-03,2.819296186301334384e-03,2.797538438129520966e-03,2.774580563978945591e-03,2.750443990919337889e-03,2.725151474393838757e-03,2.698727099983921907e-03,2.671196281289478502e-03,2.642585752545056899e-03,2.612923535915523399e-03,2.582238541443571123e-03,2.550562325467575775e-03,2.517926330234093735e-03,2.484363606282291581e-03,2.449908408823614492e-03,2.414596129769686073e-03,2.378463242134420952e-03,2.341547240147151543e-03,2.303886573104846347e-03,2.265520572519941211e-03,2.226489372511047948e-03,2.186833823533851362e-03,2.146595399579120933e-03,2.105816099089247162e-03,2.064538339849569804e-03,2.022804848165554725e-03,1.980658542698604530e-03,1.938142413298621358e-03,1.895299395219651739e-03,1.852172239056759651e-03,1.808803376717321720e-03,1.765234783645153183e-03,1.721507837395386264e-03,1.677663172496374200e-03,1.633740531267607876e-03,1.589778609931258302e-03,1.545814898889830147e-03,1.501885515426210072e-03,1.458025026166265281e-03,1.414266255573920494e-03,1.370640075058826568e-03,1.327175165117336353e-03,1.283897739853726017e-03,1.240831218918700407e-03,1.197995825818448656e-03,1.155408082759587507e-03,1.113080159566071092e-03,1.071019015496679772e-03
9.860215053763441428e-01,9.876736102594485534e-04,1.026240829812632982e-03,1.064980283305080877e-03,1.103894686933240554e-03,1.142980692986281244e-03,1.182229915200352921e-03,1.221629714541039302e-03,1.261163812774371284e-03,1.300812781251686756e-03,1.340554438630403578e-03,1.380364181725241002e-03,1.420215266962704392e-03,1.460079055201818354e-03,1.499925229141774174e-03,1.539721990117481898e-03,1.579436239215636917e-03,1.619033746270759355e-03,1.658479309320920470e-03,1.697736906334623708e-03,1.736769840445212543e-03,1.775540879515341564e-03,1.814012390532915298e-03,1.852146469110138582e-03,1.889905064170693816e-03,1.927250097814220409e-03,1.964143580220567564e-03,2.000547719466866381e-03,2.036425026035321162e-03,2.071738411838219829e-03,2.106451283549470865e-03,2.140527630078298271e-03,2.173932104058223791e-03,2.206630097219691722e-03,2.238587809615999458e-03,2.269772312681189730e-03,2.300151606244443814e-03,2.329694669797488515e-03,2.358371509184775672e-03,2.386153205641505792e-03,2.413012127261193740e-03,2.438921410065963968e-03,2.463855075674370454e-03,2.487789026237530177e-03,2.510700033344082094e-03,2.532566050874762720e-03,2.553366223214004194e-03,2.573080887601220113e-03,2.591691573159471407e-03,2.609180997274862523e-03,2.625533059741447239e-03,2.640732835100245701e-03,2.654766563580046590e-03,2.667621640997319687e-03,2.679286607990938318e-03,2.689751138945983833e-03,2.699006030925599209e-03,2.707043192906821716e-03,2.713855635609108141e-03,2.719437462158635910e-03,2.723783859813033725e-03,2.726891092922401061e-03,2.728756497293205463e-03,2.729378476087118699e-03,2.728756497293316485e-03,2.726891092922179016e-03,2.723783859812867192e-03,2.719437462158635910e-03,2.713855635608386496e-03,2.707043192906655182e-03,2.699006030925987787e-03,2.689751138945317699e-03,2.679286607989606050e-03,2.667621640996875598e-03,2.654766563580879257e-03,2.640732835100911835e-03,2.625533059741835817e-03,2.609180997274529457e-03,2.591691573158749762e-03,2.573080887600498468e-03,2.553366223215391972e-03,2.532566050874485164e-03,2.510700033343415960e-03,2.487789026237696710e-03,2.463855075674814543e-03,2.438921410066297035e-03,2.413012127260416584e-03,2.386153205641394770e-03,2.358371509184276071e-03,2.329694669797571782e-03,2.300151606245443014e-03,2.269772312681217485e-03,2.238587809616082724e-03,2.206630097220413367e-03,2.173932104058168280e-03,2.140527630078631338e-03,2.106451283549748421e-03,2.071738411839108007e-03,2.036425026035515451e-03,2.000547719465978203e-03,1.964143580220539809e-03,1.927250097814192653e-03,1.889905064171581994e-03,1.852146469109222648e-03,1.814012390532387942e-03,1.775540879515785653e-03,1.736769840445934188e-03,1.697736906334623708e-03,1.658479309321087003e-03,1.619033746271009155e-03,1.579436239216025495e-03,1.539721990117842720e-03,1.499925229141163552e-03,1.460079055202845311e-03,1.420215266963231748e-03,1.380364181724935690e-03,1.340554438630681133e-03,1.300812781250729189e-03,1.261163812774607207e-03,1.221629714541414002e-03,1.182229915201907233e-03,1.142980692986128588e-03,1.103894686933046265e-03,1.064980283306316000e-03,1.026240829812619104e-03,9.876736102585048638e-04
9.903225806451614321e-01,9.078893976765672891e-04,9.430922322759965892e-04,9.783844558820808945e-04,1.013776842890209973e-03,1.049273484049650929e-03,1.084872934375577525e-03,1.120569097772305955e-03,1.156351920274439893e-03,1.192207942837267276e-03,1.228120750233901992e-03,1.264071342471390080e-03,1.300038448058704610e-03,1.335998793306703014e-03,1.371927338180034539e-03,1.407797486462220027e-03,1.443581276030531102e-03,1.479249553532790973e-03,1.514772136638531386e-03,1.550117966190256436e-03,1.585255249950123790e-03,1.620151599159042055e-03,1.654774158722532862e-03,1.689089731602227973e-03,1.723064897767218051e-03,1.756666127877976047e-03,1.789859891813655457e-03,1.822612762038766654e-03,1.854891511763434586e-03,1.886663207832539602e-03,1.917895298248234459e-03,1.948555694249759496e-03,1.978612846879945764e-03,2.008035817983949700e-03,2.036794345614434398e-03,2.064858903873895146e-03,2.092200757223994234e-03,2.118792009412923116e-03,2.144605647272257443e-03,2.169615580142114641e-03,2.193796678330695027e-03,2.217124847166462853e-03,2.239577283106863881e-03,2.261130947072753639e-03,2.281765223011322785e-03,2.301460083313722205e-03,2.320196551900077786e-03,2.337956716116751377e-03,2.354723729568852786e-03,2.370481811982794174e-03,2.385216246879429125e-03,2.398913377503142375e-03,2.411560601328521791e-03,2.423146363504213863e-03,2.433660149537719697e-03,2.443092477536268348e-03,2.451434890267500943e-03,2.458679947309916347e-03,2.464821217554480359e-03,2.469853272237199082e-03,2.473771678715264155e-03,2.476572995152803713e-03,2.478254766245080454e-03,2.478815520083110790e-03,2.478254766245135965e-03,2.476572995152470646e-03,2.473771678715375177e-03,2.469853272237865216e-03,2.464821217554369337e-03,2.458679947309916347e-03,2.451434890267056854e-03,2.443092477536712437e-03,2.433660149537886230e-03,2.423146363503769773e-03,2.411560601328077702e-03,2.398913377503530953e-03,2.385216246878929525e-03,2.370481811982572129e-03,2.354723729569518920e-03,2.337956716116806888e-03,2.320196551899633697e-03,2.301460083313611182e-03,2.281765223011711363e-03,2.261130947071532393e-03,2.239577283105975702e-03,2.217124847166240809e-03,2.193796678330861560e-03,2.169615580142336686e-03,2.144605647271757842e-03,2.118792009413672517e-03,2.092200757224771390e-03,2.064858903874339235e-03,2.036794345614406643e-03,2.008035817983366833e-03,1.978612846880223319e-03,1.948555694250009296e-03,1.917895298247568325e-03,1.886663207833066958e-03,1.854891511762296608e-03,1.822612762038017253e-03,1.789859891813572190e-03,1.756666127877726247e-03,1.723064897767412340e-03,1.689089731602838595e-03,1.654774158721200594e-03,1.620151599158903277e-03,1.585255249950234813e-03,1.550117966189257235e-03,1.514772136639225275e-03,1.479249553532707706e-03,1.443581276029004545e-03,1.407797486462247782e-03,1.371927338179701472e-03,1.335998793306647503e-03,1.300038448058649099e-03,1.264071342471972947e-03,1.228120750234484859e-03,1.192207942837586465e-03,1.156351920274689693e-03,1.120569097773180256e-03,1.084872934375410991e-03,1.049273484048679483e-03,1.013776842890737329e-03,9.783844558825666171e-04,9.430922322763435339e-04,9.078893976770946450e-04
9.946236559139786104e-01,8.367089128925031538e-04,8.689434217068608968e-04,9.011956696995254701e-04,9.334831678385474563e-04,9.658162650634932733e-04,9.981993916875625539e-04,1.030632020686719774e-03,1.063109422557537154e-03,1.095623267564738157e-03,1.128162114108405278e-03,1.160711811401815563e-03,1.193255837184159507e-03,1.225775585791122335e-03,1.258250618018513789e-03,1.290658881347134246e-03,1.322976906961120802e-03,1.355179988396654212e-03,1.387242345479350325e-03,1.419137276279069937e-03,1.450837299123902691e-03,1.482314286187752517e-03,1.513539589753781778e-03,1.544484161952935919e-03,1.575118668532660138e-03,1.605413597029731188e-03,1.635339359602833165e-03,1.664866390645280969e-03,1.693965239300349035e-03,1.722606656860248275e-03,1.750761679084889000e-03,1.778401703422416436e-03,1.805498561119778245e-03,1.832024584212915697e-03,1.857952667427803517e-03,1.883256325004356579e-03,1.907909742514285467e-03,1.931887823764300016e-03,1.955166232932459280e-03,1.977721432162543591e-03,1.999530715190267482e-03,2.020572238968509904e-03,2.040825068123863772e-03,2.060269593868402360e-03,2.078885683108044891e-03,2.096655587766282913e-03,2.113562064815832642e-03,2.129588797645909359e-03,2.144720423025103795e-03,2.158942534624730403e-03,2.172241683654208000e-03,2.184605377664516901e-03,2.196022077962378471e-03,2.206481195907494808e-03,2.215973088404488145e-03,2.224489052825795454e-03,2.232021321644406253e-03,2.238563056957298958e-03,2.244108345168360774e-03,2.248652191965183622e-03,2.252190517787910906e-03,2.254720153929190563e-03,2.256238839357993520e-03,2.256745218411904119e-03,2.256238839358881698e-03,2.254720153928413406e-03,2.252190517789409707e-03,2.248652191965405667e-03,2.244108345168138730e-03,2.238563056956910380e-03,2.232021321644239720e-03,2.224489052826461588e-03,2.215973088404155078e-03,2.206481195908271964e-03,2.196022077962156427e-03,2.184605377664572412e-03,2.172241683654485556e-03,2.158942534625007958e-03,2.144720423025325839e-03,2.129588797645964870e-03,2.113562064816165709e-03,2.096655587765672291e-03,2.078885683108711024e-03,2.060269593868790938e-03,2.040825068124252351e-03,2.020572238967954792e-03,1.999530715190100949e-03,1.977721432162321546e-03,1.955166232931848658e-03,1.931887823764855128e-03,1.907909742513619333e-03,1.883256325004106779e-03,1.857952667427886784e-03,1.832024584212027518e-03,1.805498561119972534e-03,1.778401703422610725e-03,1.750761679084916755e-03,1.722606656860359298e-03,1.693965239300571080e-03,1.664866390643837679e-03,1.635339359602444587e-03,1.605413597030175277e-03,1.575118668532549115e-03,1.544484161953074697e-03,1.513539589753087888e-03,1.482314286188834984e-03,1.450837299124346780e-03,1.419137276278820137e-03,1.387242345479294814e-03,1.355179988396071344e-03,1.322976906961176313e-03,1.290658881347106490e-03,1.258250618018152966e-03,1.225775585790928046e-03,1.193255837184270529e-03,1.160711811401649030e-03,1.128162114107850167e-03,1.095623267564738157e-03,1.063109422556746120e-03,1.030632020686386707e-03,9.981993916872711203e-04,9.658162650641038960e-04,9.334831678384503117e-04,9.011956696991507698e-04,8.689434217072633526e-04,8.367089128929888764e-04
9.989247311827957887e-01,7.681162703509492040e-04,7.974661549458444965e-04,8.267704462074226823e-04,8.560523867389702168e-04,8.853277027776329522e-04,9.146059222111119213e-04,9.438913950518962315e-04,9.731840954303322411e-04,1.002480261301758047e-03,1.031772912464923309e-03,1.061052276463386734e-03,1.090306144178654346e-03,1.119520171368154626e-03,1.148678138266967519e-03,1.177762176440888542e-03,1.206752969826502264e-03,1.235629935218612863e-03,1.264371386238333228e-03,1.292954683810548788e-03,1.321356375498766722e-03,1.349552325422803678e-03,1.377517836105540683e-03,1.405227763218136472e-03,1.432656623948119767e-03,1.459778699534480806e-03,1.486568132318843993e-03,1.512999017602406626e-03,1.539045490475399180e-03,1.564681807724704887e-03,1.589882424932242966e-03,1.614622068786236708e-03,1.638875804665623770e-03,1.662619099527529176e-03,1.685827880146678615e-03,1.708478586749301309e-03,1.730548222140526615e-03,1.752014396363410498e-03,1.772855367059456011e-03,1.793050075647034669e-03,1.812578179551049828e-03,1.831420080897927516e-03,1.849556952948694377e-03,1.866970771406073482e-03,1.883644529007189039e-03,1.899561602701160812e-03,1.914706059818471751e-03,1.929063457141000359e-03,1.942619903313125285e-03,1.955362356959255976e-03,1.967278631335056538e-03,1.978357395670538033e-03,1.988588174991479107e-03,1.997961348789212277e-03,2.006468148834428256e-03,2.014100656352213470e-03,2.020851798786083009e-03,2.026715346341634305e-03,2.031685908486347003e-03,2.035758930585773729e-03,2.038930690795914824e-03,2.041198297359159142e-03,2.042559686381562045e-03,2.043013620203093517e-03,2.042559686381673068e-03,2.041198297358881586e-03,2.038930690796803002e-03,2.035758930585662707e-03,2.031685908486013936e-03,2.026715346341245727e-03,2.020851798786749143e-03,2.014100656351935914e-03,2.006468148834650300e-03,1.997961348788268587e-03,1.988588174992422797e-03,1.978357395670204966e-03,1.967278631334945516e-03,1.955362356959644554e-03,1.942619903312403640e-03,1.929063457141333426e-03,1.914706059818860329e-03,1.899561602700994278e-03,1.883644529007355573e-03,1.866970771406517571e-03,1.849556952948860911e-03,1.831420080898593650e-03,1.812578179551188606e-03,1.793050075647867336e-03,1.772855367059844589e-03,1.752014396363521520e-03,1.730548222139138836e-03,1.708478586748579664e-03,1.685827880145485125e-03,1.662619099528278577e-03,1.638875804666178881e-03,1.614622068786292219e-03,1.589882424932687055e-03,1.564681807724649376e-03,1.539045490474982847e-03,1.512999017602795204e-03,1.486568132318233371e-03,1.459778699534508561e-03,1.432656623948536101e-03,1.405227763218053205e-03,1.377517836105818239e-03,1.349552325422415100e-03,1.321356375498738966e-03,1.292954683810881855e-03,1.264371386237334027e-03,1.235629935219195730e-03,1.206752969826446753e-03,1.177762176441526920e-03,1.148678138266662208e-03,1.119520171367904826e-03,1.090306144177544123e-03,1.061052276462942645e-03,1.031772912464798408e-03,1.002480261301355591e-03,9.731840954303877522e-04,9.438913950521321539e-04,9.146059222110564102e-04,8.853277027780215302e-04,8.560523867389285835e-04,8.267704462071312488e-04,7.974661549457057186e-04,7.681162703511018597e-04
1.003225806451613078e+00,7.071794041014906052e-04,7.339853101968607518e-04,7.606901696115692113e-04,7.873221490980603088e-04,8.139016027756268423e-04,8.404424552502787193e-04,8.669532728369511165e-04,8.934381053818385432e-04,9.198971573225467324e-04,9.463273302791064268e-04,9.727226680678879855e-04,9.990747269262856278e-04,1.025372887960063206e-03,1.051604624581065073e-03,1.077755734609137095e-03,1.103810544390765314e-03,1.129752090573032941e-03,1.155562283837868742e-03,1.181222057922287627e-03,1.206711506462343486e-03,1.232010009614759038e-03,1.257096351971354053e-03,1.281948832882712219e-03,1.306545370074185808e-03,1.330863597195947046e-03,1.354880955797554964e-03,1.378574782083863415e-03,1.401922388723553237e-03,1.424901141890005940e-03,1.447488533697249835e-03,1.469662250126041458e-03,1.491400234522488599e-03,1.512680746769523576e-03,1.533482418173526263e-03,1.553784302145172491e-03,1.573565920779479432e-03,1.592807307396026939e-03,1.611489045165059864e-03,1.629592301936821919e-03,1.647098861441986806e-03,1.663991151042321093e-03,1.680252266390541704e-03,1.695865993796452642e-03,1.710816834067541148e-03,1.725090071112544976e-03,1.738671964706561823e-03,1.751548324391283273e-03,1.763707064924346923e-03,1.775136393466991702e-03,1.785825275650299027e-03,1.795763442625664119e-03,1.804941393076076039e-03,1.813350393823964790e-03,1.820982479507404772e-03,1.827830451554990354e-03,1.833887876666939754e-03,1.839149084966074099e-03,1.843609167984761044e-03,1.847263976623991777e-03,1.850110119203884906e-03,1.852144959725077200e-03,1.853366616430762726e-03,1.853773960708182678e-03,1.853366616430540681e-03,1.852144959724966178e-03,1.850110119203218773e-03,1.847263976623214621e-03,1.843609167984650021e-03,1.839149084965796543e-03,1.833887876666773220e-03,1.827830451555045865e-03,1.820982479508015395e-03,1.813350393823798257e-03,1.804941393075742972e-03,1.795763442625886164e-03,1.785825275650965160e-03,1.775136393467380280e-03,1.763707064924180390e-03,1.751548324391172251e-03,1.738671964705673645e-03,1.725090071113322132e-03,1.710816834067097059e-03,1.695865993796119575e-03,1.680252266390680482e-03,1.663991151041654959e-03,1.647098861441681494e-03,1.629592301936405585e-03,1.611489045164338219e-03,1.592807307396471028e-03,1.573565920780173322e-03,1.553784302144700646e-03,1.533482418173470752e-03,1.512680746771161155e-03,1.491400234522571866e-03,1.469662250125486347e-03,1.447488533698221280e-03,1.424901141889672873e-03,1.401922388723081392e-03,1.378574782084057704e-03,1.354880955796888831e-03,1.330863597196446646e-03,1.306545370074019274e-03,1.281948832882739975e-03,1.257096351971132009e-03,1.232010009614731283e-03,1.206711506462010419e-03,1.181222057923120294e-03,1.155562283837785476e-03,1.129752090573005185e-03,1.103810544390210202e-03,1.077755734609747718e-03,1.051604624581259362e-03,1.025372887960229740e-03,9.990747269256750052e-04,9.727226680679157411e-04,9.463273302797031716e-04,9.198971573235736887e-04,8.934381053818801766e-04,8.669532728369511165e-04,8.404424552499595302e-04,8.139016027754464311e-04,7.873221490984766424e-04,7.606901696118745226e-04,7.339853101969162630e-04,7.071794041017959165e-04
1.007526881720430367e+00,6.498679617274738529e-04,6.742822502903006443e-04,6.985466197488854334e-04,7.226934775429599833e-04,7.467471838019795749e-04,7.707254904023158604e-04,7.946406548129669734e-04,8.185003147203051554e-04,8.423081844446816957e-04,8.660646170829955359e-04,8.897670644719135602e-04,9.134104586196178932e-04,9.369875323037013537e-04,9.604890921284525707e-04,9.839042541270881514e-04,1.007220649628909337e-03,1.030424607305013840e-03,1.053501315953303541e-03,1.076434971549772301e-03,1.099208911306021053e-03,1.121805736847752977e-03,1.144207428147969718e-03,1.166395449506502091e-03,1.188350848530250747e-03,1.210054348889155751e-03,1.231486437410889145e-03,1.252627445968934605e-03,1.273457628488405824e-03,1.293957233335196744e-03,1.314106571288997660e-03,1.333886079242563305e-03,1.353276379772588855e-03,1.372258336666182243e-03,1.390813106527860610e-03,1.408922186519334652e-03,1.426567458367417052e-03,1.443731228711997439e-03,1.460396265891117373e-03,1.476545833312220557e-03,1.492163719508554642e-03,1.507234265043622123e-03,1.521742386452640261e-03,1.535673597478942609e-03,1.549014028182804648e-03,1.561750444048548569e-03,1.573870281662226311e-03,1.585362041364946073e-03,1.596213450235972608e-03,1.606414390775801060e-03,1.615954946025399686e-03,1.624825867649282163e-03,1.633018590922796776e-03,1.640525237385392909e-03,1.647338616091065244e-03,1.653452224052387454e-03,1.658860246122606519e-03,1.663557554459849097e-03,1.667539707723209030e-03,1.670802950126004660e-03,1.673344210437244239e-03,1.675161101047650813e-03,1.676251917151705406e-03,1.676615636130307507e-03,1.676251917151816428e-03,1.675161101047539791e-03,1.673344210437133217e-03,1.670802950125227504e-03,1.667539707723375564e-03,1.663557554459738075e-03,1.658860246123883275e-03,1.653452224052998076e-03,1.647338616090343599e-03,1.640525237385670465e-03,1.633018590922630242e-03,1.624825867649226652e-03,1.615954946024789063e-03,1.606414390776134127e-03,1.596213450236749765e-03,1.585362041364501984e-03,1.573870281662614889e-03,1.561750444047771413e-03,1.549014028183082203e-03,1.535673597478887098e-03,1.521742386452973328e-03,1.507234265043372323e-03,1.492163719508138309e-03,1.476545833312192801e-03,1.460396265891561463e-03,1.443731228712274994e-03,1.426567458368721564e-03,1.408922186518335451e-03,1.390813106527583054e-03,1.372258336666487555e-03,1.353276379772394566e-03,1.333886079242646572e-03,1.314106571289080927e-03,1.293957233335807366e-03,1.273457628488045001e-03,1.252627445969434206e-03,1.231486437411444257e-03,1.210054348889544329e-03,1.188350848530722592e-03,1.166395449506724136e-03,1.144207428146998273e-03,1.121805736848696666e-03,1.099208911306104319e-03,1.076434971549938835e-03,1.053501315952526385e-03,1.030424607304097906e-03,1.007220649628381981e-03,9.839042541261999730e-04,9.604890921280362370e-04,9.369875323033960424e-04,9.134104586195346265e-04,8.897670644722188715e-04,8.660646170833979918e-04,8.423081844444874067e-04,8.185003147200969886e-04,7.946406548129114622e-04,7.707254904016358488e-04,7.467471838022571307e-04,7.226934775434595837e-04,6.985466197483164441e-04,6.742822502907308557e-04,6.498679617273628306e-04
1.011827956989247435e+00,5.968931044309372380e-04,6.190911056096620735e-04,6.410959045965725078e-04,6.629436334757848881e-04,6.846621752200215960e-04,7.062726548324876896e-04,7.277905918424421028e-04,7.492268040112382010e-04,7.705881257857455369e-04,7.918779871124437264e-04,8.130968859104414914e-04,8.342427787042250298e-04,8.553114077511636548e-04,8.762965784367970912e-04,8.971903974098471846e-04,9.179834794918739771e-04,9.386651295081871460e-04,9.592235038317631357e-04,9.796457553453985501e-04,9.999181647100674475e-04,1.020026260201006840e-03,1.039954927873759649e-03,1.059688513436324309e-03,1.079210916910822160e-03,1.098505680920902616e-03,1.117556073265163485e-03,1.136345164282182019e-03,1.154855899410084374e-03,1.173071167255512748e-03,1.190973863404470867e-03,1.208546950192013192e-03,1.225773512565420109e-03,1.242636810202313313e-03,1.259120325976081922e-03,1.275207810896572536e-03,1.290883325619773814e-03,1.306131278622835179e-03,1.320936461169208709e-03,1.335284079160004023e-03,1.349159781986991602e-03,1.362549688531444758e-03,1.375440410437023253e-03,1.387819072839496792e-03,1.399673332752704447e-03,1.410991395565941442e-03,1.421762030941853272e-03,1.431974596119434118e-03,1.441619363392321329e-03,1.450686228895214924e-03,1.459166381117482647e-03,1.467051683916920091e-03,1.474334456867065768e-03,1.481007628547970079e-03,1.487064739915888723e-03,1.492499946036229819e-03,1.497308017106513400e-03,1.501484338997438606e-03,1.505024913427521760e-03,1.507926357912248161e-03,1.510185905539085383e-03,1.511801404692536543e-03,1.512771318753658445e-03,1.513094725864361223e-03,1.512771318753880490e-03,1.511801404691537343e-03,1.510185905539362938e-03,1.507926357911582027e-03,1.505024913428520961e-03,1.501484338997438606e-03,1.497308017106957490e-03,1.492499946035286129e-03,1.487064739916110767e-03,1.481007628548469679e-03,1.474334456867343324e-03,1.467051683917031113e-03,1.459166381117649181e-03,1.450686228894659813e-03,1.441619363391877240e-03,1.431974596119156562e-03,1.421762030941686739e-03,1.410991395565497353e-03,1.399673332752315869e-03,1.387819072839469037e-03,1.375440410437134275e-03,1.362549688530279024e-03,1.349159781986603024e-03,1.335284079160309334e-03,1.320936461169874843e-03,1.306131278621891489e-03,1.290883325619190947e-03,1.275207810896711313e-03,1.259120325975915389e-03,1.242636810202008002e-03,1.225773512565531131e-03,1.208546950192290748e-03,1.190973863404692912e-03,1.173071167254791103e-03,1.154855899409973352e-03,1.136345164281654663e-03,1.117556073265191241e-03,1.098505680920847105e-03,1.079210916910544604e-03,1.059688513436157775e-03,1.039954927873065760e-03,1.020026260201006840e-03,9.999181647092902914e-04,9.796457553442883270e-04,9.592235038315966023e-04,9.386651295080761237e-04,9.179834794920682661e-04,8.971903974093198286e-04,8.762965784362419797e-04,8.553114077516632552e-04,8.342427787040307408e-04,8.130968859106774138e-04,7.918779871125825043e-04,7.705881257857732924e-04,7.492268040113631011e-04,7.277905918426363918e-04,7.062726548330011678e-04,6.846621752203824185e-04,6.629436334749105875e-04,6.410959045963504632e-04,6.190911056102171850e-04,5.968931044305625377e-04
1.016129032258064502e+00,5.484656309451829692e-04,5.686538963776133215e-04,5.886109825220253722e-04,6.083762754936494765e-04,6.279807332938286413e-04,6.474484267589286635e-04,6.667977281093195874e-04,6.860422411342492754e-04,7.051915392826541007e-04,7.242517590554248264e-04,7.432260831925913136e-04,7.621151390499458778e-04,7.809173310753259045e-04,7.996291216405826408e-04,8.182452710649712468e-04,8.367590451092143944e-04,8.551623963395649231e-04,8.734461243232738425e-04,8.916000185289485458e-04,9.096129869475000351e-04,9.274731727991203378e-04,9.451680612343471566e-04,9.626845774393377742e-04,9.800091773621011360e-04,9.971279319316572742e-04,1.014026605525436553e-03,1.030690729228594948e-03,1.047105669351261481e-03,1.063256691555519717e-03,1.079129020889385560e-03,1.094707897931146423e-03,1.109978631274516347e-03,1.124926646467933056e-03,1.139537531588713515e-03,1.153797079536778014e-03,1.167691327185166328e-03,1.181206591490818747e-03,1.194329502661267695e-03,1.207047034500530192e-03,1.219346532041726272e-03,1.231215736571533714e-03,1.242642808187782721e-03,1.253616346011898752e-03,1.264125406209209990e-03,1.274159518010881120e-03,1.283708698066654552e-03,1.292763464003032770e-03,1.301314851688439855e-03,1.309354501779824709e-03,1.316874667219691819e-03,1.323867219456764666e-03,1.330325711369373387e-03,1.336243819940297062e-03,1.341615764001879985e-03,1.346436308498621948e-03,1.350700766549084442e-03,1.354405000847991314e-03,1.357545424646611210e-03,1.360119002394022392e-03,1.362123250147173614e-03,1.363556235810747808e-03,1.364416579266558571e-03,1.364703452428395192e-03,1.364416579266392038e-03,1.363556235810248207e-03,1.362123250147784237e-03,1.360119002394688525e-03,1.357545424646944277e-03,1.354405000847880292e-03,1.350700766547530129e-03,1.346436308498566436e-03,1.341615764002823674e-03,1.336243819939408883e-03,1.330325711368485209e-03,1.323867219456320576e-03,1.316874667219691819e-03,1.309354501779436131e-03,1.301314851688550878e-03,1.292763464004753615e-03,1.283708698065849640e-03,1.274159518011519499e-03,1.264125406208654878e-03,1.253616346012481619e-03,1.242642808187616188e-03,1.231215736570895336e-03,1.219346532042170361e-03,1.207047034500585703e-03,1.194329502661350961e-03,1.181206591491262836e-03,1.167691327186137773e-03,1.153797079536444947e-03,1.139537531589740471e-03,1.124926646467461211e-03,1.109978631274266547e-03,1.094707897932173379e-03,1.079129020889635360e-03,1.063256691554881339e-03,1.047105669351178214e-03,1.030690729229039038e-03,1.014026605525686353e-03,9.971279319323511636e-04,9.800091773619068469e-04,9.626845774406977974e-04,9.451680612340696008e-04,9.274731727992036046e-04,9.096129869461955231e-04,8.916000185298644798e-04,8.734461243233848649e-04,8.551623963397869677e-04,8.367590451095752169e-04,8.182452710653598249e-04,7.996291216400552848e-04,7.809173310755201936e-04,7.621151390502511891e-04,7.432260831928411138e-04,7.242517590557440155e-04,7.051915392827512452e-04,6.860422411341660087e-04,6.667977281087367203e-04,6.474484267597752085e-04,6.279807332935788411e-04,6.083762754943988771e-04,5.886109825233021287e-04,5.686538963784321110e-04,5.484656309460017587e-04
1.020430107526881791e+00,5.022813170517254067e-04,5.205292098149627567e-04,5.385120860673942023e-04,5.562722252602514406e-04,5.738433240431717319e-04,5.912520849512964416e-04,6.085194385544168139e-04,6.256614976873076106e-04,6.426903128807226473e-04,6.596144782766572012e-04,6.764396237581987714e-04,6.931688195219443127e-04,7.098029126473004435e-04,7.263408103216628664e-04,7.427797208976183452e-04,7.591153613209500328e-04,7.753421375130409299e-04,7.914533028644810120e-04,8.074410988010150003e-04,8.232968805993723382e-04,8.390112309028530113e-04,8.545740629072040573e-04,8.699747147650482848e-04,8.852020364218671222e-04,9.002444698855138761e-04,9.150901236978925546e-04,9.297268422120974485e-04,9.441422702062274297e-04,9.583239131992771220e-04,9.722591938055580307e-04,9.859355043891904202e-04,9.993402562313014048e-04,1.012460925386232669e-03,1.025285095387518108e-03,1.037800496931390315e-03,1.049995044671153677e-03,1.061856871223371135e-03,1.073374358501272274e-03,1.084536166477495511e-03,1.095331259498011356e-03,1.105748930226496674e-03,1.115778821351859351e-03,1.125410945180732591e-03,1.134635701205505276e-03,1.143443891814505120e-03,1.151826736289829345e-03,1.159775883360913973e-03,1.167283422914611180e-03,1.174341899558395408e-03,1.180944354495450099e-03,1.187084596933674074e-03,1.192755670353540243e-03,1.197952436358673545e-03,1.202669775448028666e-03,1.206903045609775127e-03,1.210648088172727732e-03,1.213901230074698745e-03,1.216659285501131560e-03,1.218919557108011364e-03,1.220679836943905361e-03,1.221938407110600977e-03,1.222694040239502566e-03,1.222945999793445537e-03,1.222694040239946656e-03,1.221938407110823022e-03,1.220679836943516783e-03,1.218919557108177898e-03,1.216659285500742982e-03,1.213901230075031812e-03,1.210648088173282844e-03,1.206903045610052683e-03,1.202669775447307021e-03,1.197952436359672745e-03,1.192755670354261888e-03,1.187084596934007141e-03,1.180944354494894988e-03,1.174341899557507229e-03,1.167283422914222601e-03,1.159775883360997240e-03,1.151826736290217923e-03,1.143443891814671654e-03,1.134635701205727321e-03,1.125410945180316258e-03,1.115778821351137706e-03,1.105748930225913806e-03,1.095331259498677490e-03,1.084536166478355934e-03,1.073374358501300030e-03,1.061856871223093579e-03,1.049995044671486744e-03,1.037800496930751937e-03,1.025285095387740153e-03,1.012460925386288180e-03,9.993402562313014048e-04,9.859355043893291981e-04,9.722591938057523198e-04,9.583239131993048776e-04,9.441422702064217187e-04,9.297268422117088704e-04,9.150901236975872433e-04,9.002444698861800099e-04,8.852020364209789438e-04,8.699747147652980850e-04,8.545740629066489458e-04,8.390112309029917892e-04,8.232968805993168271e-04,8.074410988009317336e-04,7.914533028650083679e-04,7.753421375134017524e-04,7.591153613199508321e-04,7.427797208981457011e-04,7.263408103208857103e-04,7.098029126475779993e-04,6.931688195223606463e-04,6.764396237587955163e-04,6.596144782768653680e-04,6.426903128804589693e-04,6.256614976871410772e-04,6.085194385544306916e-04,5.912520849514074639e-04,5.738433240433243876e-04,5.562722252598212291e-04,5.385120860674358356e-04,5.205292098150737790e-04,5.022813170514617287e-04
1.024731182795699080e+00,4.615551842912096747e-04,4.781174076207012069e-04,4.943847322167876923e-04,5.104020453725321982e-04,5.262054875712629531e-04,5.418240924559281080e-04,5.572810445415993241e-04,5.725946585169727765e-04,5.877791525682046769e-04,6.028452670700373828e-04,6.178007658059064822e-04,6.326508468733477164e-04,6.473984834642343422e-04,6.620447096755965877e-04,6.765888628464389321e-04,6.910287912107460073e-04,7.053610336932580882e-04,7.195809770888239587e-04,7.336829947981737821e-04,7.476605703380101442e-04,7.615064082127920297e-04,7.752125341738969055e-04,7.887703864788431218e-04,8.021708994669640713e-04,8.154045804519005625e-04,8.284615807850614910e-04,8.413317617351478983e-04,8.540047557308583226e-04,8.664700233987909783e-04,8.787169067456246374e-04,8.907346787646042152e-04,9.025125897133834396e-04,9.140399102741947335e-04,9.253059717233003134e-04,9.363002033156986315e-04,9.470121669586384350e-04,9.574315893338403161e-04,9.675483915572991034e-04,9.773527164942674705e-04,9.868349538192933146e-04,9.959857629365520548e-04,1.004796093860810258e-03,1.013257206147866185e-03,1.021360686003197626e-03,1.029098461661132058e-03,1.036462817161604155e-03,1.043446404662029536e-03,1.050042255493405241e-03,1.056243790399286064e-03,1.062044830674457874e-03,1.067439623191779319e-03,1.072423207798989253e-03,1.076989710188103189e-03,1.081135053255466438e-03,1.084855131458561939e-03,1.088146257441136022e-03,1.091005172372205845e-03,1.093429048328264930e-03,1.095415489989259861e-03,1.096962535951817586e-03,1.098068659723949736e-03,1.098732770461685604e-03,1.098954213462954854e-03,1.098732770462129693e-03,1.098068659723949736e-03,1.096962535951928608e-03,1.095415489989703950e-03,1.093429048328375952e-03,1.091005172373149534e-03,1.088146257441247045e-03,1.084855131458839494e-03,1.081135053255188883e-03,1.076989710188880345e-03,1.072423207798101075e-03,1.067439623191390741e-03,1.062044830673847251e-03,1.056243790399119531e-03,1.050042255493266463e-03,1.043446404661418914e-03,1.036462817162242533e-03,1.029098461662047992e-03,1.021360686004335605e-03,1.013257206147116785e-03,1.004796093860838013e-03,9.959857629367463439e-04,9.868349538192655590e-04,9.773527164941009371e-04,9.675483915574101257e-04,9.574315893341456274e-04,9.470121669580833235e-04,9.363002033161149651e-04,9.253059717223843794e-04,9.140399102725571545e-04,9.025125897142993736e-04,8.907346787633829699e-04,8.787169067464573047e-04,8.664700233994571121e-04,8.540047557295538105e-04,8.413317617346205424e-04,8.284615807854778247e-04,8.154045804527887409e-04,8.021708994668808046e-04,7.887703864786765884e-04,7.752125341743687503e-04,7.615064082130695855e-04,7.476605703387040336e-04,7.336829947974243815e-04,7.195809770887406920e-04,7.053610336929805325e-04,6.910287912103851848e-04,6.765888628460503540e-04,6.620447096762904771e-04,6.473984834632906527e-04,6.326508468730840384e-04,6.178007658066975161e-04,6.028452670701345273e-04,5.877791525680797768e-04,5.725946585178470771e-04,5.572810445407944124e-04,5.418240924563166860e-04,5.262054875706662083e-04,5.104020453724489315e-04,4.943847322164546254e-04,4.781174076197852729e-04,4.615551842909459968e-04
1.029032258064516370e+00,4.221316310221018275e-04,4.370414181735365888e-04,4.516299946938778787e-04,4.659445482461527233e-04,4.800233788712776617e-04,4.938975881948748370e-04,5.075923703554696687e-04,5.211280140924728910e-04,5.345206917991840445e-04,5.477830891180285322e-04,5.609249135794108776e-04,5.739533104222732662e-04,5.868732064017723182e-04,5.996875971807369421e-04,6.123977901198174312e-04,6.250036115170998219e-04,6.375035852475008369e-04,6.498950882546927765e-04,6.621744871063983684e-04,6.743372589830542996e-04,6.863780997286572649e-04,6.982910210745763013e-04,7.100694387101591509e-04,7.217062525436412912e-04,7.331939202301629432e-04,7.445245248531850990e-04,7.556898374266873830e-04,7.666813748320733257e-04,7.774904536069215943e-04,7.881082399933125870e-04,7.985257965509029443e-04,8.087341255793301098e-04,8.187242095763769267e-04,8.284870489194684495e-04,8.380136969065310470e-04,8.472952923178345142e-04,8.563230896088958044e-04,8.650884868491581781e-04,8.735830515124165530e-04,8.817985442239328897e-04,8.897269405524765862e-04,8.973604509494859105e-04,9.046915389234466698e-04,9.117129375559029913e-04,9.184176644362052055e-04,9.247990351273216447e-04,9.308506752624123859e-04,9.365665313871562869e-04,9.419408807175566611e-04,9.469683401356343566e-04,9.516438755541312133e-04,9.559628187176816283e-04,9.599212055471095795e-04,9.635143555996039666e-04,9.667389233411483040e-04,9.695917564822020829e-04,9.720700019116290669e-04,9.741711821529275284e-04,9.758931977574270000e-04,9.772343289499718644e-04,9.781932368893575536e-04,9.787689646175712355e-04,9.789609376998908985e-04,9.787689646173491909e-04,9.781932368898571539e-04,9.772343289504159536e-04,9.758931977582596673e-04,9.741711821537601956e-04,9.720700019125727565e-04,9.695917564823131052e-04,9.667389233417034156e-04,9.635143555993819220e-04,9.599212055468875349e-04,9.559628187177926506e-04,9.516438755544087691e-04,9.469683401359396679e-04,9.419408807167517494e-04,9.365665313880167098e-04,9.308506752627732084e-04,9.247990351279877785e-04,9.184176644363717390e-04,9.117129375563748361e-04,9.046915389237519811e-04,8.973604509494859105e-04,8.897269405533925202e-04,8.817985442247100458e-04,8.735830515122777751e-04,8.650884868491304225e-04,8.563230896084794708e-04,8.472952923165855132e-04,8.380136969058094021e-04,8.284870489196627386e-04,8.187242095769042827e-04,8.087341255793301098e-04,7.985257965511249889e-04,7.881082399935068761e-04,7.774904536073934391e-04,7.666813748324619038e-04,7.556898374267428942e-04,7.445245248524912096e-04,7.331939202305515213e-04,7.217062525440853804e-04,7.100694387111583517e-04,6.982910210741322121e-04,6.863780997282964424e-04,6.743372589817220319e-04,6.621744871063983684e-04,6.498950882552201325e-04,6.375035852473898146e-04,6.250036115163504213e-04,6.123977901195676310e-04,5.996875971805148975e-04,5.868732064019943628e-04,5.739533104216071324e-04,5.609249135791610774e-04,5.477830891182505768e-04,5.345206917996003781e-04,5.211280140918483905e-04,5.075923703550810906e-04,4.938975881955270930e-04,4.800233788714164396e-04,4.659445482456808785e-04,4.516299946940444121e-04,4.370414181746606896e-04,4.221316310228095947e-04
1.033333333333333437e+00,3.891828443263328774e-04,4.027452567755551716e-04,4.159624108365372885e-04,4.288837301961168080e-04,4.415495626745591373e-04,4.539929296245165391e-04,4.662408576892318468e-04,4.783154090728936048e-04,4.902344903085359418e-04,5.020124957481469918e-04,5.136608259906499940e-04,5.251883105256288653e-04,5.366015561686920954e-04,5.479052374271764503e-04,5.591023410033146845e-04,5.701943737394243872e-04,5.811815412015419735e-04,5.920629024673551566e-04,6.028365055054107913e-04,6.134995065739667908e-04,6.240482763783528064e-04,6.344784951450299637e-04,6.447852383691943245e-04,6.549630546119900032e-04,6.650060364847276695e-04,6.749078857183343771e-04,6.846619730648539903e-04,6.942613936195551894e-04,7.036990180665503303e-04,7.129675402379187510e-04,7.220595213203173657e-04,7.309674309902425282e-04,7.396836857004318588e-04,7.482006843153587994e-04,7.565108412606047494e-04,7.646066173430110524e-04,7.724805483396157690e-04,7.801252715199658017e-04,7.875335501547897632e-04,7.946982961439530424e-04,8.016125908532900635e-04,8.082697042413045097e-04,8.146631123597813939e-04,8.207865133368907884e-04,8.266338419068985921e-04,8.321992825751356460e-04,8.374772815191999786e-04,8.424625572940047658e-04,8.471501104594381104e-04,8.515352322627234294e-04,8.556135126142894176e-04,8.593808481359155316e-04,8.628334544911187010e-04,8.659679535985009835e-04,8.687812783987336474e-04,8.712700383117222280e-04,8.734320621624491743e-04,8.752651697787050544e-04,8.767675123555473959e-04,8.779375748368956067e-04,8.787741773956803115e-04,8.792764765399030402e-04,8.794439658705854868e-04,8.792764765399030402e-04,8.787741773955137781e-04,8.779375748372841848e-04,8.767675123552143290e-04,8.752651697788715879e-04,8.734320621617830405e-04,8.712700383112226277e-04,8.687812783990667143e-04,8.659679535978903608e-04,8.628334544912852344e-04,8.593808481369702434e-04,8.556135126138175728e-04,8.515352322633062965e-04,8.471501104596046439e-04,8.424625572936439433e-04,8.374772815199771347e-04,8.321992825757740242e-04,8.266338419067598142e-04,8.207865133369462995e-04,8.146631123595315938e-04,8.082697042421094213e-04,8.016125908546223311e-04,7.946982961434256865e-04,7.875335501534852511e-04,7.801252715194939569e-04,7.724805483399488359e-04,7.646066173421228740e-04,7.565108412606880162e-04,7.482006843149702213e-04,7.396836857007926813e-04,7.309674309911584622e-04,7.220595213203173657e-04,7.129675402376689508e-04,7.036990180663005301e-04,6.942613936195274338e-04,6.846619730642711232e-04,6.749078857188339775e-04,6.650060364849497141e-04,6.549630546121842922e-04,6.447852383683061461e-04,6.344784951445858745e-04,6.240482763779642283e-04,6.134995065739390352e-04,6.028365055057161026e-04,5.920629024673551566e-04,5.811815412015419735e-04,5.701943737396186762e-04,5.591023410033979513e-04,5.479052374272319614e-04,5.366015561687753621e-04,5.251883105262394880e-04,5.136608259908581608e-04,5.020124957476473915e-04,4.902344903083555305e-04,4.783154090728797270e-04,4.662408576894400136e-04,4.539929296234895828e-04,4.415495626744203594e-04,4.288837301969217197e-04,4.159624108364956552e-04,4.027452567762629387e-04,3.891828443250699987e-04
