nan,-5.000000000000000000e+00,-4.864864864864864913e+00,-4.729729729729729826e+00,-4.594594594594594739e+00,-4.459459459459459651e+00,-4.324324324324324564e+00,-4.189189189189189477e+00,-4.054054054054054390e+00,-3.918918918918918859e+00,-3.783783783783783772e+00,-3.648648648648648685e+00,-3.513513513513513153e+00,-3.378378378378378066e+00,-3.243243243243242979e+00,-3.108108108108107892e+00,-2.972972972972972805e+00,-2.837837837837837718e+00,-2.702702702702702631e+00,-2.567567567567567544e+00,-2.432432432432432456e+00,-2.297297297297297369e+00,-2.162162162162161838e+00,-2.027027027027026751e+00,-1.891891891891891664e+00,-1.756756756756756577e+00,-1.621621621621621490e+00,-1.486486486486486402e+00,-1.351351351351351315e+00,-1.216216216216215784e+00,-1.081081081081080697e+00,-9.459459459459456099e-01,-8.108108108108105228e-01,-6.756756756756754356e-01,-5.405405405405403485e-01,-4.054054054054052614e-01,-2.702702702702701743e-01,-1.351351351351350871e-01,0.000000000000000000e+00,1.351351351351350871e-01,2.702702702702701743e-01,4.054054054054052614e-01,5.405405405405412367e-01,6.756756756756763238e-01,8.108108108108114109e-01,9.459459459459464981e-01,1.081081081081081585e+00,1.216216216216216672e+00,1.351351351351351759e+00,1.486486486486486847e+00,1.621621621621621934e+00,1.756756756756757021e+00,1.891891891891892108e+00,2.027027027027027195e+00,2.162162162162162282e+00,2.297297297297297369e+00,2.432432432432432456e+00,2.567567567567568432e+00,2.702702702702703519e+00,2.837837837837838606e+00,2.972972972972973693e+00,3.108108108108108780e+00,3.243243243243243867e+00,3.378378378378378954e+00,3.513513513513514042e+00,3.648648648648649129e+00,3.783783783783784216e+00,3.918918918918919303e+00,4.054054054054054390e+00,4.189189189189189477e+00,4.324324324324324564e+00,4.459459459459459651e+00,4.594594594594594739e+00,4.729729729729729826e+00,4.864864864864864913e+00,5.000000000000000000e+00
5.636363636363636020e-01,4.382641205513450600e-01,4.399618056068413940e-01,4.415605224405169116e-01,4.430615644977843881e-01,4.444661958358251952e-01,4.457756751863891642e-01,4.469912859573693109e-01,4.481143732704790383e-01,4.491463903935882240e-01,4.500889589225648968e-01,4.509439501596704813e-01,4.517135996910922602e-01,4.524006732848585011e-01,4.530087090202796762e-01,4.535423645673597459e-01,4.540078910293376957e-01,4.544137187784235699e-01,4.547710527976671635e-01,4.550942242735800947e-01,4.554003840604797793e-01,4.557081287045440243e-01,4.560350687658693003e-01,4.563951823812592568e-01,4.567974380989127114e-01,4.572467754101446902e-01,4.577471706066597035e-01,4.583054564248731921e-01,4.589348347087049973e-01,4.596584039490354545e-01,4.605151918855542870e-01,4.615768081448178850e-01,4.630151061557716829e-01,4.664700013621826402e-01,4.628997982763461971e-01,4.617464055321313654e-01,4.610773610354156893e-01,4.607136376769902508e-01,4.605973615284985612e-01,4.607136376769900843e-01,4.610773610354157448e-01,4.617464055321315874e-01,4.628997982763455865e-01,4.664700013621810304e-01,4.630151061557713499e-01,4.615768081448188842e-01,4.605151918855537874e-01,4.596584039490345663e-01,4.589348347087039426e-01,4.583054564248724705e-01,4.577471706066590373e-01,4.572467754101451898e-01,4.567974380989126004e-01,4.563951823812592012e-01,4.560350687658695779e-01,4.557081287045428586e-01,4.554003840604801678e-01,4.550942242735792620e-01,4.547710527976677741e-01,4.544137187784234033e-01,4.540078910293375847e-01,4.535423645673596904e-01,4.530087090202803424e-01,4.524006732848591117e-01,4.517135996910933149e-01,4.509439501596719801e-01,4.500889589225651743e-01,4.491463903935868363e-01,4.481143732704779836e-01,4.469912859573700326e-01,4.457756751863892752e-01,4.444661958358256948e-01,4.430615644977852208e-01,4.415605224405168006e-01,4.399618056068416716e-01,4.382641205513459481e-01
5.699836199836199047e-01,4.600453867940793584e-01,4.613923044194185863e-01,4.626166367488507847e-01,4.637201088011712047e-01,4.647044502422130186e-01,4.655714258461914890e-01,4.663228699024478119e-01,4.669607244113750943e-01,4.674870812846401158e-01,4.679042294806290969e-01,4.682147093027150264e-01,4.684213783079108628e-01,4.685274968686535813e-01,4.685368468840852563e-01,4.684539046801788897e-01,4.682840980088049943e-01,4.680341839465450016e-01,4.677127809557391491e-01,4.673310580661805824e-01,4.669035041850782553e-01,4.664485569297150969e-01,4.659886983968835605e-01,4.655495603708509345e-01,4.651578379776424299e-01,4.648384758814030349e-01,4.646123294275836813e-01,4.644956422824377262e-01,4.645019320847921240e-01,4.646458953897790733e-01,4.649488590935987320e-01,4.654470769852448453e-01,4.662106776752038551e-01,4.674182807660887673e-01,4.694511628932803715e-01,4.669906560109227112e-01,4.659882587580380653e-01,4.654745774893933596e-01,4.653132096390827366e-01,4.654745774893923049e-01,4.659882587580383984e-01,4.669906560109226556e-01,4.694511628932815928e-01,4.674182807660888783e-01,4.662106776752035220e-01,4.654470769852452339e-01,4.649488590935983989e-01,4.646458953897797950e-01,4.645019320847916244e-01,4.644956422824386699e-01,4.646123294275835702e-01,4.648384758814038120e-01,4.651578379776425409e-01,4.655495603708510455e-01,4.659886983968826724e-01,4.664485569297145418e-01,4.669035041850791434e-01,4.673310580661810820e-01,4.677127809557396487e-01,4.680341839465441689e-01,4.682840980088052163e-01,4.684539046801802220e-01,4.685368468840841460e-01,4.685274968686539143e-01,4.684213783079116400e-01,4.682147093027143603e-01,4.679042294806291524e-01,4.674870812846401713e-01,4.669607244113750388e-01,4.663228699024478674e-01,4.655714258461920441e-01,4.647044502422131296e-01,4.637201088011712047e-01,4.626166367488513398e-01,4.613923044194195855e-01,4.600453867940794694e-01
5.763308763308763183e-01,4.823815196272163153e-01,4.836558976761217155e-01,4.847932152926979765e-01,4.857949907161636660e-01,4.866628137265532894e-01,4.873983824754253291e-01,4.880035432553569419e-01,4.884803325001484953e-01,4.888310202756893097e-01,4.890581546789170009e-01,4.891646070578455907e-01,4.891536190227344649e-01,4.890288541602753614e-01,4.887944606236895861e-01,4.884551558653150716e-01,4.880163521390353809e-01,4.874843509541084696e-01,4.868666448859317319e-01,4.861723713715310202e-01,4.854129551865794534e-01,4.846029370990095342e-01,4.837608954576810838e-01,4.829102187526218004e-01,4.820793225948695193e-01,4.813008485379892676e-01,4.806096119167971303e-01,4.800396545371340418e-01,4.796214714489966946e-01,4.793808253923564910e-01,4.793402626790678744e-01,4.795239827883597261e-01,4.799675717882642689e-01,4.807406894958018984e-01,4.820362925711171309e-01,4.834887018644313805e-01,4.816290133470950696e-01,4.809118420173889019e-01,4.806987360545165178e-01,4.809118420173887354e-01,4.816290133470955137e-01,4.834887018644321577e-01,4.820362925711179081e-01,4.807406894958018984e-01,4.799675717882640469e-01,4.795239827883597261e-01,4.793402626790676524e-01,4.793808253923563245e-01,4.796214714489974718e-01,4.800396545371345414e-01,4.806096119167980740e-01,4.813008485379899337e-01,4.820793225948698524e-01,4.829102187526235768e-01,4.837608954576809728e-01,4.846029370990089791e-01,4.854129551865797865e-01,4.861723713715320749e-01,4.868666448859321205e-01,4.874843509541099684e-01,4.880163521390342152e-01,4.884551558653151271e-01,4.887944606236889200e-01,4.890288541602751393e-01,4.891536190227357972e-01,4.891646070578447580e-01,4.890581546789177225e-01,4.888310202756900313e-01,4.884803325001481067e-01,4.880035432553569419e-01,4.873983824754252181e-01,4.866628137265530119e-01,4.857949907161646097e-01,4.847932152926966443e-01,4.836558976761219375e-01,4.823815196272165373e-01
5.826781326781326209e-01,5.035769274243733218e-01,5.050098354982871518e-01,5.063070899864229313e-01,5.074686601483613391e-01,5.084946704384498695e-01,5.093854623353779587e-01,5.101416550564938923e-01,5.107642035040652617e-01,5.112544516226408264e-01,5.116141793628555812e-01,5.118456417595215191e-01,5.119515993995977787e-01,5.119353410001736826e-01,5.118007012372828290e-01,5.115520807429434491e-01,5.111944807430041093e-01,5.107335724753537809e-01,5.101758312268624973e-01,5.095287754024943050e-01,5.088013591284695769e-01,5.080045653775863146e-01,5.071522234097701753e-01,5.062620137000621856e-01,5.053565139401351436e-01,5.044639922398166387e-01,5.036185274704554349e-01,5.028590486268874615e-01,5.022271626729344352e-01,5.017642034507020510e-01,5.015085932055075579e-01,5.014950628106633612e-01,5.017575284916475642e-01,5.023385792402320638e-01,5.033160473023056136e-01,5.049175944289430173e-01,5.060285192379405661e-01,5.047275061660628781e-01,5.044179103576931222e-01,5.047275061660642104e-01,5.060285192379408992e-01,5.049175944289433504e-01,5.033160473023061687e-01,5.023385792402327299e-01,5.017575284916458989e-01,5.014950628106644714e-01,5.015085932055065587e-01,5.017642034507027171e-01,5.022271626729346572e-01,5.028590486268891269e-01,5.036185274704556569e-01,5.044639922398161946e-01,5.053565139401364759e-01,5.062620137000618525e-01,5.071522234097697313e-01,5.080045653775852044e-01,5.088013591284706871e-01,5.095287754024950821e-01,5.101758312268617201e-01,5.107335724753536699e-01,5.111944807430022220e-01,5.115520807429433381e-01,5.118007012372817188e-01,5.119353410001747928e-01,5.119515993995983338e-01,5.118456417595207419e-01,5.116141793628554701e-01,5.112544516226408264e-01,5.107642035040648176e-01,5.101416550564932262e-01,5.093854623353770705e-01,5.084946704384483152e-01,5.074686601483627824e-01,5.063070899864233754e-01,5.050098354982872628e-01,5.035769274243729887e-01
5.890253890253890345e-01,5.259606889037642397e-01,5.276227786734944969e-01,5.291638944230384611e-01,5.305818760193445893e-01,5.318748021343928656e-01,5.330410964540888141e-01,5.340796216833559873e-01,5.349897582885081437e-01,5.357714651840690401e-01,5.364253200917763476e-01,5.369525381345481296e-01,5.373549684613504462e-01,5.376350704465194807e-01,5.377958734302185073e-01,5.378409272743595038e-01,5.377742554463472713e-01,5.376003281396147804e-01,5.373240801722192206e-01,5.369510067274818610e-01,5.364873781680067344e-01,5.359406203081619191e-01,5.353199033779141303e-01,5.346369632978541508e-01,5.339071329282077949e-01,5.331504816053860285e-01,5.323928539696849427e-01,5.316664950470645357e-01,5.310099131719594467e-01,5.304667521906084593e-01,5.300837814198801068e-01,5.299086474910019717e-01,5.299886828704537534e-01,5.303729166814011853e-01,5.311216095889446098e-01,5.323380155187477092e-01,5.343266519606570952e-01,5.351618354325122784e-01,5.345204606993376739e-01,5.351618354325110571e-01,5.343266519606579834e-01,5.323380155187483753e-01,5.311216095889448319e-01,5.303729166814021845e-01,5.299886828704529762e-01,5.299086474910029709e-01,5.300837814198791076e-01,5.304667521906082372e-01,5.310099131719610011e-01,5.316664950470637585e-01,5.323928539696848317e-01,5.331504816053866946e-01,5.339071329282070177e-01,5.346369632978542619e-01,5.353199033779134641e-01,5.359406203081611419e-01,5.364873781680048470e-01,5.369510067274819720e-01,5.373240801722194426e-01,5.376003281396156686e-01,5.377742554463471603e-01,5.378409272743597258e-01,5.377958734302196175e-01,5.376350704465191477e-01,5.373549684613516675e-01,5.369525381345501280e-01,5.364253200917764586e-01,5.357714651840689291e-01,5.349897582885071445e-01,5.340796216833554322e-01,5.330410964540889251e-01,5.318748021343927546e-01,5.305818760193449224e-01,5.291638944230399044e-01,5.276227786734913883e-01,5.259606889037646837e-01
5.953726453726453371e-01,5.532074763824745833e-01,5.549651276221261309e-01,5.566193910796957134e-01,5.581685531013942381e-01,5.596111468667228639e-01,5.609460480206036603e-01,5.621725456192413484e-01,5.632903865795164666e-01,5.642997927608298658e-01,5.652014509095796280e-01,5.659964769578111898e-01,5.666863576076606179e-01,5.672728738007558613e-01,5.677580126528594118e-01,5.681438768513750182e-01,5.684326035163222990e-01,5.686263082527019952e-01,5.687270746292761858e-01,5.687370144428733898e-01,5.686584292717016265e-01,5.684941076559776318e-01,5.682477923664258634e-01,5.679248449356623096e-01,5.675331151922147210e-01,5.670839874370169342e-01,5.665935207947428998e-01,5.660835357944178359e-01,5.655824424771991321e-01,5.651255935409684739e-01,5.647550268227217174e-01,5.645186806254108847e-01,5.644695594807273009e-01,5.646659697616547291e-01,5.651751897024765992e-01,5.660865532938617051e-01,5.675563804280436830e-01,5.700614207529681732e-01,5.709618430159311142e-01,5.700614207529696165e-01,5.675563804280441271e-01,5.660865532938601508e-01,5.651751897024763771e-01,5.646659697616550622e-01,5.644695594807276340e-01,5.645186806254122169e-01,5.647550268227206072e-01,5.651255935409686959e-01,5.655824424771977998e-01,5.660835357944185020e-01,5.665935207947410124e-01,5.670839874370153799e-01,5.675331151922134998e-01,5.679248449356626427e-01,5.682477923664256414e-01,5.684941076559787421e-01,5.686584292717018485e-01,5.687370144428747221e-01,5.687270746292747425e-01,5.686263082527003299e-01,5.684326035163225210e-01,5.681438768513744630e-01,5.677580126528610771e-01,5.672728738007575267e-01,5.666863576076623943e-01,5.659964769578131882e-01,5.652014509095792949e-01,5.642997927608285336e-01,5.632903865795181320e-01,5.621725456192416814e-01,5.609460480206042154e-01,5.596111468667194222e-01,5.581685531013936830e-01,5.566193910796958244e-01,5.549651276221274632e-01,5.532074763824735841e-01
6.017199017199017508e-01,5.884728956454846616e-01,5.900281550448258638e-01,5.914826106297340624e-01,5.928410932207927031e-01,5.941085075378105262e-01,5.952898063872309464e-01,5.963899413830339169e-01,5.974137928390993446e-01,5.983660821266274521e-01,5.992512704015193759e-01,6.000734481963059253e-01,6.008362209894370087e-01,6.015425965894666271e-01,6.021948811060036100e-01,6.027945915426845547e-01,6.033423947568328227e-01,6.038380847668776141e-01,6.042806131440875417e-01,6.046681903216063469e-01,6.049984786366748857e-01,6.052688999384894242e-01,6.054770802931470630e-01,6.056214498541576674e-01,6.057020052417873002e-01,6.057212230781228168e-01,6.056850865393419436e-01,6.056041551257591582e-01,6.054945797952685504e-01,6.053789563347871105e-01,6.052869415808157516e-01,6.052556595957205854e-01,6.053301432176989572e-01,6.055644910765126676e-01,6.060253919230519370e-01,6.068024384332284527e-01,6.080405334866687550e-01,6.100795789100578181e-01,6.131142589527276421e-01,6.100795789100579292e-01,6.080405334866667566e-01,6.068024384332278975e-01,6.060253919230516040e-01,6.055644910765136668e-01,6.053301432176977359e-01,6.052556595957193641e-01,6.052869415808151965e-01,6.053789563347864444e-01,6.054945797952687725e-01,6.056041551257587141e-01,6.056850865393419436e-01,6.057212230781220397e-01,6.057020052417855238e-01,6.056214498541581115e-01,6.054770802931477292e-01,6.052688999384889801e-01,6.049984786366738865e-01,6.046681903216052367e-01,6.042806131440886519e-01,6.038380847668773921e-01,6.033423947568332668e-01,6.027945915426849988e-01,6.021948811060022777e-01,6.015425965894675153e-01,6.008362209894364536e-01,6.000734481963054812e-01,5.992512704015187097e-01,5.983660821266277852e-01,5.974137928390990115e-01,5.963899413830354712e-01,5.952898063872296142e-01,5.941085075378117475e-01,5.928410932207925921e-01,5.914826106297336183e-01,5.900281550448268630e-01,5.884728956454826632e-01
6.080671580671580534e-01,6.318356486006714290e-01,6.330127941885417275e-01,6.340527228845335150e-01,6.349697091626148593e-01,6.357778450809478121e-01,6.364909909194427229e-01,6.371227145450893969e-01,6.376862200757070775e-01,6.381942662203088368e-01,6.386590744746678538e-01,6.390922272007694138e-01,6.395045555981302421e-01,6.399060177905258051e-01,6.403055678400040307e-01,6.407110176259308565e-01,6.411288953721921979e-01,6.415643073431239740e-01,6.420208129706941325e-01,6.425003283906474127e-01,6.430030787620404364e-01,6.435276251337351816e-01,6.440709958017529768e-01,6.446289533500560998e-01,6.451964248592648721e-01,6.457681123570554460e-01,6.463392830233930519e-01,6.469067161786686837e-01,6.474697630191390552e-01,6.480314671089468792e-01,6.485997172152653256e-01,6.491884888983016078e-01,6.498194372412706699e-01,6.505245952810353449e-01,6.513523036814864442e-01,6.523835365106471773e-01,6.537950987293993377e-01,6.565468454373539764e-01,6.553429620619753981e-01,6.565468454373530882e-01,6.537950987293981164e-01,6.523835365106495088e-01,6.513523036814860001e-01,6.505245952810341237e-01,6.498194372412708919e-01,6.491884888983020518e-01,6.485997172152659918e-01,6.480314671089465461e-01,6.474697630191385000e-01,6.469067161786676845e-01,6.463392830233932740e-01,6.457681123570562232e-01,6.451964248592647611e-01,6.446289533500565438e-01,6.440709958017527548e-01,6.435276251337348485e-01,6.430030787620403254e-01,6.425003283906473017e-01,6.420208129706939104e-01,6.415643073431251953e-01,6.411288953721930861e-01,6.407110176259306344e-01,6.403055678400029205e-01,6.399060177905260272e-01,6.395045555981309082e-01,6.390922272007704130e-01,6.386590744746672987e-01,6.381942662203085037e-01,6.376862200757069665e-01,6.371227145450889529e-01,6.364909909194436111e-01,6.357778450809490334e-01,6.349697091626147483e-01,6.340527228845332930e-01,6.330127941885428378e-01,6.318356486006704298e-01
6.144144144144143560e-01,6.668756372677000499e-01,6.683555387323063535e-01,6.696495796700153713e-01,6.707721578184058231e-01,6.717369760440701221e-01,6.725571134582239985e-01,6.732451019507474932e-01,6.738130095915211282e-01,6.742725324196710002e-01,6.746350960855655998e-01,6.749119685524170853e-01,6.751143844902587343e-01,6.752536809420091046e-01,6.753414420927835726e-01,6.753896482642990362e-01,6.754108203028011959e-01,6.754181451034008132e-01,6.754255610886837902e-01,6.754477744498047498e-01,6.755001690666053715e-01,6.755985676374292037e-01,6.757588025268926879e-01,6.759960673473032200e-01,6.763240497259611628e-01,6.767538953176657213e-01,6.772931204687721030e-01,6.779446647340445775e-01,6.787063347213592168e-01,6.795709161871095194e-01,6.805272163008603270e-01,6.815622805243244375e-01,6.826651422061179586e-01,6.838331096365625195e-01,6.850843646054837199e-01,6.864956982444955225e-01,6.884996731570579565e-01,6.883948740322984872e-01,6.882475180568294881e-01,6.883948740322985982e-01,6.884996731570585116e-01,6.864956982444968547e-01,6.850843646054836089e-01,6.838331096365618533e-01,6.826651422061178476e-01,6.815622805243242155e-01,6.805272163008614372e-01,6.795709161871100745e-01,6.787063347213587727e-01,6.779446647340445775e-01,6.772931204687718809e-01,6.767538953176657213e-01,6.763240497259618289e-01,6.759960673473036641e-01,6.757588025268922438e-01,6.755985676374298698e-01,6.755001690666057046e-01,6.754477744498055269e-01,6.754255610886832351e-01,6.754181451034010353e-01,6.754108203028007518e-01,6.753896482642989252e-01,6.753414420927839057e-01,6.752536809420093267e-01,6.751143844902592894e-01,6.749119685524171963e-01,6.746350960855653778e-01,6.742725324196707781e-01,6.738130095915209061e-01,6.732451019507472711e-01,6.725571134582242205e-01,6.717369760440692339e-01,6.707721578184044908e-01,6.696495796700158154e-01,6.683555387323066865e-01,6.668756372676983846e-01
6.207616707616707696e-01,6.524351308978754149e-01,6.549431247340864459e-01,6.572695746586857402e-01,6.594232479495688581e-01,6.614121253358072883e-01,6.632434386878969246e-01,6.649237056655206146e-01,6.664587627890331545e-01,6.678537988101956868e-01,6.691133908339090830e-01,6.702415464347006857e-01,6.712417560742544032e-01,6.721170615135393378e-01,6.728701476644408652e-01,6.735034674370143915e-01,6.740194115105246908e-01,6.744205373090859101e-01,6.747098732012205557e-01,6.748913139717510612e-01,6.749701201188263999e-01,6.749535238006326709e-01,6.748514247684730405e-01,6.746771267342599465e-01,6.744480164984847370e-01,6.741860285180871770e-01,6.739176811713344373e-01,6.736734489271134496e-01,6.734862947679441936e-01,6.733893824219550073e-01,6.734133518227533033e-01,6.735840752527277875e-01,6.739225766111851534e-01,6.744504759374165825e-01,6.752119186665106465e-01,6.764003037417639641e-01,6.768356330261606768e-01,6.765957122382194600e-01,6.765446855413405070e-01,6.765957122382185718e-01,6.768356330261614540e-01,6.764003037417629649e-01,6.752119186665113126e-01,6.744504759374169156e-01,6.739225766111845983e-01,6.735840752527278985e-01,6.734133518227538584e-01,6.733893824219545632e-01,6.734862947679446377e-01,6.736734489271136717e-01,6.739176811713343263e-01,6.741860285180872880e-01,6.744480164984852921e-01,6.746771267342605016e-01,6.748514247684728184e-01,6.749535238006331150e-01,6.749701201188265109e-01,6.748913139717513943e-01,6.747098732012198896e-01,6.744205373090859101e-01,6.740194115105251349e-01,6.735034674370145025e-01,6.728701476644401991e-01,6.721170615135384496e-01,6.712417560742549583e-01,6.702415464347009078e-01,6.691133908339090830e-01,6.678537988101957978e-01,6.664587627890331545e-01,6.649237056655202815e-01,6.632434386878969246e-01,6.614121253358078434e-01,6.594232479495688581e-01,6.572695746586870724e-01,6.549431247340863349e-01,6.524351308978746378e-01
6.271089271089270722e-01,5.780745306941827977e-01,5.809654200926495093e-01,5.837029407065581488e-01,5.862936640854987669e-01,5.887436639943739447e-01,5.910585435303576940e-01,5.932434572646613224e-01,5.953031288791080788e-01,5.972418647603320307e-01,5.990635640502345316e-01,6.007717257451065107e-01,6.023694536092181195e-01,6.038594599531696971e-01,6.052440697670885550e-01,6.065252273540312489e-01,6.077045085598287155e-01,6.087831430435817204e-01,6.097620528984065702e-01,6.106419164414115253e-01,6.114232692447879591e-01,6.121066584816144962e-01,6.126928711980842435e-01,6.131832615741823478e-01,6.135802053058645456e-01,6.138877087630496554e-01,6.141121936635309808e-01,6.142634624078679995e-01,6.143558276535605600e-01,6.144093808741104557e-01,6.144514408944093953e-01,6.145185529444033845e-01,6.146606594983798910e-01,6.149545270993561630e-01,6.155744754519435480e-01,6.160857694064225676e-01,6.153361023214120040e-01,6.149965895549551753e-01,6.148919781028842069e-01,6.149965895549551753e-01,6.153361023214117820e-01,6.160857694064225676e-01,6.155744754519438811e-01,6.149545270993556079e-01,6.146606594983803351e-01,6.145185529444036066e-01,6.144514408944093953e-01,6.144093808741099005e-01,6.143558276535598939e-01,6.142634624078681105e-01,6.141121936635303147e-01,6.138877087630502105e-01,6.135802053058646566e-01,6.131832615741826809e-01,6.126928711980841324e-01,6.121066584816144962e-01,6.114232692447872930e-01,6.106419164414114142e-01,6.097620528984072363e-01,6.087831430435818314e-01,6.077045085598287155e-01,6.065252273540310268e-01,6.052440697670881109e-01,6.038594599531696971e-01,6.023694536092174534e-01,6.007717257451060666e-01,5.990635640502346426e-01,5.972418647603326969e-01,5.953031288791081899e-01,5.932434572646612114e-01,5.910585435303581381e-01,5.887436639943735006e-01,5.862936640854982118e-01,5.837029407065585929e-01,5.809654200926491763e-01,5.780745306941826867e-01
6.334561834561834859e-01,4.891541246236891238e-01,4.920593158526088695e-01,4.948323187136056123e-01,4.974784176297635252e-01,5.000026215932550366e-01,5.024096977868639513e-01,5.047042013507656577e-01,5.068905017396193591e-01,5.089728060693464728e-01,5.109551798278092472e-01,5.128415653203813873e-01,5.146357982432968603e-01,5.163416228303526756e-01,5.179627061111952147e-01,5.195026519658266784e-01,5.209650158810140708e-01,5.223533216409341762e-01,5.236710816626083398e-01,5.249218233853999438e-01,5.261091251469227625e-01,5.272366664849945650e-01,5.283083000494722681e-01,5.293281557056409570e-01,5.303007926900952240e-01,5.312314242114953844e-01,5.321262534898137941e-01,5.329929872698198068e-01,5.338416482339074509e-01,5.346859356878652658e-01,5.355457241195109575e-01,5.364523669116217919e-01,5.374628564994354818e-01,5.387167924079748760e-01,5.406420275361668581e-01,5.395703918127368048e-01,5.391923491596196660e-01,5.390103806561011845e-01,5.389546533316769139e-01,5.390103806561016286e-01,5.391923491596201101e-01,5.395703918127372489e-01,5.406420275361670802e-01,5.387167924079742098e-01,5.374628564994354818e-01,5.364523669116216809e-01,5.355457241195108464e-01,5.346859356878652658e-01,5.338416482339073399e-01,5.329929872698193627e-01,5.321262534898139052e-01,5.312314242114952734e-01,5.303007926900957791e-01,5.293281557056405129e-01,5.283083000494724901e-01,5.272366664849937878e-01,5.261091251469222074e-01,5.249218233853993887e-01,5.236710816626086729e-01,5.223533216409343982e-01,5.209650158810132936e-01,5.195026519658261233e-01,5.179627061111958808e-01,5.163416228303528976e-01,5.146357982432977485e-01,5.128415653203821645e-01,5.109551798278086920e-01,5.089728060693471390e-01,5.068905017396198032e-01,5.047042013507653246e-01,5.024096977868640623e-01,5.000026215932551477e-01,4.974784176297628591e-01,4.948323187136047241e-01,4.920593158526087030e-01,4.891541246236886797e-01
6.398034398034397885e-01,4.103115351218580287e-01,4.123756380512795805e-01,4.143033443216470046e-01,4.160992211437673505e-01,4.177677088885384804e-01,4.193131783778054622e-01,4.207399853592310723e-01,4.220525224476063264e-01,4.232552686614586834e-01,4.243528365528528856e-01,4.253500168199784159e-01,4.262518202086085228e-01,4.270635164529902328e-01,4.277906699852623840e-01,4.284391721637101913e-01,4.290152698478734705e-01,4.295255903041813039e-01,4.299771626948110659e-01,4.303774368444760468e-01,4.307343006989520773e-01,4.310560990711559959e-01,4.313516582567970548e-01,4.316303245347161699e-01,4.319020307004138859e-01,4.321774161647937706e-01,4.324680482833163087e-01,4.327868382831526750e-01,4.331488475348583278e-01,4.335729366201453994e-01,4.340854635623310198e-01,4.347300264130010694e-01,4.356023528717488658e-01,4.371519413030363621e-01,4.358635940844206580e-01,4.349505891914194344e-01,4.344251128667360184e-01,4.341388041318491875e-01,4.340471145091803207e-01,4.341388041318502977e-01,4.344251128667345752e-01,4.349505891914185463e-01,4.358635940844213241e-01,4.371519413030369727e-01,4.356023528717488102e-01,4.347300264129999592e-01,4.340854635623312974e-01,4.335729366201462320e-01,4.331488475348571621e-01,4.327868382831538407e-01,4.324680482833161976e-01,4.321774161647943258e-01,4.319020307004135528e-01,4.316303245347164474e-01,4.313516582567969992e-01,4.310560990711562734e-01,4.307343006989529099e-01,4.303774368444760468e-01,4.299771626948096781e-01,4.295255903041811374e-01,4.290152698478738591e-01,4.284391721637103578e-01,4.277906699852622729e-01,4.270635164529898442e-01,4.262518202086091335e-01,4.253500168199783049e-01,4.243528365528529411e-01,4.232552686614580173e-01,4.220525224476053827e-01,4.207399853592306282e-01,4.193131783778044075e-01,4.177677088885394796e-01,4.160992211437677946e-01,4.143033443216466161e-01,4.123756380512793585e-01,4.103115351218580287e-01
6.461506961506962021e-01,3.997774911773946394e-01,4.007873885057069430e-01,4.015371311587093706e-01,4.020326943931696873e-01,4.022799662147143462e-01,4.022848350122062433e-01,4.020532957766522753e-01,4.015915754580318686e-01,4.009062771022181559e-01,4.000045413887970969e-01,3.988942230483409346e-01,3.975840783788727184e-01,3.960839587261442696e-01,3.944050033806525968e-01,3.925598239344728069e-01,3.905626708105170430e-01,3.884295715250735692e-01,3.861784293994402484e-01,3.838290710793669236e-01,3.814032316355391861e-01,3.789244676886833751e-01,3.764179927846595941e-01,3.739104366438317228e-01,3.714295435255093869e-01,3.690038492371325862e-01,3.666624192497626167e-01,3.644348084240449093e-01,3.623515594181391797e-01,3.604459404406962220e-01,3.587588806711282108e-01,3.573550756576596155e-01,3.564155254483690749e-01,3.542655973137768810e-01,3.519013384893804330e-01,3.502569019630657476e-01,3.491281436157487872e-01,3.484625890399741799e-01,3.482422552139918803e-01,3.484625890399750681e-01,3.491281436157476215e-01,3.502569019630661362e-01,3.519013384893816543e-01,3.542655973137762704e-01,3.564155254483706292e-01,3.573550756576604481e-01,3.587588806711285994e-01,3.604459404406958334e-01,3.623515594181406785e-01,3.644348084240435215e-01,3.666624192497616175e-01,3.690038492371336409e-01,3.714295435255107192e-01,3.739104366438312788e-01,3.764179927846600382e-01,3.789244676886829866e-01,3.814032316355373542e-01,3.838290710793665905e-01,3.861784293994405259e-01,3.884295715250731806e-01,3.905626708105169875e-01,3.925598239344743057e-01,3.944050033806509314e-01,3.960839587261429928e-01,3.975840783788722743e-01,3.988942230483406015e-01,4.000045413887978740e-01,4.009062771022182670e-01,4.015915754580309804e-01,4.020532957766527193e-01,4.022848350122046890e-01,4.022799662147145683e-01,4.020326943931687436e-01,4.015371311587081493e-01,4.007873885057062213e-01,3.997774911773944728e-01
6.524979524979525047e-01,3.677064459806803631e-01,3.706134129315705739e-01,3.732465862871794382e-01,3.755802911690776513e-01,3.775905726423061659e-01,3.792561823335334759e-01,3.805596182853817622e-01,3.814881633166190555e-01,3.820348505824995855e-01,3.821992732199562814e-01,3.819881509881493664e-01,3.814155730905216535e-01,3.805028538530458859e-01,3.792779655386618876e-01,3.777745470193582533e-01,3.760305233821968351e-01,3.740864044679087508e-01,3.719833557015421177e-01,3.697611511196622902e-01,3.674561290503107758e-01,3.650992827116686934e-01,3.627146418778195991e-01,3.603181495628406394e-01,3.579173174952143266e-01,3.555120533834627006e-01,3.530971730906930506e-01,3.506672214697307277e-01,3.482244010278116031e-01,3.457912634680589958e-01,3.434350536936321419e-01,3.413534095373757515e-01,3.394110361734036241e-01,3.348652075534650496e-01,3.313344185336233316e-01,3.285751733169737232e-01,3.265862417870358803e-01,3.253847669857815594e-01,3.249829166578141471e-01,3.253847669857821701e-01,3.265862417870349921e-01,3.285751733169730016e-01,3.313344185336268843e-01,3.348652075534672701e-01,3.394110361734037351e-01,3.413534095373748078e-01,3.434350536936305875e-01,3.457912634680596620e-01,3.482244010278109925e-01,3.506672214697309498e-01,3.530971730906914963e-01,3.555120533834615348e-01,3.579173174952134384e-01,3.603181495628397513e-01,3.627146418778186554e-01,3.650992827116693595e-01,3.674561290503109978e-01,3.697611511196592371e-01,3.719833557015417846e-01,3.740864044679114153e-01,3.760305233821996662e-01,3.777745470193593080e-01,3.792779655386607773e-01,3.805028538530442761e-01,3.814155730905202657e-01,3.819881509881474235e-01,3.821992732199563925e-01,3.820348505825021390e-01,3.814881633166218866e-01,3.805596182853825948e-01,3.792561823335323101e-01,3.775905726423063324e-01,3.755802911690773738e-01,3.732465862871781059e-01,3.706134129315726833e-01,3.677064459806769769e-01
6.588452088452088073e-01,3.452834955584591636e-01,3.511387288602441092e-01,3.573376178621190391e-01,3.637184282222744591e-01,3.701151363713872655e-01,3.763672155315694323e-01,3.823280087374518743e-01,3.878709767181642842e-01,3.928934761850230162e-01,3.973180786724998526e-01,4.010917201944008692e-01,4.041831485415567915e-01,4.065792099959124051e-01,4.082805143875721798e-01,4.092969709963512059e-01,4.096436323646541200e-01,4.093372461073125357e-01,4.083939106340723768e-01,4.068282536780399861e-01,4.046545675848893797e-01,4.018902687738949986e-01,3.985617909023828620e-01,3.947124643964657897e-01,3.904110729786209322e-01,3.857588573502536700e-01,3.808923643680827698e-01,3.759805960269049230e-01,3.712183826006313359e-01,3.668263105130207258e-01,3.631022277104201113e-01,3.612462793391776894e-01,3.553832913388332848e-01,3.509117082262347420e-01,3.476460736718350875e-01,3.452994012431186421e-01,3.437161516315397347e-01,3.428012643171500784e-01,3.425019693016092548e-01,3.428012643171515217e-01,3.437161516315417886e-01,3.452994012431149229e-01,3.476460736718342548e-01,3.509117082262346865e-01,3.553832913388323966e-01,3.612462793391763016e-01,3.631022277104217766e-01,3.668263105130216140e-01,3.712183826006302256e-01,3.759805960269047009e-01,3.808923643680853233e-01,3.857588573502551688e-01,3.904110729786232081e-01,3.947124643964683433e-01,3.985617909023824179e-01,4.018902687738939439e-01,4.046545675848878254e-01,4.068282536780417624e-01,4.083939106340718217e-01,4.093372461073115365e-01,4.096436323646612809e-01,4.092969709963459324e-01,4.082805143875714027e-01,4.065792099959224526e-01,4.041831485415561254e-01,4.010917201943994259e-01,3.973180786725005742e-01,3.928934761850247925e-01,3.878709767181675039e-01,3.823280087374520964e-01,3.763672155315697099e-01,3.701151363713889864e-01,3.637184282222766241e-01,3.573376178621203714e-01,3.511387288602445533e-01,3.452834955584603849e-01
6.651924651924652210e-01,3.443108942453438903e-01,3.667159663510335954e-01,3.915387883498918642e-01,4.175766523189212709e-01,4.435048624229998016e-01,4.679973656903235746e-01,4.898595625658647146e-01,5.081463315450941431e-01,5.222401216511866062e-01,5.318752475415559067e-01,5.371101328233346406e-01,5.382622093293549792e-01,5.358258953259396051e-01,5.303922825071050173e-01,5.225828068876494648e-01,5.130019082511468875e-01,5.022079890574349115e-01,4.906987482748013663e-01,4.789059432785027215e-01,4.671951329549479115e-01,4.558672845723453215e-01,4.451607364699509684e-01,4.352534762581787842e-01,4.262667076245931774e-01,4.182711028261797970e-01,4.112971705283209323e-01,4.053516466999416146e-01,4.004455201771900397e-01,3.966608060833446969e-01,3.945045475745517782e-01,3.913092793588686114e-01,3.869137075287382710e-01,3.837746145940854059e-01,3.814567993233868859e-01,3.797774053753913970e-01,3.786350523540951141e-01,3.779705499474224073e-01,3.777523626473814344e-01,3.779705499474212971e-01,3.786350523540918389e-01,3.797774053753891210e-01,3.814567993233868304e-01,3.837746145940837961e-01,3.869137075287388261e-01,3.913092793588697771e-01,3.945045475745510566e-01,3.966608060833451410e-01,4.004455201771893180e-01,4.053516466999448342e-01,4.112971705283188228e-01,4.182711028261809072e-01,4.262667076245924003e-01,4.352534762581793948e-01,4.451607364699504688e-01,4.558672845723475420e-01,4.671951329549471899e-01,4.789059432785053860e-01,4.906987482748021434e-01,5.022079890574355776e-01,5.130019082511469986e-01,5.225828068876510191e-01,5.303922825071037961e-01,5.358258953259407154e-01,5.382622093293552012e-01,5.371101328233349737e-01,5.318752475415566838e-01,5.222401216511880495e-01,5.081463315450953644e-01,4.898595625658684893e-01,4.679973656903243517e-01,4.435048624229998016e-01,4.175766523189298751e-01,3.915387883498936406e-01,3.667159663510308754e-01,3.443108942453435573e-01
6.715397215397215236e-01,2.849075850472026494e-01,2.858473397488119905e-01,2.874740622807132051e-01,2.898644496338360077e-01,2.931013446390730581e-01,2.972688818079101125e-01,3.024441262239329076e-01,3.086842207898046753e-01,3.160085219297067982e-01,3.243764692893792434e-01,3.336642623089512427e-01,3.436465829051998377e-01,3.539923657831580694e-01,3.642835665354237085e-01,3.740605638423347701e-01,3.828873678668615610e-01,3.904189349164040590e-01,3.964490718519279588e-01,4.009246846379075913e-01,4.039265189604411832e-01,4.056289859709062973e-01,4.062557014442074732e-01,4.060434038689687553e-01,4.052198469454761920e-01,4.039957234517835838e-01,4.025688590029881664e-01,4.011420022569278654e-01,3.999708416094142627e-01,3.995602092089446389e-01,3.998557431822254982e-01,3.958678243680847642e-01,3.931508181575924521e-01,3.910279950789447012e-01,3.893561312348267078e-01,3.880822211112313624e-01,3.871827443829785054e-01,3.866464657545646277e-01,3.864682102350489590e-01,3.866464657545641836e-01,3.871827443829770621e-01,3.880822211112318065e-01,3.893561312348269299e-01,3.910279950789438130e-01,3.931508181575912309e-01,3.958678243680838760e-01,3.998557431822272745e-01,3.995602092089456381e-01,3.999708416094168162e-01,4.011420022569277544e-01,4.025688590029882219e-01,4.039957234517834173e-01,4.052198469454771912e-01,4.060434038689672565e-01,4.062557014442061964e-01,4.056289859709041323e-01,4.039265189604382411e-01,4.009246846379085905e-01,3.964490718519261825e-01,3.904189349164055578e-01,3.828873678668636149e-01,3.740605638423341595e-01,3.642835665354265395e-01,3.539923657831561821e-01,3.436465829051973397e-01,3.336642623089531856e-01,3.243764692893773560e-01,3.160085219297056325e-01,3.086842207898045642e-01,3.024441262239307981e-01,2.972688818079111117e-01,2.931013446390719479e-01,2.898644496338352305e-01,2.874740622807128720e-01,2.858473397488116574e-01,2.849075850472026494e-01
6.778869778869779372e-01,2.813040631245621315e-01,2.796318955252415916e-01,2.778660053981381606e-01,2.760063193015098171e-01,2.740533357682771176e-01,2.720100889958368962e-01,2.698846749224713126e-01,2.676935008101569147e-01,2.654653780039307187e-01,2.632464657333221658e-01,2.611058424830798863e-01,2.591410685216775089e-01,2.574824541030762415e-01,2.562938729168613983e-01,2.557670484958415869e-01,2.561058185148461508e-01,2.574978959321438943e-01,2.600751826863706428e-01,2.638699814660588894e-01,2.687813742291130792e-01,2.745686757958165636e-01,2.808823254918364487e-01,2.873274720701189944e-01,2.935404433120575307e-01,2.992540391323482707e-01,3.043377680599257395e-01,3.088197997904052472e-01,3.129398121861669546e-01,3.178072395316255960e-01,3.183614527528826343e-01,3.189319802778772805e-01,3.193531582375088718e-01,3.195975331246574402e-01,3.197103928545228513e-01,3.197421944176994657e-01,3.197348431463163942e-01,3.197184798867580557e-01,3.197110457840289799e-01,3.197184798867569455e-01,3.197348431463156171e-01,3.197421944176979114e-01,3.197103928545244056e-01,3.195975331246572182e-01,3.193531582375085387e-01,3.189319802778757262e-01,3.183614527528810800e-01,3.178072395316242083e-01,3.129398121861671767e-01,3.088197997904036929e-01,3.043377680599231860e-01,2.992540391323504911e-01,2.935404433120588075e-01,2.873274720701206597e-01,2.808823254918391132e-01,2.745686757958182289e-01,2.687813742291121910e-01,2.638699814660604437e-01,2.600751826863661464e-01,2.574978959321457817e-01,2.561058185148450961e-01,2.557670484958407542e-01,2.562938729168593444e-01,2.574824541030800162e-01,2.591410685216778975e-01,2.611058424830809410e-01,2.632464657333239977e-01,2.654653780039316069e-01,2.676935008101561375e-01,2.698846749224709241e-01,2.720100889958373958e-01,2.740533357682786164e-01,2.760063193015080407e-01,2.778660053981387157e-01,2.796318955252430349e-01,2.813040631245602996e-01
6.842342342342342398e-01,2.626250987825028416e-01,2.624660844811980143e-01,2.621660613599702261e-01,2.617150843778599523e-01,2.611001786859972196e-01,2.603057202594578623e-01,2.593138265941807852e-01,2.581047892467123184e-01,2.566575849094568929e-01,2.549505135093667052e-01,2.529620346240633033e-01,2.506719118694331616e-01,2.480628319664006654e-01,2.451227385009132065e-01,2.418481937151950589e-01,2.382491110291782843e-01,2.343550961281783418e-01,2.302232465458385890e-01,2.259464089658070329e-01,2.216595014614909931e-01,2.175398928815779898e-01,2.137970710947665887e-01,2.106487091383837940e-01,2.082860259670641367e-01,2.068395983662810744e-01,2.063629522976790920e-01,2.068542220543521659e-01,2.083817544101084218e-01,2.103298598573102862e-01,2.118352114814044396e-01,2.134333835184130113e-01,2.149581291064686650e-01,2.163205634496819796e-01,2.174692790554282884e-01,2.183765344123735352e-01,2.190290621735457299e-01,2.194215780333025889e-01,2.195525061083145602e-01,2.194215780333053090e-01,2.190290621735430099e-01,2.183765344123751451e-01,2.174692790554262900e-01,2.163205634496814800e-01,2.149581291064709410e-01,2.134333835184122896e-01,2.118352114814011089e-01,2.103298598573096756e-01,2.083817544101072006e-01,2.068542220543532206e-01,2.063629522976789255e-01,2.068395983662810744e-01,2.082860259670631931e-01,2.106487091383861809e-01,2.137970710947672548e-01,2.175398928815762689e-01,2.216595014614907710e-01,2.259464089658067554e-01,2.302232465458395883e-01,2.343550961281790079e-01,2.382491110291780623e-01,2.418481937151976124e-01,2.451227385009145388e-01,2.480628319664004433e-01,2.506719118694329396e-01,2.529620346240639694e-01,2.549505135093701469e-01,2.566575849094585582e-01,2.581047892467123184e-01,2.593138265941815623e-01,2.603057202594571962e-01,2.611001786859966645e-01,2.617150843778597302e-01,2.621660613599698930e-01,2.624660844811967930e-01,2.626250987825011762e-01
6.905814905814906535e-01,2.199013412952149915e-01,2.216520314405269199e-01,2.233222014656203180e-01,2.249029659144737847e-01,2.263834372014119634e-01,2.277509189534149270e-01,2.289910161721506743e-01,2.300876402247770125e-01,2.310228780263879900e-01,2.317766859640743027e-01,2.323263612452024507e-01,2.326457384913301896e-01,2.327040614509526817e-01,2.324644960236063040e-01,2.318822948165302211e-01,2.309027185801328930e-01,2.294590038501956863e-01,2.274709929358926797e-01,2.248455717797891440e-01,2.214808147561984075e-01,2.172765816850483755e-01,2.121547507782745035e-01,2.060911891565336274e-01,1.991573620687303592e-01,1.915614736957114705e-01,1.836709950172131789e-01,1.760061914318949983e-01,1.693092703340268179e-01,1.634232798838020639e-01,1.588293742552197019e-01,1.555077398127360788e-01,1.533077696641081400e-01,1.519943128018119705e-01,1.513109312207032153e-01,1.510249685154301802e-01,1.509508312239903893e-01,1.509575155735418672e-01,1.509681532671552917e-01,1.509575155735399798e-01,1.509508312239921657e-01,1.510249685154274601e-01,1.513109312207016055e-01,1.519943128018110823e-01,1.533077696641057530e-01,1.555077398127335808e-01,1.588293742552194798e-01,1.634232798838011202e-01,1.693092703340279281e-01,1.760061914318956089e-01,1.836709950172113470e-01,1.915614736957128028e-01,1.991573620687321911e-01,2.060911891565351262e-01,2.121547507782751696e-01,2.172765816850501519e-01,2.214808147561982965e-01,2.248455717797903652e-01,2.274709929358927907e-01,2.294590038501955753e-01,2.309027185801343363e-01,2.318822948165318865e-01,2.324644960236093016e-01,2.327040614509541250e-01,2.326457384913316329e-01,2.323263612452025617e-01,2.317766859640739696e-01,2.310228780263881010e-01,2.300876402247756802e-01,2.289910161721514514e-01,2.277509189534174805e-01,2.263834372014125185e-01,2.249029659144758941e-01,2.233222014656205401e-01,2.216520314405230341e-01,2.199013412952151025e-01
6.969287469287469561e-01,1.754523950083516359e-01,1.781082420176542946e-01,1.807233232923363131e-01,1.832896934517966869e-01,1.857988514365706001e-01,1.882420185768022280e-01,1.906103677845566446e-01,1.928951904395193040e-01,1.950879834269437785e-01,1.971804332902643564e-01,1.991642669599428261e-01,2.010309281389467406e-01,2.027710240175503165e-01,2.043734672190424817e-01,2.058242115242830961e-01,2.071044467251854648e-01,2.081880805974519744e-01,2.090383044141684854e-01,2.096030386545915114e-01,2.098091461151470050e-01,2.095555989489792381e-01,2.087065072778938601e-01,2.070863846245004636e-01,2.044825800631741020e-01,2.006634149444153081e-01,1.954241362360816803e-01,1.886788524785502075e-01,1.804303610001237734e-01,1.712128932141236959e-01,1.616165947717368434e-01,1.523722263908262042e-01,1.441470521391055026e-01,1.373714199708279682e-01,1.321834667850737000e-01,1.284901960885925232e-01,1.260824294662126199e-01,1.247419907442295917e-01,1.243136347728229785e-01,1.247419907442284259e-01,1.260824294662119538e-01,1.284901960885947436e-01,1.321834667850746436e-01,1.373714199708271355e-01,1.441470521391041149e-01,1.523722263908253716e-01,1.616165947717348450e-01,1.712128932141255833e-01,1.804303610001258829e-01,1.886788524785493193e-01,1.954241362360833456e-01,2.006634149444145310e-01,2.044825800631765444e-01,2.070863846245023510e-01,2.087065072778949704e-01,2.095555989489814586e-01,2.098091461151464499e-01,2.096030386545918445e-01,2.090383044141678193e-01,2.081880805974523074e-01,2.071044467251851318e-01,2.058242115242842063e-01,2.043734672190430368e-01,2.027710240175490952e-01,2.010309281389476288e-01,1.991642669599450466e-01,1.971804332902635792e-01,1.950879834269435564e-01,1.928951904395183048e-01,1.906103677845565336e-01,1.882420185768026721e-01,1.857988514365700450e-01,1.832896934517961318e-01,1.807233232923362021e-01,1.781082420176548498e-01,1.754523950083543005e-01
7.032760032760032587e-01,1.421043655147358198e-01,1.447765020064063490e-01,1.474213957322566548e-01,1.500319312003040029e-01,1.526011037742442955e-01,1.551222656812237810e-01,1.575893452634555825e-01,1.599970375033771264e-01,1.623409634239649790e-01,1.646177950426680470e-01,1.668253408938650262e-01,1.689625843455652143e-01,1.710296624253062614e-01,1.730277657227108357e-01,1.749589287587236530e-01,1.768256629051233597e-01,1.786303574070017275e-01,1.803743339065743134e-01,1.820563802930966757e-01,1.836705042934408949e-01,1.852025324112684945e-01,1.866250458622933373e-01,1.878900476399841812e-01,1.889188901127477616e-01,1.895900900131171074e-01,1.897328429296973873e-01,1.890662301153051006e-01,1.870437024782718449e-01,1.836058773680467882e-01,1.784888497633315696e-01,1.716616768350383015e-01,1.634669424520093228e-01,1.546449633995379269e-01,1.461590302175692635e-01,1.389013899263851215e-01,1.334748544058003139e-01,1.301661704941864395e-01,1.290597292362496429e-01,1.301661704941884379e-01,1.334748544057994257e-01,1.389013899263845664e-01,1.461590302175702627e-01,1.546449633995407025e-01,1.634669424520113212e-01,1.716616768350367472e-01,1.784888497633320137e-01,1.836058773680485645e-01,1.870437024782714008e-01,1.890662301153046565e-01,1.897328429296980534e-01,1.895900900131156641e-01,1.889188901127492048e-01,1.878900476399829600e-01,1.866250458622925601e-01,1.852025324112682725e-01,1.836705042934402288e-01,1.820563802930983410e-01,1.803743339065729812e-01,1.786303574070040590e-01,1.768256629051258022e-01,1.749589287587213216e-01,1.730277657227107246e-01,1.710296624253051512e-01,1.689625843455626608e-01,1.668253408938608073e-01,1.646177950426664927e-01,1.623409634239647570e-01,1.599970375033755721e-01,1.575893452634518077e-01,1.551222656812217826e-01,1.526011037742446286e-01,1.500319312003040029e-01,1.474213957322627611e-01,1.447765020064075703e-01,1.421043655147371521e-01
7.096232596232596723e-01,1.195275511216324915e-01,1.218748003322767115e-01,1.241980892508092182e-01,1.264909279344997861e-01,1.287471702556204356e-01,1.309611722021014613e-01,1.331279317653691896e-01,1.352432133248089308e-01,1.373036595177423713e-01,1.393068936055569251e-01,1.412516153025321630e-01,1.431376928884451338e-01,1.449662541054301812e-01,1.467397777059333830e-01,1.484621863364583572e-01,1.501389393187695376e-01,1.517771201970163908e-01,1.533855076921963878e-01,1.549746086131894574e-01,1.565566159881186525e-01,1.581452360418761360e-01,1.597553165905398753e-01,1.614022791861866590e-01,1.631019128149854280e-01,1.648752874205641206e-01,1.668805215519419960e-01,1.684224557425652025e-01,1.697966112311909415e-01,1.708897401350197853e-01,1.714604698006717554e-01,1.711771979572233038e-01,1.696571575843401902e-01,1.666031331957408268e-01,1.620440769263585823e-01,1.565596314985637783e-01,1.512591376313252578e-01,1.474228401807339273e-01,1.460254900935288314e-01,1.474228401807331501e-01,1.512591376313273672e-01,1.565596314985624460e-01,1.620440769263592484e-01,1.666031331957430472e-01,1.696571575843428548e-01,1.711771979572205282e-01,1.714604698006730876e-01,1.708897401350192302e-01,1.697966112311909415e-01,1.684224557425630930e-01,1.668805215519435503e-01,1.648752874205640095e-01,1.631019128149854280e-01,1.614022791861857709e-01,1.597553165905417627e-01,1.581452360418745817e-01,1.565566159881192076e-01,1.549746086131906786e-01,1.533855076921976091e-01,1.517771201970165018e-01,1.501389393187690935e-01,1.484621863364581351e-01,1.467397777059342712e-01,1.449662541054298481e-01,1.431376928884446897e-01,1.412516153025312748e-01,1.393068936055592566e-01,1.373036595177419272e-01,1.352432133248094859e-01,1.331279317653673022e-01,1.309611722021015723e-01,1.287471702556196584e-01,1.264909279344997861e-01,1.241980892508096623e-01,1.218748003322753792e-01,1.195275511216311592e-01
7.159705159705159749e-01,1.041542569246625138e-01,1.061281862917398122e-01,1.080774460527373915e-01,1.099961023010628258e-01,1.118787210524266884e-01,1.137204188549783002e-01,1.155169055159096514e-01,1.172645225281058190e-01,1.189602803380688245e-01,1.206018973807198025e-01,1.221878438087922181e-01,1.237173930716540804e-01,1.251906849802707500e-01,1.266088046932256628e-01,1.279738832925728653e-01,1.292892275131157787e-01,1.305594891966281867e-01,1.317908901329752913e-01,1.329915273976363110e-01,1.341718040023307523e-01,1.353450768835845475e-01,1.365287474142753421e-01,1.377464823644778402e-01,1.390344565136965027e-01,1.404749909925068208e-01,1.420452383133837815e-01,1.434066346056813712e-01,1.448760411220971767e-01,1.464571089404405058e-01,1.481422220074032348e-01,1.498901915643946481e-01,1.515972824137420405e-01,1.530637431617768440e-01,1.539858165548778635e-01,1.540499624272392287e-01,1.532112351289022234e-01,1.520180433818402177e-01,1.514466343169491580e-01,1.520180433818397736e-01,1.532112351288985597e-01,1.540499624272400059e-01,1.539858165548769753e-01,1.530637431617759558e-01,1.515972824137413744e-01,1.498901915643940930e-01,1.481422220074041229e-01,1.464571089404419491e-01,1.448760411220982869e-01,1.434066346056807051e-01,1.420452383133868901e-01,1.404749909925071538e-01,1.390344565136955035e-01,1.377464823644782843e-01,1.365287474142755642e-01,1.353450768835842144e-01,1.341718040023315295e-01,1.329915273976376433e-01,1.317908901329750693e-01,1.305594891966265214e-01,1.292892275131174440e-01,1.279738832925764180e-01,1.266088046932272171e-01,1.251906849802695287e-01,1.237173930716545245e-01,1.221878438087919960e-01,1.206018973807194694e-01,1.189602803380672702e-01,1.172645225281054859e-01,1.155169055159084301e-01,1.137204188549775230e-01,1.118787210524266884e-01,1.099961023010636030e-01,1.080774460527326175e-01,1.061281862917387020e-01,1.041542569246616257e-01
7.223177723177722775e-01,9.297855419001144206e-02,9.461303440149793076e-02,9.621713930724373753e-02,9.778634103956973522e-02,9.931668123488457400e-02,1.008046970656286678e-01,1.022473698611903181e-01,1.036420917476175152e-01,1.049866469891059806e-01,1.062792058512107563e-01,1.075183298465963722e-01,1.087029882319321406e-01,1.098325866960219166e-01,1.109070104582833283e-01,1.119266857171699048e-01,1.128926659654568843e-01,1.138067539398441852e-01,1.146716776462398668e-01,1.154913541267771349e-01,1.162713082668700437e-01,1.170193987201895158e-01,1.177472575550901901e-01,1.184738379420443577e-01,1.192385210052989697e-01,1.202292432451063098e-01,1.209001721061379042e-01,1.216133043274739700e-01,1.223825674096152838e-01,1.232459320233997291e-01,1.242606766861882317e-01,1.255095757257942424e-01,1.271038776273629711e-01,1.291660336950380961e-01,1.317552772070462730e-01,1.347072229919963338e-01,1.375026095889324562e-01,1.394584761571795450e-01,1.401450476461290062e-01,1.394584761571794340e-01,1.375026095889315680e-01,1.347072229919966668e-01,1.317552772070482714e-01,1.291660336950368748e-01,1.271038776273629711e-01,1.255095757257930211e-01,1.242606766861923395e-01,1.232459320234009503e-01,1.223825674096108429e-01,1.216133043274738590e-01,1.209001721061373491e-01,1.202292432451059767e-01,1.192385210052995248e-01,1.184738379420450238e-01,1.177472575550903011e-01,1.170193987201896269e-01,1.162713082668692666e-01,1.154913541267771349e-01,1.146716776462389786e-01,1.138067539398449624e-01,1.128926659654556630e-01,1.119266857171696827e-01,1.109070104582842164e-01,1.098325866960228048e-01,1.087029882319290319e-01,1.075183298465921533e-01,1.062792058512120885e-01,1.049866469891043153e-01,1.036420917476172932e-01,1.022473698611913173e-01,1.008046970656294450e-01,9.931668123488457400e-02,9.778634103956962420e-02,9.621713930724340447e-02,9.461303440149759769e-02,9.297855419001399557e-02
7.286650286650286912e-01,8.474412987708135336e-02,8.603074037866365043e-02,8.727917102143267769e-02,8.848872123007001100e-02,8.965845311414954999e-02,9.078726830896366451e-02,9.187396541739945022e-02,9.291728440380597753e-02,9.391594226747868035e-02,9.486866307110153329e-02,9.577420469192887698e-02,9.663138435917528746e-02,9.743910508357844780e-02,9.819638550854603576e-02,9.890239667653855093e-02,9.955651110073693300e-02,1.001583732486950318e-01,1.007080081865197041e-01,1.012060020909177904e-01,1.016538300727214406e-01,1.020545248856019604e-01,1.024142891376252917e-01,1.027476263498878772e-01,1.031092573605552065e-01,1.034899530126668354e-01,1.037169411864553581e-01,1.039630370132665904e-01,1.042970826772855464e-01,1.048512995004795556e-01,1.058525260850174954e-01,1.076132462067077578e-01,1.103580516574665937e-01,1.138328429668395980e-01,1.171790482050991677e-01,1.196005805055955218e-01,1.209679898422415523e-01,1.215864912655443275e-01,1.217560504774687358e-01,1.215864912655443275e-01,1.209679898422424404e-01,1.196005805055943005e-01,1.171790482050966142e-01,1.138328429668400421e-01,1.103580516574644843e-01,1.076132462067067586e-01,1.058525260850169403e-01,1.048512995004780013e-01,1.042970826772862125e-01,1.039630370132665904e-01,1.037169411864574675e-01,1.034899530126657252e-01,1.031092573605548735e-01,1.027476263498882103e-01,1.024142891376257358e-01,1.020545248856021825e-01,1.016538300727206634e-01,1.012060020909193447e-01,1.007080081865201482e-01,1.001583732486953648e-01,9.955651110073715504e-02,9.890239667653877298e-02,9.819638550854425940e-02,9.743910508357500611e-02,9.663138435917251190e-02,9.577420469192865493e-02,9.486866307110186636e-02,9.391594226747890239e-02,9.291728440380697673e-02,9.187396541740067146e-02,9.078726830896388655e-02,8.965845311414855079e-02,8.848872123007001100e-02,8.727917102143245565e-02,8.603074037866326185e-02,8.474412987708151990e-02
7.350122850122851048e-01,8.645642474195597282e-02,8.495474355978949177e-02,8.460826165387802522e-02,8.472540569767239571e-02,8.506129266321493798e-02,8.550842404237923855e-02,8.601215190073752126e-02,8.654147671778400497e-02,8.707719925426615770e-02,8.760651279147346759e-02,8.812030190759034820e-02,8.861169324443096684e-02,8.907523173872800015e-02,8.950639023532647176e-02,8.990126790477526164e-02,9.025640356948871901e-02,9.056866786136974490e-02,9.083522364323115550e-02,9.105357205724495806e-02,9.122175638256291297e-02,9.133895702424077445e-02,9.140736350041034353e-02,9.144052820918857627e-02,9.152928346855926378e-02,9.149173749425110191e-02,9.151429921238307674e-02,9.173188762915795991e-02,9.238472966494681859e-02,9.377655687494246273e-02,9.604358334992935120e-02,9.882665225364239969e-02,1.013916134648965572e-01,1.032371497245195835e-01,1.043444127718534675e-01,1.049316892493864506e-01,1.052154919104343334e-01,1.053374885320770282e-01,1.053708065802917426e-01,1.053374885320762511e-01,1.052154919104330011e-01,1.049316892493873388e-01,1.043444127718532455e-01,1.032371497245213599e-01,1.013916134648967793e-01,9.882665225364217765e-02,9.604358334992801893e-02,9.377655687494246273e-02,9.238472966494659655e-02,9.173188762915940320e-02,9.151429921238296572e-02,9.149173749425132396e-02,9.152928346855904174e-02,9.144052820918879831e-02,9.140736350040989944e-02,9.133895702424033036e-02,9.122175638256269092e-02,9.105357205724551317e-02,9.083522364323126652e-02,9.056866786137018899e-02,9.025640356948794185e-02,8.990126790477570573e-02,8.950639023532647176e-02,8.907523173873010958e-02,8.861169324443207707e-02,8.812030190759334580e-02,8.760651279147368964e-02,8.707719925426748997e-02,8.654147671778322781e-02,8.601215190073852046e-02,8.550842404237946059e-02,8.506129266321615923e-02,8.472540569767084140e-02,8.460826165387891340e-02,8.495474355978893666e-02,8.645642474194353833e-02
7.413595413595414074e-01,6.241236463772320553e-02,5.836256968632569375e-02,5.019838896240197412e-02,3.626364129471904008e-02,5.463729047907650571e-02,8.283313222369859119e-02,8.680089025021531235e-02,8.657700376165211598e-02,8.596866338016617703e-02,8.547862687080909350e-02,8.513921436100435614e-02,8.491563999374962535e-02,8.477104193948281630e-02,8.467591227595894221e-02,8.460767217706499643e-02,8.454890035735651566e-02,8.448579905434383530e-02,8.440709321841333157e-02,8.430331607911101255e-02,8.416646802069449596e-02,8.399025808715110397e-02,8.377218537827713085e-02,8.353125804982708402e-02,8.324987879261580570e-02,8.302194841862475805e-02,8.307289161870667904e-02,8.365682106530836215e-02,8.491934189567285074e-02,8.666407614163618156e-02,8.843158589817812221e-02,8.986586865608547914e-02,9.087810103909432780e-02,9.154003642430430521e-02,9.195660813326511640e-02,9.221225756219741942e-02,9.236293960462982344e-02,9.244194991366605496e-02,9.246652159116475200e-02,9.244194991366527780e-02,9.236293960462982344e-02,9.221225756219741942e-02,9.195660813326445027e-02,9.154003642430330601e-02,9.087810103909355064e-02,8.986586865608470198e-02,8.843158589817601278e-02,8.666407614163640361e-02,8.491934189567329483e-02,8.365682106530858420e-02,8.307289161870712313e-02,8.302194841862442498e-02,8.324987879261336321e-02,8.353125804982730607e-02,8.377218537827646472e-02,8.399025808715265828e-02,8.416646802069382982e-02,8.430331607911201175e-02,8.440709321841288748e-02,8.448579905434183690e-02,8.454890035735673770e-02,8.460767217706388621e-02,8.467591227595894221e-02,8.477104193948414856e-02,8.491563999375073557e-02,8.513921436100446716e-02,8.547862687081120292e-02,8.596866338016528886e-02,8.657700376165500256e-02,8.680089025021209270e-02,8.283313222368859918e-02,5.463729047905402370e-02,3.626364129472489650e-02,5.019838896240758075e-02,5.836256968632669295e-02,6.241236463772187326e-02
7.477067977067977100e-01,6.249873576244890927e-02,6.168129106009628826e-02,6.052282816425980094e-02,5.886237652591264080e-02,5.643303426749052276e-02,5.278064337524041028e-02,4.717316701065238371e-02,3.900930845436767491e-02,3.263058449938147088e-02,4.831471027551526021e-02,7.464180432500189255e-02,8.439047046425962595e-02,8.600394271748490471e-02,8.552744594288475000e-02,8.463186351966001109e-02,8.372872670229547509e-02,8.290424032914878172e-02,8.215897986396969443e-02,8.147251776363784170e-02,8.082179085260299267e-02,8.018714673991733655e-02,7.956020994440349270e-02,7.895597069604798346e-02,7.810008800524792516e-02,7.749681901067173584e-02,7.741475009719056555e-02,7.791614992727191602e-02,7.879134656777064816e-02,7.975058545708257896e-02,8.060747845308147141e-02,8.129843465592145879e-02,8.182757259930872884e-02,8.222153339569904240e-02,8.250836277007700392e-02,8.271070453903162090e-02,8.284481839764945565e-02,8.292133537708956670e-02,8.294620472804248301e-02,8.292133537708890056e-02,8.284481839764790134e-02,8.271070453903084374e-02,8.250836277007544961e-02,8.222153339569870933e-02,8.182757259930872884e-02,8.129843465592156981e-02,8.060747845308113835e-02,7.975058545708224589e-02,7.879134656777087020e-02,7.791614992727291522e-02,7.741475009719078759e-02,7.749681901067462242e-02,7.810008800524848027e-02,7.895597069604987084e-02,7.956020994440271554e-02,8.018714673991766961e-02,8.082179085260099427e-02,8.147251776363995113e-02,8.215897986397058261e-02,8.290424032914733843e-02,8.372872670229525305e-02,8.463186351966101029e-02,8.552744594288541613e-02,8.600394271748690311e-02,8.439047046426118026e-02,7.464180432500910900e-02,4.831471027551109687e-02,3.263058449938124883e-02,3.900930845436834105e-02,4.717316701065360496e-02,5.278064337523941107e-02,5.643303426748946805e-02,5.886237652591280733e-02,6.052282816425963441e-02,6.168129106009451190e-02,6.249873576244813211e-02
7.540540540540541237e-01,6.025158335179003899e-02,5.973236812469534529e-02,5.910783084993237457e-02,5.834645381817848975e-02,5.740606131815323421e-02,5.622909280853366498e-02,5.473568738157530422e-02,5.281430021986494028e-02,5.031235879568718428e-02,4.704312196417820280e-02,4.288532691605112523e-02,3.829688428635880104e-02,3.622151763235648136e-02,4.466873507805563248e-02,6.498831190514825495e-02,8.026319382278690462e-02,8.545117341337238326e-02,8.580878054710672220e-02,8.462643335401998090e-02,8.309381637885671079e-02,8.161289974742302888e-02,8.061261496451543884e-02,7.919773662765139388e-02,7.651446511032533593e-02,7.461258259535219484e-02,7.364290884929003411e-02,7.338567306704901760e-02,7.353805353932341138e-02,7.387013975636735896e-02,7.424818379821684911e-02,7.460678356034300407e-02,7.491904213069844332e-02,7.517702418938365660e-02,7.538106579198411428e-02,7.553444493037952956e-02,7.564088640347110815e-02,7.570345121683919043e-02,7.572408536089636488e-02,7.570345121683996759e-02,7.564088640347099712e-02,7.553444493037830831e-02,7.538106579198167179e-02,7.517702418938287945e-02,7.491904213069866536e-02,7.460678356034322611e-02,7.424818379821718217e-02,7.387013975636669283e-02,7.353805353932407751e-02,7.338567306705134907e-02,7.364290884929158842e-02,7.461258259535152870e-02,7.651446511032378162e-02,7.919773662765505762e-02,8.061261496451910258e-02,8.161289974742258480e-02,8.309381637885671079e-02,8.462643335402475486e-02,8.580878054711138514e-02,8.545117341337160610e-02,8.026319382279178960e-02,6.498831190514869904e-02,4.466873507804169918e-02,3.622151763235659239e-02,3.829688428636146558e-02,4.288532691604918234e-02,4.704312196417825831e-02,5.031235879568629610e-02,5.281430021986421863e-02,5.473568738157513769e-02,5.622909280853399805e-02,5.740606131815367830e-02,5.834645381817715748e-02,5.910783084993176395e-02,5.973236812469578938e-02,6.025158335179064961e-02
7.604013104013104263e-01,5.803655403716184713e-02,5.752080200640508068e-02,5.696453205611529125e-02,5.635531341075949996e-02,5.567850877122548781e-02,5.491672419244514325e-02,5.404916287255573382e-02,5.305095438020174248e-02,5.189269388566902785e-02,5.054085009523323624e-02,4.896079946255832427e-02,4.712711595557533828e-02,4.505330622383857397e-02,4.287275110950200530e-02,4.104820035150652524e-02,4.084984049782125481e-02,4.502915800106005451e-02,5.686728098625115635e-02,7.423475947969360167e-02,8.815376749968562020e-02,9.533971731465429311e-02,1.025577630960662345e-01,9.142428481898123849e-02,8.290214364173098538e-02,7.730624341310976533e-02,7.394629967982513374e-02,7.206084462967143889e-02,7.107084120782380943e-02,7.059621709040087012e-02,7.040570188876771329e-02,7.036438991561522194e-02,7.039553308136936582e-02,7.045620428226928578e-02,7.052274063159891249e-02,7.058230415824795489e-02,7.062808652799223985e-02,7.065661323650507253e-02,7.066627664621549787e-02,7.065661323650607173e-02,7.062808652799135167e-02,7.058230415824917614e-02,7.052274063159913453e-02,7.045620428227072907e-02,7.039553308136847765e-02,7.036438991561544398e-02,7.040570188877026681e-02,7.059621709040131421e-02,7.107084120782536374e-02,7.206084462967099480e-02,7.394629967982457863e-02,7.730624341311032044e-02,8.290214364173320583e-02,9.142428481898767778e-02,1.025577630960716746e-01,9.533971731466139854e-02,8.815376749969661141e-02,7.423475947968583011e-02,5.686728098625176697e-02,4.502915800106949140e-02,4.084984049782203197e-02,4.104820035150885671e-02,4.287275110950133916e-02,4.505330622383890704e-02,4.712711595557578237e-02,4.896079946255776916e-02,5.054085009523268113e-02,5.189269388566936092e-02,5.305095438020274168e-02,5.404916287255623342e-02,5.491672419244508774e-02,5.567850877122659803e-02,5.635531341075900036e-02,5.696453205611617943e-02,5.752080200640530272e-02,5.803655403716012628e-02
7.667485667485667289e-01,5.689359645835195822e-02,5.630114888645137983e-02,5.569874520731127321e-02,5.507904785588457752e-02,5.443425836920584571e-02,5.375612369194104900e-02,5.303601075672137455e-02,5.226511729430077802e-02,5.143494179397023469e-02,5.053823839648513561e-02,4.957087760702105772e-02,4.853540968552544355e-02,4.744786325014488382e-02,4.635076717979913496e-02,4.533826358715065119e-02,4.460473051367686015e-02,4.453810660345691730e-02,4.589189443197982943e-02,5.006925684396518195e-02,5.952137780262506395e-02,8.014386322687638842e-02,1.070461178576728178e-01,1.105140134609330360e-01,1.036760539110641588e-01,9.364272073525992113e-02,8.503706917073083904e-02,7.899356797649481621e-02,7.509621454820658570e-02,7.266689662362380009e-02,7.116774652608837126e-02,7.024169762560639185e-02,6.966660078284514501e-02,6.930746906212015279e-02,6.908283261687397925e-02,6.894361435146167949e-02,6.886047352866164761e-02,6.881641670696281299e-02,6.880263825759513896e-02,6.881641670696170276e-02,6.886047352865953819e-02,6.894361435146090233e-02,6.908283261687186982e-02,6.930746906212037484e-02,6.966660078284525603e-02,7.024169762560317221e-02,7.116774652609292318e-02,7.266689662362257884e-02,7.509621454820636366e-02,7.899356797649703665e-02,8.503706917072439975e-02,9.364272073525514717e-02,1.036760539110666013e-01,1.105140134609322589e-01,1.070461178576744832e-01,8.014386322686573028e-02,5.952137780262106714e-02,5.006925684396229537e-02,4.589189443198060658e-02,4.453810660345630668e-02,4.460473051367658259e-02,4.533826358714898586e-02,4.635076717980046723e-02,4.744786325014477280e-02,4.853540968552516599e-02,4.957087760702122425e-02,5.053823839648446947e-02,5.143494179397006816e-02,5.226511729430011188e-02,5.303601075672159659e-02,5.375612369194049389e-02,5.443425836920723349e-02,5.507904785588413343e-02,5.569874520731077361e-02,5.630114888645210147e-02,5.689359645835118107e-02
7.730958230958231425e-01,5.633487898691469375e-02,5.563834280218116213e-02,5.495113684264657516e-02,5.426770639168515542e-02,5.358259486744526567e-02,5.289057842326200243e-02,5.218688170659391279e-02,5.146752785834235455e-02,5.072990550312295177e-02,4.997368454302281160e-02,4.920229425586331029e-02,4.842531508893294090e-02,4.766237304663784036e-02,4.694954685172497699e-02,4.635007992395423493e-02,4.597275305602294138e-02,4.600483086474649319e-02,4.677655493492816063e-02,4.891457742638938289e-02,5.394214519367829253e-02,7.012568429189092178e-02,7.868723789456488760e-02,8.542047010996878242e-02,9.030678666539726507e-02,9.265626926184822310e-02,9.188884941895281155e-02,8.842111717234335533e-02,8.376415646510948498e-02,7.940990712748730029e-02,7.603063430201373318e-02,7.364286943936870777e-02,7.202403702105431016e-02,7.094291865656277007e-02,7.022587368533628194e-02,6.975710164515658285e-02,6.946384532025173808e-02,6.930290121617044274e-02,6.925160091865256717e-02,6.930290121616822230e-02,6.946384532024951763e-02,6.975710164515702694e-02,7.022587368533406149e-02,7.094291865656643381e-02,7.202403702106285888e-02,7.364286943936060315e-02,7.603063430201661976e-02,7.940990712748541291e-02,8.376415646510171342e-02,8.842111717233935853e-02,9.188884941894404079e-02,9.265626926186476542e-02,9.030678666540725708e-02,8.542047010997000367e-02,7.868723789457077178e-02,7.012568429189314223e-02,5.394214519367951377e-02,4.891457742638943840e-02,4.677655493492810512e-02,4.600483086474621564e-02,4.597275305602349649e-02,4.635007992395229204e-02,4.694954685172492148e-02,4.766237304663833996e-02,4.842531508893338499e-02,4.920229425586286620e-02,4.997368454302208995e-02,5.072990550312173053e-02,5.146752785834191046e-02,5.218688170659313563e-02,5.289057842326144732e-02,5.358259486744493261e-02,5.426770639168554400e-02,5.495113684264535392e-02,5.563834280218177275e-02,5.633487898691580398e-02
7.794430794430794451e-01,5.632804067853602881e-02,5.551705748484858649e-02,5.472923822781872172e-02,5.395985265849811974e-02,5.320448052274723283e-02,5.245920846886159561e-02,5.172090338092355521e-02,5.098760791914586088e-02,5.025912287221756536e-02,4.953786960813028051e-02,4.883016903434417300e-02,4.814813851423327407e-02,4.751250885927205125e-02,4.695683053204113833e-02,4.653385708923096775e-02,4.632565110993769331e-02,4.646127850280229454e-02,4.715523895057677217e-02,4.883311736783263468e-02,5.323463788334770186e-02,5.922680637921007296e-02,6.060810937109828433e-02,6.110445577456613542e-02,6.095866858848630887e-02,6.033156328867628204e-02,5.935609579910694489e-02,5.817082870807355199e-02,5.695438692954446491e-02,5.593855758353966090e-02,5.536200731276758047e-02,5.536104510111883314e-02,5.588260803318723102e-02,5.671835516006656919e-02,5.762774812687176951e-02,5.843331053820954857e-02,5.903993787773120783e-02,5.941010178661698671e-02,5.953390891605658819e-02,5.941010178661954022e-02,5.903993787773376134e-02,5.843331053820766119e-02,5.762774812686155546e-02,5.671835516006645816e-02,5.588260803319006209e-02,5.536104510110895216e-02,5.536200731276541553e-02,5.593855758354498997e-02,5.695438692954613025e-02,5.817082870807444017e-02,5.935609579910683387e-02,6.033156328867383955e-02,6.095866858848775216e-02,6.110445577456602440e-02,6.060810937109717411e-02,5.922680637920951785e-02,5.323463788334659164e-02,4.883311736783046975e-02,4.715523895057699422e-02,4.646127850280129534e-02,4.632565110993774882e-02,4.653385708923157837e-02,4.695683053204136037e-02,4.751250885927110756e-02,4.814813851423355162e-02,4.883016903434367340e-02,4.953786960813044704e-02,5.025912287221678820e-02,5.098760791914563884e-02,5.172090338092477646e-02,5.245920846886126254e-02,5.320448052274640016e-02,5.395985265849839729e-02,5.472923822781994296e-02,5.551705748484903058e-02,5.632804067853636187e-02
7.857903357903358588e-01,5.544492212745100179e-02,5.454103824326683725e-02,5.366947616203820992e-02,5.282634998769608625e-02,5.200811283305017962e-02,5.121181701794086383e-02,5.043543845629328004e-02,4.967830595133926330e-02,4.894168560681116942e-02,4.822958261824294990e-02,4.754983598826689750e-02,4.691559395418404277e-02,4.634726805824562756e-02,4.587508324775241286e-02,4.554243994408418983e-02,4.541079129223196675e-02,4.556897751827881926e-02,4.616128945166758646e-02,4.753735008184400979e-02,5.134574515982598397e-02,5.160703856301163128e-02,5.130925864698715477e-02,5.064550575012055633e-02,4.969741669353544555e-02,4.851205175015882443e-02,4.711889826013343496e-02,4.554127966661292160e-02,4.380692104746669591e-02,4.195801195105297587e-02,4.005909367262988630e-02,3.819905597782602413e-02,3.648271466805808050e-02,3.501038396434169586e-02,3.385138877066190544e-02,3.302493466552791634e-02,3.250092372504337357e-02,3.222208064739551236e-02,3.213606803221241703e-02,3.222208064740023081e-02,3.250092372504098659e-02,3.302493466553074741e-02,3.385138877066129481e-02,3.501038396434191791e-02,3.648271466805524943e-02,3.819905597782441431e-02,4.005909367262783238e-02,4.195801195106146908e-02,4.380692104746652937e-02,4.554127966661586369e-02,4.711889826013337945e-02,4.851205175015849136e-02,4.969741669353527902e-02,5.064550575012255473e-02,5.130925864698815397e-02,5.160703856301163128e-02,5.134574515982481824e-02,4.753735008184367672e-02,4.616128945166786401e-02,4.556897751827931886e-02,4.541079129223257738e-02,4.554243994408435636e-02,4.587508324775235735e-02,4.634726805824573859e-02,4.691559395418443135e-02,4.754983598826650892e-02,4.822958261824206172e-02,4.894168560681116942e-02,4.967830595133959637e-02,5.043543845629278044e-02,5.121181701794130792e-02,5.200811283304995758e-02,5.282634998769475398e-02,5.366947616203965321e-02,5.454103824326739236e-02,5.544492212745044668e-02
7.921375921375921614e-01,5.471413849502615445e-02,5.373467313845314841e-02,5.279226913884149663e-02,5.188430604641214305e-02,5.100837874772723435e-02,5.016264617897658873e-02,4.934622243705066857e-02,4.855964443732052604e-02,4.780544801855063364e-02,4.708887720602633609e-02,4.641873397339990603e-02,4.580834270015338161e-02,4.527655516282746984e-02,4.484868672128605738e-02,4.455737503224388441e-02,4.444403200728236358e-02,4.456462759616064417e-02,4.502017152652304510e-02,4.625992759067154569e-02,4.741876365681702010e-02,4.707035842125173453e-02,4.651132369552962720e-02,4.579363570947370121e-02,4.494396959276653059e-02,4.397787492119936692e-02,4.290555174787519244e-02,4.173589727926457771e-02,4.047997840869638209e-02,3.915417802186638152e-02,3.778285911720535850e-02,3.640006836945414159e-02,3.504960507825438665e-02,3.378288975292359497e-02,3.265461932387325739e-02,3.171707399276818551e-02,3.101464939320724978e-02,3.058011575282232331e-02,3.043311084214522788e-02,3.058011575282360006e-02,3.101464939320747183e-02,3.171707399276879613e-02,3.265461932387492272e-02,3.378288975292315088e-02,3.504960507825893856e-02,3.640006836945458568e-02,3.778285911720546952e-02,3.915417802186854646e-02,4.047997840869715924e-02,4.173589727926418913e-02,4.290555174787424875e-02,4.397787492119814567e-02,4.494396959276580894e-02,4.579363570947309059e-02,4.651132369553012680e-02,4.707035842125240066e-02,4.741876365681707561e-02,4.625992759067221183e-02,4.502017152652348919e-02,4.456462759616031111e-02,4.444403200728158643e-02,4.455737503224416196e-02,4.484868672128555778e-02,4.527655516282763637e-02,4.580834270015227139e-02,4.641873397340046115e-02,4.708887720602750182e-02,4.780544801855218795e-02,4.855964443732074809e-02,4.934622243705033551e-02,5.016264617897614464e-02,5.100837874772767844e-02,5.188430604641092181e-02,5.279226913884094152e-02,5.373467313845237125e-02,5.471413849502604343e-02
7.984848484848485750e-01,5.441837363085055834e-02,5.338323647377107850e-02,5.238512803043049448e-02,5.142348854501721522e-02,5.049768017416100818e-02,4.960745510471742392e-02,4.875342810741112309e-02,4.793757562258782468e-02,4.716376694240043133e-02,4.643830640787871555e-02,4.577042562786459712e-02,4.517261498314434354e-02,4.466064691274101994e-02,4.425318902092006956e-02,4.397121342926618714e-02,4.383851040303499147e-02,4.388887967336929652e-02,4.421396667019655835e-02,4.531924760077610248e-02,4.499007257007531235e-02,4.452025461986669486e-02,4.395201867319531441e-02,4.330267040891522257e-02,4.258205922709112912e-02,4.179662477454060276e-02,4.095163548202429560e-02,4.005292538209087594e-02,3.910843879441061599e-02,3.812963789227252764e-02,3.713269024166054866e-02,3.613924569010040777e-02,3.517654450375828912e-02,3.427661113792307424e-02,3.347441563456526881e-02,3.280511871553354331e-02,3.230077983649110029e-02,3.198707931757494016e-02,3.188060245305845974e-02,3.198707931757627243e-02,3.230077983648804718e-02,3.280511871553420944e-02,3.347441563456438063e-02,3.427661113792374037e-02,3.517654450376084263e-02,3.613924569009974164e-02,3.713269024166010457e-02,3.812963789227269418e-02,3.910843879441017190e-02,4.005292538209054287e-02,4.095163548202312986e-02,4.179662477454049174e-02,4.258205922708896418e-02,4.330267040891583319e-02,4.395201867319525890e-02,4.452025461986647281e-02,4.499007257007575644e-02,4.531924760077532532e-02,4.421396667019728000e-02,4.388887967336785323e-02,4.383851040303610169e-02,4.397121342926602061e-02,4.425318902091973650e-02,4.466064691274124199e-02,4.517261498314445456e-02,4.577042562786448610e-02,4.643830640787860453e-02,4.716376694239954315e-02,4.793757562258771365e-02,4.875342810741090105e-02,4.960745510471786801e-02,5.049768017416134125e-02,5.142348854501765931e-02,5.238512803043016142e-02,5.338323647377163361e-02,5.441837363084967016e-02
8.048321048321048776e-01,5.397409215694637385e-02,5.292218928019409852e-02,5.190131868179737040e-02,5.091407841182438165e-02,4.996249721070100680e-02,4.904863429625894167e-02,4.817512451901573289e-02,4.734567200829975508e-02,4.656546805222916419e-02,4.584147457761222899e-02,4.518248000702451694e-02,4.459881964324940995e-02,4.410170072476460312e-02,4.370226108367947226e-02,4.341098179490776587e-02,4.323943700494781162e-02,4.321230874267667499e-02,4.346769272688610908e-02,4.369856426246376824e-02,4.327247310526582957e-02,4.278049451775101097e-02,4.223533540002771813e-02,4.164345611890285515e-02,4.100886009313164937e-02,4.033463182832192073e-02,3.962399269826399895e-02,3.888121365231128612e-02,3.811247159801833817e-02,3.732664319586975754e-02,3.653596663026437152e-02,3.575644934800736863e-02,3.500786633016395033e-02,3.431319857904968629e-02,3.369742345503351499e-02,3.318568954156231321e-02,3.280106328246307212e-02,3.256217241140124674e-02,3.248113960145471157e-02,3.256217241140130225e-02,3.280106328246373826e-02,3.318568954156214668e-02,3.369742345503234926e-02,3.431319857904946424e-02,3.500786633016400584e-02,3.575644934800670249e-02,3.653596663026481561e-02,3.732664319586931345e-02,3.811247159801839368e-02,3.888121365231161919e-02,3.962399269826316628e-02,4.033463182832269789e-02,4.100886009313120528e-02,4.164345611890285515e-02,4.223533540002710751e-02,4.278049451775134404e-02,4.327247310526638469e-02,4.369856426246354619e-02,4.346769272688599806e-02,4.321230874267645294e-02,4.323943700494659037e-02,4.341098179490854303e-02,4.370226108368024942e-02,4.410170072476504721e-02,4.459881964324940995e-02,4.518248000702429490e-02,4.584147457761300615e-02,4.656546805222883112e-02,4.734567200829997713e-02,4.817512451901595494e-02,4.904863429625894167e-02,4.996249721070089578e-02,5.091407841182271632e-02,5.190131868179714836e-02,5.292218928019420954e-02,5.397409215694515261e-02
8.111793611793611802e-01,5.329498088853767968e-02,5.227604499778082392e-02,5.127549058930291892e-02,5.030023187807097784e-02,4.935592042993552919e-02,4.844765188030275560e-02,4.758054487895779783e-02,4.676017551043476494e-02,4.599282612975841289e-02,4.528548899844753173e-02,4.464556820642795465e-02,4.408027244161150104e-02,4.359581676080404034e-02,4.319679579688262550e-02,4.288658985411786251e-02,4.267124689049184294e-02,4.257952682153964830e-02,4.286937616750641222e-02,4.245722993352885055e-02,4.199768664574354826e-02,4.150254425769139832e-02,4.097622477221662951e-02,4.042103637268512628e-02,3.983848324076921799e-02,3.923001370443462976e-02,3.859763295845736186e-02,3.794448774220354759e-02,3.727544532906851282e-02,3.659764421056727057e-02,3.592095558450547621e-02,3.525825989920489123e-02,3.462541931109464066e-02,3.404082910365668901e-02,3.352447298565319755e-02,3.309649357935195990e-02,3.277540704540621297e-02,3.257620676766892487e-02,3.250867352155711876e-02,3.257620676766770362e-02,3.277540704540621297e-02,3.309649357935240399e-02,3.352447298565375267e-02,3.404082910365724413e-02,3.462541931109436311e-02,3.525825989920472470e-02,3.592095558450508763e-02,3.659764421056738160e-02,3.727544532906851282e-02,3.794448774220371412e-02,3.859763295845730635e-02,3.923001370443396363e-02,3.983848324076944003e-02,4.042103637268501526e-02,4.097622477221662951e-02,4.150254425769184241e-02,4.199768664574343724e-02,4.245722993352885055e-02,4.286937616750574609e-02,4.257952682153998136e-02,4.267124689049228703e-02,4.288658985411786251e-02,4.319679579688306958e-02,4.359581676080437340e-02,4.408027244161183411e-02,4.464556820642873181e-02,4.528548899844786479e-02,4.599282612975785778e-02,4.676017551043532006e-02,4.758054487895857498e-02,4.844765188030408787e-02,4.935592042993575124e-02,5.030023187807208807e-02,5.127549058930302994e-02,5.227604499778193414e-02,5.329498088853812376e-02
8.175266175266175939e-01,5.242766446464330876e-02,5.149758587754960093e-02,5.056652010593365443e-02,4.964661013353899310e-02,4.874788505783855808e-02,4.787900401923128602e-02,4.704781183623496510e-02,4.626167997049412950e-02,4.552760305937963992e-02,4.485203502589119040e-02,4.424049214869174573e-02,4.369703222206999804e-02,4.322384320441485794e-02,4.282136838214545271e-02,4.248987607382248566e-02,4.223567818263818108e-02,4.211008145507000311e-02,4.202541216723032491e-02,4.157353824686116361e-02,4.109818256119079916e-02,4.060261759337269183e-02,4.008798827394099984e-02,3.955464002762698605e-02,3.900272112241365274e-02,3.843263284268416680e-02,3.784545855465115682e-02,3.724341137181053085e-02,3.663030329043126532e-02,3.601201012628857390e-02,3.539687653567080705e-02,3.479597481169116602e-02,3.422310783322263239e-02,3.369444363891777039e-02,3.322770100058775045e-02,3.284087990579082073e-02,3.255064010528768703e-02,3.237054685690365918e-02,3.230948436764297105e-02,3.237054685690382572e-02,3.255064010528624374e-02,3.284087990579109828e-02,3.322770100058752840e-02,3.369444363891821448e-02,3.422310783322352057e-02,3.479597481169072193e-02,3.539687653567091807e-02,3.601201012628940656e-02,3.663030329043182043e-02,3.724341137181041983e-02,3.784545855465204500e-02,3.843263284268472191e-02,3.900272112241387479e-02,3.955464002762643094e-02,4.008798827394111086e-02,4.060261759337313592e-02,4.109818256119046609e-02,4.157353824686071952e-02,4.202541216722988082e-02,4.211008145507022515e-02,4.223567818263862517e-02,4.248987607382304077e-02,4.282136838214545271e-02,4.322384320441507999e-02,4.369703222207022009e-02,4.424049214869107960e-02,4.485203502589052427e-02,4.552760305937775254e-02,4.626167997049335234e-02,4.704781183623518714e-02,4.787900401923150806e-02,4.874788505783855808e-02,4.964661013353899310e-02,5.056652010593343238e-02,5.149758587754960093e-02,5.242766446464186547e-02
8.238738738738740075e-01,5.131157199070657260e-02,5.053044322697619606e-02,4.972293235268177014e-02,4.890669984131157388e-02,4.809641414071796905e-02,4.730442970060499963e-02,4.654126906409905562e-02,4.581588696215377343e-02,4.513571769197743944e-02,4.450654456713876161e-02,4.393228263565740477e-02,4.341482808869601140e-02,4.295420519741344201e-02,4.254938561207166625e-02,4.220079718776592603e-02,4.191981934101196572e-02,4.188058476408729192e-02,4.142349865708638834e-02,4.095309727283047430e-02,4.047081409525854490e-02,3.997698889683143353e-02,3.947114357528713757e-02,3.895247144212843349e-02,3.842017871868974588e-02,3.787380570875220620e-02,3.731357612190844275e-02,3.674079382789763315e-02,3.615828648935515144e-02,3.557087288341953535e-02,3.498580163349235272e-02,3.441307515409730566e-02,3.386554160897903287e-02,3.335862407714645927e-02,3.290957840594987971e-02,3.253624371696078876e-02,3.225537010366302804e-02,3.208074883691597323e-02,3.202148106425067864e-02,3.208074883691597323e-02,3.225537010366347213e-02,3.253624371696101081e-02,3.290957840594926909e-02,3.335862407714562661e-02,3.386554160897886634e-02,3.441307515409774975e-02,3.498580163349235272e-02,3.557087288341997944e-02,3.615828648935415224e-02,3.674079382789796622e-02,3.731357612190888684e-02,3.787380570875309438e-02,3.842017871868919077e-02,3.895247144212843349e-02,3.947114357528835882e-02,3.997698889683198864e-02,4.047081409525743467e-02,4.095309727283147350e-02,4.142349865708594425e-02,4.188058476408762498e-02,4.191981934101252083e-02,4.220079718776659217e-02,4.254938561207288750e-02,4.295420519741333099e-02,4.341482808869623344e-02,4.393228263565773783e-02,4.450654456713809548e-02,4.513571769197821659e-02,4.581588696215321832e-02,4.654126906409972175e-02,4.730442970060577679e-02,4.809641414071930132e-02,4.890669984131235104e-02,4.972293235268121503e-02,5.053044322697530788e-02,5.131157199070701669e-02
8.302211302211301991e-01,4.985910733648557525e-02,4.928527848002062228e-02,4.865540838157245140e-02,4.799202816985181919e-02,4.731400403027385959e-02,4.663704106401556082e-02,4.597406205184018102e-02,4.533544497124664119e-02,4.472914093821467318e-02,4.416073216236360288e-02,4.363352537271869558e-02,4.314880203461368691e-02,4.270639351177007992e-02,4.230595476026521862e-02,4.195035287111237299e-02,4.166250319203235186e-02,4.143388778553436236e-02,4.096454134371740885e-02,4.049026277452683065e-02,4.001046863357760053e-02,3.952413715792801874e-02,3.902982882711059087e-02,3.852590343419770580e-02,3.801074263326842395e-02,3.748300460209619267e-02,3.694193635253284480e-02,3.638776161563572753e-02,3.582215063293825441e-02,3.524875825908579952e-02,3.467378491976536026e-02,3.410647076582229431e-02,3.355938331395325047e-02,3.304832020273151816e-02,3.259164960079113937e-02,3.220898170687913620e-02,3.191921861144381145e-02,3.173823917133489214e-02,3.167666609955949175e-02,3.173823917133483663e-02,3.191921861144331185e-02,3.220898170687885864e-02,3.259164960079141693e-02,3.304832020273190674e-02,3.355938331395302843e-02,3.410647076582251636e-02,3.467378491976447208e-02,3.524875825908557747e-02,3.582215063293925361e-02,3.638776161563661571e-02,3.694193635253240071e-02,3.748300460209619267e-02,3.801074263326953417e-02,3.852590343419826091e-02,3.902982882711136803e-02,3.952413715792713056e-02,4.001046863357848871e-02,4.049026277452738576e-02,4.096454134371707578e-02,4.143388778553447338e-02,4.166250319203201880e-02,4.195035287111203992e-02,4.230595476026488555e-02,4.270639351177063503e-02,4.314880203461513020e-02,4.363352537271902865e-02,4.416073216236160448e-02,4.472914093821378501e-02,4.533544497124608608e-02,4.597406205184095818e-02,4.663704106401522775e-02,4.731400403027385959e-02,4.799202816985137510e-02,4.865540838157211834e-02,4.928527848002040024e-02,4.985910733648546422e-02
8.365683865683866127e-01,4.801903810571772624e-02,4.770045874770700856e-02,4.729480975131217235e-02,4.682785812135403791e-02,4.632151093853820178e-02,4.579405701758865188e-02,4.526041634919419909e-02,4.473237342660185689e-02,4.421880604502714807e-02,4.372594987739564232e-02,4.325774063242582290e-02,4.281632529681422827e-02,4.240286519779468133e-02,4.201909280379922951e-02,4.167203699976806952e-02,4.142294600289564421e-02,4.103022346846929569e-02,4.056845318265012157e-02,4.010619913040791573e-02,3.964201245166321108e-02,3.917417956904778453e-02,3.870062316967748384e-02,3.821899761953750918e-02,3.772683236304397170e-02,3.722172914675825339e-02,3.670163783744584407e-02,3.616524013944300009e-02,3.561246820881902586e-02,3.504517167520182497e-02,3.446791404895455102e-02,3.388881981715397007e-02,3.332030482734327226e-02,3.277942026823921218e-02,3.228746925368541909e-02,3.186858775924927834e-02,3.154718859180272172e-02,3.134455043508083127e-02,3.127526960706861203e-02,3.134455043508038719e-02,3.154718859180272172e-02,3.186858775924905629e-02,3.228746925368597420e-02,3.277942026823954524e-02,3.332030482734449350e-02,3.388881981715419212e-02,3.446791404895466204e-02,3.504517167520204701e-02,3.561246820881991404e-02,3.616524013944244498e-02,3.670163783744595509e-02,3.722172914675780930e-02,3.772683236304308352e-02,3.821899761953773123e-02,3.870062316967859406e-02,3.917417956904711840e-02,3.964201245166376619e-02,4.010619913040835982e-02,4.056845318265134281e-02,4.103022346846962876e-02,4.142294600289653239e-02,4.167203699976829157e-02,4.201909280379934053e-02,4.240286519779545849e-02,4.281632529681256294e-02,4.325774063242560086e-02,4.372594987739653050e-02,4.421880604502770318e-02,4.473237342660196791e-02,4.526041634919408807e-02,4.579405701758965108e-02,4.632151093853942303e-02,4.682785812135559222e-02,4.729480975131294951e-02,4.770045874770945105e-02,4.801903810571728215e-02
8.429156429156430264e-01,4.572713907310599346e-02,4.569329822470646896e-02,4.554384891060669904e-02,4.530541503995644259e-02,4.500122950088547569e-02,4.465106071236146779e-02,4.427128839582195052e-02,4.387509255890176263e-02,4.347271831553511934e-02,4.307183816379944741e-02,4.267800555509981830e-02,4.229524637910386797e-02,4.192694111071393337e-02,4.157767565363390538e-02,4.126082485033399916e-02,4.099821551885396431e-02,4.056173853989564204e-02,4.013024434646328409e-02,3.970079464987052997e-02,3.927179657842050364e-02,3.884131214306008051e-02,3.840691960909625724e-02,3.796571648519309061e-02,3.751436569154964484e-02,3.704918880754082267e-02,3.656633675604603617e-02,3.606208667741039875e-02,3.553333182963192005e-02,3.497834508474650939e-02,3.439789233298906623e-02,3.379672341122752499e-02,3.318533651738053702e-02,3.258166415109453595e-02,3.201198579049813198e-02,3.151008758275519739e-02,3.111377880418475517e-02,3.085866255790958856e-02,3.077048138967375390e-02,3.085866255790825630e-02,3.111377880418497721e-02,3.151008758275597454e-02,3.201198579049757686e-02,3.258166415109453595e-02,3.318533651738087009e-02,3.379672341122685886e-02,3.439789233298873317e-02,3.497834508474584325e-02,3.553333182963169801e-02,3.606208667741073182e-02,3.656633675604681333e-02,3.704918880754037858e-02,3.751436569155075507e-02,3.796571648519286857e-02,3.840691960909647928e-02,3.884131214305941437e-02,3.927179657842039262e-02,3.970079464987175122e-02,4.013024434646284000e-02,4.056173853989475386e-02,4.099821551885485249e-02,4.126082485033422120e-02,4.157767565363412743e-02,4.192694111071382235e-02,4.229524637910342388e-02,4.267800555509948524e-02,4.307183816379756003e-02,4.347271831553600752e-02,4.387509255890131854e-02,4.427128839582172848e-02,4.465106071236113472e-02,4.500122950088591978e-02,4.530541503995622055e-02,4.554384891060614393e-02,4.569329822470580282e-02,4.572713907310477222e-02
8.492628992628993290e-01,4.301928897875662017e-02,4.327534326897430894e-02,4.339368920539554697e-02,4.339922224458470090e-02,4.331454864802286586e-02,4.315959981355488306e-02,4.295148347086452656e-02,4.270453287788233965e-02,4.243050430215744573e-02,4.213888855910596920e-02,4.183732650267657505e-02,4.153216436162909808e-02,4.122935601554644780e-02,4.093680296819779407e-02,4.068045832483158097e-02,4.037155981169249230e-02,3.999216125631899210e-02,3.961872250126707851e-02,3.924994268053683122e-02,3.888485177844602791e-02,3.852202183927566637e-02,3.815940247630400517e-02,3.779422719554892396e-02,3.742291507170547593e-02,3.704095529934736675e-02,3.664278358005457203e-02,3.622168200593622878e-02,3.576977332116415553e-02,3.527825123401573393e-02,3.473810813195610248e-02,3.414179804463213230e-02,3.348646172965330514e-02,3.277934323072340117e-02,3.204534082508114778e-02,3.133450802743242836e-02,3.072371316707200872e-02,3.030448011522779428e-02,3.015445147351525357e-02,3.030448011522801632e-02,3.072371316707334099e-02,3.133450802743209529e-02,3.204534082508037063e-02,3.277934323072284606e-02,3.348646172965430434e-02,3.414179804463091106e-02,3.473810813195543634e-02,3.527825123401595597e-02,3.576977332116393349e-02,3.622168200593511855e-02,3.664278358005512715e-02,3.704095529934736675e-02,3.742291507170425469e-02,3.779422719554881294e-02,3.815940247630411619e-02,3.852202183927488921e-02,3.888485177844624996e-02,3.924994268053705326e-02,3.961872250126607931e-02,3.999216125631976926e-02,4.037155981169315844e-02,4.068045832483069280e-02,4.093680296819679487e-02,4.122935601554678087e-02,4.153216436162932013e-02,4.183732650267724118e-02,4.213888855910519204e-02,4.243050430215811186e-02,4.270453287788200658e-02,4.295148347086441554e-02,4.315959981355488306e-02,4.331454864802264382e-02,4.339922224458547806e-02,4.339368920539588004e-02,4.327534326897419792e-02,4.301928897875539892e-02
8.556101556101556316e-01,3.995010966087564341e-02,4.047616008311238911e-02,4.085202926565523196e-02,4.109865399452738988e-02,4.123616912830752046e-02,4.128325986268410741e-02,4.125679275839699844e-02,4.117166339438738110e-02,4.104082196855163289e-02,4.087543781401303811e-02,4.068518808102283835e-02,4.047872102365024372e-02,4.026459158022255291e-02,4.005457289676683796e-02,3.988444977890126530e-02,3.958246206694282510e-02,3.929376780002025171e-02,3.901461394163174834e-02,3.874607870185509118e-02,3.848944360873951531e-02,3.824584060220481696e-02,3.801622535717463780e-02,3.780141680940896087e-02,3.760215848204195854e-02,3.741919602066290373e-02,3.725337933086980691e-02,3.710581058534978549e-02,3.697808164623561655e-02,3.687269239055290804e-02,3.679385590348660529e-02,3.674919796786124682e-02,3.675375250789769677e-02,3.684075664437258535e-02,3.709715258453538667e-02,3.782310500181984558e-02,4.084826074710345978e-02,3.072304165923978037e-02,2.941278465587271462e-02,3.072304165930872522e-02,4.084826074711933597e-02,3.782310500181196300e-02,3.709715258453172293e-02,3.684075664436992081e-02,3.675375250790069437e-02,3.674919796786269011e-02,3.679385590348716040e-02,3.687269239055468439e-02,3.697808164623606064e-02,3.710581058534956345e-02,3.725337933086947384e-02,3.741919602066345885e-02,3.760215848204251365e-02,3.780141680940918292e-02,3.801622535717430473e-02,3.824584060220415083e-02,3.848944360873851611e-02,3.874607870185575731e-02,3.901461394163141527e-02,3.929376780001891944e-02,3.958246206694271407e-02,3.988444977890026610e-02,4.005457289676650490e-02,4.026459158022210882e-02,4.047872102364946656e-02,4.068518808102217221e-02,4.087543781401326015e-02,4.104082196855074471e-02,4.117166339438749212e-02,4.125679275839777560e-02,4.128325986268432946e-02,4.123616912830718739e-02,4.109865399452949930e-02,4.085202926565589809e-02,4.047616008311349933e-02,3.995010966087564341e-02
8.619574119574120452e-01,3.669901684560827881e-02,3.745542902630938364e-02,3.805990751428167673e-02,3.852805998981323476e-02,3.887618573023732260e-02,3.912050814437106894e-02,3.927662665901376915e-02,3.935917264140542660e-02,3.938164323098525266e-02,3.935638967294174950e-02,3.929475984553876255e-02,3.920747499695731442e-02,3.910568718332063654e-02,3.900661637229030365e-02,3.888759930407836851e-02,3.871571680917451630e-02,3.856009167346219346e-02,3.842472815488040538e-02,3.831611433884829498e-02,3.824239963459474811e-02,3.821412219388553577e-02,3.824571319894598531e-02,3.835816863004948285e-02,3.858394840335854781e-02,3.897649845925998946e-02,3.962993385203894547e-02,4.072104355261951802e-02,4.257975049890816432e-02,4.528114311824216198e-02,3.434748561022016311e-02,1.231388446527187375e-02,2.030219248514397723e-02,2.441747392529192151e-02,2.645181870782131739e-02,2.756071423223993566e-02,2.818376019318813430e-02,2.850580790785328666e-02,2.860573779187347565e-02,2.850580790785373075e-02,2.818376019318791226e-02,2.756071423223971362e-02,2.645181870782131739e-02,2.441747392529269867e-02,2.030219248514808505e-02,1.231388446526884839e-02,3.434748561019418389e-02,4.528114311824560367e-02,4.257975049890583286e-02,4.072104355262085029e-02,3.962993385203728014e-02,3.897649845926065559e-02,3.858394840335876985e-02,3.835816863004992694e-02,3.824571319894642940e-02,3.821412219388620191e-02,3.824239963459619140e-02,3.831611433884896112e-02,3.842472815487985027e-02,3.856009167346263755e-02,3.871571680917362812e-02,3.888759930407792442e-02,3.900661637228963752e-02,3.910568718332063654e-02,3.920747499695642624e-02,3.929475984553831847e-02,3.935638967294052826e-02,3.938164323098503061e-02,3.935917264140476046e-02,3.927662665901243688e-02,3.912050814437084689e-02,3.887618573023776669e-02,3.852805998981245761e-02,3.805990751428123264e-02,3.745542902630893956e-02,3.669901684560716859e-02
8.683046683046683478e-01,3.346492859815508591e-02,3.440189990268838205e-02,3.519485068657401960e-02,3.585370774261043003e-02,3.639028959550461018e-02,3.681756120469292792e-02,3.714902120502683314e-02,3.739824082905629510e-02,3.757855950241262288e-02,3.770294123155015775e-02,3.778401998472957768e-02,3.783446818558078295e-02,3.786842404168944132e-02,3.791774092614297320e-02,3.790336884566092301e-02,3.790510449396622406e-02,3.793997337910115508e-02,3.802253499536745185e-02,3.817288683768049751e-02,3.841919345748867620e-02,3.880273559301450348e-02,3.938618892919110159e-02,4.026356591730295698e-02,4.154233617161096070e-02,4.300012268444641794e-02,4.038035962477648511e-02,1.650272167130945045e-02,1.234710994652488125e-02,1.853389889638057397e-02,2.225827630825216730e-02,2.438162282203892861e-02,2.567428210172717495e-02,2.650377411308957321e-02,2.705168309924987913e-02,2.741413017361471471e-02,2.764450965096565405e-02,2.777265386999216989e-02,2.781380453396975483e-02,2.777265386999094865e-02,2.764450965096576507e-02,2.741413017361438165e-02,2.705168309925076731e-02,2.650377411308879605e-02,2.567428210172606473e-02,2.438162282203970577e-02,2.225827630825205627e-02,1.853389889638118460e-02,1.234710994652160609e-02,1.650272167130995005e-02,4.038035962478092600e-02,4.300012268444075580e-02,4.154233617160874026e-02,4.026356591730062551e-02,3.938618892919243386e-02,3.880273559301328223e-02,3.841919345748778802e-02,3.817288683767916524e-02,3.802253499536667469e-02,3.793997337910215428e-02,3.790510449396544690e-02,3.790336884565959075e-02,3.791774092614119684e-02,3.786842404168833109e-02,3.783446818558133806e-02,3.778401998473024381e-02,3.770294123155004673e-02,3.757855950241395515e-02,3.739824082905729430e-02,3.714902120502705518e-02,3.681756120469203974e-02,3.639028959550438813e-02,3.585370774260898674e-02,3.519485068657657312e-02,3.440189990268960329e-02,3.346492859815519694e-02
8.746519246519246504e-01,3.011724320681852252e-02,3.117328023766752221e-02,3.210168956225623038e-02,3.290718430218142476e-02,3.359710132624127432e-02,3.418080832363712407e-02,3.466915421532323904e-02,3.507400880422228973e-02,3.540792792403579803e-02,3.568398350393187091e-02,3.591583541471554675e-02,3.611829722869286385e-02,3.630989217826607884e-02,3.651235684695552930e-02,3.669661141211066901e-02,3.692788298044935580e-02,3.722916365641970593e-02,3.763287862203090750e-02,3.818111501649179562e-02,3.891857219232286447e-02,3.983198776964302912e-02,4.045720944424080479e-02,3.742470301782696573e-02,1.997384109983241229e-02,1.004855609192256694e-02,1.497518566528405204e-02,1.925332282429159658e-02,2.187484618921187174e-02,2.351239003205574107e-02,2.458558527681442563e-02,2.531745486832270853e-02,2.583040686210047454e-02,2.619524088910596404e-02,2.645480477848760614e-02,2.663583389827572923e-02,2.675515600350863998e-02,2.682305549202990136e-02,2.684510071026535716e-02,2.682305549202990136e-02,2.675515600350897305e-02,2.663583389827661740e-02,2.645480477848782819e-02,2.619524088910618609e-02,2.583040686210058556e-02,2.531745486832337466e-02,2.458558527681509176e-02,2.351239003205596312e-02,2.187484618921131663e-02,1.925332282428982023e-02,1.497518566528682760e-02,1.004855609192481514e-02,1.997384109984229328e-02,3.742470301781919417e-02,4.045720944424291421e-02,3.983198776964358423e-02,3.891857219232142118e-02,3.818111501649246176e-02,3.763287862202946421e-02,3.722916365642070513e-02,3.692788298045024398e-02,3.669661141211233435e-02,3.651235684695541828e-02,3.630989217826630089e-02,3.611829722869419612e-02,3.591583541471499164e-02,3.568398350393164886e-02,3.540792792403535394e-02,3.507400880422151257e-02,3.466915421532423824e-02,3.418080832363723509e-02,3.359710132624027512e-02,3.290718430218153578e-02,3.210168956225778469e-02,3.117328023766663403e-02,3.011724320681918865e-02
8.809991809991810641e-01,2.684254946166109157e-02,2.795871318125531246e-02,2.896856557436378043e-02,2.987273186601080432e-02,3.067472700779505512e-02,3.138058666352960824e-02,3.199847791357968152e-02,3.253834975020508669e-02,3.301168665584319761e-02,3.343144892045013528e-02,3.381237052246710562e-02,3.417220075835225579e-02,3.453869227484085425e-02,3.493624937462935787e-02,3.535773063508051983e-02,3.585147814197708893e-02,3.643281780212670462e-02,3.706227469597367374e-02,3.743302187838426498e-02,3.597484720424259930e-02,2.682312680998211185e-02,1.133592827344692688e-02,1.082897474071031763e-02,1.542103283462614716e-02,1.881274627037154978e-02,2.098826643339257725e-02,2.241272212579359380e-02,2.338165838675931862e-02,2.406307962078990670e-02,2.455460308774370937e-02,2.491540050393425965e-02,2.518283042427882368e-02,2.538127844356530272e-02,2.552703820715040983e-02,2.563110907110022207e-02,2.570084682794326891e-02,2.574095007020082981e-02,2.575403735374548475e-02,2.574095007020127390e-02,2.570084682794404607e-02,2.563110907109900083e-02,2.552703820714985472e-02,2.538127844356630192e-02,2.518283042427882368e-02,2.491540050393448169e-02,2.455460308774470857e-02,2.406307962078990670e-02,2.338165838675820840e-02,2.241272212579314971e-02,2.098826643339268827e-02,1.881274627037143876e-02,1.542103283462692431e-02,1.082897474071181643e-02,1.133592827343993248e-02,2.682312680997656074e-02,3.597484720424293236e-02,3.743302187838326578e-02,3.706227469597522806e-02,3.643281780212759280e-02,3.585147814197608973e-02,3.535773063508151903e-02,3.493624937462891378e-02,3.453869227484251958e-02,3.417220075835203374e-02,3.381237052246699459e-02,3.343144892045035732e-02,3.301168665584275352e-02,3.253834975020508669e-02,3.199847791358101379e-02,3.138058666352949722e-02,3.067472700779450001e-02,2.987273186600969410e-02,2.896856557436466861e-02,2.795871318125742189e-02,2.684254946165964828e-02
8.873464373464374777e-01,2.395042007714187626e-02,2.508478304299643913e-02,2.613504379918407672e-02,2.709904370119753381e-02,2.797743306833677668e-02,2.877354378113283762e-02,2.949316925240152987e-02,3.014436466498993106e-02,3.073732075289081767e-02,3.128443599249075557e-02,3.180092303680603916e-02,3.230764452031054113e-02,3.287547893192821480e-02,3.342518354243839696e-02,3.395853795523717800e-02,3.432514076746073783e-02,3.389201991907864198e-02,3.032571545289197701e-02,1.914047066610691239e-02,9.317801925194046930e-03,1.109884795616000730e-02,1.512288567394526329e-02,1.806865842160093605e-02,2.002431700154350125e-02,2.134354745997457670e-02,2.226220677811419080e-02,2.292088207723375071e-02,2.340433023361787601e-02,2.376546612177987683e-02,2.403856476085708405e-02,2.424656605317421221e-02,2.440523818117057431e-02,2.452563277393937646e-02,2.461557927660218414e-02,2.468061819540290358e-02,2.472459328563958447e-02,2.475002698544415125e-02,2.475835026258943472e-02,2.475002698544592761e-02,2.472459328563980652e-02,2.468061819540368074e-02,2.461557927660240619e-02,2.452563277394026464e-02,2.440523818117157351e-02,2.424656605317454527e-02,2.403856476085752814e-02,2.376546612177976581e-02,2.340433023361776499e-02,2.292088207723530502e-02,2.226220677811396875e-02,2.134354745997568692e-02,2.002431700154394534e-02,1.806865842160060298e-02,1.512288567394359795e-02,1.109884795615745379e-02,9.317801925192908952e-03,1.914047066611068715e-02,3.032571545289153292e-02,3.389201991907708766e-02,3.432514076746140397e-02,3.395853795523862129e-02,3.342518354243939616e-02,3.287547893193043524e-02,3.230764452031087419e-02,3.180092303680503996e-02,3.128443599249119966e-02,3.073732075289303811e-02,3.014436466499093026e-02,2.949316925240252907e-02,2.877354378113294864e-02,2.797743306833688770e-02,2.709904370119831096e-02,2.613504379918407672e-02,2.508478304299743833e-02,2.395042007714065502e-02
8.936936936936937803e-01,2.123074652144696373e-02,2.233948818910513889e-02,2.338577528649943282e-02,2.436573894201565782e-02,2.527795998088000484e-02,2.612341063363909921e-02,2.690531309898380741e-02,2.762880600189221436e-02,2.830040292217084197e-02,2.892706801222910684e-02,2.951490090480635153e-02,3.007251986358006057e-02,3.063727378527270062e-02,3.074888308587941932e-02,2.966628005176907834e-02,2.502312998863820415e-02,1.475695207929272890e-02,8.554292214477871026e-03,1.077682886169217813e-02,1.433609728899171154e-02,1.699418892704074313e-02,1.881128387289998649e-02,2.006647869727917755e-02,2.095734728282350190e-02,2.160641915432948146e-02,2.208968283894408025e-02,2.245562962833980158e-02,2.273625900694387081e-02,2.295336496570177243e-02,2.312220306938062020e-02,2.325369389049380953e-02,2.335578768935697713e-02,2.343433338755018802e-02,2.349364493362904316e-02,2.353687669175541508e-02,2.356627395868859942e-02,2.358333844408011526e-02,2.358893280853480157e-02,2.358333844408089242e-02,2.356627395868871044e-02,2.353687669175585917e-02,2.349364493362826600e-02,2.343433338754996598e-02,2.335578768935697713e-02,2.325369389049269930e-02,2.312220306938084224e-02,2.295336496570021811e-02,2.273625900694398183e-02,2.245562962834213305e-02,2.208968283894463536e-02,2.160641915433048066e-02,2.095734728282350190e-02,2.006647869727939959e-02,1.881128387290076365e-02,1.699418892704063211e-02,1.433609728899193358e-02,1.077682886169417653e-02,8.554292214474013001e-03,1.475695207929245134e-02,2.502312998863831517e-02,2.966628005177007754e-02,3.074888308588186181e-02,3.063727378527514311e-02,3.007251986358105977e-02,2.951490090480823891e-02,2.892706801222855173e-02,2.830040292217106401e-02,2.762880600189210334e-02,2.690531309898369638e-02,2.612341063363976534e-02,2.527795998087978280e-02,2.436573894201510271e-02,2.338577528649898873e-02,2.233948818910558298e-02,2.123074652144607555e-02
9.000409500409500829e-01,1.876149894071288404e-02,1.981129809642612205e-02,2.081765464605944693e-02,2.177537410980789900e-02,2.268081405497857084e-02,2.353149823024125453e-02,2.432510781541763478e-02,2.505716837455473911e-02,2.571594363039675368e-02,2.627037413280497447e-02,2.664182605762654976e-02,2.667154322258447063e-02,2.541868754869414104e-02,2.066676740296258252e-02,1.212971522539463276e-02,7.937546745904133783e-03,1.006478178458070083e-02,1.321481682836128657e-02,1.564452916778558134e-02,1.735581608469960457e-02,1.856648693423013086e-02,1.944299299179153007e-02,2.009278393014213293e-02,2.058428307483750608e-02,2.096203337678281819e-02,2.125592532500830689e-02,2.148663355972657563e-02,2.166885523336259389e-02,2.181328653718339616e-02,2.192786297418958252e-02,2.201855909657823851e-02,2.208991718936847981e-02,2.214540434572065397e-02,2.218765770925557046e-02,2.221865462162875282e-02,2.223983066813983722e-02,2.225216016521847084e-02,2.225620825322494056e-02,2.225216016521835982e-02,2.223983066813983722e-02,2.221865462162952998e-02,2.218765770925690273e-02,2.214540434572065397e-02,2.208991718936981208e-02,2.201855909657768340e-02,2.192786297419113684e-02,2.181328653718417332e-02,2.166885523336103958e-02,2.148663355972757483e-02,2.125592532500819587e-02,2.096203337678270717e-02,2.058428307483828323e-02,2.009278393014246600e-02,1.944299299179208518e-02,1.856648693423124108e-02,1.735581608470015968e-02,1.564452916778524827e-02,1.321481682836223026e-02,1.006478178457914652e-02,7.937546745903939494e-03,1.212971522539346703e-02,2.066676740296435888e-02,2.541868754869724967e-02,2.667154322258424859e-02,2.664182605762754896e-02,2.627037413280508549e-02,2.571594363039664266e-02,2.505716837455485013e-02,2.432510781541841194e-02,2.353149823024180964e-02,2.268081405497823777e-02,2.177537410980767696e-02,2.081765464605900284e-02,1.981129809642623307e-02,1.876149894071221791e-02
9.063882063882064966e-01,1.687554992136297560e-02,1.785773962469050513e-02,1.881029257640143282e-02,1.972505647423705710e-02,2.059261864391426222e-02,2.139937886095955033e-02,2.212079279630640993e-02,2.270544396958340538e-02,2.303584758151189238e-02,2.283057104427010930e-02,2.142313616132429654e-02,1.746453177841056359e-02,1.042271543415229651e-02,7.364876410333509593e-03,9.244516782219769357e-03,1.203511825065595175e-02,1.427963398765652592e-02,1.591643095576267264e-02,1.710757130957130112e-02,1.799098707848678647e-02,1.866014613584943138e-02,1.917641343227383111e-02,1.958064936578851611e-02,1.990079309541081809e-02,2.015650243101951844e-02,2.036198520094589792e-02,2.052775728006694944e-02,2.066176062697777649e-02,2.077009262582019122e-02,2.085749375534207140e-02,2.092768117309284914e-02,2.098358151159351870e-02,2.102749602114217797e-02,2.106121907879077160e-02,2.108612363322948102e-02,2.110322246022011683e-02,2.111321106174091078e-02,2.111649600417808692e-02,2.111321106174190998e-02,2.110322246022067194e-02,2.108612363322937000e-02,2.106121907879121569e-02,2.102749602114439842e-02,2.098358151159440688e-02,2.092768117309329323e-02,2.085749375534207140e-02,2.077009262581930304e-02,2.066176062697733240e-02,2.052775728006694944e-02,2.036198520094567588e-02,2.015650243101951844e-02,1.990079309540970787e-02,1.958064936578840509e-02,1.917641343227471928e-02,1.866014613584943138e-02,1.799098707848745260e-02,1.710757130957007988e-02,1.591643095576200650e-02,1.427963398765719205e-02,1.203511825065506358e-02,9.244516782220268958e-03,7.364876410336507195e-03,1.042271543415074220e-02,1.746453177841056359e-02,2.142313616132540677e-02,2.283057104427033135e-02,2.303584758151222545e-02,2.270544396958495970e-02,2.212079279630707607e-02,2.139937886095988340e-02,2.059261864391392916e-02,1.972505647423683506e-02,1.881029257640265406e-02,1.785773962469139331e-02,1.687554992136330867e-02
9.127354627354627992e-01,1.534148848649607988e-02,1.623195884770534114e-02,1.709594299051941935e-02,1.791343459662630977e-02,1.865076201764581665e-02,1.924306561044841768e-02,1.955342204940135886e-02,1.927972235720487593e-02,1.778515785716050512e-02,1.413366491611112163e-02,8.874922181503264174e-03,6.637379937091236748e-03,8.245106491297227169e-03,1.065660669807477756e-02,1.269185185003568472e-02,1.424034224341819144e-02,1.540790890225518517e-02,1.630067006308333344e-02,1.699549350189277774e-02,1.754497253411035906e-02,1.798520244838242022e-02,1.834148261936119351e-02,1.863200863444147704e-02,1.887020549851703421e-02,1.906621169447231257e-02,1.922784011444811370e-02,1.936121408374147368e-02,1.947119813357311990e-02,1.956169640095739570e-02,1.963586373343284563e-02,1.969625788305751080e-02,1.974495099329898196e-02,1.978361226136793327e-02,1.981356965808123149e-02,1.983585600373516389e-02,1.985124299257012837e-02,1.986026560255782503e-02,1.986323851825078091e-02,1.986026560255738094e-02,1.985124299256912916e-02,1.983585600373494184e-02,1.981356965808200865e-02,1.978361226136871043e-02,1.974495099329987013e-02,1.969625788305706671e-02,1.963586373343295666e-02,1.956169640095573037e-02,1.947119813357178764e-02,1.936121408374180675e-02,1.922784011444800267e-02,1.906621169447220154e-02,1.887020549851647910e-02,1.863200863444158806e-02,1.834148261936052737e-02,1.798520244838286430e-02,1.754497253410869373e-02,1.699549350189455410e-02,1.630067006308300037e-02,1.540790890225629539e-02,1.424034224341741428e-02,1.269185185003446348e-02,1.065660669807538818e-02,8.245106491298170859e-03,6.637379937090570614e-03,8.874922181503985819e-03,1.413366491611089959e-02,1.778515785715883979e-02,1.927972235720420979e-02,1.955342204940191397e-02,1.924306561044830666e-02,1.865076201764526154e-02,1.791343459662708693e-02,1.709594299051997446e-02,1.623195884770622932e-02,1.534148848649607988e-02
9.190827190827191018e-01,1.419159954831961112e-02,1.492973350414172895e-02,1.560022296320295876e-02,1.612543501226659792e-02,1.635233208035691277e-02,1.597520176739652964e-02,1.445312122158792789e-02,1.128102207231879150e-02,7.420419593683891257e-03,5.702729101108666709e-03,6.866177757734126530e-03,9.135590558332962186e-03,1.093103874986062207e-02,1.236213314225459436e-02,1.348914438110282443e-02,1.438404320889696830e-02,1.510389019052449378e-02,1.569013664298146704e-02,1.617252685125158962e-02,1.657267043083443525e-02,1.690659567564423149e-02,1.718646208923768626e-02,1.742169450828623400e-02,1.761973921531445608e-02,1.778657569744379607e-02,1.792706961488466089e-02,1.804522125691976342e-02,1.814434405673215345e-02,1.822719540646744463e-02,1.829607426521506763e-02,1.835289513543980622e-02,1.839924482472055089e-02,1.843642635183817546e-02,1.846549299521749177e-02,1.848727456577170525e-02,1.850239735765191185e-02,1.851129878805080065e-02,1.851423741619151464e-02,1.851129878805080065e-02,1.850239735765213389e-02,1.848727456577214934e-02,1.846549299521715870e-02,1.843642635183861955e-02,1.839924482471988476e-02,1.835289513543980622e-02,1.829607426521484559e-02,1.822719540646655645e-02,1.814434405673293060e-02,1.804522125692131773e-02,1.792706961488521600e-02,1.778657569744457323e-02,1.761973921531490017e-02,1.742169450828612298e-02,1.718646208923835239e-02,1.690659567564478660e-02,1.657267043083521241e-02,1.617252685125125655e-02,1.569013664298157806e-02,1.510389019052460480e-02,1.438404320889752341e-02,1.348914438110193625e-02,1.236213314225526050e-02,1.093103874986073309e-02,9.135590558332906674e-03,6.866177757734071019e-03,5.702729101109749177e-03,7.420419593684113302e-03,1.128102207231940213e-02,1.445312122158626256e-02,1.597520176739564146e-02,1.635233208035780095e-02,1.612543501226859632e-02,1.560022296320329183e-02,1.492973350414017464e-02,1.419159954831794579e-02
9.254299754299755154e-01,1.310762750081495565e-02,1.340099631804514413e-02,1.336779688994249593e-02,1.272561676197692115e-02,1.112353598042353786e-02,8.545942382259974490e-03,6.033498043594764937e-03,5.076063687135451419e-03,5.793361255990003844e-03,7.301569489785164624e-03,9.049863914918965246e-03,1.033809016009029635e-02,1.139349233381126147e-02,1.226891294371412755e-02,1.300059811335940729e-02,1.361671972713107692e-02,1.413889539327417566e-02,1.458373238261523319e-02,1.496413851336098055e-02,1.529030987082891091e-02,1.557043936012192376e-02,1.581121672341823103e-02,1.601818135032540003e-02,1.619597341073908403e-02,1.634851512672497176e-02,1.647914386198345849e-02,1.659071166149761467e-02,1.668566110450842022e-02,1.676608413990221536e-02,1.683376843960582292e-02,1.689023437828196528e-02,1.693676478813432862e-02,1.697442898831802438e-02,1.700410214475445159e-02,1.702648070905199429e-02,1.704209446915816439e-02,1.705131558854744434e-02,1.705436489481559903e-02,1.705131558854811047e-02,1.704209446915860848e-02,1.702648070905099509e-02,1.700410214475311932e-02,1.697442898831758029e-02,1.693676478813388453e-02,1.689023437828163221e-02,1.683376843960637803e-02,1.676608413990243740e-02,1.668566110450875328e-02,1.659071166149572729e-02,1.647914386198334746e-02,1.634851512672419460e-02,1.619597341073952812e-02,1.601818135032506696e-02,1.581121672341823103e-02,1.557043936012192376e-02,1.529030987082857784e-02,1.496413851336164669e-02,1.458373238261478910e-02,1.413889539327406464e-02,1.361671972712941159e-02,1.300059811335829707e-02,1.226891294371523777e-02,1.139349233381148352e-02,1.033809016008974124e-02,9.049863914919187291e-03,7.301569489786774447e-03,5.793361255990781000e-03,5.076063687136284086e-03,6.033498043596541294e-03,8.545942382260862669e-03,1.112353598042342684e-02,1.272561676197447866e-02,1.336779688994405024e-02,1.340099631804436697e-02,1.310762750081528871e-02
9.317772317772319290e-01,9.891783444995194685e-03,8.999612810986823419e-03,7.606322526257647265e-03,5.991163791854658971e-03,4.763052048841254216e-03,4.412884866040023280e-03,4.909552775984427075e-03,5.897015230571789335e-03,7.052279359831603589e-03,8.210645793799931091e-03,9.287550951459722093e-03,1.011443372043968614e-02,1.083483008691288330e-02,1.146425010282492440e-02,1.201507830205839067e-02,1.249777535824836416e-02,1.292117061954545232e-02,1.329272981947760002e-02,1.361880369134438329e-02,1.390483788299556878e-02,1.415554008205877068e-02,1.437500929751944767e-02,1.456683486723242549e-02,1.473417244489405586e-02,1.487980292554447193e-02,1.500617885553490183e-02,1.511546165180366330e-02,1.520955199893625487e-02,1.529011508219535465e-02,1.535860180393400221e-02,1.541626677168106418e-02,1.546418359760304284e-02,1.550325787878337191e-02,1.553423811207266247e-02,1.555772471853977823e-02,1.557417729888743718e-02,1.558392020379795184e-02,1.558714647638026474e-02,1.558392020379784082e-02,1.557417729888710412e-02,1.555772471853955619e-02,1.553423811207332861e-02,1.550325787878370498e-02,1.546418359760282080e-02,1.541626677168095316e-02,1.535860180393389118e-02,1.529011508219624282e-02,1.520955199893625487e-02,1.511546165180266410e-02,1.500617885553467978e-02,1.487980292554380579e-02,1.473417244489461098e-02,1.456683486723220344e-02,1.437500929751966972e-02,1.415554008205943681e-02,1.390483788299556878e-02,1.361880369134482738e-02,1.329272981947782206e-02,1.292117061954678459e-02,1.249777535824947439e-02,1.201507830205872374e-02,1.146425010282425827e-02,1.083483008691388250e-02,1.011443372044035227e-02,9.287550951461887028e-03,8.210645793799098424e-03,7.052279359830937455e-03,5.897015230571844846e-03,4.909552775983649919e-03,4.412884866039717968e-03,4.763052048843474662e-03,5.991163791854436926e-03,7.606322526255981931e-03,8.999612810985380129e-03,9.891783444993140773e-03
9.381244881244882317e-01,4.523187691684804612e-03,4.046771400789545003e-03,3.739663799294634661e-03,3.750190875542597224e-03,4.108194331177289493e-03,4.738121995689403843e-03,5.526358268054087919e-03,6.375647725126609711e-03,7.224866004313712509e-03,8.067346047703594092e-03,8.777876476882162660e-03,9.396163613986152630e-03,9.956583925006534663e-03,1.046282696099043452e-02,1.091890543531981450e-02,1.132886832971180535e-02,1.169662528351289588e-02,1.202586502786517908e-02,1.232002705097889894e-02,1.258229844827207788e-02,1.281562144245784740e-02,1.302270452795650790e-02,1.320603418957466690e-02,1.336788609187988808e-02,1.351033549380931120e-02,1.363526696002836935e-02,1.374438350933837594e-02,1.383921531008713846e-02,1.392112797457234485e-02,1.399133045002076692e-02,1.405088246351371417e-02,1.410070145391584262e-02,1.414156891281037609e-02,1.417413605535766674e-02,1.419892874744843603e-02,1.421635162482826065e-02,1.422669135120757655e-02,1.423011897435155770e-02,1.422669135120691042e-02,1.421635162482759451e-02,1.419892874744854705e-02,1.417413605535655652e-02,1.414156891280982098e-02,1.410070145391617569e-02,1.405088246351371417e-02,1.399133045001976772e-02,1.392112797457178974e-02,1.383921531008636130e-02,1.374438350933848696e-02,1.363526696002781424e-02,1.351033549380942222e-02,1.336788609187999910e-02,1.320603418957477793e-02,1.302270452795495359e-02,1.281562144245773638e-02,1.258229844827285504e-02,1.232002705097789974e-02,1.202586502786606726e-02,1.169662528351245179e-02,1.132886832971147228e-02,1.091890543532070268e-02,1.046282696099165577e-02,9.956583925007644886e-03,9.396163613985430985e-03,8.777876476881607548e-03,8.067346047704093692e-03,7.224866004313434953e-03,6.375647725126221133e-03,5.526358268054754053e-03,4.738121995689015264e-03,4.108194331177261738e-03,3.750190875542430691e-03,3.739663799294690172e-03,4.046771400789045403e-03,4.523187691684138478e-03
9.444717444717445343e-01,2.912434281996806318e-03,3.056547572833162585e-03,3.321000125748763132e-03,3.717775993952426861e-03,4.229420110488713025e-03,4.821647284708963088e-03,5.457564243313839381e-03,6.106943776933604351e-03,6.751261250561135796e-03,7.387777970158437846e-03,7.921061399854822938e-03,8.420293017218472009e-03,8.883434164214776274e-03,9.310562068915784195e-03,9.702635034966045069e-03,1.006110371467361375e-02,1.038769340887513160e-02,1.068427106580327468e-02,1.095276204714523693e-02,1.119509489577552586e-02,1.141316442141371290e-02,1.160880584686863060e-02,1.178377633302740701e-02,1.193974166693934080e-02,1.207826677240408930e-02,1.220080917809007737e-02,1.230871483308726422e-02,1.240321579695269349e-02,1.248542940961638870e-02,1.255635859708359447e-02,1.261689300783586098e-02,1.266781070956368715e-02,1.270978020929258712e-02,1.274336259260555604e-02,1.276901360967408472e-02,1.278708556630647752e-02,1.279782890737901635e-02,1.280139340722896701e-02,1.279782890737768408e-02,1.278708556630692161e-02,1.276901360967397370e-02,1.274336259260555604e-02,1.270978020929158792e-02,1.266781070956379818e-02,1.261689300783541690e-02,1.255635859708392754e-02,1.248542940961561154e-02,1.240321579695169429e-02,1.230871483308715320e-02,1.220080917808974430e-02,1.207826677240353419e-02,1.193974166693978489e-02,1.178377633302696292e-02,1.160880584686851957e-02,1.141316442141249166e-02,1.119509489577585892e-02,1.095276204714579205e-02,1.068427106580283059e-02,1.038769340887424342e-02,1.006110371467394682e-02,9.702635034963824623e-03,9.310562068915340106e-03,8.883434164215775475e-03,8.420293017218360987e-03,7.921061399855433560e-03,7.387777970158160290e-03,6.751261250561191307e-03,6.106943776934103951e-03,5.457564243313450802e-03,4.821647284708630021e-03,4.229420110488019136e-03,3.717775993952149305e-03,3.321000125749984377e-03,3.056547572832885029e-03,2.912434281996112428e-03
9.508190008190009479e-01,2.583626759107282567e-03,2.845632497131739269e-03,3.174674351578588016e-03,3.568995062263796703e-03,4.017415177834215978e-03,4.503694056605833662e-03,5.011013251007445657e-03,5.525319507229897731e-03,6.039453503109804000e-03,6.528366215676206785e-03,6.968108019076935111e-03,7.385925261675418962e-03,7.779236283442680921e-03,8.147004791192347106e-03,8.489003504788872334e-03,8.805530726065380343e-03,9.097240554793883938e-03,9.365029167011429401e-03,9.609952939848009912e-03,9.833171765403769804e-03,1.003590331747694631e-02,1.021938909369135562e-02,1.038486751760592242e-02,1.053355264360245069e-02,1.066661730559859134e-02,1.078517988886107393e-02,1.089029410279984678e-02,1.098294125003229649e-02,1.106402456066757356e-02,1.113436521238897470e-02,1.119469969839870238e-02,1.124567824260480631e-02,1.128786399724013290e-02,1.132173279295700663e-02,1.134767324596619442e-02,1.136598705984481761e-02,1.137688939188619131e-02,1.138050918452970794e-02,1.137688939188685744e-02,1.136598705984537272e-02,1.134767324596652749e-02,1.132173279295689561e-02,1.128786399723924472e-02,1.124567824260624960e-02,1.119469969839714807e-02,1.113436521238952981e-02,1.106402456066946094e-02,1.098294125003285160e-02,1.089029410280051291e-02,1.078517988886062984e-02,1.066661730559825827e-02,1.053355264360356092e-02,1.038486751760614446e-02,1.021938909369235482e-02,1.003590331747794551e-02,9.833171765404213893e-03,9.609952939847676845e-03,9.365029167011984512e-03,9.097240554793661893e-03,8.805530726065047276e-03,8.489003504789094379e-03,8.147004791193346307e-03,7.779236283443402566e-03,7.385925261674586295e-03,6.968108019078100845e-03,6.528366215675374118e-03,6.039453503109915022e-03,5.525319507229620175e-03,5.011013251006724012e-03,4.503694056606444285e-03,4.017415177834882112e-03,3.568995062263796703e-03,3.174674351577977394e-03,2.845632497132072336e-03,2.583626759106560922e-03
9.571662571662572505e-01,2.368965367839176439e-03,2.634396609485778473e-03,2.942721716869295401e-03,3.291144543071888862e-03,3.672562366081377760e-03,4.077544044628789166e-03,4.496385016630743969e-03,4.920974623627449862e-03,5.351306421225221488e-03,5.743067733545048625e-03,6.118070335902225931e-03,6.477793375326224012e-03,6.819838595701732675e-03,7.142863579650104988e-03,7.446171386846889284e-03,7.729523407939975499e-03,7.993018889817959938e-03,8.237008646608701135e-03,8.462030651325336272e-03,8.668757167634377758e-03,8.857957794524695672e-03,9.030464542905902725e-03,9.187145178014666236e-03,9.328880780113513183e-03,9.456547115885061139e-03,9.570999267159541191e-03,9.673059065131384138e-03,9.763504947286172353e-03,9.843063896366688326e-03,9.912405150099945494e-03,9.972135394908376860e-03,1.002279518088011745e-02,1.006485632035780675e-02,1.009872005907874737e-02,1.012471583660223828e-02,1.014310048127431418e-02,1.015405771367294818e-02,1.015769786107112438e-02,1.015405771367372534e-02,1.014310048127486930e-02,1.012471583660201624e-02,1.009872005907974657e-02,1.006485632035813982e-02,1.002279518087978438e-02,9.972135394908265837e-03,9.912405150100944695e-03,9.843063896366244236e-03,9.763504947284062929e-03,9.673059065131162093e-03,9.570999267160429369e-03,9.456547115885727273e-03,9.328880780112513982e-03,9.187145178014111124e-03,9.030464542905125569e-03,8.857957794523696471e-03,8.668757167633822647e-03,8.462030651324448094e-03,8.237008646608257045e-03,7.993018889818737094e-03,7.729523407940086521e-03,7.446171386848776663e-03,7.142863579651215211e-03,6.819838595701788186e-03,6.477793375326279524e-03,6.118070335902947576e-03,5.743067733545548226e-03,5.351306421225776599e-03,4.920974623627727418e-03,4.496385016630410902e-03,4.077544044628289566e-03,3.672562366081100205e-03,3.291144543071999884e-03,2.942721716869795001e-03,2.634396609486472363e-03,2.368965367838982150e-03
9.635135135135135531e-01,2.118842751660243717e-03,2.361115112934575322e-03,2.633417142350269469e-03,2.933364659710113731e-03,3.256148906595202064e-03,3.595630127294857648e-03,3.945513800405808791e-03,4.300723317661903078e-03,4.656471908182580055e-03,4.984966972790827455e-03,5.306442948662004611e-03,5.616932323003309691e-03,5.914365052525849542e-03,6.197393030649145373e-03,6.465159704250988959e-03,6.717179922469007636e-03,6.953257641548304946e-03,7.173424014212392841e-03,7.377888651870279091e-03,7.567000660302913850e-03,7.741213226909127165e-03,7.901058893617696199e-03,8.047124284992879240e-03,8.180029496662855060e-03,8.300410648886091813e-03,8.408904836526343018e-03,8.506137364767019093e-03,8.592711035234290584e-03,8.669197260149252848e-03,8.736128789682995333e-03,8.793993844657732595e-03,8.843231455563871357e-03,8.884227821183365847e-03,8.917313515658165102e-03,8.942761391491527156e-03,8.960785046797647979e-03,8.971537747587299272e-03,8.975111719520589837e-03,8.971537747586966205e-03,8.960785046797203890e-03,8.942761391491638179e-03,8.917313515657276923e-03,8.884227821183143803e-03,8.843231455563982379e-03,8.793993844657621572e-03,8.736128789683994533e-03,8.669197260149474893e-03,8.592711035234401606e-03,8.506137364765797848e-03,8.408904836526009952e-03,8.300410648885536702e-03,8.180029496662077904e-03,8.047124284992657195e-03,7.901058893618362333e-03,7.741213226910237388e-03,7.567000660303024873e-03,7.377888651869835002e-03,7.173424014212503863e-03,6.953257641549415169e-03,6.717179922469007636e-03,6.465159704250211803e-03,6.197393030649811507e-03,5.914365052525627497e-03,5.616932323003365202e-03,5.306442948661393988e-03,4.984966972791105011e-03,4.656471908182358010e-03,4.300723317661236944e-03,3.945513800405420213e-03,3.595630127294857648e-03,3.256148906595257575e-03,2.933364659709003508e-03,2.633417142350935602e-03,2.361115112935019411e-03,2.118842751659633095e-03
9.698607698607699668e-01,1.851011632003352059e-03,2.063930665063939962e-03,2.299060610040898345e-03,2.554507306651632170e-03,2.826836061382870247e-03,3.111762666989481563e-03,3.404932407711114273e-03,3.703206097749767167e-03,3.995186635604053293e-03,4.275325661851570036e-03,4.550126134200527250e-03,4.816908054505575354e-03,5.073938782873488318e-03,5.319985395648652027e-03,5.554181979015415660e-03,5.775952668883421737e-03,5.984956275857600261e-03,6.181043108844375134e-03,6.364219849971930465e-03,6.534620103553101522e-03,6.692479277452090258e-03,6.838112537420393267e-03,6.971893030229048271e-03,7.094238955421605652e-03,7.205595129263442367e-03,7.306420320849937866e-03,7.397175501674069231e-03,7.478313678675019283e-03,7.550271197496183362e-03,7.613460392300597235e-03,7.668263452398571545e-03,7.715027373236815755e-03,7.754059860841322482e-03,7.785626064702011462e-03,7.809946023855429686e-03,7.827192723981801770e-03,7.837490679015068906e-03,7.840914968277656882e-03,7.837490679015735040e-03,7.827192723982023814e-03,7.809946023855096620e-03,7.785626064702011462e-03,7.754059860839990215e-03,7.715027373236149622e-03,7.668263452398904612e-03,7.613460392299598034e-03,7.550271197495850295e-03,7.478313678675907461e-03,7.397175501674513320e-03,7.306420320850159911e-03,7.205595129262887255e-03,7.094238955421050541e-03,6.971893030230269517e-03,6.838112537420726333e-03,6.692479277452090258e-03,6.534620103552546411e-03,6.364219849972152510e-03,6.181043108844153089e-03,5.984956275857489238e-03,5.775952668883310714e-03,5.554181979015859749e-03,5.319985395649207138e-03,5.073938782873377296e-03,4.816908054505630865e-03,4.550126134200083161e-03,4.275325661852846792e-03,3.995186635603942271e-03,3.703206097749545123e-03,3.404932407711613873e-03,3.111762666989870141e-03,2.826836061383758425e-03,2.554507306651021548e-03,2.299060610040953856e-03,2.063930665063440362e-03,1.851011632003463081e-03
9.762080262080263804e-01,1.617764120892845048e-03,1.804708478161498597e-03,2.008966337240430944e-03,2.229003100519266756e-03,2.462210778537865519e-03,2.705398413406168157e-03,2.955379655888767942e-03,3.210723340218712973e-03,3.455526554687615715e-03,3.697414382200836513e-03,3.935296881440397687e-03,4.167158861233422051e-03,4.391551723631925697e-03,4.607383540998266636e-03,4.813838467440989533e-03,5.010325991034902948e-03,5.196443124350969001e-03,5.371944245770365889e-03,5.536716037105260391e-03,5.690755976082595424e-03,5.834153402153763324e-03,5.967072609006862649e-03,6.089738172320613430e-03,6.202416962610590723e-03,6.305411693869222844e-03,6.399045145881743224e-03,6.483650851726863173e-03,6.559563933839496208e-03,6.627113054534894410e-03,6.686613437317356912e-03,6.738360893358885662e-03,6.782626777153133446e-03,6.819653789536084254e-03,6.849652544846374091e-03,6.872798821968117977e-03,6.889231425474706683e-03,6.899050592736655219e-03,6.902316894820570425e-03,6.899050592736433174e-03,6.889231425475594861e-03,6.872798821969783312e-03,6.849652544847040225e-03,6.819653789535973232e-03,6.782626777152911401e-03,6.738360893358219528e-03,6.686613437318467135e-03,6.627113054534228276e-03,6.559563933838497007e-03,6.483650851727973397e-03,6.399045145882298335e-03,6.305411693869333867e-03,6.202416962611145834e-03,6.089738172321168541e-03,5.967072609007195716e-03,5.834153402152986168e-03,5.690755976082484402e-03,5.536716037104816301e-03,5.371944245770365889e-03,5.196443124351635134e-03,5.010325991034292326e-03,4.813838467440323399e-03,4.607383540998377658e-03,4.391551723632980408e-03,4.167158861233311029e-03,3.935296881440286665e-03,3.697414382201613670e-03,3.455526554687504692e-03,3.210723340218657462e-03,2.955379655888767942e-03,2.705398413406501223e-03,2.462210778537282652e-03,2.229003100519572067e-03,2.008966337240847277e-03,1.804708478160610419e-03,1.617764120892706270e-03
9.825552825552826830e-01,1.391931393729450850e-03,1.553789133273558720e-03,1.729410786753482476e-03,1.917529023833547397e-03,2.116094230352610905e-03,2.322649924440506330e-03,2.534822561373273331e-03,2.749872692427102194e-03,2.957338958100408366e-03,3.164469281188797556e-03,3.368596294264614155e-03,3.568164912484073081e-03,3.761986325826915945e-03,3.949128173664995245e-03,4.128863591587872417e-03,4.300637165135900997e-03,4.464039098594330124e-03,4.618784439395284824e-03,4.764695650856243248e-03,4.901687442274482720e-03,5.029753147774762567e-03,5.148952221501579274e-03,5.259398646928592491e-03,5.361251119057608427e-03,5.454698094993770674e-03,5.539955697156928593e-03,5.617254275539496078e-03,5.686831672549241823e-03,5.748926198609671800e-03,5.803770387058260205e-03,5.851585533047876098e-03,5.892576986194164590e-03,5.926930155941478873e-03,5.954807182554922029e-03,5.976344224567387009e-03,5.991649314974201168e-03,6.000800743106826651e-03,6.003845926123907439e-03,6.000800743107381763e-03,5.991649314975977525e-03,5.976344224567387009e-03,5.954807182555477141e-03,5.926930155942256029e-03,5.892576986194497657e-03,5.851585533047654053e-03,5.803770387059148383e-03,5.748926198610448957e-03,5.686831672547576488e-03,5.617254275539940167e-03,5.539955697157039616e-03,5.454698094992882496e-03,5.361251119056942294e-03,5.259398646928814536e-03,5.148952221501246207e-03,5.029753147774651545e-03,4.901687442275592943e-03,4.764695650857131426e-03,4.618784439394951757e-03,4.464039098593663990e-03,4.300637165136622642e-03,4.128863591588427528e-03,3.949128173664329111e-03,3.761986325827026967e-03,3.568164912484239615e-03,3.368596294264891711e-03,3.164469281188408978e-03,2.957338958101130011e-03,2.749872692427657306e-03,2.534822561374217020e-03,2.322649924439451619e-03,2.116094230351778238e-03,1.917529023834185775e-03,1.729410786754481677e-03,1.553789133274086076e-03,1.391931393729839428e-03
9.889025389025389856e-01,1.177728327857119339e-03,1.315889754881033324e-03,1.465082621973118338e-03,1.624234407119201640e-03,1.791689022019149480e-03,1.965511942492392805e-03,2.143946087012515989e-03,2.322090634941653686e-03,2.497847244962769775e-03,2.673027415652451388e-03,2.845930409995200971e-03,3.015355574216116441e-03,3.180349308529673014e-03,3.340142190856265625e-03,3.494115328462055192e-03,3.641777092303122298e-03,3.782745492495742656e-03,3.916734127940635357e-03,4.043540451950877745e-03,4.163035507274259750e-03,4.275154573294748239e-03,4.379888387904040670e-03,4.477274770397610126e-03,4.567390603637866420e-03,4.650345323563342959e-03,4.726268505143793597e-03,4.795310454648982201e-03,4.857631089372982380e-03,4.913395022485556041e-03,4.962766321091716115e-03,5.005903770164188415e-03,5.042956715808233348e-03,5.074061478691271887e-03,5.099338318882651322e-03,5.118888928139386785e-03,5.132794423690856256e-03,5.141113818338149954e-03,5.143882944957822723e-03,5.141113818338927111e-03,5.132794423690412167e-03,5.118888928140608030e-03,5.099338318881430077e-03,5.074061478690272686e-03,5.042956715808233348e-03,5.005903770164299438e-03,4.962766321091049981e-03,4.913395022486222175e-03,4.857631089371872157e-03,4.795310454648871179e-03,4.726268505144681775e-03,4.650345323563453981e-03,4.567390603637533353e-03,4.477274770396721948e-03,4.379888387903929647e-03,4.275154573296191529e-03,4.163035507274925884e-03,4.043540451951432857e-03,3.916734127940857402e-03,3.782745492495076522e-03,3.641777092302067587e-03,3.494115328461333547e-03,3.340142190856154603e-03,3.180349308529062391e-03,3.015355574216338486e-03,2.845930409994590349e-03,2.673027415652340366e-03,2.497847244962880797e-03,2.322090634941487153e-03,2.143946087012904567e-03,1.965511942492809139e-03,1.791689022018844168e-03,1.624234407119312662e-03,1.465082621973062826e-03,1.315889754881477414e-03,1.177728327857119339e-03
9.952497952497953992e-01,9.915283161622823194e-04,1.109234659580932147e-03,1.235902038485281462e-03,1.370584702476557171e-03,1.511893659659147016e-03,1.658260716684956115e-03,1.808452244331737457e-03,1.956622751334013977e-03,2.104993399440313606e-03,2.252790470276710977e-03,2.398802201676819568e-03,2.542102997317163826e-03,2.681939480128903153e-03,2.817690725628541060e-03,2.948844781265835824e-03,3.074982341027376886e-03,3.195764685493485135e-03,3.310924353827682243e-03,3.420257519929914558e-03,3.523617359787789560e-03,3.620907938991280162e-03,3.712078338300783820e-03,3.797116876046668921e-03,3.876045385720616743e-03,3.948913583504687352e-03,4.015794205947553763e-03,4.076775484553873952e-03,4.131957576038236546e-03,4.181449236904222211e-03,4.225361274645234033e-03,4.263803286693845784e-03,4.296880117053092363e-03,4.324688751927041608e-03,4.347315657148742574e-03,4.364834552016749747e-03,4.377304610008070362e-03,4.384769075051475617e-03,4.387254282388508564e-03,4.384769075050809484e-03,4.377304610008514452e-03,4.364834552016305658e-03,4.347315657148964618e-03,4.324688751927596719e-03,4.296880117053425430e-03,4.263803286694067829e-03,4.225361274646011189e-03,4.181449236904777322e-03,4.131957576038680635e-03,4.076775484553984974e-03,4.015794205947109674e-03,3.948913583504909397e-03,3.876045385721615943e-03,3.797116876046668921e-03,3.712078338300450753e-03,3.620907938990836072e-03,3.523617359787789560e-03,3.420257519929692513e-03,3.310924353827571220e-03,3.195764685494317803e-03,3.074982341027598931e-03,2.948844781265724802e-03,2.817690725629928838e-03,2.681939480129180708e-03,2.542102997316775248e-03,2.398802201676930590e-03,2.252790470275545243e-03,2.104993399439814006e-03,1.956622751333958465e-03,1.808452244331099079e-03,1.658260716685150404e-03,1.511893659658619660e-03,1.370584702477167793e-03,1.235902038485198196e-03,1.109234659580821125e-03,9.915283161624210972e-04
1.001597051597051813e+00,8.268952026470877126e-04,9.265808196886882175e-04,1.033576164215926907e-03,1.147011431903127709e-03,1.265682735459294772e-03,1.388292946644137382e-03,1.513613944934683042e-03,1.636796914630145316e-03,1.761007560923344428e-03,1.884646460383776478e-03,2.006830366607870175e-03,2.126858612087445533e-03,2.244151593002396972e-03,2.358223291316241532e-03,2.468664233502004812e-03,2.575129959257405066e-03,2.677332956320999102e-03,2.775036785642281956e-03,2.868051499001322835e-03,2.956229724539016779e-03,3.039463012184662194e-03,3.117678198945539325e-03,3.190833677827131787e-03,3.258915540395812549e-03,3.321933619616745936e-03,3.379917500786477902e-03,3.432912810765409439e-03,3.480977271459906319e-03,3.524174139599267619e-03,3.562574561421505415e-03,3.596249942088181051e-03,3.625270193609919644e-03,3.649701143481842713e-03,3.669602283272732635e-03,3.685024866120545362e-03,3.696010355139112136e-03,3.702589221393548513e-03,3.704780088590986509e-03,3.702589221393881580e-03,3.696010355138890091e-03,3.685024866120323317e-03,3.669602283271955478e-03,3.649701143481953736e-03,3.625270193609475555e-03,3.596249942088625140e-03,3.562574561421838482e-03,3.524174139598823530e-03,3.480977271459129163e-03,3.432912810764965350e-03,3.379917500786699947e-03,3.321933619616523892e-03,3.258915540396478683e-03,3.190833677826021564e-03,3.117678198945761370e-03,3.039463012184273616e-03,2.956229724538850245e-03,2.868051499001655902e-03,2.775036785640949688e-03,2.677332956320499502e-03,2.575129959257294043e-03,2.468664233501394190e-03,2.358223291317129711e-03,2.244151593002619016e-03,2.126858612087556555e-03,2.006830366607537108e-03,1.884646460383887501e-03,1.761007560922511761e-03,1.636796914630200828e-03,1.513613944936015310e-03,1.388292946643665537e-03,1.265682735459017216e-03,1.147011431903266487e-03,1.033576164215899151e-03,9.265808196884939285e-04,8.268952026472264905e-04
1.007944307944308004e+00,6.875960206295245181e-04,7.721470840030275617e-04,8.626999867663298627e-04,9.584098101527438462e-04,1.058190201768532956e-03,1.160945851636258075e-03,1.264588137657451927e-03,1.367956226308281176e-03,1.471639526505141848e-03,1.574716767954453811e-03,1.676548604460648129e-03,1.776618656890716075e-03,1.874494475014032435e-03,1.969807211799623481e-03,2.062239088231387907e-03,2.151515466514819508e-03,2.237399836106601647e-03,2.319690563412801776e-03,2.398218597945867003e-03,2.472845587316752081e-03,2.543462053958833735e-03,2.609985436379747004e-03,2.672357905274425072e-03,2.730543938179730290e-03,2.784527683255211272e-03,2.834310170640730320e-03,2.879906448960523058e-03,2.921342838453910851e-03,2.958654761341827921e-03,2.991879669625996385e-03,3.021061879608599732e-03,3.046245035197348017e-03,3.067471322912629361e-03,3.084779618318100880e-03,3.098203902393570353e-03,3.107771959369731718e-03,3.113504361328955916e-03,3.115413742082018267e-03,3.113504361329066938e-03,3.107771959369176606e-03,3.098203902393903419e-03,3.084779618318433947e-03,3.067471322913406517e-03,3.046245035198458240e-03,3.021061879608821776e-03,2.991879669625774341e-03,2.958654761341938944e-03,2.921342838453577784e-03,2.879906448960189991e-03,2.834310170640286231e-03,2.784527683256321495e-03,2.730543938180618468e-03,2.672357905274758139e-03,2.609985436380579671e-03,2.543462053958611691e-03,2.472845587316918614e-03,2.398218597946089048e-03,2.319690563412635242e-03,2.237399836106546136e-03,2.151515466515208086e-03,2.062239088231443418e-03,1.969807211799623481e-03,1.874494475013699368e-03,1.776618656890882608e-03,1.676548604460537106e-03,1.574716767954509322e-03,1.471639526505474915e-03,1.367956226309058332e-03,1.264588137657562950e-03,1.160945851636424608e-03,1.058190201768449690e-03,9.584098101518834234e-04,8.626999867664408850e-04,7.721470840033883842e-04,6.875960206298853405e-04
1.014291564291564418e+00,5.684398424585651588e-04,6.401753652188757471e-04,7.168273130626623413e-04,7.975261174441861112e-04,8.812549942035230455e-04,9.670874640037852021e-04,1.052773195675205109e-03,1.138752678973037336e-03,1.224666410487851298e-03,1.309915208852152624e-03,1.394056826266920623e-03,1.476730595988129391e-03,1.557629794398274203e-03,1.636486554611960020e-03,1.713063212205545582e-03,1.787147553279744283e-03,1.858550416242998882e-03,1.927104600625562103e-03,1.992664379721453827e-03,2.055105164438131293e-03,2.114323047107236064e-03,2.170234082091049288e-03,2.222773247857579015e-03,2.271893092965937555e-03,2.317562104382886456e-03,2.359762856801839170e-03,2.398490011378595632e-03,2.433748238628963279e-03,2.465550204987065896e-03,2.493915446754590981e-03,2.518863506584478884e-03,2.540419979978225662e-03,2.558609405607481513e-03,2.573455146188896592e-03,2.584978104086532724e-03,2.593195655039015612e-03,2.598120811711179812e-03,2.599761622875229605e-03,2.598120811711845946e-03,2.593195655039570724e-03,2.584978104087531925e-03,2.573455146187786369e-03,2.558609405606482312e-03,2.540419979978780773e-03,2.518863506583923773e-03,2.493915446755035070e-03,2.465550204987398963e-03,2.433748238629296345e-03,2.398490011377929498e-03,2.359762856802394282e-03,2.317562104383330546e-03,2.271893092965882044e-03,2.222773247857467993e-03,2.170234082090827243e-03,2.114323047107569131e-03,2.055105164438186804e-03,1.992664379721342804e-03,1.927104600626061703e-03,1.858550416242776837e-03,1.787147553281132062e-03,1.713063212206322738e-03,1.636486554611349398e-03,1.557629794398218692e-03,1.476730595988184902e-03,1.394056826266365512e-03,1.309915208852374668e-03,1.224666410488572943e-03,1.138752678973176113e-03,1.052773195675704709e-03,9.670874640038129577e-04,8.812549942036895789e-04,7.975261174448522450e-04,7.168273130628843859e-04,6.401753652187369692e-04,5.684398424583569920e-04
1.020638820638820832e+00,4.649488735214146740e-04,5.257158999989464121e-04,5.904153770794062783e-04,6.580994317565425078e-04,7.277950384939335660e-04,7.987792694078288402e-04,8.688501835259210271e-04,9.392888072621563555e-04,1.009368048686232200e-03,1.078724170528566617e-03,1.147084167773704255e-03,1.214221256658931658e-03,1.279935539259535737e-03,1.344044279720291168e-03,1.406377402398517606e-03,1.466775959567401255e-03,1.525092187726839743e-03,1.581190282774591616e-03,1.634947357729288342e-03,1.686254268060405348e-03,1.735016135946787497e-03,1.781152500391125493e-03,1.824597081546586175e-03,1.865297185779712930e-03,1.903212800470288624e-03,1.938315439135640528e-03,1.970586801724627524e-03,2.000017314745416996e-03,2.026604615642302321e-03,2.050352086436668664e-03,2.071268413414206755e-03,2.089361141380363662e-03,2.104643311240050885e-03,2.117126873735775128e-03,2.126823036592395688e-03,2.133741416120549239e-03,2.137889365983913770e-03,2.139271493197036911e-03,2.137889365983802747e-03,2.133741416120327195e-03,2.126823036592506710e-03,2.117126873736552284e-03,2.104643311239162706e-03,2.089361141380918774e-03,2.071268413413984710e-03,2.050352086436779686e-03,2.026604615642524365e-03,2.000017314745083929e-03,1.970586801724072412e-03,1.938315439137361373e-03,1.903212800470344135e-03,1.865297185778991285e-03,1.824597081546697197e-03,1.781152500390903448e-03,1.735016135946676474e-03,1.686254268060904948e-03,1.634947357729288342e-03,1.581190282774258549e-03,1.525092187727006277e-03,1.466775959567290233e-03,1.406377402398184540e-03,1.344044279720013613e-03,1.279935539258647559e-03,1.214221256658487569e-03,1.147084167773482211e-03,1.078724170528844173e-03,1.009368048686509756e-03,9.392888072621563555e-04,8.688501835260320494e-04,7.987792694075235289e-04,7.277950384941000994e-04,6.580994317571253749e-04,5.904153770791564781e-04,5.257158999978639446e-04,4.649488735215395740e-04
1.026986076986077023e+00,3.804471472201587101e-04,4.327101609989947306e-04,4.878826934300029006e-04,5.448694944115428651e-04,6.027563653673850830e-04,6.606397552649245775e-04,7.179033185022165586e-04,7.749024402787518806e-04,8.313223730638252817e-04,8.869976804027901451e-04,9.417993608076269396e-04,9.956092375840164266e-04,1.048310284954501181e-03,1.099783733280679243e-03,1.149909438535878792e-03,1.198567723212362601e-03,1.245641715148959605e-03,1.291019658420766714e-03,1.334596924608966173e-03,1.376277598799824364e-03,1.415975599172614174e-03,1.453615337990266099e-03,1.489131959922729287e-03,1.522471209207842957e-03,1.553588984762932501e-03,1.582450644911415072e-03,1.609030122483590119e-03,1.633308907887098815e-03,1.655274953550889272e-03,1.674921550598118536e-03,1.692246256158713713e-03,1.707250909672830552e-03,1.719935629200586291e-03,1.730305695977096825e-03,1.738365471143477059e-03,1.744119058601278915e-03,1.747569775531032654e-03,1.748719767463713382e-03,1.747569775531143677e-03,1.744119058600501759e-03,1.738365471143143992e-03,1.730305695977429892e-03,1.719935629201696514e-03,1.707250909673052597e-03,1.692246256159712914e-03,1.674921550597896491e-03,1.655274953550611716e-03,1.633308907886710237e-03,1.609030122483701142e-03,1.582450644910637916e-03,1.553588984762932501e-03,1.522471209208509091e-03,1.489131959923284398e-03,1.453615337990876721e-03,1.415975599173224797e-03,1.376277598799768853e-03,1.334596924608966173e-03,1.291019658420766714e-03,1.245641715149070627e-03,1.198567723211807490e-03,1.149909438535656747e-03,1.099783733280457199e-03,1.048310284954723226e-03,9.956092375844050046e-04,9.417993608075714285e-04,8.869976804027901451e-04,8.313223730634367037e-04,7.749024402780579912e-04,7.179033185025218700e-04,6.606397552648968219e-04,6.027563653673850830e-04,5.448694944114595984e-04,4.878826934302527008e-04,4.327101609984118635e-04,3.804471472201448323e-04
1.033333333333333437e+00,3.149554436533280599e-04,3.615225717887582402e-04,4.092796635238871161e-04,4.570585912717639587e-04,5.042854801147744759e-04,5.504753603472190004e-04,5.958923020398243509e-04,6.407000686127761746e-04,6.848850493548497287e-04,7.284432435718524168e-04,7.713484257851899173e-04,8.135501445500903372e-04,8.549778361703341822e-04,8.955462932611624183e-04,9.351609585491749144e-04,9.737225451255104858e-04,1.011130866579890153e-03,1.047287901323412651e-03,1.082100161606758260e-03,1.115480447971106681e-03,1.147349067751213259e-03,1.177634591088938532e-03,1.206274212655567002e-03,1.233213782643960421e-03,1.258407566520569620e-03,1.281817789052508427e-03,1.303414014086845540e-03,1.323172407363903957e-03,1.341074925191698686e-03,1.357108467593015622e-03,1.371264032307362157e-03,1.383535926716694675e-03,1.393922081805110125e-03,1.402418499049207234e-03,1.409026131320545439e-03,1.413745284875922437e-03,1.416576482025533323e-03,1.417520159077700903e-03,1.416576482025866390e-03,1.413745284876810615e-03,1.409026131320656461e-03,1.402418499049429279e-03,1.393922081805332169e-03,1.383535926716195075e-03,1.371264032307695224e-03,1.357108467593182155e-03,1.341074925191754197e-03,1.323172407364403558e-03,1.303414014086401451e-03,1.281817789052008827e-03,1.258407566521069221e-03,1.233213782643127754e-03,1.206274212656066602e-03,1.177634591089660177e-03,1.147349067750658147e-03,1.115480447970718103e-03,1.082100161606147637e-03,1.047287901322857540e-03,1.011130866580500776e-03,9.737225451259545750e-04,9.351609585483422471e-04,8.955462932610513960e-04,8.549778361702231599e-04,8.135501445507564711e-04,7.713484257850788950e-04,7.284432435716858834e-04,6.848850493544611506e-04,6.407000686128039302e-04,5.958923020399353732e-04,5.504753603477463564e-04,5.042854801147744759e-04,4.570585912718194699e-04,4.092796635244699832e-04,3.615225717883974177e-04,3.149554436528423373e-04
