nan,-5.000000000000000000e+00,-4.919354838709677047e+00,-4.838709677419354982e+00,-4.758064516129032029e+00,-4.677419354838709964e+00,-4.596774193548387011e+00,-4.516129032258064058e+00,-4.435483870967741993e+00,-4.354838709677419040e+00,-4.274193548387096975e+00,-4.193548387096774022e+00,-4.112903225806451957e+00,-4.032258064516129004e+00,-3.951612903225806495e+00,-3.870967741935483986e+00,-3.790322580645161032e+00,-3.709677419354838968e+00,-3.629032258064516014e+00,-3.548387096774193505e+00,-3.467741935483870996e+00,-3.387096774193548487e+00,-3.306451612903225978e+00,-3.225806451612903025e+00,-3.145161290322580960e+00,-3.064516129032258007e+00,-2.983870967741935498e+00,-2.903225806451612989e+00,-2.822580645161290480e+00,-2.741935483870967971e+00,-2.661290322580645018e+00,-2.580645161290322509e+00,-2.500000000000000000e+00,-2.419354838709677491e+00,-2.338709677419354982e+00,-2.258064516129032473e+00,-2.177419354838709964e+00,-2.096774193548387011e+00,-2.016129032258064502e+00,-1.935483870967741993e+00,-1.854838709677419484e+00,-1.774193548387096975e+00,-1.693548387096774466e+00,-1.612903225806451513e+00,-1.532258064516129004e+00,-1.451612903225806495e+00,-1.370967741935483986e+00,-1.290322580645161477e+00,-1.209677419354838968e+00,-1.129032258064516014e+00,-1.048387096774193505e+00,-9.677419354838709964e-01,-8.870967741935489315e-01,-8.064516129032259784e-01,-7.258064516129030253e-01,-6.451612903225809603e-01,-5.645161290322580072e-01,-4.838709677419359423e-01,-4.032258064516129892e-01,-3.225806451612900361e-01,-2.419354838709679711e-01,-1.612903225806450180e-01,-8.064516129032295311e-02,0.000000000000000000e+00,8.064516129032206493e-02,1.612903225806450180e-01,2.419354838709679711e-01,3.225806451612900361e-01,4.032258064516129892e-01,4.838709677419350541e-01,5.645161290322580072e-01,6.451612903225800721e-01,7.258064516129030253e-01,8.064516129032259784e-01,8.870967741935480433e-01,9.677419354838709964e-01,1.048387096774193061e+00,1.129032258064516014e+00,1.209677419354838968e+00,1.290322580645161032e+00,1.370967741935483986e+00,1.451612903225806051e+00,1.532258064516129004e+00,1.612903225806451069e+00,1.693548387096774022e+00,1.774193548387096975e+00,1.854838709677419040e+00,1.935483870967741993e+00,2.016129032258064058e+00,2.096774193548387011e+00,2.177419354838709076e+00,2.258064516129032029e+00,2.338709677419354982e+00,2.419354838709677047e+00,2.500000000000000000e+00,2.580645161290322065e+00,2.661290322580645018e+00,2.741935483870967971e+00,2.822580645161290036e+00,2.903225806451612989e+00,2.983870967741935054e+00,3.064516129032258007e+00,3.145161290322580072e+00,3.225806451612902137e+00,3.306451612903225978e+00,3.387096774193548043e+00,3.467741935483870108e+00,3.548387096774193949e+00,3.629032258064516014e+00,3.709677419354838079e+00,3.790322580645161921e+00,3.870967741935483986e+00,3.951612903225806051e+00,4.032258064516128115e+00,4.112903225806451957e+00,4.193548387096774022e+00,4.274193548387096087e+00,4.354838709677419928e+00,4.435483870967741993e+00,4.516129032258064058e+00,4.596774193548386123e+00,4.677419354838709964e+00,4.758064516129032029e+00,4.838709677419354094e+00,4.919354838709677935e+00,5.000000000000000000e+00
5.000000000000000000e-01,1.283892320791576482e-02,1.297042137907800964e-02,1.310606296100775940e-02,1.324639369820094711e-02,1.339206171794956289e-02,1.354383733799244607e-02,1.370263695644290645e-02,1.386955180580370234e-02,1.404588242546777992e-02,1.423317971588950251e-02,1.443329331085134969e-02,1.464842761553507636e-02,1.488120499005693605e-02,1.513473384593651792e-02,1.541267627059830087e-02,1.571930426248054416e-02,1.605952433935917134e-02,1.643883524382713443e-02,1.686316048633164713e-02,1.733846504996237881e-02,1.787002585961496026e-02,1.846119069760923312e-02,1.911146344866346963e-02,1.981386278623970681e-02,2.055181819184885225e-02,2.129646893456225293e-02,2.200600335278103323e-02,2.262907509241899109e-02,2.311342727448679329e-02,2.341815971517959352e-02,2.352489210492406113e-02,2.344233929670136787e-02,2.320209306767770027e-02,2.284833961000950348e-02,2.242676319086861145e-02,2.197667333071976273e-02,2.152750879593798641e-02,2.109874405099720560e-02,2.070159259933157178e-02,2.034122714600091961e-02,2.001880855421804897e-02,1.973306185739795784e-02,1.948138443623206179e-02,1.926057077437589443e-02,1.906725761520266724e-02,1.889817957978439170e-02,1.875030291947701877e-02,1.862088435343967410e-02,1.850748591978136279e-02,1.840796544844618132e-02,1.832045468152050313e-02,1.824333216214790374e-02,1.817519491362873732e-02,1.811483099247732445e-02,1.806119376687822034e-02,1.801337790508402911e-02,1.797059623681090609e-02,1.793215538559388492e-02,1.789742513367938159e-02,1.786578756748323157e-02,1.783651676927455743e-02,1.780832570689294680e-02,nan,1.779375139439006923e-02,1.780054524929810394e-02,1.780692744984706602e-02,1.781456930673835232e-02,1.782424618310991457e-02,1.783651175863915431e-02,1.785187297540413026e-02,1.787085878040890752e-02,1.789405650000934489e-02,1.792213677181245246e-02,1.795587454740369890e-02,1.799616930166259704e-02,1.804406581139478619e-02,1.810077590156270941e-02,1.816770074929612705e-02,1.824645233776556533e-02,1.833887116441939788e-02,1.844703496705466655e-02,1.857324954015362670e-02,1.872000700332953141e-02,1.888988833693040076e-02,1.908537485966840808e-02,1.930851753346929725e-02,1.956039573937962128e-02,1.984028609929801984e-02,2.014447538812522143e-02,2.046472480124837331e-02,2.078657724576725430e-02,2.108803543859449209e-02,2.133957357342745192e-02,2.150670142750089192e-02,2.155584067546395879e-02,2.146268162351654477e-02,2.122000466448036721e-02,2.084099747169898542e-02,2.035595537783111558e-02,1.980396256055665452e-02,1.922365777092137004e-02,1.864668024120029466e-02,1.809501573687630899e-02,1.758142397919266325e-02,1.711142716849172254e-02,1.668562535178987061e-02,1.630167955992298592e-02,1.595575668483241796e-02,1.564347073712931552e-02,1.536043958484433619e-02,1.510258025666461924e-02,1.486624051556438217e-02,1.464823495598636949e-02,1.444582965642084334e-02,1.425670216261162686e-02,1.407889224095444300e-02,1.391075179044865343e-02,1.375089809906741151e-02,1.359817222436456897e-02,1.345160296280533546e-02,1.331037619871096832e-02,1.317380911615863293e-02,1.304132865089418884e-02,1.291245355809562956e-02,1.278677952087245613e-02
5.043010752688171783e-01,1.321442433881565848e-02,1.334118115303941678e-02,1.347120202676943893e-02,1.360488224847951864e-02,1.374268879227858765e-02,1.388517351415559549e-02,1.403298899984863936e-02,1.418690759776273548e-02,1.434784425674452343e-02,1.451688386911807911e-02,1.469531387493951471e-02,1.488466287823574270e-02,1.508674589640248385e-02,1.530371649968984872e-02,1.553812531218528963e-02,1.579298283026391372e-02,1.607182177161545558e-02,1.637874942261034750e-02,1.671847255491254805e-02,1.709626486474741941e-02,1.751782772493488960e-02,1.798896799741605754e-02,1.851498296835003832e-02,1.909961055142623057e-02,1.974339665001656127e-02,2.044140110509746686e-02,2.118038866615171156e-02,2.193610909361878511e-02,2.267192520657738963e-02,2.334056369238691336e-02,2.389042762712435819e-02,2.427607414905105787e-02,2.446960061426542085e-02,2.446792147395713754e-02,2.429238913123821231e-02,2.398132344241286559e-02,2.357950098557969748e-02,2.312904382625514260e-02,2.266404722855214909e-02,2.220891758956062417e-02,2.177915922024117185e-02,2.138325047771083912e-02,2.102468082734721896e-02,2.070369287605761804e-02,2.041859404412498663e-02,2.016666473713090921e-02,1.994474776811059474e-02,1.974960883722893037e-02,1.957814256651173659e-02,1.942747916119247353e-02,1.929502972114501003e-02,1.917849524481885642e-02,1.907585517916463025e-02,1.898534509574646006e-02,1.890542877063665361e-02,1.883476669005424917e-02,1.877217962326714965e-02,1.871659985945401880e-02,1.866698503873705922e-02,1.862209319388658316e-02,1.857943463957088814e-02,1.853516952811545479e-02,1.852209456348750602e-02,1.851621198765687065e-02,1.853980574597123565e-02,1.855326603993640369e-02,1.856792328518328677e-02,1.858608622270083166e-02,1.860879964687197491e-02,1.863687469072825009e-02,1.867111139307912546e-02,1.871238219851434695e-02,1.876167681300463380e-02,1.882013375032258115e-02,1.888906641762766458e-02,1.896998571790292631e-02,1.906461810306677926e-02,1.917491534373741771e-02,1.930304893177501105e-02,1.945137723402834765e-02,1.962236652091821354e-02,1.981843711126653890e-02,2.004169286483327428e-02,2.029347734976216094e-02,2.057368806958188509e-02,2.087978339564567840e-02,2.120545988876149091e-02,2.153909966199258480e-02,2.186232991165204531e-02,2.214939593377262747e-02,2.236838005404894261e-02,2.248523285448333908e-02,2.247065784634254618e-02,2.230809709243385466e-02,2.199945882076589920e-02,2.156549645907924334e-02,2.104037299850139431e-02,2.046306777897733895e-02,1.986942375101783537e-02,1.928732140510899112e-02,1.873530362004510036e-02,1.822357673475781190e-02,1.775604787311954591e-02,1.733244265123744590e-02,1.695004117170031965e-02,1.660491737434584281e-02,1.629273856261026845e-02,1.600923579385083589e-02,1.575045189967739026e-02,1.551285019319990389e-02,1.529334163362543186e-02,1.508926782699067728e-02,1.489836274830731028e-02,1.471870650407093757e-02,1.454867845271787773e-02,1.438691338511849556e-02,1.423226237102962789e-02,1.408375871455638632e-02,1.394058885514390389e-02,1.380206776608858092e-02,1.366761829805739938e-02,1.353675390656032713e-02,1.340906424106860437e-02,1.328420313212147139e-02,1.316187857647268221e-02
5.086021505376343566e-01,1.365893280890845447e-02,1.378234733212416185e-02,1.390838820712444503e-02,1.403734818964371203e-02,1.416957170541992446e-02,1.430546387999199164e-02,1.444550131459965830e-02,1.459024495902313222e-02,1.474035549792812594e-02,1.489661173916274027e-02,1.505993256589167190e-02,1.523140307986927885e-02,1.541230560225430833e-02,1.560415617813675285e-02,1.580874709368792347e-02,1.602819556240820884e-02,1.626499800592760836e-02,1.652208797900676582e-02,1.680289334497403475e-02,1.711138414705229427e-02,1.745209579156847129e-02,1.783010137454185337e-02,1.825089075139498321e-02,1.872009114262019810e-02,1.924293548144074065e-02,1.982335649393607638e-02,2.046257438946628981e-02,2.115709178506536975e-02,2.189617332667888328e-02,2.265923794338296424e-02,2.341413074689443347e-02,2.411776391261520949e-02,2.472060029277697510e-02,2.517527401003870346e-02,2.544731267382869047e-02,2.552381372468306986e-02,2.541607656488728897e-02,2.515512651082823722e-02,2.478268558441297162e-02,2.434173035228654955e-02,2.386971876112450874e-02,2.339539789640226672e-02,2.293848468522149617e-02,2.251097035271400204e-02,2.211899166510426437e-02,2.176463566186787046e-02,2.144740632896576654e-02,2.116530112537523545e-02,2.091554648896187460e-02,2.069507169297382654e-02,2.050079700324325405e-02,2.032979685840252335e-02,2.017938217167618634e-02,2.004713167275356395e-02,1.993089104088938135e-02,1.982874925450360884e-02,1.973899069024173322e-02,1.965999685861204854e-02,1.958996266697926245e-02,1.952515628853344898e-02,1.947333271508618416e-02,1.944448616170497968e-02,1.942445136318178556e-02,1.941357990072221235e-02,1.941275495571796392e-02,1.943925585295776248e-02,1.946634729560443172e-02,1.949695573205995069e-02,1.953457494359111049e-02,1.958067978214257307e-02,1.963650349914659518e-02,1.970332354364745520e-02,1.978255710950430069e-02,1.987580567950474053e-02,1.998487674845203857e-02,2.011178646706126075e-02,2.025873704618985638e-02,2.042805509390848914e-02,2.062206831328243853e-02,2.084288705456637664e-02,2.109204443667668863e-02,2.136993700260785695e-02,2.167500504255546329e-02,2.200261443634388484e-02,2.234367858010028948e-02,2.268322584772101969e-02,2.299939380106044706e-02,2.326365540212396721e-02,2.344323181409535550e-02,2.350623804148949461e-02,2.342887603733778343e-02,2.320233381581559770e-02,2.283623340620071288e-02,2.235666739632014358e-02,2.179961777871115489e-02,2.120279401753531051e-02,2.059905282641769086e-02,2.001296029190109335e-02,1.946028194222403779e-02,1.894928335250539372e-02,1.848270765531945595e-02,1.805969186855041139e-02,1.767729403946849062e-02,1.733157052951285471e-02,1.701826815061418738e-02,1.673323120473423770e-02,1.647261610291219508e-02,1.623298493263621023e-02,1.601132765720308937e-02,1.580504529367937616e-02,1.561191405965237956e-02,1.543004225948722309e-02,1.525782646975254279e-02,1.509391040478673743e-02,1.493714797397579716e-02,1.478657098768739776e-02,1.464136140682771939e-02,1.450082775865815451e-02,1.436438523409083214e-02,1.423153896417338020e-02,1.410187000173236671e-02,1.397502358286711356e-02,1.385069929812803892e-02,1.372864285738189562e-02,1.360863918201310994e-02
5.129032258064516459e-01,1.568193208639312441e-02,1.581390354683688895e-02,1.594789656655744292e-02,1.608411248081193651e-02,1.622278802418163773e-02,1.636420109412700663e-02,1.650867756147501517e-02,1.665659932895312279e-02,1.680841387723045616e-02,1.696464558171155435e-02,1.712590913190573799e-02,1.729292543651481107e-02,1.746654044706678899e-02,1.764774737247513589e-02,1.783771277099654995e-02,1.803780696799844874e-02,1.824963911260552366e-02,1.847509687890207600e-02,1.871639021652772919e-02,1.897609746789399518e-02,1.925721029426958816e-02,1.956317073752565638e-02,1.989788873586825768e-02,2.026572063766378384e-02,2.067137770172336117e-02,2.111971741254787052e-02,2.161534995343446924e-02,2.216197074210555021e-02,2.276131768590151233e-02,2.341167102124939309e-02,2.410590307794889184e-02,2.482929497476308103e-02,2.555769473459508154e-02,2.625702312688497214e-02,2.688536675492118888e-02,2.739847652737256375e-02,2.775810989737445902e-02,2.794076083143021832e-02,2.794326543725843617e-02,2.778279049672105136e-02,2.749142974276036142e-02,2.710808989775745706e-02,2.667090623927864668e-02,2.621221563989262898e-02,2.575644166951410532e-02,2.532016594470877860e-02,2.491337830050504090e-02,2.454110191601778165e-02,2.420492353139944847e-02,2.390423131577658344e-02,2.363712654857641482e-02,2.340105085883196004e-02,2.319319324818491790e-02,2.301073765815095373e-02,2.285099792117320505e-02,2.271146761538241424e-02,2.258977720782072082e-02,2.248340487723308329e-02,2.238627733406975059e-02,2.232036435340256295e-02,2.227044709162964709e-02,2.223361942695607774e-02,2.220971344872971556e-02,2.219867610886102488e-02,2.220077466039682007e-02,2.221691926123939287e-02,2.225816293830552156e-02,2.231318239661894687e-02,2.237441977809768653e-02,2.244797513038492009e-02,2.253596561451885749e-02,2.264025960711250549e-02,2.276279737192052691e-02,2.290564818568930835e-02,2.307097837034057658e-02,2.326094672925803006e-02,2.347750866702580028e-02,2.372209309595125701e-02,2.399510469016373840e-02,2.429520126039016320e-02,2.461831401696101471e-02,2.495643865305927425e-02,2.529635499195193038e-02,2.561864851980892935e-02,2.589767051448267632e-02,2.610323212291426262e-02,2.620460105345179258e-02,2.617651118366822599e-02,2.600557176096157663e-02,2.569451097270816775e-02,2.526214096621907587e-02,2.473888290720698338e-02,2.415983834602254687e-02,2.355818936584266887e-02,2.296086449097928944e-02,2.238690470308793423e-02,2.184787434672691431e-02,2.134933255464158477e-02,2.089256873974183054e-02,2.047614901138496493e-02,2.009710353506190955e-02,1.975175042589431829e-02,1.943622209122130434e-02,1.914677473646440517e-02,1.887995178604306643e-02,1.863265484732765792e-02,1.840215955204256223e-02,1.818610078490212958e-02,1.798244265292865685e-02,1.778944239711673092e-02,1.760561349000641304e-02,1.742969070403775286e-02,1.726059845823189540e-02,1.709742289560265902e-02,1.693938767269143400e-02,1.678583320286742078e-02,1.663619899059761570e-02,1.649000866579497515e-02,1.634685734000478757e-02,1.620640093861212133e-02,1.606834720339523140e-02,1.593244810097369304e-02,1.579849341158390263e-02,1.566630530759784840e-02,1.553573376177653891e-02
5.172043010752688241e-01,1.592641492878600282e-02,1.605364046562428662e-02,1.618253469845259973e-02,1.631324860532335982e-02,1.644595961212688001e-02,1.658087569017165433e-02,1.671824016500826973e-02,1.685833736871793567e-02,1.700149929327909523e-02,1.714811343228702864e-02,1.729863203244183523e-02,1.745358301466216899e-02,1.761358286649878160e-02,1.777935185047234412e-02,1.795173191249233025e-02,1.813170770227442649e-02,1.832043111892469114e-02,1.851924974462916193e-02,1.872973938616161876e-02,1.895374064021078733e-02,1.919339882643801912e-02,1.945120562264562522e-02,1.973003903062738040e-02,2.003319551519880740e-02,2.036440374854081928e-02,2.072780264235971059e-02,2.112785644619902953e-02,2.156916599324715592e-02,2.205611794523430064e-02,2.259229583126941970e-02,2.317956575561770302e-02,2.381676318059548769e-02,2.449797542454991428e-02,2.521057752455355475e-02,2.593346410067248406e-02,2.663628476643059920e-02,2.728074575464628851e-02,2.782483332559928038e-02,2.822983314993327691e-02,2.846844143470123045e-02,2.853103521608228027e-02,2.842746032463455350e-02,2.818367825922940897e-02,2.783498479985278828e-02,2.741864680409635685e-02,2.696825033061940949e-02,2.651065072764374406e-02,2.606522046330047790e-02,2.564456308590656874e-02,2.525588116101217667e-02,2.490244351695578354e-02,2.458486574230332039e-02,2.430210593032107111e-02,2.405217899969175344e-02,2.383263082943835182e-02,2.364080352308620472e-02,2.347379010097288415e-02,2.332984566034656052e-02,2.322018868443151418e-02,2.313061332925341745e-02,2.306092483187668213e-02,2.301031378499275928e-02,2.297819385221245084e-02,2.296429353161094644e-02,2.296870166480691894e-02,2.299194428531898399e-02,2.303522704933695306e-02,2.310228100258155878e-02,2.319989637747743583e-02,2.330698909815467554e-02,2.343419038101364829e-02,2.358393031485547797e-02,2.375827078322823374e-02,2.395906582231294504e-02,2.418777649113913394e-02,2.444510063793678412e-02,2.473040649356626069e-02,2.504094173577913612e-02,2.537081797380771192e-02,2.570985098221988813e-02,2.604248650381899011e-02,2.634725420337627119e-02,2.659739455231869415e-02,2.676331422056617629e-02,2.681710068053694274e-02,2.673837414441494406e-02,2.651964505611392742e-02,2.616891911006600374e-02,2.570820783824825581e-02,2.516849306474029657e-02,2.458326033492784848e-02,2.398293153646104126e-02,2.339153873223716318e-02,2.282572445628408553e-02,2.229537843861421550e-02,2.180506236019065167e-02,2.135558136899781689e-02,2.094535296947272821e-02,2.057145056015223863e-02,2.023032787341167912e-02,1.991828409875549127e-02,1.963173965725170320e-02,1.936738353595784598e-02,1.912223851693288512e-02,1.889367682525854020e-02,1.867940778249300299e-02,1.847745116364223755e-02,1.828610459188593357e-02,1.810390980795621718e-02,1.792962044676404271e-02,1.776217260780637436e-02,1.760065871189754952e-02,1.744430468890921168e-02,1.729245030518887505e-02,1.714453232964559259e-02,1.700007020070786953e-02,1.685865385973047553e-02,1.671993344025851647e-02,1.658361053530228377e-02,1.644943079989173024e-02,1.631717768014753420e-02,1.618666709119503944e-02,1.605774289378568073e-02,1.593027304335535230e-02,1.580414630564984033e-02
5.215053763440860024e-01,1.773175262711949515e-02,1.786582694344021963e-02,1.800136380428089128e-02,1.813846882907487607e-02,1.827726671768679922e-02,1.841790403708645774e-02,1.856055246275638282e-02,1.870541255405583705e-02,1.885271815734897508e-02,1.900274154775730834e-02,1.915579944015699185e-02,1.931226002262512176e-02,1.947255119085116587e-02,1.963717018952997745e-02,1.980669489521160939e-02,1.998179700198344025e-02,2.016325739222643923e-02,2.035198398168960518e-02,2.054903230826809687e-02,2.075562906582996414e-02,2.097319863409947277e-02,2.120339236906631369e-02,2.144811991205845814e-02,2.170958092205520565e-02,2.199029424542824074e-02,2.229311933668198104e-02,2.262126135730592111e-02,2.297824633032756469e-02,2.336784549496473753e-02,2.379391821795940470e-02,2.426013072439790405e-02,2.476949534586657745e-02,2.532366707817187632e-02,2.592194189035026963e-02,2.655994340002289233e-02,2.722808719595453883e-02,2.791009686554387845e-02,2.858209953911852730e-02,2.921305535785787000e-02,2.976726592930347554e-02,3.020921422582639043e-02,3.050996827774242470e-02,3.065326494285240330e-02,3.063899716752020372e-02,3.048270532911670841e-02,3.021141843562574064e-02,2.985765988631978313e-02,2.945375719929792940e-02,2.902786528552546777e-02,2.860205696222665323e-02,2.819208329513150230e-02,2.780813993021399866e-02,2.745604994605663901e-02,2.713847765855114877e-02,2.685598566804533321e-02,2.660792369975813892e-02,2.639904194776688737e-02,2.622223870404793294e-02,2.607561176729229074e-02,2.595797741309375725e-02,2.586795611308807114e-02,2.580442712425129459e-02,2.576662177869348466e-02,2.575416273466981515e-02,2.576708983826088428e-02,2.580589121935303668e-02,2.587157013701392450e-02,2.596586445074499164e-02,2.609256366418960874e-02,2.625335478995541663e-02,2.643138833436553883e-02,2.663818215853841140e-02,2.687415876092767719e-02,2.713866205903580492e-02,2.742928043255903059e-02,2.774099116577757873e-02,2.806517392749209236e-02,2.838865570458597859e-02,2.869310754048793113e-02,2.895527754461247813e-02,2.914860046666501586e-02,2.924649848584580381e-02,2.922706598496175104e-02,2.907796620323345460e-02,2.879978106027171816e-02,2.840634070335312095e-02,2.792177814087923662e-02,2.737548428319596522e-02,2.679684245078654825e-02,2.621128078896184377e-02,2.563825546504440792e-02,2.509094118373824539e-02,2.457700778842169045e-02,2.409986077863787365e-02,2.365991379548420398e-02,2.325567104021740786e-02,2.288454925639293175e-02,2.254345249848301036e-02,2.222914675538959287e-02,2.193848715441014743e-02,2.166854355891222744e-02,2.141665980302815200e-02,2.118047174005050284e-02,2.095790118007397063e-02,2.074713682970419013e-02,2.054660919804414745e-02,2.035496365969161406e-02,2.017103406910643673e-02,1.999381818985259893e-02,1.982245551109281662e-02,1.965620761610722272e-02,1.949444103893255287e-02,1.933661242695110249e-02,1.918225577542385235e-02,1.903097148672948727e-02,1.888241701517675425e-02,1.873629887716276796e-02,1.859236582989037476e-02,1.845040304623340663e-02,1.831022713668795099e-02,1.817168189070512280e-02,1.803463462867677808e-02,1.789897307239700711e-02,1.776460265606652489e-02,1.763144421206143397e-02
5.258064516129031807e-01,1.816726642102503564e-02,1.829887360534575291e-02,1.843180130997721863e-02,1.856612878148568291e-02,1.870195015815593123e-02,1.883937656286596707e-02,1.897853852262681301e-02,1.911958876933064072e-02,1.926270548610094918e-02,1.940809607517786362e-02,1.955600153676888275e-02,1.970670156392696423e-02,1.986052047643934587e-02,2.001783413692884497e-02,2.017907801463820691e-02,2.034475658600078812e-02,2.051545428468292201e-02,2.069184823463985495e-02,2.087472301325177595e-02,2.106498769002602620e-02,2.126369535696546673e-02,2.147206528919239424e-02,2.169150771669417152e-02,2.192365090037923236e-02,2.217036971194552564e-02,2.243381410337938475e-02,2.271643455128810260e-02,2.302099953735618418e-02,2.335059706057922291e-02,2.370860767502609712e-02,2.409863019423016603e-02,2.452433273530264454e-02,2.498919147244543087e-02,2.549606894265136342e-02,2.604657729841307681e-02,2.664017845011202798e-02,2.727300789092869729e-02,2.793649307541392485e-02,2.861598868121165498e-02,2.928986267735262175e-02,2.992966921165046701e-02,3.050207755780402416e-02,3.097288480079141842e-02,3.131264185158161295e-02,3.150243827480551928e-02,3.153785515505217601e-02,3.142956753870498887e-02,3.120044661179961071e-02,3.088043744905194510e-02,3.050110436699948052e-02,3.009136184327973820e-02,2.967503502994481290e-02,2.927012930205193098e-02,2.888936647508107136e-02,2.854223812737285287e-02,2.823721820628587176e-02,2.796218736197700686e-02,2.772661841937766256e-02,2.753005322478717723e-02,2.737141565951328737e-02,2.724950697691472246e-02,2.716324968824783762e-02,2.711183094993303150e-02,2.709478375132298722e-02,2.711202499682541928e-02,2.716386174954712671e-02,2.725097531808906917e-02,2.737440625320459661e-02,2.753564524011330866e-02,2.773758853677616917e-02,2.797949528459168014e-02,2.823256672407522053e-02,2.851390518146426634e-02,2.881532428202079887e-02,2.912606016861955457e-02,2.943105346484851947e-02,2.971053171647325408e-02,2.994064313985724674e-02,3.009549401957404766e-02,3.015067511810070114e-02,3.008773338006329873e-02,2.989833399216283369e-02,2.958656508870217278e-02,2.916835872902899876e-02,2.866817828991147926e-02,2.811423786575008646e-02,2.753389040484790357e-02,2.695036692024426264e-02,2.638123625469211003e-02,2.583830299007474837e-02,2.532838727235336984e-02,2.485446326838373216e-02,2.441680203253813672e-02,2.401393923535021999e-02,2.364341226781827010e-02,2.330227953411737399e-02,2.298746263068907406e-02,2.269595692934401471e-02,2.242495042142008885e-02,2.217188182119743389e-02,2.193446035364111923e-02,2.171066264773948221e-02,2.149871692456673325e-02,2.129708097423608712e-02,2.110441790790605274e-02,2.091957202066341281e-02,2.074154604440743913e-02,2.056948041159666410e-02,2.040263475354136408e-02,2.024037162725574046e-02,2.008214234052650010e-02,1.992747468517141671e-02,1.977596236737678981e-02,1.962725592501326360e-02,1.948105493468132651e-02,1.933710132969209891e-02,1.919517367054095203e-02,1.905508222959230447e-02,1.891666477054429127e-02,1.877978292026882129e-02,1.864431904565701237e-02,1.851017356118023552e-02,1.837726260413182974e-02,1.824551602413457957e-02,1.811487564167558323e-02
5.301075268817204700e-01,1.991367767620188037e-02,2.005546678239171488e-02,2.019867363820635961e-02,2.034334733054995320e-02,2.048954817793220001e-02,2.063734928446484332e-02,2.078683832257152350e-02,2.093811957993583703e-02,2.109131631229685389e-02,2.124657345080198725e-02,2.140406072088980524e-02,2.156397623923157758e-02,2.172655066622702913e-02,2.189205200400796622e-02,2.206079114380849610e-02,2.223312828174782430e-02,2.240948033806448858e-02,2.259032953069911587e-02,2.277623326820431629e-02,2.296783553640164080e-02,2.316587995338760531e-02,2.337122465093312979e-02,2.358485909534521752e-02,2.380792286930132062e-02,2.404172627031411075e-02,2.428777229958331910e-02,2.454777915506951153e-02,2.482370161454282298e-02,2.511774857024938468e-02,2.543239228186436676e-02,2.577036242267043489e-02,2.613461444063143804e-02,2.652825688911984725e-02,2.695441609535612765e-02,2.741600915391013277e-02,2.791538905317985514e-02,2.845382191169072011e-02,2.903076200795908640e-02,2.964291579561727230e-02,3.028314517954106000e-02,3.093936520580197608e-02,3.159373926225556711e-02,3.222262588533793964e-02,3.279778849987521894e-02,3.328920509071357781e-02,3.366931963417113538e-02,3.391786657151717177e-02,3.402584228943892480e-02,3.399724114155255883e-02,3.384795417025632247e-02,3.360235403104015056e-02,3.328892275735280404e-02,3.293658454235865590e-02,3.257649019417735436e-02,3.221450184471179312e-02,3.185930612988435023e-02,3.153523752817397052e-02,3.124899035059425234e-02,3.100443537531947027e-02,3.080354766587044268e-02,3.064711709775027465e-02,3.053527136762530098e-02,3.046783320545453852e-02,3.044453596951493535e-02,3.046511737634497591e-02,3.052930309545811779e-02,3.063668428798380083e-02,3.078649136081603593e-02,3.097728443765696699e-02,3.120667882939457197e-02,3.147184703816095774e-02,3.176806209566578054e-02,3.202409526465587603e-02,3.227680372860484981e-02,3.249887362965159232e-02,3.266611229170870295e-02,3.275492580582119867e-02,3.274522566466779583e-02,3.262398210773184704e-02,3.238799570749682777e-02,3.204476484448084972e-02,3.161102436261530035e-02,3.110945778259608524e-02,3.056472339287110221e-02,2.999996484275933156e-02,2.943451502986056331e-02,2.888291741473715882e-02,2.835498352524591995e-02,2.785646440026893697e-02,2.738996254541362432e-02,2.695583603121218252e-02,2.655296823501269998e-02,2.617936282376602877e-02,2.583257189685077629e-02,2.550998593267933198e-02,2.520901868527452780e-02,2.492721690045056337e-02,2.466231874225059337e-02,2.441227871079920328e-02,2.417527164460212680e-02,2.394968439212289552e-02,2.373410081596463717e-02,2.352728374731971953e-02,2.332815611886745674e-02,2.313578258423008155e-02,2.294935233723943702e-02,2.276816346932608245e-02,2.259160897418025990e-02,2.241916437457149025e-02,2.225037687258661287e-02,2.208485588885264125e-02,2.192226484370043971e-02,2.176231403414206206e-02,2.160475446889591200e-02,2.144937253572153785e-02,2.129598538872395225e-02,2.114443695670167531e-02,2.099459448630730182e-02,2.084634554538713352e-02,2.069959542222700802e-02,2.055426486554472187e-02,2.041028811799823137e-02,2.026761120282787737e-02,2.012619042912566769e-02,1.998599108626225238e-02
5.344086021505376483e-01,2.043603665842707098e-02,2.057672058408253901e-02,2.071878607105804779e-02,2.086226573746561772e-02,2.100720134724291116e-02,2.115364504603609377e-02,2.130166077061371871e-02,2.145132585750824869e-02,2.160273288086101903e-02,2.175599175441837035e-02,2.191123213842688724e-02,2.206860619889683059e-02,2.222829177446183913e-02,2.239049601495391589e-02,2.255545956591329879e-02,2.272346138456184106e-02,2.289482428519259635e-02,2.306992132518445593e-02,2.324918315635201085e-02,2.343310647902663649e-02,2.362226374632082210e-02,2.381731427045138266e-02,2.401901687704869129e-02,2.422824422953305870e-02,2.444599889239814500e-02,2.467343110196463379e-02,2.491185803946878441e-02,2.516278411499084031e-02,2.542792131449841259e-02,2.570920795433240258e-02,2.600882311384473261e-02,2.632919242513840491e-02,2.667297859720480988e-02,2.704304682418355935e-02,2.744239088442934973e-02,2.787400023737358554e-02,2.834064212589818346e-02,2.884452680193298063e-02,2.938682129306322693e-02,2.996698290755497179e-02,3.058190648853719232e-02,3.122493053223377932e-02,3.188483652856385214e-02,3.254510119866656920e-02,3.318379132695164352e-02,3.377454924360854399e-02,3.428899221373816336e-02,3.470045980483445203e-02,3.498845388966622533e-02,3.514261169313040445e-02,3.516505964398259493e-02,3.507107422333555907e-02,3.490809211875080253e-02,3.462369259964987595e-02,3.429492773891247570e-02,3.394925183362765275e-02,3.360846904374582139e-02,3.328941303090758586e-02,3.300430806325509864e-02,3.276151367507339207e-02,3.256638776707740379e-02,3.242207919009567479e-02,3.233014970748401135e-02,3.229098477353365554e-02,3.230398357548332905e-02,3.236753143978862712e-02,3.247876367155111410e-02,3.263314100107470028e-02,3.282388649782333467e-02,3.304140187656940536e-02,3.327293934915542123e-02,3.350338352583819013e-02,3.372979223026831980e-02,3.382034997398359472e-02,3.385215054101579218e-02,3.379284968819264851e-02,3.362952682790674303e-02,3.336014415697311636e-02,3.299282491470850731e-02,3.254390388083181623e-02,3.203470433494719910e-02,3.148795091443055971e-02,3.092474670725516711e-02,3.036263954414921556e-02,2.981482868215188514e-02,2.929025030160752052e-02,2.879418030980622836e-02,2.832904037155363833e-02,2.789519805032216609e-02,2.749165297182751960e-02,2.711657281070504327e-02,2.676768403399482424e-02,2.644254067349060405e-02,2.613869902271584444e-02,2.585382395700234689e-02,2.558574781664312708e-02,2.533249771118135235e-02,2.509230266915426014e-02,2.486358855807031115e-02,2.464496609972771646e-02,2.443521545282304266e-02,2.423326955370809499e-02,2.403819754247099941e-02,2.384918903229541615e-02,2.366553961346837612e-02,2.348663775352458072e-02,2.331195311573861992e-02,2.314102623794959956e-02,2.297345947124658505e-02,2.280890905919781900e-02,2.264707823380332150e-02,2.248771120815529559e-02,2.233058795408344316e-02,2.217551966344004019e-02,2.202234480268466452e-02,2.187092568121649233e-02,2.172114546399188731e-02,2.157290556815506452e-02,2.142612339159951154e-02,2.128073032858885175e-02,2.113667003386093812e-02,2.099389690208096695e-02,2.085237473420780904e-02,2.071207556636952413e-02,2.057297864029851431e-02
5.387096774193548265e-01,2.104923466766374027e-02,2.118937915596183844e-02,2.133090052825987321e-02,2.147381851224962335e-02,2.161816052656621509e-02,2.176396269337370695e-02,2.191127098635545223e-02,2.206014253320406904e-02,2.221064709478137375e-02,2.236286874667935479e-02,2.251690779305454485e-02,2.267288294741803129e-02,2.283093382060373544e-02,2.299122376253141461e-02,2.315394311167695215e-02,2.331931291444423390e-02,2.348758918590852784e-02,2.365906779361583862e-02,2.383409005710363654e-02,2.401304916716858612e-02,2.419639753993142045e-02,2.438465523023898920e-02,2.457841953489841094e-02,2.477837591549294713e-02,2.498531035814103435e-02,2.520012325592032101e-02,2.542384483730108710e-02,2.565765205356260181e-02,2.590288665435049043e-02,2.616107388612846918e-02,2.643394078999519725e-02,2.672343237840139885e-02,2.703172293275482238e-02,2.736121815275003102e-02,2.771454174180212199e-02,2.809449705860388863e-02,2.850399057010352677e-02,2.894589902760617145e-02,2.942285695382824279e-02,2.993693633943193474e-02,3.048918892945604031e-02,3.107902776123160418e-02,3.170344596317324626e-02,3.235611656301083661e-02,3.302649515449905537e-02,3.369915607305409150e-02,3.435370787013065919e-02,3.496569820368833348e-02,3.550885892639105840e-02,3.595888088219358070e-02,3.629947986190886627e-02,3.654869581381288424e-02,3.660462135824353591e-02,3.653937778582420220e-02,3.637611246628016937e-02,3.614195633354236326e-02,3.586533476370282886e-02,3.557289402121220634e-02,3.528748582725640959e-02,3.502727484790605500e-02,3.480568818954882931e-02,3.463183473858476996e-02,3.451106955877578791e-02,3.444547753487727654e-02,3.443414977900215168e-02,3.447320932421048950e-02,3.455561429333290496e-02,3.467083977516847992e-02,3.480462250043886430e-02,3.493903823265927938e-02,3.505324223117830401e-02,3.512521043929518749e-02,3.513493962879464527e-02,3.507390449645489405e-02,3.484924006649407768e-02,3.453283129463540629e-02,3.413416874587106575e-02,3.366503787811168935e-02,3.314389868617686336e-02,3.259091941083826910e-02,3.202496124403177158e-02,3.146178756805168703e-02,3.091333114334066101e-02,3.038774159568071245e-02,2.988989145038545292e-02,2.942206930699056353e-02,2.898467865575286503e-02,2.857684597932437509e-02,2.819690305909404796e-02,2.784274441489709498e-02,2.751207771552348705e-02,2.720259007267493423e-02,2.691205205569293865e-02,2.663837766788203915e-02,2.637965439544526919e-02,2.613415369805080143e-02,2.590032927501135021e-02,2.567680813480247709e-02,2.546237781766062108e-02,2.525597193819318839e-02,2.505665540185275306e-02,2.486361010232279040e-02,2.467612154684349635e-02,2.449356662490475428e-02,2.431540259087520278e-02,2.414115724397015994e-02,2.397042023952790368e-02,2.380283544034314178e-02,2.363809420677456460e-02,2.347592952351704870e-02,2.331611086542192957e-02,2.315843971206027127e-02,2.300274562928670413e-02,2.284888284490284305e-02,2.269672725409678168e-02,2.254617379832434335e-02,2.239713416856066105e-02,2.224953479033961457e-02,2.210331505373426542e-02,2.195842575643798533e-02,2.181482773247375370e-02,2.167249064283165855e-02,2.153139190759515570e-02,2.139151576191990894e-02,2.125285242064683250e-02
5.430107526881720048e-01,2.287924175440908189e-02,2.303049646477549686e-02,2.318320145474181068e-02,2.333735957281713944e-02,2.349298058235670117e-02,2.365008202582900496e-02,2.380869019729503142e-02,2.396884123755895976e-02,2.413058236864279449e-02,2.429397328678725015e-02,2.445908773611014247e-02,2.462601528843819804e-02,2.479486335870476760e-02,2.496575948975993803e-02,2.513885394549793956e-02,2.531432265694627884e-02,2.549237057239222420e-02,2.567323546974737206e-02,2.585719229710549405e-02,2.604455811566786308e-02,2.623569772759142688e-02,2.643103007928702952e-02,2.663103553738971341e-02,2.683626413854387632e-02,2.704734491310059608e-02,2.726499637332801054e-02,2.749003823365478785e-02,2.772340438608322452e-02,2.796615707692516953e-02,2.821950210496335099e-02,2.848480466236320147e-02,2.876360513470395744e-02,2.905763371877602072e-02,2.936882204329699375e-02,2.969930900593216808e-02,3.005143666804470370e-02,3.042773016188287521e-02,3.083085305827748882e-02,3.126352647235761811e-02,3.172839647158318815e-02,3.222783057187791206e-02,3.276362141251846355e-02,3.333657637465954615e-02,3.394597995679517893e-02,3.458893741297229540e-02,3.525965234905229645e-02,3.594877003008341287e-02,3.664305863399370394e-02,3.732603904381943949e-02,3.798215645196036799e-02,3.861588695963912715e-02,3.908853297586572378e-02,3.944761355059344526e-02,3.968390677642898157e-02,3.979704547490928862e-02,3.979694600339207106e-02,3.970237891560218779e-02,3.953798277234087111e-02,3.933068741446663075e-02,3.910642161827640462e-02,3.888764195542922936e-02,3.869181715193935334e-02,3.853071021080790859e-02,3.841018294186155507e-02,3.833027734588197871e-02,3.828544418522393522e-02,3.826493294475456775e-02,3.825348135737419858e-02,3.823250084773157503e-02,3.818190178406553198e-02,3.808251783158977943e-02,3.791881589638222694e-02,3.768135927188262513e-02,3.736860207306984261e-02,3.698970386340096755e-02,3.648836521130665450e-02,3.594979480476846734e-02,3.539497787874532064e-02,3.483367017472734084e-02,3.427718077759450699e-02,3.373480155190639734e-02,3.321318795378278010e-02,3.271650733661094629e-02,3.224686636640902021e-02,3.180480617341356619e-02,3.138976254514747044e-02,3.100044824404119687e-02,3.063514802633389086e-02,3.029193373019246904e-02,2.996881342353317421e-02,2.966382964746574341e-02,2.937512020979300004e-02,2.910095247965704610e-02,2.883973958388382636e-02,2.859004468644373020e-02,2.835057775598186225e-02,2.812018787633746575e-02,2.789785316521914069e-02,2.768266965986778197e-02,2.747384003536379460e-02,2.727066268348334738e-02,2.707252145305953650e-02,2.687887620340861580e-02,2.668925422646514084e-02,2.650324253370876446e-02,2.632048096875258536e-02,2.614065608731578824e-02,2.596349573752908951e-02,2.578876427128108662e-02,2.561625831903923192e-02,2.544580306455208538e-02,2.527724896097677254e-02,2.511046883555083722e-02,2.494535533552898546e-02,2.478181867344740261e-02,2.461978463475649262e-02,2.445919281538142670e-02,2.429999506083027616e-02,2.414215408207674718e-02,2.398564222662061610e-02,2.383044038592471367e-02,2.367653702285413969e-02,2.352392730487445557e-02,2.337261233060483612e-02,2.322259843892358205e-02
5.473118279569892941e-01,2.368594042690346305e-02,2.383648047022765906e-02,2.398845234467451501e-02,2.414185252311194102e-02,2.429668391433408015e-02,2.445295661777047852e-02,2.461068876838722747e-02,2.476990748337476109e-02,2.493064992390266535e-02,2.509296448717814390e-02,2.525691214629597475e-02,2.542256795793286853e-02,2.559002276090725086e-02,2.575938509199612175e-02,2.593078334926153874e-02,2.610436823750321086e-02,2.628031553538968598e-02,2.645882922932822623e-02,2.664014506522163067e-02,2.682453457588654042e-02,2.701230964893363770e-02,2.720382770712048009e-02,2.739949758017381012e-02,2.759978615315174938e-02,2.780522588056822189e-02,2.801642325605603265e-02,2.823406832188417662e-02,2.845894528747983793e-02,2.869194429584742342e-02,2.893407432353249306e-02,2.918647711223045296e-02,2.945044189209064869e-02,2.972742044554094881e-02,3.001904174469805647e-02,3.032712493289889746e-02,3.065368875645699612e-02,3.100095461818232201e-02,3.137133914205106344e-02,3.176743043580761150e-02,3.219194008053859885e-02,3.264762033983138051e-02,3.313713350305249467e-02,3.366285855757890355e-02,3.422662163096896332e-02,3.482934575514928799e-02,3.547064517872947770e-02,3.614848212274823086e-02,3.685937477504824117e-02,3.760254661512169028e-02,3.839200499981233750e-02,3.909515487998271172e-02,3.975151947853101247e-02,4.034007741252688961e-02,4.083939773145977420e-02,4.123217133781047206e-02,4.150845532301455920e-02,4.166772916427557288e-02,4.171921576950851640e-02,4.168032337036452900e-02,4.157361996303356177e-02,4.142312687997481285e-02,4.125076022835881540e-02,4.107352045380115169e-02,4.090171525841166528e-02,4.073826141045026883e-02,4.057900202936624151e-02,4.041395150950281845e-02,4.022934962499283978e-02,4.001030146729488146e-02,3.974360677740169240e-02,3.942023267866031494e-02,3.903688476122238460e-02,3.859634845311957219e-02,3.810664065835987768e-02,3.757937643414419049e-02,3.702816465016447317e-02,3.641318198045956356e-02,3.581844252343088786e-02,3.525005799304149062e-02,3.470694523379038582e-02,3.419094517570797631e-02,3.370320327668031857e-02,3.324385164964436395e-02,3.281217570106760573e-02,3.240686029417472885e-02,3.202621474210544383e-02,3.166835114977157445e-02,3.133131503253224620e-02,3.101317524443677337e-02,3.071208209777046699e-02,3.042630194823974649e-02,3.015423508747229822e-02,2.989442223972277671e-02,2.964554358949968507e-02,2.940641315765845157e-02,2.917597049258630060e-02,2.895327101337548739e-02,2.873747588809811432e-02,2.852784201029201147e-02,2.832371241541097387e-02,2.812450732878779558e-02,2.792971593687091844e-02,2.773888890889265879e-02,2.755163165575169257e-02,2.736759828894618635e-02,2.718648622942898552e-02,2.700803141046113562e-02,2.683200401733868562e-02,2.665820470846796963e-02,2.648646126550038143e-02,2.631662562430620370e-02,2.614857124298996735e-02,2.598219076757064122e-02,2.581739396021520347e-02,2.565410585888647926e-02,2.549226514091055759e-02,2.533182266625568640e-02,2.517274017926213539e-02,2.501498915017226141e-02,2.485854974011876897e-02,2.470340987525884019e-02,2.454956441752125310e-02,2.439701442099176040e-02,2.424576646432149291e-02,2.409583205073120502e-02
5.516129032258064724e-01,2.595439880059041346e-02,2.611309962895000392e-02,2.627311231286155041e-02,2.643442658102774720e-02,2.659703885347945371e-02,2.676095293103098252e-02,2.692618076290426155e-02,2.709274330225017180e-02,2.726067146065886543e-02,2.743000717430859117e-02,2.760080459617795384e-02,2.777313143077929716e-02,2.794707043018910750e-02,2.812272107277823813e-02,2.830020144904890622e-02,2.847965038235289459e-02,2.866122981608216699e-02,2.884512750316626725e-02,2.903156003842755767e-02,2.922077627949947951e-02,2.941306120755883546e-02,2.960874028496058435e-02,2.980818437277111058e-02,3.001181527685163608e-02,3.022011199601247131e-02,3.043361774900705391e-02,3.065294785753332543e-02,3.087879855813087035e-02,3.111195680422330911e-02,3.135331109673094446e-02,3.160386334221154669e-02,3.186474167370086097e-02,3.213721407080243064e-02,3.242270246774189846e-02,3.272279682229131681e-02,3.303926831087726501e-02,3.337408038799653809e-02,3.372939587334702893e-02,3.410757749138688261e-02,3.451117840936289427e-02,3.494291843709048523e-02,3.540564109284956990e-02,3.590224791642978447e-02,3.643561273839374115e-02,3.700850152726569559e-02,3.762360877002204895e-02,3.828423034219753662e-02,3.899996483848462703e-02,3.979286499984679981e-02,4.054519273225864334e-02,4.130276097975336264e-02,4.205320782413368014e-02,4.277882404582466352e-02,4.345881297540411803e-02,4.407119756014117595e-02,4.459526571759493685e-02,4.501434437594239307e-02,4.531832410091450603e-02,4.550521924098002019e-02,4.558120011036990299e-02,4.555895597306959532e-02,4.545477598443242728e-02,4.528513774380019119e-02,4.506370844751532434e-02,4.479947971477009350e-02,4.449637995491270009e-02,4.415427794053512073e-02,4.377092740481143551e-02,4.334419395102904332e-02,4.287390673782565109e-02,4.236288258834582793e-02,4.181699387431129372e-02,4.124445709189798748e-02,4.065468939725101760e-02,4.005707050279924686e-02,3.945974370195032277e-02,3.886765431868614146e-02,3.823184200013939743e-02,3.766042512057080072e-02,3.713217753326442799e-02,3.663745795623175872e-02,3.617310637736673162e-02,3.573689519914179796e-02,3.532675730281169962e-02,3.494064892235135972e-02,3.457655278772642921e-02,3.423251051263434541e-02,3.390665392566557385e-02,3.359722767389271975e-02,3.330260254196471675e-02,3.302128106589127809e-02,3.275189742080023003e-02,3.249321336805968685e-02,3.224411168998367327e-02,3.200358818219242035e-02,3.177074296930185171e-02,3.154477167023408274e-02,3.132495675969285132e-02,3.111065934170621425e-02,3.090131145872436827e-02,3.069640899602112116e-02,3.049550519839652751e-02,3.029820478849339083e-02,3.010415865895813003e-02,2.991305910094046311e-02,2.972463552668098280e-02,2.953865064248978323e-02,2.935489702910195134e-02,2.917319408837686784e-02,2.899338531802497093e-02,2.881533587912651906e-02,2.863893042439193820e-02,2.846407115825062839e-02,2.829067610284594081e-02,2.811867754679759149e-02,2.794802065615789241e-02,2.777866222930665610e-02,2.761056957962177913e-02,2.744371953163613626e-02,2.727809751805366015e-02,2.711369676647370011e-02,2.695051756598723994e-02,2.678856660494977060e-02,2.662785637226389862e-02,2.646840461539244280e-02
5.559139784946236507e-01,2.701924959306401322e-02,2.717561417671494201e-02,2.733327171987619958e-02,2.749220994923057965e-02,2.765242329979156546e-02,2.781391355585825440e-02,2.797669056226622167e-02,2.814077301445025436e-02,2.830618933697701123e-02,2.847297866153541968e-02,2.864119191685483151e-02,2.881089304474597837e-02,2.898216035839076485e-02,2.915508806123080429e-02,2.932978794729909286e-02,2.950639130668884433e-02,2.968505106304472965e-02,2.986594417355439846e-02,3.004927432592973888e-02,3.023527497129113034e-02,3.042421273673801344e-02,3.061639126662234547e-02,3.081215554709728147e-02,3.101189677421983468e-02,3.121605783150701099e-02,3.142513944797335063e-02,3.163970711175811273e-02,3.186039881654543354e-02,3.208793371690402130e-02,3.232312176256890018e-02,3.256687436815276782e-02,3.282021615045686153e-02,3.308429772621246379e-02,3.336040950346360473e-02,3.364999631427931931e-02,3.395467262045379769e-02,3.427623787811472783e-02,3.461669148796240464e-02,3.497824664226418384e-02,3.536334246845133922e-02,3.577465459407628418e-02,3.621510680605290883e-02,3.668789437291999217e-02,3.719655481405030606e-02,3.774521480502181919e-02,3.833960584413388661e-02,3.899443692545638551e-02,3.974118960275642432e-02,4.046236321115837670e-02,4.120958049931578576e-02,4.197986062083609166e-02,4.276487581685912975e-02,4.355225962550329094e-02,4.432584963599491001e-02,4.506616272688643982e-02,4.575142544940700995e-02,4.635925777517424518e-02,4.686889199236717041e-02,4.726356131924464715e-02,4.753249893171417745e-02,4.767197195412008898e-02,4.768501274240261045e-02,4.757994477857627191e-02,4.736823621165418136e-02,4.706242035273030394e-02,4.667468902938587405e-02,4.621637987276117771e-02,4.569816642671758328e-02,4.513052864074421078e-02,4.452410105039730781e-02,4.388968744461502897e-02,4.323794966739671897e-02,4.257891451836381957e-02,4.192146603189182696e-02,4.127292943386330626e-02,4.063874019723391628e-02,4.002195892721688991e-02,3.942104717380557483e-02,3.877534860185404691e-02,3.822480233651726067e-02,3.772468866691488371e-02,3.726018517386604084e-02,3.682610168950851276e-02,3.641903668907175290e-02,3.603624441393321609e-02,3.567532800674193955e-02,3.533413404616862069e-02,3.501070957587275323e-02,3.470328047242430408e-02,3.441023716653875825e-02,3.413012274412619007e-02,3.386162173918117607e-02,3.360354916561052174e-02,3.335483977981180265e-02,3.311453769734949010e-02,3.288178649765789718e-02,3.265581991994660760e-02,3.243595321410409210e-02,3.222157517482417133e-02,3.201214085925997710e-02,3.180716496843030705e-02,3.160621585928324179e-02,3.140891014629956790e-02,3.121490784746018890e-02,3.102390802815995635e-02,3.083564489732093170e-02,3.064988431188635579e-02,3.046642064853987558e-02,3.028507400457574467e-02,3.010568769305822096e-02,2.992812600063548406e-02,2.975227217946790209e-02,2.957802664765805598e-02,2.940530537527876603e-02,2.923403843557825788e-02,2.906416870319687012e-02,2.889565068325798680e-02,2.872844945702002911e-02,2.856253973139670846e-02,2.839790498110382130e-02,2.823453667347045754e-02,2.807243356709170773e-02,2.791160107650256586e-02,2.775205069594323393e-02,2.759379947606846462e-02
5.602150537634408289e-01,2.958677923233443349e-02,2.974499764612358391e-02,2.990431694546657332e-02,3.006472270949380257e-02,3.022620768102295130e-02,3.038877238688232271e-02,3.055242582385045771e-02,3.071718621794089846e-02,3.088308186577905234e-02,3.105015206797808944e-02,3.121844816574160381e-02,3.138803469341557018e-02,3.155899066142702630e-02,3.173141098596994614e-02,3.190540808399432854e-02,3.208111365452789160e-02,3.225868067014817098e-02,3.243828560555485352e-02,3.262013093369560413e-02,3.280444792378634650e-02,3.299149977986981508e-02,3.318158516324186402e-02,3.337504214714521328e-02,3.357225265750655996e-02,3.377364745906265286e-02,3.397971175182745718e-02,3.419099144819332664e-02,3.440810020569367439e-02,3.463172729403864170e-02,3.486264637683807177e-02,3.510172528769993361e-02,3.534993687647550176e-02,3.560837099408865197e-02,3.587824767488920208e-02,3.616093156853617679e-02,3.645794768223605681e-02,3.677099855112643534e-02,3.710198313718621882e-02,3.745301825141705843e-02,3.782646456469757751e-02,3.822496255841507928e-02,3.865149272597974417e-02,3.910950152655982143e-02,3.960323397842778481e-02,4.013892296110652125e-02,4.073367137998139959e-02,4.142125011077357061e-02,4.208513369691026240e-02,4.277857800705769931e-02,4.350297046938342294e-02,4.425544605657945330e-02,4.503014893552190895e-02,4.581816359837756480e-02,4.660731273603210129e-02,4.738211365689875415e-02,4.812407260495117634e-02,4.881245100248800955e-02,4.942556134978286220e-02,4.994252147915523299e-02,5.034523304655864895e-02,5.062021278492658677e-02,5.075987259931966783e-02,5.076296726100718026e-02,5.063417534984968049e-02,5.038303514928679783e-02,5.002259257938458659e-02,4.956808188772261758e-02,4.903581156848611788e-02,4.844227962536162835e-02,4.780346895565679155e-02,4.713427621827925851e-02,4.644806130495044566e-02,4.575632747454801141e-02,4.506853930785036100e-02,4.439206277612489648e-02,4.373217614634908323e-02,4.309203427240656387e-02,4.247223187858772259e-02,4.186792455908892874e-02,4.119803159740955539e-02,4.065139988673378835e-02,4.016293226078140877e-02,3.971135869885283887e-02,3.929005810895663808e-02,3.889501856958359899e-02,3.852321306444909249e-02,3.817213437178572366e-02,3.783961569079729442e-02,3.752374642091425155e-02,3.722282550891153896e-02,3.693533147538054229e-02,3.665990062347708467e-02,3.639530969746893052e-02,3.614046125602270176e-02,3.589437091194860874e-02,3.565615599864659091e-02,3.542502541592873477e-02,3.520027049983574102e-02,3.498125680556539441e-02,3.476741671482012214e-02,3.455824279074461158e-02,3.435328181090722272e-02,3.415212941414307729e-02,3.395442530175334789e-02,3.375984893797670527e-02,3.356811569901053949e-02,3.337897342413011920e-02,3.319219932661199302e-02,3.300759722614599739e-02,3.282499506818370438e-02,3.264424269917761551e-02,3.246520986990539259e-02,3.228778444204145892e-02,3.211187077582971366e-02,3.193738827914924944e-02,3.176427010045097116e-02,3.159246195000396662e-02,3.142192103564014211e-02,3.125261510074154453e-02,3.108452155359992322e-02,3.091762667850252860e-02,3.075192491998737787e-02,3.058741823266840354e-02,3.042411548988116846e-02,3.026203194515008146e-02
5.645161290322581182e-01,3.083899284196161758e-02,3.099244952891547569e-02,3.114703465534751289e-02,3.130273329181318398e-02,3.145953795847360873e-02,3.161744923516590644e-02,3.177647643540591066e-02,3.193663835175561405e-02,3.209796408096653175e-02,3.226049393839203194e-02,3.242428047243176015e-02,3.258938959118463929e-02,3.275590181510146942e-02,3.292391367127420893e-02,3.309353924706742722e-02,3.326491192315164658e-02,3.343818630866169511e-02,3.361354040417873640e-02,3.379117802159797845e-02,3.397133149368956884e-02,3.415426471032058375e-02,3.434027652292079985e-02,3.452970456380748121e-02,3.472292953247870656e-02,3.492038000687106014e-02,3.512253784384160998e-02,3.532994423968254666e-02,3.554320652828687338e-02,3.576300580162183190e-02,3.599010544463518424e-02,3.622536068523279917e-02,3.646972927113090873e-02,3.672428340306162914e-02,3.699022308634240808e-02,3.726889112876410198e-02,3.756179015228396090e-02,3.787060228904352149e-02,3.819721290631263033e-02,3.854374125774465837e-02,3.891258473352062625e-02,3.930649335546033268e-02,3.972872109922797462e-02,4.018341067659910587e-02,4.067694686084241673e-02,4.122891289611936572e-02,4.187722985848283536e-02,4.249455736188857691e-02,4.313834166861756081e-02,4.381156942336032756e-02,4.451326665031492963e-02,4.524004958303645685e-02,4.598620297441459448e-02,4.674353368764327249e-02,4.750126730827484989e-02,4.824612406139038023e-02,4.896267226371661674e-02,4.963401446798482164e-02,5.024279061858509532e-02,5.077238904911585138e-02,5.120816969706758898e-02,5.153846988138024304e-02,5.175521669273942110e-02,5.185410354828524915e-02,5.183443832155162911e-02,5.169885008843769919e-02,5.145300422419540193e-02,5.110535530867285625e-02,5.066685452788777244e-02,5.015049889407492689e-02,4.957067131494561490e-02,4.894231983834555766e-02,4.828009666434350533e-02,4.759759044528215355e-02,4.690674683851756704e-02,4.621751056714033107e-02,4.553766219158447703e-02,4.487277016884608921e-02,4.422610277099994075e-02,4.359807599672728406e-02,4.298294878229429877e-02,4.228375398873522595e-02,4.172607554091676413e-02,4.123491681211569754e-02,4.078254184408959537e-02,4.036127633359556932e-02,3.996669526874076922e-02,3.959556917340523174e-02,3.924528378685995106e-02,3.891361577305699898e-02,3.859862692723997624e-02,3.829860575056905775e-02,3.801203052650867220e-02,3.773754323166569891e-02,3.747392947186906076e-02,3.722010211855319300e-02,3.697508744900828564e-02,3.673801313371849453e-02,3.650809768292261059e-02,3.628464110357634137e-02,3.606701659268677501e-02,3.585466313523822529e-02,3.564707890036635657e-02,3.544381534604235107e-02,3.524447195436097857e-02,3.504869152869117405e-02,3.485615599152127458e-02,3.466658262836616600e-02,3.447972072890199274e-02,3.429534858168432204e-02,3.411327078350395725e-02,3.393331582865912605e-02,3.375533394724410802e-02,3.357919516498564239e-02,3.340478756023085305e-02,3.323201569644679970e-02,3.306079921103888958e-02,3.289107154348452910e-02,3.272277878771103626e-02,3.255587865536696546e-02,3.239033953816017330e-02,3.222613965877365455e-02,3.206326630106479808e-02,3.190171511129760717e-02,3.174148946308037733e-02,3.158259987949638137e-02
5.688172043010752965e-01,3.222840863181358761e-02,3.237653619189059112e-02,3.252586118747689825e-02,3.267636876596232559e-02,3.282805199070638197e-02,3.298091245982850972e-02,3.313496099013062829e-02,3.329021837369480763e-02,3.344671621568053727e-02,3.360449786295356678e-02,3.376361943443317859e-02,3.392415096547823222e-02,3.408617768026545036e-02,3.424980140794549321e-02,3.441514216045488822e-02,3.458233989221547872e-02,3.475155646460630771e-02,3.492297784107105396e-02,3.509681654206209256e-02,3.527331439273479613e-02,3.545274560042478013e-02,3.563542020347654909e-02,3.582168793794415773e-02,3.601194257407733246e-02,3.620662678028448156e-02,3.640623757848352599e-02,3.661133246138693897e-02,3.682253624949762688e-02,3.704054877378401556e-02,3.726615348009201800e-02,3.750022706546482509e-02,3.774375027923932563e-02,3.799782006281231250e-02,3.826366328195019567e-02,3.854265246882303264e-02,3.883632433545668172e-02,3.914640257113503191e-02,3.947482814313083010e-02,3.982380444102806560e-02,4.019587547524779148e-02,4.059408809596748435e-02,4.102241087972505890e-02,4.148723651278592162e-02,4.201071231099696990e-02,4.263169760069372705e-02,4.321242569780873316e-02,4.381422354186814694e-02,4.444011477293337287e-02,4.508910028364251227e-02,4.575794469390350588e-02,4.644143778782777038e-02,4.713244378152566666e-02,4.782201446886585189e-02,4.849968367080327580e-02,4.915399875569905624e-02,4.977328069625279461e-02,5.034652219515979577e-02,5.086424942540543337e-02,5.131912281891645722e-02,5.170607699856800965e-02,5.202191935525823929e-02,5.226449572745427152e-02,5.243171728636109724e-02,5.252083431799130925e-02,5.252828081584966224e-02,5.245020933633182114e-02,5.228357074801805171e-02,5.202738352979217190e-02,5.168377182388033536e-02,5.125844952661487430e-02,5.076053206673710599e-02,5.020177125761618453e-02,4.959544873674146676e-02,4.895519721215949721e-02,4.829396446378836361e-02,4.762323721008462213e-02,4.695254100932646363e-02,4.628914415046705977e-02,4.563778801166986504e-02,4.499995718864460703e-02,4.437018772953352924e-02,4.363650573372589853e-02,4.305618286329469108e-02,4.255229367031219262e-02,4.208955821158914118e-02,4.165931460323447216e-02,4.125679305134832831e-02,4.087859772379719842e-02,4.052201449716545667e-02,4.018474951587189259e-02,3.986480891493585782e-02,3.956043416282532810e-02,3.927006224913181381e-02,3.899229815320163356e-02,3.872589399128172766e-02,3.846973216871000384e-02,3.822281118317036319e-02,3.798423335010465279e-02,3.775319402934279589e-02,3.752897208903351739e-02,3.731092142594114730e-02,3.709846340705349327e-02,3.689108012440416723e-02,3.668830837219506924e-02,3.648973426731420139e-02,3.629498844354706044e-02,3.610374175734111513e-02,3.591570144954303601e-02,3.573060771332502855e-02,3.554823062377810566e-02,3.536836738938076152e-02,3.519083988986357325e-02,3.501549246886841160e-02,3.484218995330543023e-02,3.467081587445487029e-02,3.450127086867199599e-02,3.433347123806947121e-02,3.416734765377652666e-02,3.400284398637084399e-02,3.383991624982440882e-02,3.367853164687222706e-02,3.351866770507522242e-02,3.336031149407268914e-02,3.320345891557912460e-02,3.304811405862244367e-02
5.731182795698924748e-01,3.513965432127405530e-02,3.528329052525439047e-02,3.542811462353275681e-02,3.557410812732512279e-02,3.572126100874756238e-02,3.586957232243243032e-02,3.601905089327975262e-02,3.616971607799630145e-02,3.632159860902187815e-02,3.647474153056409762e-02,3.662920123770684738e-02,3.678504863096958288e-02,3.694237040030461106e-02,3.710127045431048376e-02,3.726187151247319085e-02,3.742431688050219113e-02,3.758877243134304408e-02,3.775542881724176791e-02,3.792450394128470126e-02,3.809624572016504646e-02,3.827093517351284196e-02,3.844888987890876519e-02,3.863046783566825848e-02,3.881607178452978202e-02,3.900615403439221945e-02,3.920122185121497488e-02,3.940184346799900650e-02,3.960865477869305457e-02,3.982236678352658876e-02,4.004377386050193832e-02,4.027376295173633325e-02,4.051332378328383749e-02,4.076356030317588447e-02,4.102570366865922191e-02,4.130112743808826703e-02,4.159136635277937283e-02,4.189814178672755102e-02,4.222340108268413106e-02,4.256938902006197206e-02,4.293880317116607198e-02,4.333521066473068617e-02,4.376459165991294226e-02,4.425017508442636444e-02,4.482395463624509746e-02,4.535239964753672026e-02,4.589527176266158109e-02,4.645464808582453614e-02,4.702877265816569202e-02,4.761387385954380519e-02,4.820457566618211592e-02,4.879414714756120236e-02,4.937484313289611237e-02,4.993841928586224832e-02,5.047682828135261618e-02,5.098303330536253092e-02,5.145180555821142476e-02,5.188032265755813249e-02,5.226838045129151428e-02,5.261808837194890953e-02,5.293303221218562116e-02,5.321702711555491988e-02,5.347270362196217264e-02,5.370023324257205272e-02,5.389649031698266757e-02,5.405486842182477547e-02,5.416584029145796175e-02,5.421819421781707421e-02,5.420072689033077901e-02,5.410405895073327337e-02,5.392220187326548370e-02,5.365356384481476809e-02,5.330122609183541443e-02,5.287250300525606767e-02,5.237795751494751795e-02,5.183012950302599148e-02,5.124223560015164769e-02,5.062703231872403564e-02,4.999593450980966552e-02,4.935837089852694592e-02,4.872121789138593451e-02,4.808778937828481898e-02,4.745367060465716796e-02,4.668872016951377407e-02,4.607838359348884194e-02,4.555788495690954454e-02,4.508127759995903677e-02,4.463863670199297307e-02,4.422482846234737641e-02,4.383632015752200045e-02,4.347032984180439208e-02,4.312451637508115526e-02,4.279684312511541910e-02,4.248550846938028286e-02,4.218890515868436303e-02,4.190559331694117956e-02,4.163428044841657044e-02,4.137380539603939533e-02,4.112312477586187870e-02,4.088130114337202442e-02,4.064749249436859502e-02,4.042094287086096804e-02,4.020097392460748875e-02,3.998697733183624592e-02,3.977840797380623183e-02,3.957477780963519765e-02,3.937565037528887452e-02,3.918063584821222106e-02,3.898938662188105447e-02,3.880159333900837226e-02,3.861698133644023145e-02,3.843530745890086364e-02,3.825635720271972767e-02,3.807994215442831593e-02,3.790589769262823344e-02,3.773408092479725584e-02,3.756436883369391327e-02,3.739665661074071529e-02,3.723085615624571743e-02,3.706689472853710171e-02,3.690471372607642686e-02,3.674426758839723778e-02,3.658552280329754880e-02,3.642845700911037654e-02,3.627305818212861466e-02,3.611932390034660462e-02
5.774193548387096531e-01,3.682047782056022123e-02,3.695662219287823569e-02,3.709415151586592518e-02,3.723304699181404637e-02,3.737329904183304269e-02,3.751490795847361309e-02,3.765788462970480477e-02,3.780225134250338181e-02,3.794804267535493297e-02,3.809530649011028808e-02,3.824410503495825203e-02,3.839451617173270798e-02,3.854663474241318277e-02,3.870057409148373179e-02,3.885646776281458104e-02,3.901447139190897945e-02,3.917476481670375404e-02,3.933755443260890383e-02,3.950307582006242629e-02,3.967159667550623769e-02,3.984342007922451329e-02,4.001888813580582738e-02,4.019838602486067169e-02,4.038234650079502996e-02,4.057125488059659668e-02,4.076565455743743488e-02,4.096615307523251287e-02,4.117342879537366773e-02,4.138823818291217926e-02,4.161142373914361592e-02,4.184392261959254955e-02,4.208677602100312221e-02,4.234113954324032758e-02,4.260829503451175893e-02,4.288966515041846284e-02,4.318683358984820586e-02,4.350157829295860090e-02,4.383593653160120646e-02,4.419235648280620682e-02,4.457412461427796846e-02,4.498700218575871906e-02,4.545576120960757860e-02,4.600936163378497451e-02,4.650840117734228452e-02,4.701504476055549248e-02,4.753047082657541056e-02,4.805188810783781600e-02,4.857455011596002042e-02,4.909233816891699076e-02,4.959819875191687211e-02,5.008467805962421582e-02,5.054460585676850276e-02,5.097189421182063418e-02,5.136235076051663684e-02,5.171435978460185018e-02,5.202927265056533912e-02,5.231138309706608036e-02,5.256743801796751742e-02,5.280572875554412349e-02,5.303489102671680999e-02,5.326258945261457683e-02,5.349426866738100222e-02,5.373212804828714217e-02,5.397443992201115398e-02,5.421529591473071841e-02,5.444483536514244798e-02,5.464997470756033371e-02,5.481560522643096761e-02,5.492615357004097115e-02,5.496731566367812905e-02,5.492770744660746551e-02,5.480015852229654094e-02,5.458242847307712142e-02,5.427724341889746118e-02,5.389169627005517549e-02,5.343617872909713074e-02,5.292307774485750793e-02,5.236546158479741392e-02,5.177591355160024444e-02,5.116556333586962796e-02,5.054320238632156043e-02,4.991395483543035333e-02,4.927460608306862000e-02,4.848207387562405296e-02,4.784367612300472611e-02,4.730418047704348233e-02,4.681021040620107765e-02,4.635121785276355433e-02,4.592200920018892074e-02,4.551909244998842557e-02,4.513972909435368108e-02,4.478160153036338936e-02,4.444267470685011462e-02,4.412113035795645066e-02,4.381533120701771450e-02,4.352379839255820365e-02,4.324519506899435206e-02,4.297831310555380591e-02,4.272206152225683368e-02,4.247545606314805100e-02,4.223760964565471954e-02,4.200772357163318205e-02,4.178507944485418402e-02,4.156903175982006038e-02,4.135900113063598060e-02,4.115446812662548054e-02,4.095496767814485461e-02,4.076008401349828780e-02,4.056944608651476269e-02,4.038272345427649374e-02,4.019962256541328299e-02,4.001988342108142582e-02,3.984327657294520209e-02,3.966960042496369548e-02,3.949867880842802131e-02,3.933035880231811054e-02,3.916450877362969568e-02,3.900101661477019255e-02,3.883978815740305596e-02,3.868074574425263423e-02,3.852382694230165744e-02,3.836898338258153823e-02,3.821617971333514385e-02,3.806539265474618433e-02,3.791661014470389113e-02
5.817204301075269424e-01,3.962947118005245156e-02,3.975799541579580487e-02,3.988817071422098848e-02,4.001997274253542292e-02,4.015338709054799837e-02,4.028840992846304675e-02,4.042504873944908345e-02,4.056332313560952890e-02,4.070326576698002352e-02,4.084492333430165406e-02,4.098835771754943957e-02,4.113364723354658026e-02,4.128088803745791346e-02,4.143019568449919643e-02,4.158170686981891434e-02,4.173558136614258923e-02,4.189200418034459694e-02,4.205118795153849759e-02,4.221337561438293778e-02,4.237884335190279794e-02,4.254790386188930795e-02,4.272090995955580423e-02,4.289825853601561545e-02,4.308039488677483514e-02,4.326781741609032894e-02,4.346108271106195742e-02,4.366081096338936263e-02,4.386769169735644375e-02,4.408248974260735309e-02,4.430605137761275958e-02,4.453931058357866318e-02,4.478329543361530413e-02,4.503913490045026446e-02,4.530806703824101500e-02,4.559145117325619917e-02,4.589079100842701625e-02,4.620778715069227133e-02,4.654447323309656576e-02,4.690362481922230597e-02,4.729037724005447085e-02,4.772877634377308692e-02,4.823760430392444454e-02,4.868826622724307246e-02,4.913997897696727873e-02,4.959285679916625167e-02,5.004346635165786428e-02,5.048680515278794467e-02,5.091697814896300328e-02,5.132773525342906873e-02,5.171306196582869941e-02,5.206783575536105824e-02,5.238848907102153923e-02,5.267358154183257590e-02,5.292417434802255266e-02,5.314392153287549048e-02,5.333884148442863404e-02,5.351679220378920826e-02,5.368672654559290131e-02,5.385783240970292568e-02,5.403866261476243660e-02,5.423633632145586497e-02,5.445586185768046261e-02,5.469960334583975209e-02,5.496689946178522773e-02,5.525384393860056920e-02,5.555324982809425188e-02,5.585483441892263173e-02,5.614566826553544360e-02,5.641091972549648614e-02,5.663488965418060628e-02,5.680227179131912968e-02,5.689950638943323119e-02,5.691604077290240982e-02,5.684529538508985985e-02,5.668517175567735350e-02,5.643802407356895978e-02,5.611012287514001440e-02,5.571073240780458069e-02,5.525097300601782696e-02,5.474263249276777044e-02,5.419702326794191560e-02,5.362382911167653393e-02,5.302944313504260460e-02,5.241176789291507321e-02,5.161053471519796987e-02,5.094903809905633463e-02,5.039506929283118358e-02,4.988702539104780675e-02,4.941369623810929618e-02,4.896998909621628343e-02,4.855264500956819190e-02,4.815914947601629414e-02,4.778736532026259254e-02,4.743539060639793276e-02,4.710149855605759439e-02,4.678410970761248677e-02,4.648177704225740781e-02,4.619317620401723612e-02,4.591709757327987890e-02,4.565243892186428287e-02,4.539819822211962896e-02,4.515346653306162583e-02,4.491742101673386334e-02,4.468931817146867824e-02,4.446848736240248401e-02,4.425432470956403019e-02,4.404628737168241742e-02,4.384388824423628150e-02,4.364669107466956355e-02,4.345430598616861068e-02,4.326638539341165490e-02,4.308262028858125120e-02,4.290273687301083411e-02,4.272649350851834282e-02,4.255367796234189176e-02,4.238410492022518655e-02,4.221761374335254030e-02,4.205406644630139967e-02,4.189334587480197242e-02,4.173535406378252322e-02,4.158001075784797246e-02,4.142725207796043446e-02,4.127702931960381544e-02,4.112930786913748110e-02,4.098406622634331170e-02
5.860215053763441206e-01,4.145651803370984517e-02,4.157543456990719227e-02,4.169635963158951214e-02,4.181926768966227198e-02,4.194414425304502508e-02,4.207098657460508345e-02,4.219980443963254613e-02,4.233062104616375915e-02,4.246347398742700285e-02,4.259841634771738272e-02,4.273551792411626332e-02,4.287486658759142449e-02,4.301656979813248821e-02,4.316075628962397215e-02,4.330757794101950525e-02,4.345721185098248840e-02,4.360986263323143874e-02,4.376576494920528942e-02,4.392518629293477861e-02,4.408843003972876678e-02,4.425583876485250645e-02,4.442779782997949289e-02,4.460473922287889331e-02,4.478714561839651498e-02,4.497555460508641939e-02,4.517056299080926540e-02,4.537283106209322875e-02,4.558308662810294648e-02,4.580212863809524776e-02,4.603083014058143019e-02,4.627014039883267649e-02,4.652108619689860475e-02,4.678477301166079905e-02,4.706238840069987966e-02,4.735521428477808964e-02,4.766466661656534876e-02,4.799241717628988102e-02,4.834078890638210391e-02,4.871436684220194213e-02,4.913603498882929826e-02,4.962529486551915670e-02,5.004689988823114721e-02,5.046259010923311028e-02,5.087189091032209842e-02,5.127082498151206563e-02,5.165410802112793687e-02,5.201595665195431206e-02,5.235071586563190549e-02,5.265348024197719079e-02,5.292070078178889164e-02,5.315071063139948510e-02,5.334408749726741311e-02,5.350378545580072864e-02,5.363500674985711286e-02,5.374483246243146051e-02,5.384167379860715918e-02,5.393462995848782859e-02,5.403283902487083373e-02,5.414488868134997857e-02,5.427832355364076850e-02,5.443925617220037733e-02,5.463206681463095293e-02,5.485916739005692461e-02,5.512080605321775101e-02,5.541490022420016842e-02,5.573690306201563999e-02,5.607972866038263976e-02,5.643378010528852379e-02,5.678713682884868608e-02,5.712595731482848771e-02,5.743513452464710928e-02,5.769920195512225763e-02,5.790343203207249517e-02,5.803500809620192047e-02,5.808410583242924752e-02,5.804470913962482548e-02,5.791501948634592695e-02,5.769739078518034553e-02,5.739781159346874634e-02,5.702503287290351663e-02,5.658947526675810885e-02,5.610202309441787022e-02,5.557268034932582451e-02,5.500859711749164771e-02,5.440819215567459927e-02,5.359532788814135029e-02,5.292305263077509703e-02,5.235779838091000199e-02,5.183704041853908623e-02,5.134987209068964109e-02,5.089170809727071310e-02,5.045975083571743042e-02,5.005185441227116144e-02,4.966615826383520560e-02,4.930095831463089662e-02,4.895466231843855626e-02,4.862577624953349359e-02,4.831290146988966722e-02,4.801473469189827120e-02,4.773006771951598254e-02,4.745778602034377708e-02,4.719686603005601028e-02,4.694637140711239998e-02,4.670544853984263250e-02,4.647332159536582408e-02,4.624928735214280801e-02,4.603271000300073607e-02,4.582301606474074862e-02,4.561968948802858775e-02,4.542226702774594671e-02,4.523033390851562141e-02,4.504351980139177647e-02,4.486149511435841980e-02,4.468396759009130720e-02,4.451067919838434112e-02,4.434140330690666820e-02,4.417594211189260905e-02,4.401412430951125165e-02,4.385580298860584231e-02,4.370085372600550355e-02,4.354917286647477098e-02,4.340067597041477598e-02,4.325529641361525873e-02,4.311298412454359769e-02,4.297370444584460575e-02
5.903225806451612989e-01,4.369867483836656352e-02,4.380886119222487246e-02,4.392163276829682411e-02,4.403695704554146106e-02,4.415481351922549702e-02,4.427519443526086590e-02,4.439810561249396548e-02,4.452356736236204315e-02,4.465161551603877288e-02,4.478230256990321789e-02,4.491569896078972252e-02,4.505189448295260357e-02,4.519099985890466520e-02,4.533314847609926090e-02,4.547849830066809373e-02,4.562723397777006251e-02,4.577956912522977706e-02,4.593574882254668895e-02,4.609605229039426266e-02,4.626079574556863500e-02,4.643033540197946674e-02,4.660507056836504791e-02,4.678544676651196638e-02,4.697195875831632755e-02,4.716515332460710641e-02,4.736563158300898663e-02,4.757405056832495621e-02,4.779112373494834309e-02,4.801761999739346393e-02,4.825436095049417951e-02,4.850221611516988829e-02,4.876209669215999382e-02,4.903494998649825937e-02,4.932176099044697365e-02,4.962357929690307257e-02,4.994162497679175555e-02,5.027765929683505886e-02,5.063552174701273223e-02,5.103555862040859425e-02,5.148851212953194784e-02,5.187155187238382675e-02,5.224432032658244546e-02,5.260583515797552512e-02,5.295224204454899997e-02,5.327884570401028586e-02,5.358087384865676400e-02,5.385404029744769727e-02,5.409504672750830440e-02,5.430201245282119393e-02,5.447478572100875743e-02,5.461509150537895846e-02,5.472649245889797676e-02,5.481417100307592327e-02,5.488457068769737879e-02,5.494495481127584235e-02,5.500294511633249672e-02,5.506609397290719576e-02,5.514152485403973902e-02,5.523565461350776751e-02,5.535399259816337764e-02,5.550099910435997430e-02,5.567997988916999208e-02,5.589299356955799991e-02,5.614075337723671566e-02,5.642251256729963887e-02,5.673593286192890606e-02,5.707694697653068611e-02,5.743963876498364707e-02,5.781617650557146354e-02,5.819684402310957433e-02,5.857021732586459306e-02,5.892352729117147914e-02,5.924322850251588501e-02,5.951576026616602066e-02,5.972844254807010284e-02,5.987040694640161781e-02,5.993343422177382918e-02,5.991256745128940853e-02,5.980639849521315193e-02,5.961697898253905809e-02,5.934936857719696340e-02,5.901087946435581294e-02,5.861007815893590905e-02,5.815550721499739700e-02,5.765363968959985597e-02,5.710267909554730958e-02,5.630606243301252561e-02,5.563310142659447233e-02,5.506421288201800851e-02,5.453638123413496325e-02,5.403903217616023297e-02,5.356827274127597821e-02,5.312200034344378291e-02,5.269867649624795231e-02,5.229694193680980985e-02,5.191549284299549344e-02,5.155304902274718964e-02,5.120835488624563003e-02,5.088019047139319406e-02,5.056738360668493193e-02,5.026881994876339355e-02,4.998345001524927278e-02,4.971029331416236541e-02,4.944844002915498027e-02,4.919705080130504921e-02,4.895535511297922915e-02,4.872264870183269647e-02,4.849829034746083040e-02,4.828169829430423166e-02,4.807234650735588838e-02,4.786976090293828395e-02,4.767351565424668425e-02,4.748322963875682701e-02,4.729856307013752259e-02,4.711921433926122976e-02,4.694491707589244084e-02,4.677543743339344223e-02,4.661057159245182713e-02,4.645014347559352913e-02,4.629400266160595828e-02,4.614202248746680779e-02,4.599409832463815379e-02,4.585014601644743504e-02,4.571010046347254163e-02,4.557391434431922600e-02
5.946236559139784772e-01,4.567336633793382672e-02,4.577209055591466985e-02,4.587392777513685932e-02,4.597884230267637595e-02,4.608681193243119312e-02,4.619782873673461410e-02,4.631189995230372558e-02,4.642904896952880500e-02,4.654931643435728655e-02,4.667276147208797299e-02,4.679946304210418767e-02,4.692952143184253577e-02,4.706305989686714042e-02,4.720022645152002760e-02,4.734119581087276735e-02,4.748617147911835673e-02,4.763538797143127695e-02,4.778911314485120160e-02,4.794765059783376304e-02,4.811134207638235322e-02,4.828056979552660527e-02,4.845575854646098912e-02,4.863737740997466780e-02,4.882594083426721604e-02,4.902200875943256431e-02,4.922618538431240698e-02,4.943911608312202832e-02,4.966148191217079760e-02,4.989399115322347422e-02,5.013736753471044472e-02,5.039233541302752528e-02,5.065960389082276721e-02,5.093985615332383143e-02,5.123376172523828181e-02,5.154206338507999474e-02,5.186591512091066891e-02,5.220830612583492875e-02,5.258642240949559093e-02,5.301627592368296504e-02,5.336792307485246911e-02,5.370351062934627939e-02,5.402214287280798083e-02,5.432019557172364926e-02,5.459351359458641112e-02,5.483820056342503246e-02,5.505114572091156233e-02,5.523043301164291125e-02,5.537563161908148901e-02,5.548794256685828097e-02,5.557018582654649902e-02,5.562663500611311068e-02,5.566273049477116902e-02,5.568471867837277572e-02,5.569927015272014420e-02,5.571312377207241623e-02,5.573278934255110340e-02,5.576432473182676985e-02,5.581318752477174017e-02,5.588414982179600032e-02,5.598125818355282474e-02,5.610781852238341111e-02,5.626638672456264062e-02,5.645874872006945849e-02,5.668587769004803517e-02,5.694786066080696763e-02,5.724379182890341339e-02,5.757163580973718997e-02,5.792807087724842485e-02,5.830833024883969040e-02,5.870606817082082290e-02,5.911328580852401315e-02,5.952035761954259374e-02,5.991619900742858884e-02,6.028860736992230213e-02,6.062478886066909739e-02,6.091205253979703471e-02,6.113861636442789044e-02,6.129443415757899333e-02,6.137193013385619511e-02,6.136652697402557310e-02,6.127687772638605590e-02,6.110475425058711774e-02,6.085458828101736328e-02,6.053267540200284180e-02,6.014596923412624668e-02,5.969992473701925262e-02,5.919157535537955539e-02,5.840409134088553333e-02,5.774867057438397289e-02,5.718585336859782764e-02,5.665862787461370398e-02,5.615776586862161746e-02,5.568046631801130963e-02,5.522553905731462931e-02,5.479219162689547007e-02,5.437966133748415448e-02,5.398711196374780807e-02,5.361362297258173704e-02,5.325821020452755489e-02,5.291985435492888717e-02,5.259752803140529953e-02,5.229021816957021146e-02,5.199694315236882969e-02,5.171676503414583681e-02,5.144879764265995747e-02,5.119221139554513966e-02,5.094623559914834843e-02,5.071015888194974758e-02,5.048332829162654328e-02,5.026514747173489034e-02,5.005507423728093597e-02,4.985261778928856691e-02,4.965733574535603767e-02,4.946883111401269295e-02,4.928674930289319439e-02,4.911077522214939844e-02,4.894063052315704432e-02,4.877607099680537212e-02,4.861688414420187870e-02,4.846288692442068946e-02,4.831392367817682887e-02,4.816986422238274390e-02,4.803060210796966656e-02,4.789605303175601542e-02,4.776615339224193207e-02
5.989247311827957665e-01,4.779946461449689765e-02,4.788567478524023702e-02,4.797561493564895391e-02,4.806924520346492202e-02,4.816654087215332947e-02,4.826749321613491017e-02,4.837211044295937346e-02,4.848041873963977733e-02,4.859246342966495186e-02,4.870831024598656911e-02,4.882804672334011692e-02,4.895178371026171621e-02,4.907965699681032107e-02,4.921182904770938366e-02,4.934849082180489677e-02,4.948986364651594694e-02,4.963620109930818453e-02,4.978779082576872961e-02,4.994495619407382514e-02,5.010805764653448319e-02,5.027749355852485780e-02,5.045370035131314240e-02,5.063715152677877862e-02,5.082835519886598485e-02,5.102784959283043070e-02,5.123619588044396600e-02,5.145396764435443415e-02,5.168173627556339744e-02,5.192005182626861087e-02,5.216941952707737640e-02,5.243027392487533550e-02,5.270295687790894218e-02,5.298771663248068309e-02,5.328477701969117769e-02,5.359463939306671754e-02,5.391936173736985860e-02,5.427269453270148342e-02,5.467660777102049952e-02,5.499537509726636769e-02,5.529304690130507072e-02,5.556916473222098946e-02,5.582065843857960535e-02,5.604419953922869235e-02,5.623697176817028798e-02,5.639712064326347224e-02,5.652404487561358409e-02,5.661854745792512661e-02,5.668284491184590740e-02,5.672044356254699743e-02,5.673590856661404891e-02,5.673456478330662911e-02,5.672217374739054602e-02,5.670462725059090270e-02,5.668768760636561793e-02,5.667679122114335083e-02,5.667691915087701149e-02,5.669252825571475390e-02,5.672753030630339061e-02,5.678530370291412499e-02,5.686872245105800000e-02,5.698018863593364708e-02,5.712165695030825552e-02,5.729464225379768405e-02,5.750020339053703300e-02,5.773889854887759299e-02,5.801070949066922111e-02,5.831493431675786182e-02,5.865005143728935916e-02,5.901356142702992441e-02,5.940181868099788515e-02,5.980987116884875499e-02,6.023133355775998204e-02,6.065832530007624068e-02,6.108150897348663816e-02,6.149026264165861899e-02,6.187301068860767000e-02,6.221771891304019725e-02,6.251253239816896567e-02,6.274650283016180996e-02,6.291032273659555307e-02,6.299696615624686413e-02,6.300213512739138988e-02,6.292442959859639862e-02,6.276518537063284497e-02,6.252793415792684550e-02,6.221735772918089713e-02,6.183710498602244116e-02,6.138205300227147360e-02,6.061481338666120655e-02,5.999051982702060387e-02,5.944386526174382651e-02,5.892550268453848605e-02,5.842793160673597636e-02,5.794965420764565389e-02,5.749056969304346815e-02,5.705079472887760600e-02,5.663031341572562910e-02,5.622889254318690078e-02,5.584609057839991925e-02,5.548129792509806646e-02,5.513378364690431355e-02,5.480273877558375362e-02,5.448731273505461048e-02,5.418664224216633574e-02,5.389987325366658172e-02,5.362617697370336556e-02,5.336476102133576316e-02,5.311487678109960697e-02,5.287582382064839881e-02,5.264695210656807761e-02,5.242766260548472473e-02,5.221740673179005310e-02,5.201568499820725944e-02,5.182204514003036638e-02,5.163607991597134877e-02,5.145742473537383288e-02,5.128575522042233548e-02,5.112078478051643171e-02,5.096226225217452555e-02,5.080996963993902188e-02,5.066371998050700487e-02,5.052335534255581601e-02,5.038874496766520411e-02,5.025978355268859166e-02,5.013638967038219069e-02
6.032258064516129448e-01,4.867984642513874943e-02,4.875739437433827816e-02,4.883954937072841618e-02,4.892627043271306070e-02,4.901753331084592047e-02,4.911333142895792092e-02,4.921367691956339552e-02,4.931860175693324883e-02,4.942815898888731907e-02,4.954242406503753249e-02,4.966149625450096833e-02,4.978550013956641040e-02,4.991458716282701213e-02,5.004893719311991063e-02,5.018876005931258155e-02,5.033429697931308261e-02,5.048582178329021064e-02,5.064364179326249354e-02,5.080809817416240964e-02,5.097956551234312378e-02,5.115845030487582018e-02,5.134518795646243750e-02,5.154023778251215493e-02,5.174407541375106168e-02,5.195718190582831325e-02,5.218002881023842826e-02,5.241305852684168681e-02,5.265665956456139912e-02,5.291113715330313799e-02,5.317668156079424779e-02,5.345334088567544467e-02,5.374101595418734334e-02,5.403952534997098073e-02,5.434889416970465487e-02,5.467054240292856804e-02,5.501577109931911347e-02,5.540277247765831165e-02,5.570170133968191384e-02,5.597868421516277032e-02,5.623319306983794175e-02,5.646255312541292870e-02,5.666404190254971385e-02,5.683552686636269419e-02,5.697580793113309061e-02,5.708481384076648929e-02,5.716367690055763895e-02,5.721469426575252759e-02,5.724119062648239803e-02,5.724730742854632071e-02,5.723775073841454869e-02,5.721753094448472216e-02,5.719172287274527922e-02,5.716526646190285554e-02,5.714281837424665250e-02,5.712865598927743122e-02,5.712662849057369152e-02,5.714014566032148829e-02,5.717219329457629701e-02,5.722536422669607936e-02,5.730189509084274851e-02,5.740370056569998186e-02,5.753239848684123942e-02,5.768932067186433033e-02,5.787550549538134775e-02,5.809166923305682240e-02,5.833815410344363184e-02,5.861485197024067506e-02,5.892110405898489528e-02,5.925557903454296838e-02,5.961613459346222499e-02,5.999967146890918673e-02,6.040199335744127901e-02,6.081769137793324731e-02,6.124007645491100216e-02,6.166118617929230994e-02,6.207189252417399244e-02,6.246213147040836217e-02,6.282126381347641342e-02,6.313855815446915709e-02,6.340376429357598431e-02,6.360772209338051708e-02,6.374293291347603307e-02,6.380401298000142052e-02,6.378795222341461513e-02,6.369411269947865273e-02,6.352389712552009016e-02,6.327993152485839046e-02,6.296410480809609689e-02,6.256980963366386150e-02,6.184194105326388385e-02,6.125025688815195074e-02,6.072157040113117243e-02,6.021373290778085641e-02,5.972069919408891370e-02,5.924205939959087397e-02,5.877867964255211602e-02,5.833154130226172324e-02,5.790138750421859604e-02,5.748863770123607136e-02,5.709340124862519184e-02,5.671552609846175486e-02,5.635465603339696178e-02,5.601028515989019824e-02,5.568180525062818575e-02,5.536854473983480324e-02,5.506979966289957118e-02,5.478485746328101008e-02,5.451301479011991941e-02,5.425359039828226565e-02,5.400593415434690181e-02,5.376943300854038904e-02,5.354351464534364696e-02,5.332764938957603590e-02,5.312135082640807165e-02,5.292417549435829427e-02,5.273572192888422577e-02,5.255562926868626028e-02,5.238357558484096899e-02,5.221927605211180989e-02,5.206248105006500843e-02,5.191297425718654351e-02,5.177057078248959582e-02,5.163511536489767684e-02,5.150648065997474184e-02,5.138456562554582358e-02
6.075268817204301230e-01,5.118806430726744600e-02,5.125178500574764651e-02,5.132092945013067009e-02,5.139545098972959219e-02,5.147532168219292464e-02,5.156053325857974656e-02,5.165109816557430372e-02,5.174705068047152218e-02,5.184844808953741058e-02,5.195537191349837436e-02,5.206792915475641492e-02,5.218625352870109174e-02,5.231050662533451301e-02,5.244087892626170949e-02,5.257759057461292712e-02,5.272089176020867962e-02,5.287106253753055818e-02,5.302841183822291221e-02,5.319327537153197699e-02,5.336601202465449112e-02,5.354699828164042469e-02,5.373662007878333979e-02,5.393526141698835874e-02,5.414328897891351744e-02,5.436103199103405753e-02,5.458875670212647024e-02,5.482663525602395754e-02,5.507470967867261064e-02,5.533285371724466772e-02,5.560073961928577169e-02,5.587782703717815436e-02,5.616341828382514362e-02,5.645691474646603175e-02,5.675883951702453273e-02,5.707740095603244801e-02,5.743795770270140183e-02,5.770587794142868765e-02,5.794857400869814212e-02,5.816634683018208352e-02,5.835729097830220924e-02,5.851957683408941235e-02,5.865204035087009243e-02,5.875444366171413135e-02,5.882758136295545420e-02,5.887327305370752134e-02,5.889426341647931162e-02,5.889405305333569179e-02,5.887668745272982979e-02,5.884653247190730491e-02,5.880806154601368740e-02,5.876567344533348974e-02,5.872355157036004969e-02,5.868556824434286584e-02,5.865523145049610781e-02,5.863566749999105099e-02,5.862963115972019690e-02,5.863953440820693364e-02,5.866748568186806734e-02,5.871533270909044810e-02,5.878470340903717284e-02,5.887704059761473402e-02,5.899362726152583558e-02,5.913559989490269064e-02,5.930394786886066666e-02,5.949949709172106666e-02,5.972287641391968438e-02,5.997446545576423649e-02,6.025432292722684297e-02,6.056209522456391242e-02,6.089690629873423938e-02,6.125723166033353317e-02,6.164076203938780030e-02,6.204426568028644645e-02,6.246346236334796020e-02,6.289292656454366359e-02,6.332604088865423364e-02,6.375502285035634931e-02,6.417104677678525659e-02,6.456447665062560459e-02,6.492521424570593669e-02,6.524315023151715243e-02,6.550868596091947993e-02,6.571327388238755451e-02,6.584990901802258156e-02,6.591349528869658303e-02,6.590100572394366751e-02,6.581133658058364866e-02,6.564464882284108682e-02,6.540041087147753507e-02,6.506839282957112280e-02,6.437459237845082061e-02,6.383315671827810567e-02,6.333729102051498250e-02,6.285294350597746271e-02,6.237600473495116815e-02,6.190742754658265512e-02,6.144925194184784611e-02,6.100349699914599938e-02,6.057181320771519439e-02,6.015539936176236141e-02,5.975502233253975753e-02,5.937107581414088203e-02,5.900364995375288052e-02,5.865259910892354350e-02,5.831760223291717476e-02,5.799821400608265454e-02,5.769390664042982342e-02,5.740410314317553192e-02,5.712820317173115253e-02,5.686560268633437248e-02,5.661570854132353531e-02,5.637794902797109431e-02,5.615178123302300150e-02,5.593669593030975440e-02,5.573222058907841003e-02,5.553792096644204201e-02,5.535340165348238972e-02,5.517830586382876240e-02,5.501231468816323439e-02,5.485514598572674427e-02,5.470655304241722749e-02,5.456632309246547963e-02,5.443427577521723487e-02,5.431026157883051680e-02,5.419416030744260426e-02
6.118279569892473013e-01,4.878630156402220808e-02,4.884368331480883757e-02,4.890722263661047287e-02,4.897690337018057588e-02,4.905272999419896252e-02,4.913472871216907623e-02,4.922294858757148700e-02,4.931746271061485803e-02,4.941836937088187748e-02,4.952579319830346938e-02,4.963988621940643164e-02,4.976082875569230735e-02,4.988883006519670427e-02,5.002412859537767875e-02,5.016699167406759446e-02,5.031771441379524756e-02,5.047661754201383105e-02,5.064404379502945169e-02,5.082035242718258017e-02,5.100591129222729891e-02,5.120108585813698543e-02,5.140622443456781959e-02,5.162163885102010602e-02,5.184757987113936678e-02,5.208420684745432294e-02,5.233155165699675260e-02,5.258947808029115767e-02,5.285764003419955032e-02,5.313544667618197437e-02,5.342205267108401934e-02,5.371641855529200871e-02,5.401757276530837204e-02,5.432560177782300853e-02,5.464735298045695494e-02,5.501038228124525975e-02,5.527015917385311866e-02,5.550371612331878035e-02,5.571102956020049235e-02,5.589007243440361622e-02,5.603900249754490553e-02,5.615668925701661207e-02,5.624294184292375626e-02,5.629859662285698063e-02,5.632550054692176539e-02,5.632640937957155564e-02,5.630482191811504028e-02,5.626477512664550956e-02,5.621062615621404135e-02,5.614684456460750095e-02,5.607783248672258691e-02,5.600778354531923964e-02,5.594058445321218459e-02,5.587975764885075303e-02,5.582843946584967881e-02,5.578938629278212130e-02,5.576500062559180265e-02,5.575736939704605682e-02,5.576830803074747656e-02,5.579940494057713390e-02,5.585206242385308550e-02,5.592753093084938676e-02,5.602693447389207881e-02,5.615128546527949766e-02,5.630148758189961605e-02,5.647832540533991724e-02,5.668243965368483656e-02,5.691428689108012084e-02,5.717408277214154622e-02,5.746172826302962250e-02,5.777671900528482535e-02,5.811803918385286677e-02,5.848404304643969182e-02,5.887232967082969143e-02,5.927961966557451778e-02,5.970164602661264669e-02,6.013307492674891536e-02,6.056747506185994334e-02,6.099735530740451467e-02,6.141428867682427462e-02,6.180913485084107983e-02,6.217236331151967943e-02,6.249446478810140315e-02,6.276642199804066680e-02,6.298019439156767041e-02,6.312915896395189519e-02,6.320844196025902917e-02,6.321507145258005445e-02,6.314786160832833173e-02,6.300683722743262438e-02,6.279144202128353336e-02,6.249144176279979035e-02,6.183559708745937911e-02,6.132874651007722000e-02,6.085293458853398285e-02,6.038260328875631050e-02,5.991534480164677212e-02,5.945298450310181060e-02,5.899821692100373077e-02,5.855362382070306015e-02,5.812135623138822010e-02,5.770305740341223621e-02,5.729988370891819782e-02,5.691256477622300830e-02,5.654147590319065497e-02,5.618670985393871969e-02,5.584814207223639387e-02,5.552548696258829963e-02,5.521834480264687511e-02,5.492623982734502058e-02,5.464865047343874654e-02,5.438503292350396062e-02,5.413483907629852016e-02,5.389752997605538193e-02,5.367258560394918415e-02,5.345951179758673399e-02,5.325784493338729664e-02,5.306715488914920398e-02,5.288704670250385376e-02,5.271716125544331083e-02,5.255717524448565853e-02,5.240680063855622517e-02,5.226578378037979866e-02,5.213390425027301239e-02,5.201097358196876685e-02,5.189683389709252165e-02
6.161290322580645906e-01,5.097569065639723229e-02,5.101883030719159273e-02,5.106903618991145283e-02,5.112629083279385950e-02,5.119059914339306461e-02,5.126198938262527954e-02,5.134051411852263991e-02,5.142625112226410777e-02,5.151930415406558161e-02,5.161980356741022874e-02,5.172790663578274994e-02,5.184379747543873401e-02,5.196768639955925279e-02,5.209980849210250203e-02,5.224042113276426702e-02,5.238980013713363110e-02,5.254823409886882207e-02,5.271601643599911624e-02,5.289343455711079112e-02,5.308075548635837748e-02,5.327820723889292731e-02,5.348595525363503828e-02,5.370407332233031322e-02,5.393250878931216130e-02,5.417104247690565644e-02,5.441924506038884474e-02,5.467643393719376355e-02,5.494163903136286414e-02,5.521359515213330321e-02,5.549080115829358589e-02,5.577175697458419679e-02,5.605579827620921912e-02,5.634738312200518462e-02,5.668153236841222409e-02,5.690981355011175136e-02,5.710964738015111841e-02,5.728212854219596334e-02,5.742600885627466983e-02,5.754025049255229174e-02,5.762451577024078897e-02,5.767933212127596826e-02,5.770611965547702005e-02,5.770712841608718197e-02,5.768531074686358145e-02,5.764415190148408641e-02,5.758748186631282295e-02,5.751928939411504738e-02,5.744355506013457124e-02,5.736411458984269629e-02,5.728455791607114239e-02,5.720816437024899004e-02,5.713787067151756410e-02,5.707626610975300580e-02,5.702560837386826814e-02,5.698785353463797082e-02,5.696469438642655370e-02,5.695760235849699898e-02,5.696786927777332948e-02,5.699664624147569164e-02,5.704497765523937336e-02,5.711382908049641299e-02,5.720410791999028938e-02,5.731667617830137756e-02,5.745235460096550367e-02,5.761191746103038608e-02,5.779607716804890244e-02,5.800545776731430569e-02,5.824055632854014536e-02,5.850169125475987442e-02,5.878893674807045971e-02,5.910204313653958513e-02,5.944034359377125404e-02,5.980264906639751882e-02,6.018713504089746869e-02,6.059122614966289816e-02,6.101148745349384978e-02,6.144353429911971615e-02,6.188197547732453979e-02,6.232040630325023922e-02,6.275146831003380887e-02,6.316698953409101425e-02,6.355821311114809302e-02,6.391611185948307960e-02,6.423177329975117422e-02,6.449682467425651988e-02,6.470385303301599833e-02,6.484676262526962998e-02,6.492099788567133600e-02,6.492352819364909100e-02,6.485236290382920266e-02,6.470467866617374275e-02,6.446529620190175058e-02,6.385551129300384710e-02,6.340944990802754866e-02,6.297900503991521459e-02,6.254488740023858573e-02,6.210630746903074428e-02,6.166617530102408429e-02,6.122815327544375852e-02,6.079573327304082370e-02,6.037191426486341467e-02,5.995911213100901110e-02,5.955917135792352518e-02,5.917342200079975245e-02,5.880275408015323696e-02,5.844769495847253887e-02,5.810848225309197396e-02,5.778512877123902908e-02,5.747747820569574367e-02,5.718525159916296868e-02,5.690808525938399753e-02,5.664556111871884431e-02,5.639723062756183541e-02,5.616263324390017436e-02,5.594131049004975181e-02,5.573281642844424982e-02,5.553672528272787096e-02,5.535263681037543015e-02,5.518017992466007354e-02,5.501901496935265867e-02,5.486883496938756849e-02,5.472936611390061268e-02,5.460036767313740380e-02,5.448163150607220756e-02,5.437298127956877863e-02
6.204301075268817689e-01,4.284011028592140530e-02,4.288479085212004022e-02,4.293678804217487821e-02,4.299616717284088924e-02,4.306301844490323383e-02,4.313745791523408007e-02,4.321962835679558218e-02,4.330969993584091182e-02,4.340787061118844131e-02,4.351436612966095435e-02,4.362943945317626637e-02,4.375336940510250738e-02,4.388645826490496227e-02,4.402902796963155396e-02,4.418141449802102938e-02,4.434395991884464844e-02,4.451700148308355975e-02,4.470085703734371502e-02,4.489580594812325742e-02,4.510206467835280869e-02,4.531975619037861142e-02,4.554887252920770957e-02,4.578923036958663234e-02,4.604042015385224201e-02,4.630175097512942428e-02,4.657219606686853475e-02,4.685034869851415623e-02,4.713440815801529099e-02,4.742223882164919857e-02,4.771161517856419704e-02,4.800105520798116782e-02,4.829370106462985146e-02,4.864067734931286358e-02,4.885883623293964251e-02,4.903827327825288629e-02,4.918176309838590693e-02,4.928803304434901944e-02,4.935605815591052881e-02,4.938574611477719589e-02,4.937814992621845228e-02,4.933548814305682012e-02,4.926103996927591600e-02,4.915895214164701238e-02,4.903399174329933080e-02,4.889127874048237316e-02,4.873602854692966196e-02,4.857332802532252081e-02,4.840795954124098993e-02,4.824427886693982703e-02,4.808614537533805605e-02,4.793689785613675786e-02,4.779936653712423683e-02,4.767591114350943488e-02,4.756847549260688479e-02,4.747865059693391621e-02,4.740774003586124136e-02,4.735682310506593440e-02,4.732681276085273780e-02,4.731850655449475890e-02,4.733262958896217176e-02,4.736986905940317877e-02,4.743090021142441770e-02,4.751640362334567241e-02,4.762707364186752335e-02,4.776361762011994971e-02,4.792674536270886965e-02,4.811714791208147185e-02,4.833546455523322904e-02,4.858223673909343315e-02,4.885784752086123200e-02,4.916244532954312796e-02,4.949585128226158953e-02,4.985745020811216399e-02,5.024606701555694305e-02,5.065983221066692327e-02,5.109604328502982684e-02,5.155103226859385906e-02,5.202005370092926267e-02,5.249721104279422151e-02,5.297544222431397470e-02,5.344658541150618808e-02,5.390154286732278671e-02,5.433055293326603807e-02,5.472356734392100353e-02,5.507071418903705662e-02,5.536280810089479198e-02,5.559185178582717879e-02,5.575145921794759374e-02,5.583711850534029547e-02,5.584618374755442871e-02,5.577735553137000424e-02,5.562864431001166704e-02,5.538276641479467077e-02,5.481353975288147384e-02,5.439689192697198111e-02,5.398191862493471882e-02,5.355807364303621920e-02,5.312706165150631737e-02,5.269301594202543959e-02,5.226034252406804026e-02,5.183302871720261301e-02,5.141441410518556715e-02,5.100714802150160820e-02,5.061323031885633233e-02,5.023408831193072049e-02,4.987066587770083020e-02,4.952351201384317531e-02,4.919286235417896780e-02,4.887871072142904727e-02,4.858086988123712369e-02,4.829902183457010501e-02,4.803275859397216491e-02,4.778161465022282700e-02,4.754509239029089396e-02,4.732268166586164893e-02,4.711387459175841314e-02,4.691817651082913487e-02,4.673511391712596025e-02,4.656423999388432239e-02,4.640513830228902570e-02,4.625742505314916347e-02,4.612075030610011950e-02,4.599479836850157294e-02,4.587928760698439801e-02,4.577396983666893321e-02
6.247311827956989472e-01,4.448848645973405708e-02,4.452164177258283173e-02,4.456304595259497070e-02,4.461276967989867559e-02,4.467090921774729412e-02,4.473758687063943834e-02,4.481295114629962190e-02,4.489717650252879333e-02,4.499046252427871956e-02,4.509303233249805504e-02,4.520512997317870096e-02,4.532701647166852837e-02,4.545896416348241958e-02,4.560124882945446739e-02,4.575413907324291790e-02,4.591788228942215305e-02,4.609268649268550427e-02,4.627869723301529514e-02,4.647596884000173428e-02,4.668442937023978972e-02,4.690383894656478814e-02,4.713374178035616840e-02,4.737341320875572415e-02,4.762180478625595292e-02,4.787749323610466373e-02,4.813864370143557114e-02,4.840300632670216374e-02,4.866798433045987221e-02,4.893086676765937004e-02,4.918953769878514626e-02,4.944538908180447917e-02,4.975446344739053312e-02,4.993779599994220553e-02,5.007796402311063405e-02,5.018129840336385539e-02,5.024763912920333919e-02,5.027696213684829107e-02,5.027009232033298469e-02,5.022886242793173084e-02,5.015607906636661284e-02,5.005538152843489602e-02,4.993103662931203807e-02,4.978770364560410749e-02,4.963019865554738064e-02,4.946328153075302270e-02,4.929148130109522324e-02,4.911896777017525639e-02,4.894947034601870861e-02,4.878623988503479059e-02,4.863204619507213722e-02,4.848920253126450669e-02,4.835960851613577138e-02,4.824480391667668178e-02,4.814602715799589511e-02,4.806427399865320638e-02,4.800035321337477873e-02,4.795493730774863517e-02,4.792860718797762459e-02,4.792189033706635570e-02,4.793529244251887311e-02,4.796932262421152449e-02,4.802451246803284002e-02,4.810142901870905624e-02,4.820068175403052074e-02,4.832292337595171100e-02,4.846884403028316191e-02,4.863915832248345839e-02,4.883458424991018315e-02,4.905581294301254724e-02,4.930346793015207008e-02,4.957805255645106324e-02,4.987988425619758331e-02,5.020901467960423026e-02,5.056513530511565213e-02,5.094746923686799267e-02,5.135465149860336809e-02,5.178460236313982973e-02,5.223440109608756821e-02,5.270017080192161696e-02,5.317698849256772414e-02,5.365883744508169462e-02,5.413862049634085571e-02,5.460825206579078550e-02,5.505884233805871664e-02,5.548097844927635941e-02,5.586509469673037187e-02,5.620190769620785065e-02,5.648287478701857073e-02,5.670061613324534067e-02,5.684921997971613405e-02,5.692430612518351724e-02,5.692255215393608736e-02,5.683937671138060421e-02,5.664540414342016800e-02,5.614135092247095338e-02,5.578873878409307263e-02,5.542549609982992675e-02,5.504485506996379535e-02,5.464968198857532433e-02,5.424494855697118562e-02,5.383586892392426548e-02,5.342724061544651404e-02,5.302319660619667779e-02,5.262713792619176656e-02,5.224175522077881967e-02,5.186909434114964773e-02,5.151064109236500044e-02,5.116741072229397808e-02,5.084003390720383264e-02,5.052883485095151922e-02,5.023389955513214711e-02,4.995513382482098808e-02,4.969231145733765675e-02,4.944511353033488599e-02,4.921315990756500169e-02,4.899603411812943760e-02,4.879330270730457969e-02,4.860453005014348654e-02,4.842928949209848732e-02,4.826717155158972289e-02,4.811778979766314496e-02,4.798078490659674761e-02,4.785582730634294762e-02,4.774261873700431230e-02,4.764089298816906459e-02
6.290322580645161255e-01,4.625402731800848377e-02,4.627479349623878774e-02,4.630481373405952172e-02,4.634415939974498300e-02,4.639292672618274688e-02,4.645123638667449095e-02,4.651923250174137825e-02,4.659708089421918387e-02,4.668496636203699895e-02,4.678308868150368727e-02,4.689165698864382337e-02,4.701088211308102061e-02,4.714096636098642074e-02,4.728209016640344542e-02,4.743439496393986321e-02,4.759796159688944872e-02,4.777278358893571886e-02,4.795873471235235358e-02,4.815553053452761856e-02,4.836268409045004629e-02,4.857945660777070185e-02,4.880480542896401680e-02,4.903733310403481094e-02,4.927524434076703541e-02,4.951632166342641306e-02,4.975793776453043410e-02,4.999713757496933308e-02,5.023086499724878362e-02,5.045656996452334286e-02,5.067438972311638645e-02,5.091592367680262965e-02,5.109201147684972605e-02,5.119419926387373115e-02,5.125948978908497627e-02,5.128882682333363308e-02,5.128307023100325823e-02,5.124379130312000513e-02,5.117340160425717932e-02,5.107508801561933681e-02,5.095265749859088228e-02,5.081033804835936862e-02,5.065256757501096496e-02,5.048379470202647712e-02,5.030830833273596675e-02,5.013010569580982762e-02,4.995280210286692085e-02,4.977958052007246809e-02,4.961317561185572128e-02,4.945588512689161331e-02,4.930960107298124062e-02,4.917585366114048812e-02,4.905586208452490660e-02,4.895058750140517112e-02,4.886078487839224521e-02,4.878705148124155150e-02,4.872987071241285939e-02,4.868965067558511661e-02,4.866675731687953449e-02,4.866154228433802742e-02,4.867436579827559562e-02,4.870561486983370630e-02,4.875571717175490594e-02,4.882515077611968707e-02,4.891444984434081822e-02,4.902420619624938553e-02,4.915506650537368460e-02,4.930772467270293918e-02,4.948290872781554994e-02,4.968136140300220133e-02,4.990381333643478107e-02,5.015094770532183693e-02,5.042335500047102209e-02,5.072147667395394965e-02,5.104553658128932470e-02,5.139545957406988635e-02,5.177077736625560617e-02,5.217052298866711041e-02,5.259311683758750161e-02,5.303624954494280674e-02,5.349676959045920888e-02,5.397058653932431532e-02,5.445260362517460873e-02,5.493669548414945036e-02,5.541574734966488863e-02,5.588177000104656983e-02,5.632609937679558532e-02,5.673968052967956477e-02,5.711342260908750662e-02,5.743859537399486487e-02,5.770721835629779445e-02,5.791236665213794765e-02,5.804825752010470824e-02,5.810975918282812458e-02,5.808957944793921579e-02,5.786689235808435000e-02,5.751370033636238333e-02,5.722792068768912249e-02,5.692104616958151841e-02,5.658907257110301625e-02,5.623563864128237888e-02,5.586627465592203245e-02,5.548679220396179890e-02,5.510264847057270293e-02,5.471867158957275518e-02,5.433895922571894965e-02,5.396687135912072580e-02,5.360507555284856063e-02,5.325561960384746218e-02,5.292001569659509491e-02,5.259932606169067520e-02,5.229424413276212436e-02,5.200516792767806429e-02,5.173226421178676177e-02,5.147552317876304823e-02,5.123480409527658708e-02,5.100987274237180763e-02,5.080043165711742303e-02,5.060614421167616839e-02,5.042665351909926541e-02,5.026159706382614389e-02,5.011061784470624558e-02,4.997337270480559784e-02,4.984953841412955583e-02,4.973881597339258748e-02,4.964093352093225386e-02
6.333333333333333037e-01,4.245252834195559211e-02,4.247870023104744625e-02,4.251591925573781905e-02,4.256434944141767457e-02,4.262418397976228124e-02,4.269564300986295607e-02,4.277897014276979548e-02,4.287442734402025640e-02,4.298228769397604426e-02,4.310282543644126940e-02,4.323630260421389149e-02,4.338295138170658594e-02,4.354295124091404900e-02,4.371639978786351355e-02,4.390327621474871683e-02,4.410339631811718841e-02,4.431635828808709598e-02,4.454147899747937234e-02,4.477772145258996500e-02,4.502361556651874458e-02,4.527717665777877820e-02,4.553582924496912127e-02,4.579634800394694061e-02,4.605483352307741113e-02,4.630674879948724204e-02,4.654705732966348680e-02,4.677054193542910798e-02,4.697252588627549158e-02,4.715101602542760839e-02,4.732300959254980011e-02,4.750024061198126341e-02,4.752288985007989408e-02,4.748322695539864552e-02,4.738867046298762820e-02,4.724456267555220829e-02,4.705667747272790358e-02,4.683151634166838467e-02,4.657612826411802048e-02,4.629778896697262641e-02,4.600366220988953703e-02,4.570050368616705716e-02,4.539443727181959043e-02,4.509081296827347624e-02,4.479414204552473883e-02,4.450809663764634938e-02,4.423555746229205360e-02,4.397869321295759526e-02,4.373905720352991300e-02,4.351768989393679787e-02,4.331521916355494245e-02,4.313195311802412585e-02,4.296796257512731226e-02,4.282315212182666309e-02,4.269731982095215789e-02,4.259020637509385726e-02,4.250153494037994112e-02,4.243104292734983102e-02,4.237850711324790687e-02,4.234376328227539704e-02,4.232672145174284223e-02,4.232737756043337962e-02,4.234582230732497621e-02,4.238224764227432884e-02,4.243695122760252070e-02,4.251033900915065361e-02,4.260292585326008047e-02,4.271533401687462733e-02,4.284828901559566139e-02,4.300261223345127476e-02,4.317920937419033461e-02,4.337905358574815906e-02,4.360316180091349664e-02,4.385256254005300697e-02,4.412825314017274070e-02,4.443114415000998935e-02,4.476198852975677572e-02,4.512129341316026970e-02,4.550921266070592774e-02,4.592541942331160310e-02,4.636895963803795706e-02,4.683808997687761294e-02,4.733010739012681600e-02,4.784118199615930433e-02,4.836621035868107071e-02,4.889871142920065861e-02,4.943079135232718302e-02,4.995320412576523955e-02,5.045553058250842882e-02,5.092648607353833512e-02,5.135434551492605582e-02,5.172744037759021557e-02,5.203462663405928473e-02,5.226550271224037619e-02,5.240973319992349444e-02,5.245203977300920417e-02,5.222687061455348612e-02,5.203967338333340131e-02,5.183973088122336564e-02,5.159758810096847642e-02,5.131540448429194878e-02,5.100001713742718240e-02,5.065940466535584497e-02,5.030147796562057377e-02,4.993352242663911394e-02,4.956193264654897707e-02,4.919211414972478325e-02,4.882848806948963255e-02,4.847455789852146008e-02,4.813300998045827450e-02,4.780582815437364047e-02,4.749440958107271210e-02,4.719967377538435843e-02,4.692216049969469283e-02,4.666211468055321554e-02,4.641955813563942990e-02,4.619434887013752766e-02,4.598622921381751577e-02,4.579486427667894821e-02,4.561987221664057929e-02,4.546084771853666634e-02,4.531737993426335209e-02,4.518906596417276988e-02,4.507552079073144646e-02,4.497638441859756059e-02,4.489132683603194035e-02
6.376344086021505930e-01,4.525991380006605391e-02,4.527154543269645143e-02,4.529557594167234885e-02,4.533214792903593471e-02,4.538142592977641859e-02,4.544359122424281722e-02,4.551883462735669544e-02,4.560734672151570829e-02,4.570930489452175449e-02,4.582485643454654867e-02,4.595409683167114845e-02,4.609704235776088815e-02,4.625359597180134924e-02,4.642350566872860407e-02,4.660631461659466707e-02,4.680130289039253350e-02,4.700742141255837697e-02,4.722321996638326885e-02,4.744677297625645579e-02,4.767560923903668701e-02,4.790665497728974903e-02,4.813620342782517353e-02,4.835992865169141952e-02,4.857296679408434209e-02,4.877009728394945259e-02,4.894608130676959129e-02,4.909631103290789528e-02,4.921844059666537208e-02,4.932140761776965254e-02,4.945169659783613808e-02,4.942640157531095341e-02,4.934040952707843819e-02,4.920386389495150919e-02,4.902332642692143472e-02,4.880523263716177867e-02,4.855630725716809232e-02,4.828344446683340008e-02,4.799345796430291855e-02,4.769282595379776418e-02,4.738748201450281028e-02,4.708267136998279395e-02,4.678287466894928692e-02,4.649179137243440729e-02,4.621236991833860275e-02,4.594687052649363418e-02,4.569694753609558624e-02,4.546374044684442506e-02,4.524796554563662726e-02,4.505000260654234284e-02,4.486997336424017324e-02,4.470781017337304569e-02,4.456331448693316710e-02,4.443620558458110520e-02,4.432616044765095437e-02,4.423284590125965005e-02,4.415594420266343023e-02,4.409517320940692375e-02,4.405030215528590865e-02,4.402116392700478748e-02,4.400766458904165068e-02,4.400979076027882603e-02,4.402761530843996018e-02,4.406130169840859201e-02,4.411110720790786810e-02,4.417738510540619029e-02,4.426058576656045213e-02,4.436125658255340998e-02,4.448004038143488909e-02,4.461767193728888303e-02,4.477497197718022237e-02,4.495283790827781650e-02,4.515223027696169816e-02,4.537415373962210008e-02,4.561963107818205188e-02,4.588966854876667945e-02,4.618521063782280583e-02,4.650708216219664320e-02,4.685591565668466296e-02,4.723206224025059546e-02,4.763548476565499651e-02,4.806563318698744286e-02,4.852130388528736599e-02,4.900048730905580407e-02,4.950021176505273179e-02,5.001639541400176164e-02,5.054372307880343473e-02,5.107556854859028606e-02,5.160398535679652093e-02,5.211978771086960699e-02,5.261273606666781733e-02,5.307182585413532799e-02,5.348564810028492295e-02,5.384273296919119683e-02,5.413164258860696243e-02,5.434001687434454608e-02,5.444752237080009022e-02,5.428600590345033367e-02,5.419785344939385269e-02,5.407704537525107741e-02,5.390687435397038124e-02,5.368991653655558194e-02,5.343279210992479822e-02,5.314342703110543076e-02,5.282995424751027458e-02,5.250012380883915808e-02,5.216096812748145795e-02,5.181863085370960742e-02,5.147830876094155322e-02,5.114427040139726127e-02,5.081992344779254211e-02,5.050790921508535591e-02,5.021020864741480155e-02,4.992824899523859439e-02,4.966300437784904737e-02,4.941508642455191141e-02,4.918482331558438753e-02,4.897232695757303134e-02,4.877754889559316603e-02,4.860032603737082790e-02,4.844041747061039044e-02,4.829753368823006682e-02,4.817135946829878557e-02,4.806157153368956214e-02,4.796785197239522569e-02,4.788989825245866527e-02
6.419354838709677713e-01,6.264538366505624511e-02,6.255907067280523648e-02,6.248749713294799585e-02,6.243066509440124701e-02,6.238858334541891315e-02,6.236125635481956642e-02,6.234866985023529429e-02,6.235077233651810380e-02,6.236745179196567096e-02,6.239850675660744278e-02,6.244361107818880569e-02,6.250227175369837962e-02,6.257377965830938915e-02,6.265715356455422991e-02,6.275107880622027290e-02,6.285384331220564280e-02,6.296327557284807364e-02,6.307669138130771180e-02,6.319085876951990866e-02,6.330199311578658949e-02,6.340579644780525159e-02,6.349755595653394646e-02,6.357231652475946182e-02,6.362514225468991758e-02,6.365149043000113693e-02,6.364777244882861840e-02,6.361246439906538541e-02,6.355077783339396769e-02,6.353640835983083435e-02,6.338570784356473142e-02,6.317883290852055467e-02,6.293223268155696826e-02,6.265477048694452489e-02,6.235385929353429169e-02,6.203628045381631706e-02,6.170827134077298826e-02,6.137546347403792513e-02,6.104281153380070740e-02,6.071455344040312119e-02,6.039420913367433974e-02,6.008461329925194466e-02,5.978797295069996492e-02,5.950594021574999448e-02,5.923969189943383701e-02,5.899000931370017992e-02,5.875735385783175529e-02,5.854193559001627523e-02,5.834377342038233466e-02,5.816274656498909845e-02,5.799863757262732622e-02,5.785116763924023214e-02,5.772002512807931918e-02,5.760488827903436498e-02,5.750544306720108828e-02,5.742139709558469890e-02,5.735249030562496186e-02,5.729850317912307117e-02,5.725926299647558781e-02,5.723464861477670085e-02,5.722459413778289289e-02,5.722909176845857038e-02,5.724819406304246933e-02,5.728201574154564296e-02,5.733073515113460555e-02,5.739459542432220895e-02,5.747390532044522465e-02,5.756903968195536264e-02,5.768043937748850575e-02,5.780861053642494252e-02,5.795412280155213397e-02,5.811760623536944143e-02,5.829974640852481765e-02,5.850127707353584838e-02,5.872296968207366824e-02,5.896561884024723726e-02,5.923002261727853407e-02,5.951695643721016671e-02,5.982713910675613311e-02,6.016118939133003468e-02,6.051957148586065149e-02,6.090252779521503762e-02,6.130999771922911873e-02,6.174152172835310065e-02,6.219613103100661566e-02,6.267222468406272173e-02,6.316743815896122549e-02,6.367851012975413172e-02,6.420115739355466977e-02,6.472997084733410345e-02,6.525834728571408561e-02,6.577847052955523854e-02,6.628134736995933141e-02,6.675688076570740481e-02,6.719390056944103684e-02,6.757987523820178921e-02,6.789914528660052906e-02,6.812042766345767497e-02,6.810489403150254972e-02,6.819735224532927353e-02,6.824640981304215537e-02,6.824188511198175933e-02,6.818536232156875709e-02,6.808204347993034034e-02,6.793884892800876318e-02,6.776347315528075121e-02,6.756375589044663621e-02,6.734723717681108390e-02,6.712085688798867522e-02,6.689077504126683671e-02,6.666228988256549248e-02,6.643983011734998223e-02,6.622699888633910847e-02,6.602665006703052619e-02,6.584098139518899939e-02,6.567163294861420864e-02,6.551978318527096334e-02,6.538623771606488777e-02,6.527150825717975557e-02,6.517588080693610675e-02,6.509947314278669017e-02,6.504228236410201924e-02,6.500422353429155531e-02,6.498516059928301225e-02,6.498493075342690051e-02,6.500336334253827009e-02
6.462365591397849496e-01,6.744176239510321635e-02,6.731331390579460561e-02,6.720110690909800177e-02,6.710501325573359210e-02,6.702488529926262095e-02,6.696053902672598201e-02,6.691173294636801328e-02,6.687814212366720301e-02,6.685932682194141441e-02,6.685469537385967109e-02,6.686346123348496651e-02,6.688459469233758170e-02,6.691677054873053365e-02,6.695831415032596490e-02,6.700714970919199875e-02,6.706075657924133460e-02,6.711614114831743194e-02,6.716983384982441740e-02,6.721792209901474024e-02,6.725613014631344477e-02,6.727995540689250820e-02,6.728486773950044519e-02,6.726657485364935518e-02,6.722135937273866768e-02,6.714652341497612253e-02,6.704114780935825635e-02,6.690870837589757425e-02,6.681868375121904902e-02,6.662349314323456895e-02,6.637479744815272253e-02,6.609315240988374029e-02,6.578751695668091926e-02,6.546485499453454093e-02,6.513125174309795928e-02,6.479211878537299851e-02,6.445221334260091417e-02,6.411562893993169587e-02,6.378579984676771564e-02,6.346552820266002093e-02,6.315703128325712845e-02,6.286200272709957515e-02,6.258168115024985434e-02,6.231692053779440410e-02,6.206825821591994280e-02,6.183597762453028196e-02,6.162016432017378142e-02,6.142075457185876275e-02,6.123757657179473846e-02,6.107038470843493411e-02,6.091888759133964187e-02,6.078277062632197331e-02,6.066171395779341308e-02,6.055540655691443036e-02,6.046355716377425221e-02,6.038590270666297638e-02,6.032221473275288515e-02,6.027230429904057579e-02,6.023602569388552402e-02,6.021327928945587049e-02,6.020401376402249871e-02,6.020822788004553255e-02,6.022597195786143220e-02,6.025734914289417044e-02,6.030251652801196793e-02,6.036168615825578121e-02,6.043512591072804779e-02,6.052316020721463380e-02,6.062617047858625402e-02,6.074459525720891928e-02,6.087892972403531611e-02,6.102972447724100413e-02,6.119758321924796685e-02,6.138315897566056639e-02,6.158714836105809443e-02,6.181028329177631897e-02,6.205331941489874992e-02,6.231702037767696684e-02,6.260213690802915454e-02,6.290937952487890561e-02,6.323938356438260633e-02,6.359266512154479467e-02,6.396956650574839309e-02,6.437018994730944743e-02,6.479431863959911331e-02,6.524132483918004821e-02,6.571006575882969158e-02,6.619876944037951516e-02,6.670491469184629263e-02,6.722511139442269301e-02,6.775498966384395361e-02,6.828910767272763915e-02,6.882088671513977851e-02,6.934257464366641588e-02,6.984521583930776434e-02,7.031853790929763759e-02,7.075042794431958548e-02,7.112447965089006841e-02,7.139959880235335898e-02,7.148906249751611763e-02,7.167763018837122746e-02,7.182079908104076205e-02,7.191102336146647234e-02,7.194884201487106168e-02,7.193801090581802837e-02,7.188414152274005819e-02,7.179393092512832697e-02,7.167458447001760768e-02,7.153335917656761245e-02,7.137721591460147175e-02,7.121257541870985863e-02,7.104516841294800100e-02,7.087996497121630546e-02,7.072116555092788914e-02,7.057223609670473796e-02,7.043597147393039493e-02,7.031457436140567396e-02,7.020973987154013884e-02,7.012273909056643273e-02,7.005449718759580724e-02,7.000566364844518219e-02,6.997667357257002230e-02,6.996779990691592843e-02,6.997919707455693694e-02,7.001093678060892056e-02,7.006303692177191789e-02
6.505376344086022389e-01,9.546709377466211510e-02,9.510896033709440034e-02,9.476937609870152157e-02,9.444775907332338127e-02,9.414344589239738437e-02,9.385566947821986916e-02,9.358353360906601637e-02,9.332598482387620409e-02,9.308178253587268136e-02,9.284946879570178668e-02,9.262733987289453741e-02,9.241342269043720248e-02,9.220546008899749291e-02,9.200090979096604837e-02,9.179696257969169326e-02,9.159058532883251891e-02,9.137859378317463033e-02,9.115775809867832091e-02,9.092494093318863324e-02,9.067726349755268755e-02,9.041229012807865117e-02,9.012821818145771990e-02,8.982406063551144626e-02,8.949982250786668592e-02,8.915673738052430630e-02,8.879804818910567998e-02,8.846062972738678865e-02,8.809585693094861003e-02,8.769472510828341116e-02,8.728304533160402556e-02,8.686853965669875943e-02,8.645653537244973874e-02,8.605123813821242973e-02,8.565605127963825394e-02,8.527370097712247410e-02,8.490631359267671041e-02,8.455548269303321540e-02,8.422233512886877216e-02,8.390759699559408036e-02,8.361165786837949920e-02,8.333463140060709540e-02,8.307641079806896145e-02,8.283671827855662584e-02,8.261514817749357475e-02,8.241120378838615035e-02,8.222432832083083343e-02,8.205393053499664135e-02,8.189940569557899175e-02,8.176015250624886488e-02,8.163558666014608667e-02,8.152515159047185600e-02,8.142832694079538136e-02,8.134463520610353549e-02,8.127364692852295791e-02,8.121498476949161327e-02,8.116832672440209284e-02,8.113340869742693973e-02,8.111002661279813342e-02,8.109803820245073402e-02,8.109736458093859401e-02,8.110799169356004701e-02,8.112997170169743144e-02,8.116342435058314375e-02,8.120853834772674695e-02,8.126557276400769858e-02,8.133485845321845875e-02,8.141679946854211980e-02,8.151187443510968245e-02,8.162063781533948625e-02,8.174372097691644246e-02,8.188183294076695207e-02,8.203576064602396967e-02,8.220636852052577714e-02,8.239459708662151549e-02,8.260146025860594376e-02,8.282804090181301870e-02,8.307548412107014502e-02,8.334498762693413887e-02,8.363778839269386811e-02,8.395514466598129333e-02,8.429831224164943682e-02,8.466851374735515079e-02,8.506689955629384570e-02,8.549449884662434218e-02,8.595215930721979147e-02,8.644047408614917438e-02,8.695969483880111595e-02,8.750963019928173492e-02,8.808952968659655713e-02,8.869795390470337770e-02,8.933263266179812534e-02,8.999031266779479454e-02,9.066659413517784427e-02,9.135574665374220082e-02,9.205046674999785294e-02,9.274144937188531779e-02,9.341629664502247576e-02,9.405529493825393050e-02,9.457960482418911741e-02,9.500304557315075726e-02,9.552506813309072364e-02,9.601163663257290815e-02,9.645184884612018061e-02,9.684136555865825724e-02,9.717912309828673212e-02,9.746645142753000701e-02,9.770657238579728843e-02,9.790415937028307258e-02,9.806490752408424105e-02,9.819512479843867103e-02,9.830136584048995707e-02,9.839012658152801460e-02,9.846760868611453832e-02,9.853955433021491239e-02,9.861114512394029974e-02,9.868695496043505822e-02,9.877094493270263675e-02,9.886648862329856791e-02,9.897641736935092194e-02,9.910307695662251559e-02,9.924838917481824951e-02,9.941391350389490456e-02,9.960090575967137094e-02,9.981037176088901341e-02,1.000431150003290304e-01
6.548387096774194172e-01,1.022026309845532055e-01,1.017811097784526164e-01,1.013790872524476805e-01,1.009957064381484526e-01,1.006299823493092410e-01,1.002807789222905643e-01,9.994678485483382557e-02,9.962648976329749329e-02,9.931816267457420355e-02,9.901983555441729035e-02,9.872929528958072909e-02,9.844408818021876950e-02,9.816154139828642267e-02,9.787880581027856575e-02,9.759292380083556262e-02,9.730092404125346983e-02,9.699994240486640995e-02,9.668736453902791739e-02,9.636098139061861911e-02,9.601914509013639853e-02,9.566091034197297949e-02,9.528614788713668515e-02,9.489562615380947586e-02,9.449109252897232303e-02,9.407557129398427809e-02,9.365716161460842237e-02,9.327141622168080848e-02,9.283894693108662999e-02,9.240134814599708368e-02,9.196637033056455357e-02,9.153885036948480880e-02,9.112240479052181874e-02,9.071983414085291186e-02,9.033328380374493205e-02,8.996434028068357736e-02,8.961410794566684879e-02,8.928327870738198002e-02,8.897219737793293781e-02,8.868092263466834102e-02,8.840928281006439626e-02,8.815692586597742575e-02,8.792336324689473126e-02,8.770800764721257969e-02,8.751020499482843606e-02,8.732926113168934523e-02,8.716446377040040772e-02,8.701510034177822872e-02,8.688047233965701110e-02,8.675990673188763158e-02,8.665276495298551707e-02,8.655844993306389956e-02,8.647641155585623907e-02,8.640615087983162523e-02,8.634722340309337885e-02,8.629924160360348540e-02,8.626187694542832018e-02,8.623486150709508413e-02,8.621798935759254767e-02,8.621111778059976916e-02,8.621416842665806379e-02,8.622712845536910364e-02,8.625005171467994836e-02,8.628305999116248071e-02,8.632634435321256960e-02,8.638016659768724126e-02,8.644486079894747599e-02,8.652083494688020404e-02,8.660857264654826804e-02,8.670863483584653753e-02,8.682166145792614975e-02,8.694837300133631541e-02,8.708957179144503902e-02,8.724614288059520661e-02,8.741905434004768050e-02,8.760935670243903683e-02,8.781818123663816256e-02,8.804673665851484032e-02,8.829630378736759433e-02,8.856822754603915770e-02,8.886390557725629136e-02,8.918477260796944805e-02,8.953227954143026801e-02,8.990786610058722206e-02,9.031292569751556143e-02,9.074876107893409261e-02,9.121652922068913816e-02,9.171717394336589835e-02,9.225134482794791757e-02,9.281930124777730551e-02,9.342080069290101263e-02,9.405497095503834171e-02,9.472016587908548002e-02,9.541380351545800109e-02,9.613218168977197275e-02,9.687025398507977114e-02,9.762131280159964952e-02,9.837640599773302130e-02,9.912281741266106005e-02,9.983769380306511954e-02,1.003495504943713451e-01,1.009797546728333911e-01,1.016170452886415443e-01,1.022228673386069292e-01,1.027863412445590707e-01,1.033016386513719992e-01,1.037658549343120906e-01,1.041784449918570915e-01,1.045409007650307809e-01,1.048564326336732244e-01,1.051296153988272725e-01,1.053660125032760825e-01,1.055718057805948157e-01,1.057534569086763382e-01,1.059174195538498814e-01,1.060699122777838538e-01,1.062167541001545479e-01,1.063632583921085006e-01,1.065141768691419966e-01,1.066736836488583751e-01,1.068453891527506860e-01,1.070323745073760158e-01,1.072372385451430682e-01,1.074621511427579779e-01,1.077089082173619539e-01,1.079789850868962953e-01
6.591397849462365954e-01,1.091207412678865535e-01,1.086354790236224166e-01,1.081699639293308562e-01,1.077230182360031513e-01,1.072932949124200952e-01,1.068792605095073567e-01,1.064791805982066436e-01,1.060911101940817253e-01,1.057128921116566589e-01,1.053421666295013548e-01,1.049763960616492825e-01,1.046129076541871677e-01,1.042489574724840135e-01,1.038818164528369503e-01,1.035088774853449162e-01,1.031277793573644047e-01,1.027365399342961699e-01,1.023336876652596733e-01,1.019183781805479971e-01,1.014904823295089409e-01,1.010506345112107268e-01,1.006002372393959982e-01,1.001414359700348450e-01,9.967715114590144920e-02,9.921203357572504211e-02,9.878460374147024492e-02,9.832827180759141916e-02,9.787154157628860651e-02,9.742247446568477742e-02,9.698544836374470290e-02,9.656351522711394131e-02,9.615890354397811646e-02,9.577321242624881048e-02,9.540752332724643237e-02,9.506248387276665379e-02,9.473837955966138424e-02,9.443519792710439176e-02,9.415268631861187232e-02,9.389040336126058817e-02,9.364776415417942756e-02,9.342407929332241512e-02,9.321858804128588250e-02,9.303048609961528381e-02,9.285894853519467695e-02,9.270314845441215978e-02,9.256227201956583606e-02,9.243553037380883297e-02,9.232216899468032034e-02,9.222147494090782160e-02,9.213278239961736338e-02,9.205547688256690564e-02,9.198899836656120044e-02,9.193284362691374334e-02,9.188656796963151629e-02,9.184978653164728446e-02,9.182217528768261972e-02,9.180347187647693030e-02,9.179347633749482260e-02,9.179205183139359236e-02,9.179912540259183018e-02,9.181468882991900005e-02,9.183879960071145154e-02,9.187158203449607985e-02,9.191322857399113200e-02,9.196400125311481044e-02,9.202423334344875250e-02,9.209433117177311112e-02,9.217477609122901039e-02,9.226612657678168183e-02,9.236902040134993552e-02,9.248417683132130473e-02,9.261239875840603097e-02,9.275457465775917287e-02,9.291168022884237210e-02,9.308477953427059248e-02,9.327502540130459818e-02,9.348365878920723848e-02,9.371200675170457406e-02,9.396147853548052209e-02,9.423355925090551310e-02,9.452980043374015207e-02,9.485180668080067656e-02,9.520121739247534853e-02,9.557968249853475429e-02,9.598883088486191706e-02,9.643023009016678249e-02,9.690533571922127498e-02,9.741542894117091733e-02,9.796154042493196434e-02,9.854435911303636997e-02,9.916412431669383021e-02,9.982049959829268626e-02,1.005124264323917077e-01,1.012379537757631953e-01,1.019940340188302819e-01,1.027762595609559432e-01,1.035784657364343248e-01,1.043919599472290932e-01,1.052033980767488885e-01,1.059845504573784097e-01,1.065680180606002198e-01,1.073160335747826988e-01,1.080641074048358380e-01,1.087865429645366172e-01,1.094722830366759714e-01,1.101141498264537888e-01,1.107074989679818627e-01,1.112499119624705268e-01,1.117410405654146593e-01,1.121824189258197740e-01,1.125772078583264224e-01,1.129298820980566553e-01,1.132458874907816826e-01,1.135312979168413422e-01,1.137924976481825418e-01,1.140359074121963245e-01,1.142677641938679295e-01,1.144939574084411216e-01,1.147199184087338564e-01,1.149505566152239505e-01,1.151902337061122966e-01,1.154427668865711382e-01,1.157114528147851623e-01,1.159991048798540703e-01,1.163080978754355566e-01
6.634408602150537737e-01,1.161145550226841683e-01,1.157256884473309294e-01,1.153619906541920870e-01,1.150225045601658419e-01,1.147062012173909740e-01,1.144119769471838299e-01,1.141386507526426647e-01,1.138849629352820247e-01,1.136495759625473084e-01,1.134310787028404155e-01,1.132279951242179117e-01,1.130387984012279773e-01,1.128619310573099332e-01,1.126958312717492305e-01,1.125389648156937678e-01,1.123898613081953796e-01,1.122471527016750820e-01,1.121096112521586668e-01,1.119761838480168858e-01,1.118460195791272510e-01,1.117184878694458816e-01,1.115931852640841271e-01,1.114699294621621373e-01,1.113487341502291950e-01,1.112300625064845255e-01,1.111122311829185888e-01,1.109961372497042936e-01,1.108826837729817438e-01,1.107724783427491144e-01,1.106660123951206526e-01,1.105636956970418722e-01,1.104658670102089263e-01,1.103727991798016395e-01,1.102847033076839178e-01,1.102017333287236694e-01,1.101239912474074878e-01,1.100515329247562235e-01,1.099843741933517055e-01,1.099224970690608205e-01,1.098658558603464175e-01,1.098143830220724287e-01,1.097679946476045054e-01,1.097265955346527488e-01,1.096900837946486185e-01,1.096583550017957293e-01,1.096313058979825755e-01,1.096088376832387301e-01,1.095908589279408346e-01,1.095772881493811551e-01,1.095680560968969597e-01,1.095631077889590715e-01,1.095624043440940193e-01,1.095659246450164243e-01,1.095736668722896573e-01,1.095856499405877954e-01,1.096019148672807281e-01,1.096225260997786694e-01,1.096475728249057813e-01,1.096771702804541226e-01,1.097114610861121137e-01,1.097506166079846440e-01,1.097948383679337031e-01,1.098443595058233163e-01,1.098994462994295068e-01,1.099603997429756536e-01,1.100275571809890690e-01,1.101012939891669734e-01,1.101820252879760903e-01,1.102702076675590448e-01,1.103663408939212220e-01,1.104709695559160099e-01,1.105846845999443190e-01,1.107081246840512928e-01,1.108419772648200075e-01,1.109869793085889733e-01,1.111439174925279022e-01,1.113136277305730448e-01,1.114969938234742775e-01,1.116949449910551728e-01,1.119084519978627151e-01,1.121385215308626365e-01,1.123861884301021186e-01,1.126525053106165741e-01,1.129385290488938293e-01,1.132453035440472572e-01,1.135738380987862672e-01,1.139250807084190159e-01,1.142998854969616007e-01,1.146989734951494172e-01,1.151228859051139641e-01,1.155719289073670608e-01,1.160461088563436577e-01,1.165450561935794660e-01,1.170679351498620790e-01,1.176133332698091200e-01,1.181791172868465606e-01,1.187622221517198318e-01,1.193582819909720094e-01,1.199608059523580017e-01,1.205585942782916309e-01,1.211198360901884902e-01,1.214426949196986683e-01,1.219565571938428655e-01,1.224823808643318163e-01,1.229958820702288236e-01,1.234864700366818668e-01,1.239474193024604487e-01,1.243741651951064675e-01,1.247638437181871202e-01,1.251151189841310518e-01,1.254280655134289435e-01,1.257040362832020086e-01,1.259454994219184887e-01,1.261558468677862754e-01,1.263391866214764736e-01,1.265001325524729159e-01,1.266436046845898222e-01,1.267746500408252763e-01,1.268982905621642843e-01,1.270194010977756527e-01,1.271426174758184258e-01,1.272722724357161217e-01,1.274123557729428258e-01,1.275664943286286546e-01,1.277379472966881369e-01
6.677419354838709520e-01,1.215221372243380921e-01,1.210920542096015073e-01,1.206883479734064263e-01,1.203100467245980382e-01,1.199560834656811514e-01,1.196252974398992058e-01,1.193164365746668260e-01,1.190281619552220616e-01,1.187590553787459813e-01,1.185076309625838348e-01,1.182723515794606300e-01,1.180516505467439636e-01,1.178439585048216276e-01,1.176477348101493681e-01,1.174615021044034396e-01,1.172838820979970609e-01,1.171136301396239615e-01,1.169496659475398742e-01,1.167910980406549337e-01,1.166372399683895389e-01,1.164876173873198861e-01,1.163419662850225245e-01,1.162002229335389880e-01,1.160609708593448863e-01,1.159235993828892919e-01,1.157903100870502494e-01,1.156610074150384998e-01,1.155359844386160961e-01,1.154155318624909554e-01,1.152999091315258101e-01,1.151893369110243703e-01,1.150839943817050237e-01,1.149840188757612208e-01,1.148895071429906073e-01,1.148005178348096150e-01,1.147170748665362477e-01,1.146391713611911584e-01,1.145667739225593729e-01,1.144998270324603662e-01,1.144382574136089264e-01,1.143819782418312586e-01,1.143308931284527930e-01,1.142848998255801551e-01,1.142438936287749202e-01,1.142077704710812158e-01,1.141764297173565729e-01,1.141497766762180205e-01,1.141277248532313604e-01,1.141101979726590609e-01,1.140971317967872795e-01,1.140884757721379733e-01,1.140841945311859285e-01,1.140842692768090083e-01,1.140886990749991614e-01,1.140975020792966282e-01,1.141107167083353358e-01,1.141284027957374658e-01,1.141506427294299575e-01,1.141775425953687750e-01,1.142092333385029829e-01,1.142458719516949994e-01,1.142876427010976054e-01,1.143347583941484585e-01,1.143874616938029276e-01,1.144460264797387689e-01,1.145107592540688390e-01,1.145820005852049295e-01,1.146601265790953006e-01,1.147455503616136435e-01,1.148387235494944536e-01,1.149401376794356860e-01,1.150503255556780541e-01,1.151698624652211095e-01,1.152993671964682720e-01,1.154395027812002844e-01,1.155909768609623411e-01,1.157545415568200786e-01,1.159309926956680337e-01,1.161211682164158959e-01,1.163259455453650448e-01,1.165462376915592235e-01,1.167829877701618280e-01,1.170371616151361926e-01,1.173097380924549710e-01,1.176016966727811697e-01,1.179140017692785480e-01,1.182475832919014647e-01,1.186033128190730757e-01,1.189819747355648216e-01,1.193842316221237349e-01,1.198105830967008123e-01,1.202613171483476878e-01,1.207364526734729798e-01,1.212356711962465222e-01,1.217582341155632047e-01,1.223028780201329130e-01,1.228676713426878064e-01,1.234497910035196044e-01,1.240451028388486338e-01,1.246471473213344033e-01,1.252435776936391132e-01,1.257833563828766321e-01,1.261390578814691465e-01,1.266835414266491155e-01,1.272368179024667978e-01,1.277811192166654897e-01,1.283073151408255230e-01,1.288091736586029212e-01,1.292822078720479440e-01,1.297233660263468202e-01,1.301309297901223905e-01,1.305044502449104193e-01,1.308446662999256382e-01,1.311533897113811020e-01,1.314333577563006616e-01,1.316880624381515374e-01,1.319215681708360566e-01,1.321383300160285934e-01,1.323430228463623737e-01,1.325403891253751631e-01,1.327351100083629942e-01,1.329317016656518802e-01,1.331344364126008650e-01,1.333472865321552459e-01,1.335738876002736941e-01
6.720430107526882413e-01,6.705211758408098632e-02,6.690051617481544699e-02,6.676468609220086170e-02,6.664365960487758644e-02,6.653628644806384995e-02,6.644122005159130984e-02,6.635690707433146429e-02,6.628158245328845399e-02,6.621327246545163914e-02,6.614980843189798010e-02,6.608885357068362831e-02,6.602794503349435074e-02,6.596455227456153592e-02,6.589615159697806424e-02,6.582031510911255656e-02,6.573481067515447862e-02,6.563770828448181605e-02,6.552748860233577333e-02,6.540315363479787258e-02,6.526435483917163161e-02,6.511161377250448967e-02,6.494704764540533415e-02,6.478214475063309719e-02,6.459196095134682458e-02,6.436924568382122736e-02,6.413583697447403087e-02,6.389435056913682354e-02,6.364709385223746296e-02,6.339625243011595690e-02,6.314389555930730036e-02,6.289195257950745688e-02,6.264218842415603117e-02,6.239618561127056873e-02,6.215533443862403945e-02,6.192083104519986031e-02,6.169368216578492714e-02,6.147471510977951803e-02,6.126459147660943960e-02,6.106382325243688708e-02,6.087279013763888247e-02,6.069175718009522241e-02,6.052089201894947368e-02,6.036028124671376921e-02,6.020994557001785319e-02,6.006985358933804309e-02,5.993993412600793352e-02,5.982008710413308505e-02,5.971019305020475870e-02,5.961012130882505783e-02,5.951973709345860508e-02,5.943890750025419140e-02,5.936750661402447060e-02,5.930541983093246677e-02,5.925254751435772571e-02,5.920880809019302832e-02,5.917414067664221455e-02,5.914850733203513150e-02,5.913189499283143941e-02,5.912431716303209045e-02,5.912581540583227574e-02,5.913646067849133436e-02,5.915635454201380317e-02,5.918563026821720835e-02,5.922445385785488764e-02,5.927302497455800429e-02,5.933157779012075000e-02,5.940038172687794188e-02,5.947974207228627630e-02,5.957000042904551235e-02,5.967153495083753895e-02,5.978476029870633673e-02,5.991012723592234468e-02,6.004812175955845377e-02,6.019926364471533953e-02,6.036410425217240278e-02,6.054322342223029951e-02,6.073722524679790735e-02,6.094673247896196383e-02,6.117237930527270190e-02,6.141480217251313323e-02,6.167462833013737794e-02,6.195246172551840957e-02,6.224886587635423268e-02,6.256434334944623032e-02,6.289931150555380657e-02,6.325407423569297249e-02,6.362878952586813186e-02,6.402343285595743505e-02,6.443775667394505136e-02,6.487124649334680138e-02,6.532307453701002853e-02,6.579205227713040560e-02,6.627658363751220971e-02,6.677462094145857063e-02,6.728362570444491875e-02,6.780053568458574431e-02,6.832173734035444645e-02,6.884303678391429093e-02,6.935960580432400102e-02,6.986582801317604841e-02,7.035476334132052811e-02,7.081562724932649600e-02,7.113677400327342304e-02,7.145480674126726550e-02,7.179514528148338293e-02,7.211256743137603453e-02,7.239754495976677418e-02,7.264579789915012742e-02,7.285550448093007503e-02,7.302655021596131391e-02,7.316018480895822296e-02,7.325877554931915780e-02,7.332557956908321295e-02,7.336451903380970807e-02,7.337996264265525537e-02,7.337652213358392128e-02,7.335887223647137578e-02,7.333159999490096448e-02,7.329908620851957601e-02,7.326541880256905170e-02,7.323433563949587055e-02,7.320919278935641983e-02,7.319295352783672381e-02,7.318819319114762412e-02,7.319711530870065541e-02
6.763440860215054196e-01,6.814217998238875085e-02,6.796914538262575911e-02,6.781076513435313480e-02,6.766579705207466378e-02,6.753279141508336525e-02,6.741008681654450663e-02,6.729581262629853733e-02,6.718790049451345281e-02,6.708410727018045139e-02,6.698205136098644985e-02,6.687926384672442104e-02,6.677325454652666137e-02,6.666159177516273182e-02,6.654199285716237700e-02,6.641242088923271503e-02,6.627118221787656194e-02,6.611701939050684818e-02,6.594919748048250208e-02,6.576759212260009646e-02,6.557282374969805594e-02,6.536665796489339597e-02,6.515475577432700005e-02,6.493843526253376131e-02,6.468319192836934073e-02,6.441877958612793331e-02,6.414809905431212433e-02,6.387349640557789254e-02,6.359712181206088333e-02,6.332096819954438627e-02,6.304686259304653762e-02,6.277645153375560616e-02,6.251119062238862101e-02,6.225234060872440051e-02,6.200096994570555159e-02,6.175796280371823738e-02,6.152403124597086159e-02,6.129973025101042444e-02,6.108547440117558652e-02,6.088155525391553136e-02,6.068815862287864349e-02,6.050538119889027622e-02,6.033324612085974592e-02,6.017171725686468881e-02,6.002071207497559208e-02,5.988011307387986620e-02,5.974977780851732645e-02,5.962954759012196321e-02,5.951925496748111666e-02,5.941873011080567313e-02,5.932780622477919902e-02,5.924632411583626718e-02,5.917413603279557399e-02,5.911110889127223905e-02,5.905712698211455086e-02,5.901209425327563068e-02,5.897593624376226001e-02,5.894860173780099022e-02,5.893006419754040492e-02,5.892032302340013267e-02,5.891940468266630010e-02,5.892736373906214825e-02,5.894428380861202466e-02,5.897027846012720814e-02,5.900549207183795886e-02,5.905010064890017785e-02,5.910431259956469563e-02,5.916836946043153855e-02,5.924254655323225871e-02,5.932715354673019637e-02,5.942253488731605304e-02,5.952907005045610794e-02,5.964717355202757421e-02,5.977729464342897842e-02,5.991991659696578598e-02,6.007555546809222741e-02,6.024475819849701985e-02,6.042809989870417953e-02,6.062618012091371134e-02,6.083961790268414133e-02,6.106904533048126277e-02,6.131509934042713578e-02,6.157841144375504616e-02,6.185959503942622256e-02,6.215922996003720585e-02,6.247784389486280010e-02,6.281589035228837825e-02,6.317372287108141693e-02,6.355156527509914222e-02,6.394947789868143939e-02,6.436731989851945945e-02,6.480470801686986915e-02,6.526097246707275590e-02,6.573511095558258466e-02,6.622574218462756734e-02,6.673106039990352178e-02,6.724879243663688111e-02,6.777615781934584471e-02,6.830982973720906015e-02,6.884588729682944441e-02,6.937972836967164214e-02,6.990584228132623590e-02,7.041703186908755685e-02,7.090024436633121652e-02,7.122805108616626912e-02,7.161765283427341811e-02,7.200695736004238123e-02,7.237334027876581033e-02,7.270910282781939404e-02,7.301016823867727268e-02,7.327444935571743312e-02,7.350137453232762075e-02,7.369165940062599729e-02,7.384712715757339729e-02,7.397052606475622294e-02,7.406533540068181709e-02,7.413556570648033306e-02,7.418556361001431287e-02,7.421983140769369824e-02,7.424286932800082395e-02,7.425904532508557920e-02,7.427249417467408910e-02,7.428704504751416915e-02,7.430617483924675803e-02,7.433298337329904970e-02,7.437018607910152179e-02
6.806451612903225978e-01,7.489326595816686583e-02,7.463982897628226865e-02,7.440128334571481650e-02,7.417432348164471057e-02,7.395523116171014155e-02,7.373991651050930407e-02,7.352399081076411991e-02,7.330287525752331168e-02,7.307194662894511694e-02,7.282671638747277576e-02,7.256303432994434810e-02,7.227730236368057337e-02,7.196667943700517378e-02,7.162925637914016597e-02,7.126418051311676771e-02,7.087171503757515312e-02,7.045322755093892664e-02,7.001111671689443094e-02,6.954871383989856548e-02,6.907029113289323008e-02,6.858205489366939189e-02,6.816187562226164176e-02,6.769466975016374954e-02,6.720428869208217026e-02,6.671004024131760302e-02,6.621927535536285825e-02,6.573654963271134688e-02,6.526507747592610875e-02,6.480720614240562116e-02,6.436464011369553984e-02,6.393857883083248206e-02,6.352981665143882239e-02,6.313882229399131463e-02,6.276580461690592361e-02,6.241076786244074276e-02,6.207355807834660788e-02,6.175390189311956435e-02,6.145143861432069560e-02,6.116574652434549064e-02,6.089636418289268160e-02,6.064280748177030417e-02,6.040458312856243628e-02,6.018119916209462017e-02,5.997217302794959765e-02,5.977703766977405381e-02,5.959534602428824546e-02,5.942667424630034001e-02,5.927062393537404356e-02,5.912682358826878981e-02,5.899492946053423725e-02,5.887462598620779586e-02,5.876562587579863689e-02,5.866766998889223067e-02,5.858052705815681299e-02,5.850399332558285648e-02,5.843789213890768219e-02,5.838207354580206287e-02,5.833641391513214730e-02,5.830081560804072777e-02,5.827520671639682681e-02,5.825954088206667519e-02,5.825379720722757837e-02,5.825798026336231200e-02,5.827212020445577539e-02,5.829627298813101072e-02,5.833052070680874723e-02,5.837497202937581148e-02,5.842976275208480036e-02,5.849505645539115201e-02,5.857104526095808367e-02,5.865795067994734879e-02,5.875602453975192069e-02,5.886554997125089533e-02,5.898684243217970635e-02,5.912025073393496755e-02,5.926615802866407740e-02,5.942498270028084145e-02,5.959717908652459317e-02,5.978323793861185093e-02,5.998368649962203258e-02,6.019908805159902843e-02,6.043004074341058046e-02,6.067717546569949272e-02,6.094115248465523799e-02,6.122265648196876381e-02,6.152238957345888826e-02,6.184106179325950942e-02,6.217937843452005231e-02,6.253802353266468828e-02,6.291763866577899933e-02,6.331879613190416478e-02,6.374196544794409613e-02,6.418747199915525448e-02,6.465544654002262914e-02,6.514576406500353911e-02,6.565797021567308656e-02,6.619119256674495244e-02,6.674403207426631013e-02,6.731442465589534963e-02,6.789944824262933443e-02,6.849500640185254841e-02,6.909515987443164142e-02,6.969008369157514426e-02,7.025323926404894448e-02,7.077560935140614351e-02,7.138887412242449215e-02,7.198800596464458024e-02,7.256587590605627358e-02,7.311667867107868313e-02,7.363547668422272541e-02,7.411837146265901066e-02,7.456271342491509191e-02,7.496725402169363006e-02,7.533220783012729849e-02,7.565921531813449286e-02,7.595121271406031493e-02,7.621222724983849062e-02,7.644712341074616502e-02,7.666132825425853170e-02,7.686056179605103844e-02,7.705059314289328110e-02,7.723703608715799807e-02,7.742519078514936703e-02,7.761993204066086616e-02,7.782564020970715590e-02
6.849462365591398871e-01,8.181975546696106105e-02,8.145016501289728539e-02,8.109178921236405435e-02,8.074107477431033408e-02,8.039417635196918765e-02,8.004704978815281591e-02,7.969557508662467038e-02,7.933570688492523615e-02,7.896364597813848585e-02,7.857602099458353695e-02,7.817006547846265530e-02,7.774377334518384197e-02,7.729601578880246349e-02,7.682660570845575854e-02,7.633630150076756160e-02,7.582675009476862182e-02,7.530037908299834493e-02,7.476026246750339110e-02,7.421002502744439289e-02,7.365410657080753709e-02,7.313779988781293762e-02,7.264054296404921784e-02,7.210583049201790828e-02,7.156862083217437054e-02,7.103678915360066293e-02,7.051463358769737011e-02,7.000500213085275591e-02,6.950989686698616499e-02,6.903073269662468592e-02,6.856848240193995359e-02,6.812377414129798525e-02,6.769696454851201195e-02,6.728819681073600067e-02,6.689744805762984359e-02,6.652456838789200244e-02,6.616931300649486758e-02,6.583136855521821984e-02,6.551037451694383118e-02,6.520594044862870753e-02,6.491765970332413760e-02,6.464512022020939275e-02,6.438791288727946371e-02,6.414563791250856017e-02,6.391790957626589109e-02,6.370435968066986976e-02,6.350463996091339214e-02,6.331842367921108883e-02,6.314540658371374515e-02,6.298530738206337132e-02,6.283786785167189137e-02,6.270285268573816406e-02,6.258004915486441166e-02,6.246926664835193016e-02,6.237033614634311662e-02,6.228310966345750044e-02,6.220745969607344161e-02,6.214327869854609221e-02,6.209047860818805997e-02,6.204899043444814938e-02,6.201876392426450280e-02,6.199976731279759068e-02,6.199198716655566349e-02,6.199542832415481930e-02,6.201011393849155395e-02,6.203608562285268385e-02,6.207340370232972832e-02,6.212214757079785599e-02,6.218241615246670323e-02,6.225432846564327855e-02,6.233802428466873186e-02,6.243366489387686818e-02,6.254143392481936736e-02,6.266153826463444210e-02,6.279420901920211573e-02,6.293970250934061150e-02,6.309830127151891399e-02,6.327031502602782631e-02,6.345608156491498730e-02,6.365596749875011839e-02,6.387036878494088687e-02,6.409971094023146632e-02,6.434444881549385153e-02,6.460506578117414245e-02,6.488207213597978196e-02,6.517600250865838996e-02,6.548741197225350918e-02,6.581687053119929243e-02,6.616495557343045342e-02,6.653224180202994831e-02,6.691928807358971110e-02,6.732662047345853995e-02,6.775471085068136834e-02,6.820394991478824498e-02,6.867461385335063562e-02,6.916682323813605482e-02,6.968049268594686541e-02,7.021526917587218863e-02,7.077045572778531413e-02,7.134491438344323089e-02,7.193693556252223065e-02,7.254404217428971069e-02,7.316263881275988923e-02,7.378719242105739873e-02,7.440735401113005021e-02,7.497622231993353314e-02,7.559733025526969852e-02,7.626045209617851595e-02,7.691467813141332488e-02,7.755489751249619590e-02,7.817629641673999596e-02,7.877449703621239308e-02,7.934580370736835087e-02,7.988743306041876102e-02,8.039769350696022998e-02,8.087609382681561210e-02,8.132337019421860547e-02,8.174143107742844194e-02,8.213322917682518154e-02,8.250257729423557396e-02,8.285392953231401902e-02,8.319215010340921812e-02,8.352228969883825072e-02,8.384938481984037517e-02,8.417828990385317622e-02,8.451354658783774565e-02
6.892473118279570654e-01,8.960286292734685742e-02,8.909445451863040599e-02,8.859366804351684332e-02,8.809711651908030960e-02,8.760129250434509074e-02,8.710269802908598979e-02,8.659799129243873905e-02,8.608414207149162056e-02,8.555858464863562440e-02,8.501935500466348272e-02,8.446519868148569254e-02,8.389563748896394779e-02,8.331098708954580434e-02,8.271232294638923566e-02,8.210139833763810402e-02,8.148052438373952489e-02,8.085242883276340387e-02,8.022012480819833147e-02,7.958690055669315200e-02,7.895787659388575630e-02,7.841840503783238658e-02,7.782804303909485188e-02,7.723563509408840067e-02,7.665031233168276281e-02,7.607626338725063941e-02,7.551604336259373773e-02,7.497136078647140267e-02,7.444338027142921588e-02,7.393287753780945770e-02,7.344033586590191509e-02,7.296601413269315772e-02,7.250999847913343344e-02,7.207224311894043500e-02,7.165260316757178505e-02,7.125086121397353200e-02,7.086674880581149416e-02,7.049996372784152199e-02,7.015018377956350193e-02,6.981707764019597084e-02,6.950031331894010456e-02,6.919956461444651263e-02,6.891451594395178737e-02,6.864486584740230046e-02,6.839032942378940605e-02,6.815063991522353481e-02,6.792554961833262295e-02,6.771483027189541259e-02,6.751827304359640791e-02,6.733568821690556760e-02,6.716690466079562605e-02,6.701176914981091248e-02,6.687014558944641418e-02,6.674191419143768456e-02,6.662697063511480167e-02,6.652522524401424664e-02,6.643660220131343552e-02,6.636103882304983381e-02,6.629848490431428099e-02,6.624890215059318910e-02,6.621226370389561577e-02,6.618855377126725559e-02,6.617776736156889827e-02,6.617991013493487729e-02,6.619499836808488691e-02,6.622305903749073352e-02,6.626413002135701780e-02,6.631826042029953516e-02,6.638551099549896972e-02,6.646595472189420484e-02,6.655967745261590074e-02,6.666677868921855321e-02,6.678737245034233050e-02,6.692158822905933113e-02,6.706957202623602121e-02,6.723148744367883622e-02,6.740751681633422310e-02,6.759786235735469606e-02,6.780274728298303633e-02,6.802241687583564234e-02,6.825713943478885215e-02,6.850720704699206354e-02,6.877293610200205243e-02,6.905466744917053423e-02,6.935276607656545855e-02,6.966762016221825227e-02,6.999963931562379338e-02,7.034925178837497795e-02,7.071690038680092383e-02,7.110303676560579544e-02,7.150811371885441858e-02,7.193257501200869819e-02,7.237684221423003328e-02,7.284129789031788815e-02,7.332626438899181309e-02,7.383197730253608648e-02,7.435855243599354125e-02,7.490594473097436645e-02,7.547389685360107736e-02,7.606187363333047347e-02,7.666897510016404405e-02,7.729381237251523040e-02,7.793430716785118562e-02,7.858729944432232828e-02,7.924752738210713576e-02,7.990334531046625055e-02,8.050358441403143717e-02,8.122489485949303811e-02,8.194596676845260219e-02,8.266390155313252386e-02,8.337501726746852915e-02,8.407546417090362711e-02,8.476153890348683828e-02,8.542993674141569072e-02,8.607797036949824121e-02,8.670374969284402877e-02,8.730631048485788803e-02,8.788568138410315922e-02,8.844288430400372436e-02,8.897987040548048510e-02,8.949940061850200634e-02,9.000488489462959985e-02,9.050019709873496909e-02,9.098948252321638341e-02,9.147697282662550777e-02,9.196681952273443039e-02
6.935483870967742437e-01,1.741145555717366344e-01,1.724455864650634718e-01,1.708064013816541216e-01,1.691964374607965449e-01,1.676149430791172845e-01,1.660610737637060741e-01,1.645339736299899491e-01,1.630328399170879183e-01,1.615569690376341128e-01,1.601057837834383435e-01,1.586788427234463450e-01,1.572758341494885082e-01,1.558965579446752736e-01,1.545408993249956231e-01,1.532087985150515363e-01,1.519002202410895119e-01,1.506151272374636196e-01,1.493534675197760175e-01,1.481152596055985704e-01,1.469158918899485800e-01,1.457313894237416974e-01,1.445657853627918821e-01,1.434213317108717078e-01,1.422984813515996427e-01,1.411972704391488143e-01,1.401175837703971805e-01,1.390592495449336496e-01,1.380220857796346234e-01,1.370059280601952367e-01,1.360106483294648561e-01,1.350361685341477935e-01,1.340824708510917340e-01,1.331496053527805312e-01,1.322376955786277453e-01,1.313469422839552425e-01,1.304776255358936488e-01,1.296301052698966838e-01,1.288048203914231027e-01,1.280022864945428718e-01,1.272230922675038622e-01,1.264678946614503363e-01,1.257374129103257521e-01,1.250324215057244392e-01,1.243537422484156663e-01,1.237022355167198967e-01,1.230787909092623394e-01,1.224843174342467172e-01,1.219197334278177003e-01,1.213859563889887611e-01,1.208838929172737636e-01,1.204144289308797244e-01,1.199784203282821815e-01,1.195766842347145836e-01,1.192099909485702519e-01,1.188790566725899112e-01,1.185845370828048778e-01,1.183270217566180921e-01,1.181070294523672154e-01,1.179250042080547956e-01,1.177813122084674369e-01,1.176762393586299055e-01,1.176099894980889987e-01,1.175826831947433260e-01,1.175943570679561234e-01,1.176449636071936061e-01,1.177343714724555374e-01,1.178623662840832809e-01,1.180286519298888587e-01,1.182328524346457077e-01,1.184745144489087049e-01,1.187531104194563952e-01,1.190680425014681160e-01,1.194186472626693890e-01,1.198042012126130096e-01,1.202239271670560994e-01,1.206770014296422167e-01,1.211625617427368046e-01,1.216797159284591784e-01,1.222275511116671237e-01,1.228051433909154860e-01,1.234115678026930507e-01,1.240459084096875025e-01,1.247072683360395534e-01,1.253947795715901758e-01,1.261076123726658782e-01,1.268449840980383214e-01,1.276061673343702740e-01,1.283904971842093345e-01,1.291973776100751869e-01,1.300262867488307106e-01,1.308767811300577677e-01,1.317484987491732151e-01,1.326411609594822794e-01,1.335545731561573746e-01,1.344886242281623789e-01,1.354432847500220694e-01,1.364186038715679561e-01,1.374147048357385881e-01,1.384317790019214678e-01,1.394700781515309795e-01,1.405299046453896972e-01,1.416115985304054470e-01,1.427155194644007530e-01,1.438420174900071624e-01,1.449913707076880276e-01,1.461635464915778393e-01,1.473631759492012305e-01,1.485869865848349625e-01,1.498350480028749765e-01,1.511086002037013154e-01,1.524082994746816799e-01,1.537346317000632956e-01,1.550880001727932833e-01,1.564687644736322547e-01,1.578772669410075935e-01,1.593138543843394817e-01,1.607788958297027004e-01,1.622727947558775807e-01,1.637959934086374303e-01,1.653489666421566473e-01,1.669322030873376661e-01,1.685461721318654849e-01,1.701912760514502077e-01,1.718677874789587279e-01,1.735757730749133976e-01
6.978494623655914220e-01,1.933495805606610940e-01,1.914950962168031068e-01,1.896635559476289867e-01,1.878558307192689514e-01,1.860724912335446624e-01,1.843139099955615479e-01,1.825803422997507863e-01,1.808719858540923375e-01,1.791890199765683866e-01,1.775316265028639706e-01,1.758999955565418161e-01,1.742943200256951430e-01,1.727147829374219290e-01,1.711615420619590211e-01,1.696347165135585755e-01,1.681343826628498017e-01,1.666606005149799952e-01,1.652135980811580973e-01,1.638047876673278946e-01,1.624159187292473494e-01,1.610458501844967416e-01,1.596986737095198450e-01,1.583748889696066087e-01,1.570744277631312136e-01,1.557970375969486843e-01,1.545424045053102324e-01,1.533102106538562770e-01,1.521001685092952249e-01,1.509120443130719802e-01,1.497456756357806174e-01,1.486009850623060125e-01,1.474779909669643452e-01,1.463768158476645154e-01,1.452976924470276154e-01,1.442409677632164600e-01,1.432071049881520897e-01,1.421966833811099395e-01,1.412103960796785573e-01,1.402490458616466040e-01,1.393135388968461674e-01,1.384048765645251866e-01,1.375241454566892563e-01,1.366725057380466790e-01,1.358511780853400575e-01,1.350614294791445402e-01,1.343045581658161014e-01,1.335818781421025114e-01,1.328947035366441209e-01,1.322443332680814931e-01,1.316320363470243060e-01,1.310590381580244990e-01,1.305265080087311402e-01,1.300355481688609816e-01,1.295871845453163695e-01,1.291823590562161395e-01,1.288219236818653191e-01,1.285066360902656635e-01,1.282371566648519978e-01,1.280140467075773503e-01,1.278377675554246418e-01,1.277086803353708055e-01,1.276270460925746364e-01,1.275930260581338016e-01,1.276066818735082375e-01,1.276679756543665778e-01,1.277767698518272599e-01,1.279328269477791324e-01,1.281358090966283059e-01,1.283852778924267080e-01,1.286806944923477580e-01,1.290214203606273313e-01,1.294067189085882918e-01,1.298357582951042422e-01,1.303076156185200007e-01,1.308212826780886517e-01,1.313756734142398075e-01,1.319696330576116960e-01,1.326019489324106182e-01,1.332713627763688347e-01,1.339765843629546205e-01,1.347163061463709233e-01,1.354892186002121801e-01,1.362940258885462219e-01,1.371294614948478652e-01,1.379943034388744771e-01,1.388873887326393664e-01,1.398076267612387569e-01,1.407540113189704456e-01,1.417256310821626286e-01,1.427216783535717459e-01,1.437414559654497936e-01,1.447843822763563160e-01,1.458499942377277925e-01,1.469379485381460404e-01,1.480480208544265597e-01,1.491801032475457423e-01,1.503341997363306093e-01,1.515104200593055672e-01,1.527089715885797117e-01,1.539301492739220401e-01,1.551743233348291395e-01,1.564419240942452327e-01,1.577334226126022032e-01,1.590493038460449315e-01,1.603900227932668898e-01,1.617559058061204535e-01,1.631466608416224928e-01,1.645542515832529862e-01,1.659940704996577532e-01,1.674633172266602466e-01,1.689619890438994465e-01,1.704902560374254306e-01,1.720482557594567308e-01,1.736360519502627708e-01,1.752536256711293705e-01,1.769008770909573369e-01,1.785776310107645704e-01,1.802836420787254923e-01,1.820185961180197931e-01,1.837821039807273904e-01,1.855736844019902632e-01,1.873927326457167919e-01,1.892384723398860824e-01,1.911098887355069109e-01,1.930056425663393693e-01
7.021505376344086002e-01,3.275513464881851800e-01,3.257690541294294140e-01,3.238779399281599414e-01,3.218707931784000609e-01,3.197366207257596460e-01,3.174603274808563969e-01,3.150223125326132023e-01,3.123979871259741081e-01,3.095572319323071087e-01,3.064638279073738647e-01,3.030749208876594714e-01,2.993406206841578987e-01,2.952039026891042361e-01,2.906011050326408052e-01,2.854636043829794079e-01,2.797222034752390174e-01,2.733208555573419796e-01,2.663318063683824399e-01,2.581484810758932769e-01,2.487319720427465242e-01,2.383625830176116234e-01,2.270802504942384670e-01,2.149871204279869552e-01,2.022565033917615163e-01,1.891335292185335193e-01,1.759247172930838987e-01,1.629756469137708663e-01,1.506390689159717300e-01,1.392389983612015991e-01,1.290381041718355881e-01,1.202150741140648182e-01,1.128557432748202999e-01,1.069579032670660290e-01,1.024464661884372241e-01,9.919408497809420466e-02,9.704251864180775400e-02,9.582135485329983104e-02,9.536235643875279333e-02,9.550909255120328123e-02,9.612240292020093890e-02,9.708264195428485677e-02,9.828970085890911812e-02,9.966166814235488669e-02,1.011327821890062595e-01,1.026511257351401946e-01,1.041763438746929199e-01,1.056775429795805410e-01,1.071314436107287382e-01,1.085208075637778130e-01,1.098331287313122490e-01,1.110595619875994061e-01,1.121940581989415570e-01,1.132326728286899564e-01,1.141730178827068398e-01,1.150138305377276515e-01,1.157546357815149030e-01,1.163954842612716090e-01,1.169367500419291189e-01,1.173789760288789230e-01,1.177227574073316796e-01,1.179686556348992638e-01,1.181171373566769350e-01,1.181685341618327612e-01,1.181230204355883384e-01,1.179806077460379410e-01,1.177411553035871278e-01,1.174043971016226623e-01,1.169699874491430397e-01,1.164375677990130836e-01,1.158068591212659953e-01,1.150777856337394239e-01,1.142506375501152471e-01,1.133262827038413190e-01,1.123064395146292499e-01,1.111940268180430791e-01,1.099936095671332770e-01,1.087119632354286436e-01,1.073587836390335337e-01,1.059475723169700512e-01,1.044967295912615779e-01,1.030308863283083964e-01,1.015824986121593027e-01,1.001937130321842867e-01,9.891847838451478525e-02,9.782482474673204198e-02,9.699714422424626781e-02,9.653818082447514215e-02,9.657026637843338368e-02,9.723513454208777829e-02,9.869144012338647298e-02,1.011089803208783666e-01,1.046586805882419036e-01,1.094978298205900313e-01,1.157509675122105341e-01,1.234882492914210067e-01,1.327047857205060355e-01,1.433057560105706618e-01,1.551022258138838039e-01,1.678209322203762510e-01,1.811279582324985815e-01,1.946622886399363983e-01,2.080723571711537989e-01,2.210481268268305599e-01,2.333431030250400773e-01,2.447838738099762657e-01,2.552675579749255075e-01,2.647467519075547004e-01,2.727723707964730959e-01,2.797083285311574574e-01,2.861150772972080869e-01,2.918725683125170112e-01,2.970299956219702442e-01,3.016545446120632579e-01,3.058140365978607167e-01,3.095716238437489776e-01,3.129838179042277457e-01,3.160998965447762155e-01,3.189619830982341475e-01,3.216054609151772214e-01,3.240595366075126327e-01,3.263478429446767803e-01,3.284890169622677880e-01,3.304972164576308602e-01,3.323825556913891366e-01,3.341514526613427183e-01
7.064516129032258895e-01,3.401650379877100283e-01,3.381228584604793475e-01,3.357481939708170660e-01,3.330077786169083898e-01,3.298604506793003099e-01,3.262566752012126536e-01,3.221382538293558473e-01,3.174383902290743853e-01,3.120823495992751107e-01,3.059890319713008955e-01,2.990738607379002101e-01,2.912534491053550001e-01,2.824525114063463627e-01,2.726133891188470271e-01,2.617083809670390782e-01,2.497553199295167725e-01,2.368456271028018256e-01,2.230737410322498615e-01,2.084720584198573035e-01,1.936377607664516720e-01,1.789520240335213952e-01,1.648202600877572699e-01,1.516329224489862959e-01,1.397254039218401578e-01,1.293458126207624459e-01,1.206370243756978294e-01,1.136352247289187101e-01,1.082827679721625608e-01,1.044502502050836390e-01,1.019619175087991825e-01,1.006195438491750832e-01,1.002217951252679651e-01,1.005779703841605671e-01,1.015163757269558903e-01,1.028883232892856964e-01,1.045689750619529929e-01,1.064561636797530797e-01,1.084680918968108504e-01,1.105405538949132821e-01,1.126240944356646234e-01,1.146813474612342898e-01,1.166846740254651182e-01,1.186141411607660734e-01,1.204558370698430858e-01,1.222004936532880143e-01,1.238423768983274303e-01,1.253784034120358493e-01,1.268074436221723333e-01,1.281297765266753985e-01,1.293466659443848754e-01,1.304600332289509168e-01,1.314722059689729383e-01,1.323857261552982001e-01,1.332032046263182390e-01,1.339272113446366153e-01,1.345601932849267712e-01,1.351044135017120951e-01,1.355619063740467756e-01,1.359344451604039550e-01,1.362235189012304393e-01,1.364303164287227477e-01,1.365557158255145676e-01,1.366002781508565411e-01,1.365642446539795385e-01,1.364475370444451219e-01,1.362497607106209763e-01,1.359702110903850125e-01,1.356078837222643996e-01,1.351614888613371646e-01,1.346294719539942175e-01,1.340100417547032963e-01,1.333012084651561124e-01,1.325008350169624705e-01,1.316067055447950052e-01,1.306166162577978018e-01,1.295284953716886456e-01,1.283405605795272519e-01,1.270515247890266763e-01,1.256608636127407308e-01,1.241691614265137272e-01,1.225785567400455023e-01,1.208933121060982441e-01,1.191205386481596767e-01,1.172711100819417984e-01,1.153608050080321829e-01,1.134117177770315454e-01,1.114539749053858469e-01,1.095277819642891948e-01,1.076857992959464744e-01,1.059957957882228102e-01,1.045434480499950330e-01,1.034350265461505547e-01,1.027995320503750365e-01,1.027896165540154311e-01,1.035803662607257397e-01,1.053648035599710348e-01,1.083448984176402369e-01,1.127171423003452827e-01,1.186525221295322424e-01,1.262721456049527013e-01,1.356216736645666221e-01,1.466495790257146270e-01,1.591951716655237714e-01,1.729913873739668262e-01,1.876841745477752232e-01,2.028655984045976690e-01,2.181126195469009488e-01,2.330129322277006143e-01,2.467621069693514135e-01,2.598216288174503008e-01,2.719089922773825219e-01,2.829160721049187033e-01,2.928260359969566129e-01,3.016707380871702093e-01,3.095124921378907823e-01,3.164308702223140868e-01,3.225128526386929484e-01,3.278458265993169918e-01,3.325129444661907296e-01,3.365903161982453096e-01,3.401455413528777783e-01,3.432371611445065307e-01,3.459147008551553548e-01,3.482190588075395610e-01,3.501830710859119011e-01
7.107526881720430678e-01,1.950747179490814887e-01,1.878190517229159640e-01,1.802982454602269358e-01,1.727371987466363723e-01,1.653742804534239497e-01,1.584443312249917968e-01,1.521604521041166891e-01,1.466974815713450175e-01,1.421798922573020985e-01,1.386759241624508643e-01,1.361984142749283477e-01,1.347114529478777023e-01,1.341411307016231458e-01,1.343885341243488962e-01,1.353443218959533290e-01,1.369114843428089756e-01,1.396303375374227107e-01,1.423585764477280635e-01,1.449976857214530790e-01,1.476908247145745368e-01,1.504199431202488946e-01,1.531506978692208087e-01,1.558500034940742407e-01,1.584901201987164443e-01,1.610493666807608359e-01,1.635117318156956712e-01,1.658661206708147706e-01,1.681055213768595513e-01,1.702262127923074575e-01,1.722270609864351987e-01,1.741089188803850996e-01,1.758741272731193517e-01,1.775261081363520566e-01,1.790690382711434825e-01,1.805075909924292732e-01,1.818467342592836045e-01,1.830915749420431726e-01,1.842472403527391778e-01,1.853187895720909695e-01,1.863111483914437205e-01,1.872290628140360347e-01,1.880770670199475858e-01,1.888594625019187068e-01,1.895803057416046433e-01,1.902434023364885651e-01,1.908523059255527454e-01,1.914103206139815827e-01,1.919205058791631779e-01,1.923856831647917931e-01,1.928084435481136338e-01,1.931911560061161937e-01,1.935359759175762917e-01,1.938448535246949378e-01,1.941195421462803550e-01,1.943616059871492163e-01,1.945724274294821088e-01,1.947532137232841631e-01,1.949050030171506631e-01,1.950286696888091920e-01,1.951249289485221527e-01,1.951943406987269869e-01,1.952373126407213333e-01,1.952541026249318967e-01,1.952448202453755943e-01,1.952094276824093422e-01,1.951477398006575825e-01,1.950594235119614273e-01,1.949439964164886852e-01,1.948008247391868619e-01,1.946291205842155259e-01,1.944279385371746605e-01,1.941961716545130556e-01,1.939325468923701612e-01,1.936356200439397213e-01,1.933037702764891785e-01,1.929351943878243048e-01,1.925279009388786711e-01,1.920797044664252773e-01,1.915882200401958502e-01,1.910508585054161157e-01,1.904648228486243988e-01,1.898271062470290593e-01,1.891344925152777801e-01,1.883835598560053837e-01,1.875706890608196398e-01,1.866920776069307120e-01,1.857437614641516965e-01,1.847216468813466517e-01,1.836215549764942112e-01,1.824392826260945455e-01,1.811706839528326174e-01,1.798117776548945890e-01,1.783588865062281648e-01,1.768088165630667674e-01,1.751590848804452094e-01,1.734082057499495011e-01,1.715560463820298698e-01,1.696042631472267082e-01,1.675568282047556479e-01,1.654206522387871858e-01,1.632062996370644559e-01,1.609287730628493618e-01,1.586083051187598958e-01,1.562710124252999766e-01,1.539490780042162277e-01,1.516796180166389563e-01,1.494996388905364126e-01,1.474255907036303159e-01,1.452877147287653659e-01,1.433411764327886528e-01,1.426511681981036117e-01,1.426400828436748258e-01,1.434079971207349036e-01,1.450593009684318646e-01,1.476822959774653499e-01,1.513350321768873741e-01,1.560327673996628750e-01,1.617381302789048514e-01,1.683559199005332796e-01,1.757341858493721432e-01,1.836722203472776760e-01,1.919346783606956652e-01,2.002696852281037887e-01,2.084279671299957559e-01,2.161800175998959683e-01
7.150537634408602461e-01,1.681883331345044030e-01,1.643098347060880093e-01,1.607121339871375731e-01,1.575328601555504304e-01,1.548851462268209522e-01,1.528507098857938007e-01,1.514763290739664647e-01,1.507739745814668797e-01,1.507242128585667140e-01,1.512820137096518025e-01,1.523838931311297107e-01,1.539554109168728424e-01,1.559184213815473508e-01,1.581983683078844183e-01,1.607355335908200178e-01,1.635611129598429359e-01,1.670869746296515801e-01,1.699681686869138619e-01,1.727404605933669790e-01,1.754283780989754626e-01,1.780270693140134641e-01,1.805270712415420753e-01,1.829197231547615710e-01,1.851985902489528824e-01,1.873596787627920812e-01,1.894012316719090316e-01,1.913233869062011538e-01,1.931278116821875113e-01,1.948173602517439262e-01,1.963957732868425732e-01,1.978674236129785435e-01,1.992371066880039565e-01,2.005098714470159582e-01,2.016908861554561339e-01,2.027853338466717170e-01,2.037983322971814448e-01,2.047348740590976268e-01,2.055997826882432766e-01,2.063976819070014734e-01,2.071329749885681415e-01,2.078098321306777740e-01,2.084321839993107106e-01,2.090037199705107873e-01,2.095278898877717677e-01,2.100079083903970967e-01,2.104467610631588215e-01,2.108472118154579300e-01,2.112118110259511850e-01,2.115429040911103176e-01,2.118426400981763547e-01,2.121129804082861892e-01,2.123557069871644665e-01,2.125724303615369182e-01,2.127645971113133472e-01,2.129334968323111366e-01,2.130802685234912952e-01,2.132059063671852273e-01,2.133112648818108192e-01,2.133970634346989970e-01,2.134638901085904872e-01,2.135122049195190275e-01,2.135423423866375237e-01,2.135545134565207115e-01,2.135488067855319805e-01,2.135251893847277538e-01,2.134835066322522956e-01,2.134234816587159411e-01,2.133447141118348656e-01,2.132466783077740236e-01,2.131287207784448856e-01,2.129900572268081937e-01,2.128297689062040310e-01,2.126467984452937998e-01,2.124399451478553025e-01,2.122078598068093680e-01,2.119490390852936113e-01,2.116618195349850295e-01,2.113443713442483829e-01,2.109946919373691943e-01,2.106105995822105392e-01,2.101897272094624125e-01,2.097295167038292496e-01,2.092272139990123958e-01,2.086798653972577189e-01,2.080843156441461728e-01,2.074372084247904646e-01,2.067349901136033563e-01,2.059739178120285064e-01,2.051500729532934608e-01,2.042593820465790355e-01,2.032976464808731454e-01,2.022605837148426511e-01,2.011438826435216209e-01,1.999432764473942359e-01,1.986546367726877982e-01,1.972740936171645809e-01,1.957981857136465165e-01,1.942240463506063330e-01,1.925496291486655798e-01,1.907739767853892654e-01,1.888975320226084775e-01,1.869224826751520463e-01,1.848531162518346205e-01,1.826961264489686543e-01,1.804607380509302417e-01,1.781583257191588221e-01,1.758006275540620889e-01,1.733933977482029765e-01,1.709080883952769359e-01,1.678027915546593807e-01,1.655950052483707025e-01,1.636998548020300870e-01,1.621121168775644383e-01,1.608961242370930689e-01,1.601263705414465444e-01,1.598775724144099186e-01,1.602174574955841924e-01,1.611994487452966529e-01,1.628552425975827445e-01,1.651880147615303052e-01,1.681672918363967817e-01,1.717265461714844454e-01,1.757642944719614575e-01,1.801489403165534853e-01,1.847269190884368306e-01
7.193548387096774244e-01,1.698876453676011755e-01,1.692366338474716181e-01,1.689398354619392750e-01,1.690345397842735187e-01,1.695370213334227161e-01,1.704435379461022027e-01,1.717329033675698835e-01,1.733701338141604709e-01,1.753106156027045837e-01,1.775043048736443252e-01,1.798996271786104384e-01,1.824469946407490939e-01,1.851023498295702452e-01,1.878329410164501778e-01,1.906434233680305568e-01,1.940082103097767463e-01,1.967706089933483893e-01,1.993381661317476794e-01,2.017710361265666885e-01,2.040803039843718247e-01,2.062681333534674699e-01,2.083349352734031878e-01,2.102813707954482858e-01,2.121089328498112769e-01,2.138200382428408486e-01,2.154179377170097887e-01,2.169065638220811776e-01,2.182903672611214152e-01,2.195741634893995653e-01,2.207629982120832557e-01,2.218620341865695234e-01,2.228764587619022353e-01,2.238114102454831222e-01,2.246719206847488937e-01,2.254628725796678501e-01,2.261889671851256556e-01,2.268547023016823927e-01,2.274643577247291160e-01,2.280219867916696841e-01,2.285314127166074294e-01,2.289962286251608636e-01,2.294198003958344001e-01,2.298052715798194756e-01,2.301555698104820746e-01,2.304734142299967870e-01,2.307613235564633380e-01,2.310216244938015084e-01,2.312564602507755362e-01,2.314677989877471365e-01,2.316574420515280786e-01,2.318270318925567952e-01,2.319780595851641813e-01,2.321118718929852665e-01,2.322296778380802951e-01,2.323325547452283479e-01,2.324214537426421145e-01,2.324972047078369408e-01,2.325605206527975310e-01,2.326120015465609758e-01,2.326521375759767196e-01,2.326813118471788011e-01,2.326998025312342899e-01,2.327077844579607258e-01,2.327053301618444148e-01,2.326924103838969859e-01,2.326688940329132427e-01,2.326345476092517572e-01,2.325890340941149659e-01,2.325319113072650545e-01,2.324626297366062244e-01,2.323805298438824107e-01,2.322848388524141050e-01,2.321746670252984313e-01,2.320490034460586104e-01,2.319067113187532891e-01,2.317465228113601006e-01,2.315670334750672132e-01,2.313666962837318541e-01,2.311438153525084138e-01,2.308965394134581683e-01,2.306228551495511370e-01,2.303205805179359411e-01,2.299873582300281938e-01,2.296206496010795017e-01,2.292177290373907939e-01,2.287756794970581542e-01,2.282913893422043594e-01,2.277615510997353376e-01,2.271826627660286924e-01,2.265510324312836055e-01,2.258627871634363571e-01,2.251138872807674496e-01,2.243001473553941638e-01,2.234172655222507742e-01,2.224608629082129307e-01,2.214265352213180826e-01,2.203099187077215138e-01,2.191067727175029234e-01,2.178130808821167330e-01,2.164251721470900058e-01,2.149398611611507415e-01,2.133546039020266794e-01,2.116676570808336821e-01,2.098782147342723725e-01,2.079864625230914699e-01,2.059934121029196319e-01,2.039001657127734735e-01,2.017055595084954467e-01,1.993979661095977851e-01,1.969099621645808984e-01,1.939090943639876774e-01,1.915448515746467906e-01,1.892818499444270941e-01,1.871280261596368899e-01,1.851199394919066932e-01,1.833026424939808441e-01,1.817247125733952862e-01,1.804347737851380862e-01,1.794778896152117720e-01,1.788915903049543565e-01,1.787017029845241745e-01,1.789183707411291513e-01,1.795327776386739516e-01,1.805151303647864469e-01,1.818143605157555298e-01
7.236559139784946026e-01,2.444040331458673110e-01,2.462591288089499286e-01,2.481465160108044243e-01,2.500566938239171533e-01,2.519781333476427410e-01,2.538981198646754756e-01,2.558035571015473963e-01,2.576816934805300496e-01,2.595207568524173225e-01,2.613105210241076781e-01,2.630428943571592737e-01,2.647128012654120233e-01,2.663203498488516674e-01,2.678801492493920744e-01,2.696760922033618613e-01,2.711126097115087452e-01,2.723488481350068713e-01,2.734664154698027705e-01,2.744825760040254248e-01,2.754058536883917663e-01,2.762422189131460981e-01,2.769967322787805775e-01,2.776741082039028141e-01,2.782789229904687467e-01,2.788156849490904809e-01,2.792888468608678010e-01,2.797027944594538407e-01,2.800618262112083423e-01,2.803701315730012245e-01,2.806317710625799711e-01,2.808506595587304533e-01,2.810305532673971762e-01,2.811750402900349277e-01,2.812875344866409000e-01,2.813712722218733586e-01,2.814293115543963775e-01,2.814645334427371970e-01,2.814796445742512865e-01,2.814771814667665906e-01,2.814595155373632585e-01,2.814288588769419674e-01,2.813872705097819060e-01,2.813366629541989017e-01,2.812788089324977370e-01,2.812153481066164140e-01,2.811477937397448557e-01,2.810775392045306575e-01,2.810058642754693081e-01,2.809339411573806844e-01,2.808628402133032664e-01,2.807935353649744781e-01,2.807269091464101862e-01,2.806637573976060174e-01,2.806047935899239065e-01,2.805506527786536530e-01,2.805018951810383521e-01,2.804590093801089812e-01,2.804224151560789635e-01,2.803924659481664139e-01,2.803694509499975451e-01,2.803535968421966840e-01,2.803450691654756910e-01,2.803439733374556986e-01,2.803503553159754635e-01,2.803642019111586281e-01,2.803854407479541844e-01,2.804139398803870975e-01,2.804495070581680682e-01,2.804918886459324412e-01,2.805407681950971011e-01,2.805957646681321860e-01,2.806564303152728201e-01,2.807222482039644640e-01,2.807926294022338176e-01,2.808669098183275703e-01,2.809443467007441964e-01,2.810241148052176063e-01,2.811053022384376598e-01,2.811869059923977621e-01,2.812678271885876713e-01,2.813468660577574942e-01,2.814227166891342669e-01,2.814939615928605532e-01,2.815590661313658316e-01,2.816163728897302376e-01,2.816640960721707998e-01,2.817003160316211008e-01,2.817229740628227619e-01,2.817298676158848658e-01,2.817186461175041345e-01,2.816868076203297711e-01,2.816316965368683700e-01,2.815505027508804492e-01,2.814402624341277304e-01,2.812978609240267547e-01,2.811200380301669410e-01,2.809033961200979590e-01,2.806444112627977661e-01,2.803394475394738183e-01,2.799847742906138026e-01,2.795765854180307097e-01,2.791110186368748747e-01,2.785841702409016518e-01,2.779920963460703609e-01,2.773307819893243154e-01,2.765960378015473453e-01,2.757832293451681904e-01,2.748865835449759154e-01,2.738972243745222968e-01,2.727958958942797718e-01,2.714881216184800716e-01,2.699335853138176700e-01,2.686128813761596845e-01,2.672511620996052550e-01,2.658392635861176467e-01,2.643789626644389990e-01,2.628759513102564283e-01,2.613381376810987033e-01,2.597748761048047639e-01,2.581963868187033828e-01,2.566131687749655943e-01,2.550353469326007150e-01,2.534719493170497495e-01,2.519301403196694822e-01,2.504144591563273181e-01
7.279569892473118919e-01,2.704450421866244625e-01,2.726875644168433865e-01,2.748897443131268492e-01,2.770441525951249928e-01,2.791427311784429044e-01,2.811773680557568822e-01,2.831404047194756579e-01,2.850250739885025753e-01,2.868258902076288863e-01,2.885390574660371965e-01,2.901630737632673318e-01,2.917001126904619213e-01,2.931609468581138356e-01,2.946072407752318156e-01,2.961687452557947298e-01,2.973026044903630538e-01,2.983014526674087619e-01,2.991902134759138465e-01,2.999800410884512214e-01,3.006785141773303804e-01,3.012919023461650414e-01,3.018259015826256775e-01,3.022859110196112198e-01,3.026771396004314107e-01,3.030046422488139046e-01,3.032733256496477070e-01,3.034879414560091027e-01,3.036530752957027346e-01,3.037731355810564526e-01,3.038523439744592047e-01,3.038947282609110734e-01,3.039041178069081806e-01,3.038841414915409156e-01,3.038382278542447468e-01,3.037696071462504532e-01,3.036813149614631113e-01,3.035761971366560674e-01,3.034569156373159160e-01,3.033259551775580598e-01,3.031856303557349253e-01,3.030380931195225114e-01,3.028853404039553165e-01,3.027292218126678147e-01,3.025714472361518137e-01,3.024135943213801525e-01,3.022571157245851348e-01,3.021033460939310800e-01,3.019535087412658636e-01,3.018087219724459036e-01,3.016700050542107658e-01,3.015382838026133272e-01,3.014143957832556842e-01,3.012990951182997756e-01,3.011930568982025269e-01,3.010968811990022975e-01,3.010110967074872135e-01,3.009361639581388248e-01,3.008724781862016640e-01,3.008203718018595541e-01,3.007801164903543545e-01,3.007519249428121655e-01,3.007359522219816284e-01,3.007322967667117042e-01,3.007410010380809351e-01,3.007620518095601714e-01,3.007953801026110874e-01,3.008408607684595615e-01,3.008983117158911536e-01,3.009674927842890813e-01,3.010481042604637447e-01,3.011397850373481733e-01,3.012421104123244042e-01,3.013545895228581517e-01,3.014766624172866560e-01,3.016076967591701519e-01,3.017469841644958017e-01,3.018937361725260726e-01,3.020470798530482393e-01,3.022060530555222280e-01,3.023695993092088696e-01,3.025365623878180643e-01,3.027056805579984022e-01,3.028755805377950083e-01,3.030447711999065263e-01,3.032116370646055770e-01,3.033744316394945684e-01,3.035312706775454283e-01,3.036801254415110729e-01,3.038188160820080030e-01,3.039450052581516015e-01,3.040561921535941958e-01,3.041497070665606928e-01,3.042227067790706507e-01,3.042721709361148608e-01,3.042948996868168332e-01,3.042875128514432315e-01,3.042464508712957594e-01,3.041679777579933686e-01,3.040481861590633161e-01,3.038830044530199670e-01,3.036682053998243647e-01,3.033994151518555338e-01,3.030721200836145601e-01,3.026816663142171682e-01,3.022232416090223639e-01,3.016918182158893069e-01,3.010820090285740713e-01,3.003877198252691838e-01,2.996012595010033031e-01,2.987106559566034547e-01,2.976877244720091409e-01,2.962611697045337555e-01,2.950269584527130950e-01,2.937676150393062624e-01,2.924373703300228167e-01,2.910287173978879927e-01,2.895406170264639423e-01,2.879747897107688970e-01,2.863346346882503224e-01,2.846247091750799263e-01,2.828503356782334222e-01,2.810172078282975328e-01,2.791309507258419309e-01,2.771966265016894693e-01,2.752181958427489805e-01
7.322580645161290702e-01,3.382076682743300200e-01,3.408634039169790575e-01,3.433374301504242276e-01,3.456331875110770779e-01,3.477543320084273692e-01,3.497049225329094124e-01,3.514895822545414661e-01,3.531136553914050458e-01,3.545834065095331833e-01,3.559063770182585018e-01,3.570922395249879200e-01,3.581555264877900879e-01,3.591303051297086713e-01,3.602258092920408994e-01,3.609069757643605936e-01,3.614324361389278373e-01,3.618373528553868179e-01,3.621363936007584439e-01,3.623399266641614824e-01,3.624566739885183853e-01,3.624944979980957438e-01,3.624606985477881738e-01,3.623621403066165647e-01,3.622053118573629327e-01,3.619963549917496470e-01,3.617410806656819466e-01,3.614449792113031412e-01,3.611132284528757452e-01,3.607507014813872148e-01,3.603619748895496300e-01,3.599513377748194132e-01,3.595228015605919647e-01,3.590801105549480399e-01,3.586267531056736568e-01,3.581659731880068032e-01,3.577007822612681132e-01,3.572339712413226120e-01,3.567681224522746275e-01,3.563056214396121413e-01,3.558486685457907250e-01,3.553992901671814697e-01,3.549593496276169380e-01,3.545305576184781815e-01,3.541144821677139065e-01,3.537125581112317563e-01,3.533260960490799962e-01,3.529562907764828839e-01,3.526042291859049493e-01,3.522708976412046167e-01,3.519571888289132477e-01,3.516639080943689266e-01,3.513917792726638512e-01,3.511414500258535076e-01,3.509134966984726600e-01,3.507084287040766468e-01,3.505266924551829755e-01,3.503686748489130420e-01,3.502347063196899479e-01,3.501250634697329889e-01,3.500399712868668134e-01,3.499796049580451984e-01,3.499440912856912056e-01,3.499335097124774974e-01,3.499478929588644704e-01,3.499872272760273795e-01,3.500514523154525381e-01,3.501404606148645904e-01,3.502540966986021909e-01,3.503921557891873095e-01,3.505543821252541936e-01,3.507404668796937353e-01,3.509500456705763605e-01,3.511826956562438262e-01,3.514379322048455379e-01,3.517152051279196501e-01,3.520138944667231540e-01,3.523333058199159540e-01,3.526726652009701257e-01,3.530311134140588503e-01,3.534076999380793005e-01,3.538013763096341524e-01,3.542109889979902504e-01,3.546352717675545496e-01,3.550728375272874660e-01,3.555221696707854817e-01,3.559816129167251986e-01,3.564493636662807718e-01,3.569234599024252441e-01,3.574017706660193028e-01,3.578819851548598607e-01,3.583616015047511594e-01,3.588379153257634790e-01,3.593080080818752964e-01,3.597687354171254515e-01,3.602167155449889635e-01,3.606483178272969492e-01,3.610596516706737202e-01,3.614465558549613267e-01,3.618045883680681696e-01,3.621290167345957434e-01,3.624148086556553405e-01,3.626566224587087772e-01,3.628487962622736207e-01,3.629853336346405834e-01,3.630598813158806282e-01,3.630656899910660873e-01,3.629955388627995050e-01,3.628415794239043257e-01,3.625949816810524751e-01,3.622450149268037767e-01,3.617759865679733289e-01,3.611487022689863768e-01,3.601665567051823835e-01,3.593123408787858297e-01,3.583632507077311180e-01,3.572915681854645364e-01,3.560844899851129952e-01,3.547328965969064885e-01,3.532292669285043152e-01,3.515670205437409490e-01,3.497402352565215367e-01,3.477434800232023226e-01,3.455716758859502247e-01,3.432199495757319307e-01,3.406834645077775336e-01
7.365591397849462485e-01,3.564812275793322605e-01,3.597749760473518688e-01,3.628273132242368360e-01,3.656444184919721008e-01,3.682330174262218869e-01,3.706004732678660485e-01,3.727548779627462561e-01,3.747051771759271621e-01,3.764614094205234740e-01,3.780352795113711140e-01,3.794418470179559133e-01,3.807066017982545514e-01,3.820461147813427605e-01,3.830312357858983163e-01,3.837785469164533003e-01,3.843719273645582746e-01,3.848311459903376863e-01,3.851693744072939296e-01,3.853975633390407385e-01,3.855255529270054660e-01,3.855624625081277013e-01,3.855168524308443811e-01,3.853967988987052062e-01,3.852099320788602288e-01,3.849634580396382733e-01,3.846641737147082352e-01,3.843184792160099783e-01,3.839323895480513671e-01,3.835115466574346432e-01,3.830612321803657516e-01,3.825863809564342688e-01,3.820915952282551431e-01,3.815811593772546195e-01,3.810590550204667193e-01,3.805289762917004048e-01,3.799943451420907947e-01,3.794583265127923211e-01,3.789238432531040757e-01,3.783935906779223313e-01,3.778700506781651480e-01,3.773555053159846073e-01,3.768520498526294893e-01,3.763616051709331445e-01,3.758859295664297440e-01,3.754266298914320510e-01,3.749851720444855596e-01,3.745628908048994066e-01,3.741609990171462230e-01,3.737805961343960703e-01,3.734226761336023048e-01,3.730881348167567335e-01,3.727777765145893207e-01,3.724923202097569219e-01,3.722324050968633946e-01,3.719985955966105262e-01,3.717913858407622674e-01,3.716112036438032895e-01,3.714584139760131465e-01,3.713333219515391193e-01,3.712361753433442435e-01,3.711671666355238486e-01,3.711264346216033294e-01,3.711140655557844670e-01,3.711300938621485690e-01,3.711745024050540076e-01,3.712472223219327461e-01,3.713481324179151444e-01,3.714770581196962240e-01,3.716337699842590658e-01,3.718179817561567124e-01,3.720293479653491442e-01,3.722674610558084352e-01,3.725318480335358950e-01,3.728219666211851080e-01,3.731372009051029393e-01,3.734768564595416507e-01,3.738401549319236294e-01,3.742262280724157897e-01,3.746341111909624599e-01,3.750627360250844422e-01,3.755109230025042155e-01,3.759773728841071527e-01,3.764606577747691141e-01,3.769592114925057746e-01,3.774713192904981529e-01,3.779951069312923462e-01,3.785285291191529122e-01,3.790693573039488617e-01,3.796151668794928158e-01,3.801633238100929901e-01,3.807109707317244962e-01,3.812550125886323138e-01,3.817921018818938861e-01,3.823186236232707369e-01,3.828306801045418539e-01,3.833240756077662681e-01,3.837943011932897219e-01,3.842365197045705116e-01,3.846455511151545825e-01,3.850158582998826073e-01,3.853415332170777030e-01,3.856162833002402257e-01,3.858334175000214250e-01,3.859858307400972910e-01,3.860659842425884780e-01,3.860658765482044563e-01,3.859769944359345839e-01,3.857902198880823197e-01,3.854956352377642559e-01,3.850820648306812477e-01,3.845357901491114339e-01,3.838355364019251370e-01,3.828870886785312733e-01,3.816824521422551020e-01,3.805199509105857136e-01,3.792115420920759705e-01,3.777352394840151617e-01,3.760770553860728338e-01,3.742255609226067814e-01,3.721705947006456738e-01,3.699028276379888180e-01,3.674135830051707963e-01,3.646947422399412497e-01,3.617386749773965349e-01,3.585381671337170006e-01
7.408602150537635378e-01,4.008313911415495867e-01,4.052308308701729755e-01,4.092856814723022651e-01,4.130056053589674092e-01,4.164015218425602405e-01,4.194855442469862528e-01,4.222709549878940760e-01,4.247722765310444903e-01,4.270055849278180382e-01,4.289895305592735242e-01,4.307491336713596963e-01,4.323420851174530344e-01,4.338822627725244518e-01,4.349559286756490839e-01,4.358158102302454040e-01,4.364896709634007443e-01,4.369952891687517993e-01,4.373476524388588693e-01,4.375603808684098150e-01,4.376461716184465445e-01,4.376169709578661693e-01,4.374840511053645353e-01,4.372580498909089952e-01,4.369489954749336547e-01,4.365663254953933703e-01,4.361189047660715690e-01,4.356150433128281874e-01,4.350625154321335342e-01,4.344685799205486587e-01,4.338400013656950605e-01,4.331830722728611804e-01,4.325036357593177727e-01,4.318071085462502623e-01,4.310985039958741272e-01,4.303824549693751056e-01,4.296632363126064447e-01,4.289447868086278537e-01,4.282307304662883451e-01,4.275243970420506967e-01,4.268288417169306403e-01,4.261468638720641855e-01,4.254810249251128051e-01,4.248336652051302731e-01,4.242069198569027866e-01,4.236027337760009392e-01,4.230228755845956146e-01,4.224689506645755155e-01,4.219424132695896446e-01,4.214445777412585969e-01,4.209766288573118520e-01,4.205396313408648612e-01,4.201345385605893545e-01,4.197622004516566863e-01,4.194233706864679001e-01,4.191187131232237406e-01,4.188488075587897819e-01,4.186141548105231647e-01,4.184151811496529261e-01,4.182522421065028584e-01,4.181256256654838355e-01,4.180355548651163988e-01,4.179821898158097571e-01,4.179656291453646699e-01,4.179859108793512745e-01,4.180430127608007473e-01,4.181368520107665576e-01,4.182672845285152485e-01,4.184341035272312603e-01,4.186370375983906045e-01,4.188757481950872719e-01,4.191498265219750219e-01,4.194587898166936002e-01,4.198020770051483219e-01,4.201790437105614173e-01,4.205889565937906416e-01,4.210309870004175226e-01,4.215042038880460473e-01,4.220075660058457134e-01,4.225399132969572258e-01,4.230999574937170937e-01,4.236862718753747759e-01,4.242972801583831388e-01,4.249312444906249153e-01,4.255862525230501014e-01,4.262602035354854935e-01,4.269507935980165758e-01,4.276554997553539406e-01,4.283715632296022924e-01,4.290959716465093665e-01,4.298254403024661663e-01,4.305563925039954665e-01,4.312849390286254692e-01,4.320068567759322020e-01,4.327175667002136072e-01,4.334121111414114269e-01,4.340851306977343005e-01,4.347308408112005584e-01,4.353430082629433651e-01,4.359149277953159873e-01,4.364393990849254057e-01,4.369087042727228254e-01,4.373145861917686061e-01,4.376482272796793915e-01,4.379002288427077949e-01,4.380605896945594102e-01,4.381186818887713996e-01,4.380632185244444643e-01,4.378822024880837382e-01,4.375628300441478657e-01,4.370912817280823703e-01,4.364521950906458669e-01,4.356270041098491697e-01,4.345856315002708525e-01,4.331075283614282956e-01,4.316009718287887043e-01,4.299162981670292538e-01,4.280038681107615761e-01,4.258403776554365305e-01,4.234076636184931353e-01,4.206896664719979029e-01,4.176716347043327726e-01,4.143399025921971068e-01,4.106818661287224836e-01,4.066860382189416145e-01,4.023421357867759118e-01
7.451612903225807161e-01,4.109863363186193608e-01,4.163225488158704413e-01,4.212716510603999875e-01,4.258419905978792497e-01,4.300437956377258786e-01,4.338890684232350470e-01,4.373915485544878079e-01,4.405668487674602174e-01,4.434330554174580330e-01,4.460129020387687548e-01,4.483445282315701719e-01,4.506367579688747571e-01,4.524002146509603084e-01,4.538828841648012147e-01,4.551280048496462727e-01,4.561571396135629675e-01,4.569879611392810292e-01,4.576365371508919200e-01,4.581179370231844294e-01,4.584464376261812024e-01,4.586356015231818906e-01,4.586983090204830860e-01,4.586467734162595344e-01,4.584925512256859959e-01,4.582465523255354611e-01,4.579190520256884445e-01,4.575197057294432268e-01,4.570575662087863478e-01,4.565411032237000621e-01,4.559782250882600252e-01,4.553763017480916830e-01,4.547421889417583296e-01,4.540822530503807464e-01,4.534023962822418818e-01,4.527080818857113220e-01,4.520043591301134422e-01,4.512958878379979000e-01,4.505869622926029772e-01,4.498815343804410949e-01,4.491832358606338005e-01,4.484953996803486276e-01,4.478210802791716683e-01,4.471630728452351544e-01,4.465239315025452682e-01,4.459059864224953484e-01,4.453113598636436188e-01,4.447419811524038757e-01,4.441996006241779593e-01,4.436858025492528834e-01,4.432020170714735530e-01,4.427495311899200536e-01,4.423294988149972795e-01,4.419429499308719089e-01,4.415907988956411234e-01,4.412738519097625378e-01,4.409928136818405120e-01,4.407482933188522356e-01,4.405408094658959661e-01,4.403707947179922866e-01,4.402385993238041584e-01,4.401444941983994052e-01,4.400886732592042550e-01,4.400712550962517233e-01,4.400922839846955203e-01,4.401517302445758784e-01,4.402494899493710756e-01,4.403853839819533711e-01,4.405591564332113630e-01,4.407704723355168608e-01,4.410189147200544446e-01,4.413039809840512140e-01,4.416250785508690213e-01,4.419815198031891712e-01,4.423725162667306310e-01,4.427971720194653904e-01,4.432544762991236786e-01,4.437432952796789287e-01,4.442623629861103263e-01,4.448102713155179799e-01,4.453854591322805034e-01,4.459862004049931494e-01,4.466105913541228989e-01,4.472565365811961291e-01,4.479217341536800290e-01,4.486036596243014873e-01,4.492995489698866640e-01,4.500063804429524361e-01,4.507208553397555884e-01,4.514393777013928633e-01,4.521580329803797094e-01,4.528725657240565972e-01,4.535783563486204262e-01,4.542703971038877242e-01,4.549432673588770237e-01,4.555911083725789346e-01,4.562075977519910452e-01,4.567859238402454114e-01,4.573187603200588036e-01,4.577982413588196353e-01,4.582159376571044995e-01,4.585628337835843116e-01,4.588293071721528671e-01,4.590051090950943991e-01,4.590793477607524875e-01,4.590404733205635246e-01,4.588762638129235683e-01,4.585738094919928343e-01,4.581194895690189894e-01,4.574989274664980066e-01,4.566968903635200694e-01,4.556970386369006976e-01,4.544812102194596970e-01,4.530267712016007309e-01,4.512862102296884004e-01,4.490750151481853747e-01,4.468137501376012732e-01,4.442972668662374391e-01,4.414912521464966488e-01,4.383739979829299194e-01,4.349276759495736000e-01,4.311366043097222822e-01,4.269868002847346244e-01,4.224659141236227211e-01,4.175633059737143271e-01,4.122701809470898926e-01
7.494623655913978943e-01,4.179054692737537713e-01,4.242150575313369254e-01,4.301075248687129537e-01,4.355884369395993660e-01,4.406658950897777705e-01,4.453504270186199876e-01,4.496549941634141456e-01,4.535953069568359197e-01,4.571910803600534035e-01,4.604713192732166060e-01,4.635273473553960799e-01,4.663278976042858348e-01,4.686239661243124521e-01,4.706252475223199339e-01,4.723576913858161808e-01,4.738412591554037601e-01,4.750940387497822326e-01,4.761331226308924136e-01,4.769748609057413158e-01,4.776349359182104903e-01,4.781283773997212494e-01,4.784695581543199072e-01,4.786721855470072451e-01,4.787492949402661901e-01,4.787132474450067621e-01,4.785757326641040810e-01,4.783477763231372415e-01,4.780397523225121681e-01,4.776613985952315455e-01,4.772218361121949304e-01,4.767295903921371369e-01,4.761926149174073863e-01,4.756183159151858852e-01,4.750135780271032004e-01,4.743847904540668958e-01,4.737378732240777324e-01,4.730783032874169569e-01,4.724111401950099043e-01,4.717410511618526092e-01,4.710723353577888628e-01,4.704089473032877500e-01,4.697545192780986922e-01,4.691123826766757654e-01,4.684855882657508741e-01,4.678769253177297305e-01,4.672889396082477997e-01,4.667239502782215554e-01,4.661840655702049196e-01,4.656711974562101064e-01,4.651870751794534020e-01,4.647332577366272699e-01,4.643111453295098445e-01,4.639219898163972622e-01,4.635669041941505863e-01,4.632468711412609519e-01,4.629627506514291113e-01,4.627152867855841012e-01,4.625051135681923498e-01,4.623327600514162694e-01,4.621986545681040504e-01,4.621031281915369271e-01,4.620464174170160199e-01,4.620286660770558385e-01,4.620499264986507315e-01,4.621101599078548672e-01,4.622092360833431890e-01,4.623469322573362517e-01,4.625229312587740838e-01,4.627368188903595025e-01,4.629880805276351818e-01,4.632760969252050498e-01,4.636001392120260300e-01,4.639593630547806380e-01,4.643528019657611194e-01,4.647793597290985623e-01,4.652378019172901946e-01,4.657267464682237068e-01,4.662446532917947084e-01,4.667898128748117492e-01,4.673603338530697426e-01,4.679541295207891860e-01,4.685689032498786544e-01,4.692021327951796383e-01,4.698510534669318450e-01,4.705126401588035079e-01,4.711835882287952471e-01,4.718602932419680429e-01,4.725388295980690878e-01,4.732149280848578776e-01,4.738839524186571062e-01,4.745408748590090320e-01,4.751802510134373048e-01,4.757961939827461961e-01,4.763823480364235974e-01,4.769318620521505458e-01,4.774373630032163196e-01,4.778909298320117016e-01,4.782840681059680743e-01,4.786076859126068284e-01,4.788520715091043045e-01,4.790068732933487339e-01,4.790610826980202241e-01,4.790030206089949671e-01,4.788203278431899523e-01,4.784999600292015876e-01,4.780281868002171364e-01,4.773905942861450535e-01,4.765720879263341536e-01,4.755568882473677483e-01,4.743285017163433315e-01,4.728696203168779588e-01,4.711618125705275273e-01,4.691844932292338344e-01,4.669101822184446582e-01,4.641423395328683754e-01,4.611628613543685140e-01,4.579408206607480381e-01,4.543980260201185284e-01,4.505075672458326852e-01,4.462503436464690942e-01,4.416107642324592630e-01,4.365757635164335126e-01,4.311345938096625141e-01,4.252788727125863533e-01,4.190027270098733991e-01
7.537634408602151836e-01,4.453803402009863799e-01,4.532593374010228104e-01,4.606646072724860375e-01,4.675970802592897546e-01,4.740613890557041632e-01,4.800657713167260088e-01,4.856221817952346975e-01,4.907470193891003696e-01,4.954640943001167863e-01,4.998218922085709282e-01,5.039817774893214919e-01,5.074805013173266932e-01,5.105926032708483220e-01,5.133522649173825059e-01,5.157828208313804952e-01,5.179054190515345324e-01,5.197403239613676007e-01,5.213072112086034604e-01,5.226252145726598686e-01,5.237128995299270562e-01,5.245882171954101558e-01,5.252684578538940885e-01,5.257702113326528925e-01,5.261093367224803918e-01,5.263009418974425868e-01,5.263593723526992507e-01,5.262982084627728652e-01,5.261302700992847026e-01,5.258676275136060507e-01,5.255216174259768058e-01,5.251028633343928220e-01,5.246212991465160069e-01,5.240861953342550450e-01,5.235061869077300978e-01,5.228893025989265197e-01,5.222429947327885680e-01,5.215741693441914295e-01,5.208892161720630742e-01,5.201940382271131869e-01,5.194940806869468020e-01,5.187943589226150509e-01,5.180994855040707003e-01,5.174136960691436693e-01,5.167408739721067734e-01,5.160845736545465190e-01,5.154480427029025646e-01,5.148342425751817331e-01,5.142458679937615962e-01,5.136853650125021709e-01,5.131549477754357991e-01,5.126566139905682773e-01,5.121921591471861879e-01,5.117631895079642890e-01,5.113711339088466978e-01,5.110172544001118089e-01,5.107026557616360929e-01,5.104282939240200045e-01,5.101949833253421884e-01,5.100034032308464749e-01,5.098541030400182139e-01,5.097475066021598389e-01,5.096839155581611713e-01,5.096635117223984324e-01,5.096863585147873854e-01,5.097524014491503497e-01,5.098614676798469691e-01,5.100132646046237062e-01,5.102073775177108361e-01,5.104432663029293549e-01,5.107202611529760850e-01,5.110375572970579094e-01,5.113942087157168359e-01,5.117891208182432372e-01,5.122210420552953947e-01,5.126885544366787117e-01,5.131900629223743460e-01,5.137237836535284430e-01,5.142877309895153015e-01,5.148797033176309990e-01,5.154972676034642598e-01,5.161377426529134560e-01,5.167981810611992355e-01,5.174753498307559374e-01,5.181657096483064384e-01,5.188653928227954237e-01,5.195701798998724197e-01,5.202754749863008898e-01,5.209762798393512417e-01,5.216671668020209651e-01,5.223422506962791534e-01,5.229951598228613774e-01,5.236190062593034655e-01,5.242063556971024996e-01,5.247491971158446677e-01,5.252389126561708421e-01,5.256662481255144348e-01,5.260212846498755201e-01,5.262934120710910380e-01,5.264713047810691826e-01,5.265429007789850235e-01,5.264953848313033147e-01,5.263151766997772318e-01,5.259879254681866234e-01,5.254985110238840074e-01,5.248310536991342978e-01,5.239689328821636183e-01,5.228948149324066375e-01,5.215906896879570764e-01,5.200379125569855043e-01,5.182172438992523889e-01,5.161088641000968202e-01,5.136923044544425832e-01,5.109460996976752378e-01,5.078463202570983048e-01,5.043569702442367575e-01,5.002440017454986565e-01,4.959317587115442127e-01,4.912517532317278723e-01,4.861599502175493748e-01,4.806336535996332260e-01,4.746568142295392034e-01,4.682175425756399667e-01,4.613075401246589657e-01,4.539220585323084922e-01,4.460600373807889762e-01
7.580645161290322509e-01,4.470041706184291197e-01,4.558652116608687410e-01,4.642512807691642207e-01,4.721587050418689091e-01,4.795880230035263758e-01,4.865440199060272475e-01,4.930361439964985326e-01,4.990801829501910203e-01,5.047059054280594870e-01,5.101273335626899108e-01,5.148719945178538149e-01,5.191493529449169309e-01,5.230207456887085993e-01,5.265101363047953731e-01,5.296384539606366904e-01,5.324259214634063930e-01,5.348924977055239394e-01,5.370579289312346072e-01,5.389416919559422148e-01,5.405629084026579712e-01,5.419402570031802702e-01,5.430918941468300121e-01,5.440353864269550366e-01,5.447876561853652877e-01,5.453649397875491855e-01,5.457827577598075575e-01,5.460558956428714916e-01,5.461983943119934626e-01,5.462235485035435989e-01,5.461439123328142298e-01,5.459713106629013879e-01,5.457168552769537939e-01,5.453909649056210007e-01,5.450033882637033145e-01,5.445632293491382558e-01,5.440789743534438783e-01,5.435585196210047654e-01,5.430092001772037769e-01,5.424378184197399255e-01,5.418506726341835167e-01,5.412535850546612570e-01,5.406519292425422396e-01,5.400506566018986598e-01,5.394543218896225012e-01,5.388671076121175352e-01,5.382928472286938604e-01,5.377350471060832193e-01,5.371969071881349533e-01,5.366813403609329569e-01,5.361909905068922289e-01,5.357282492513136818e-01,5.352952714130561063e-01,5.348939891766709698e-01,5.345261250073141124e-01,5.341932033325648144e-01,5.338965610162671460e-01,5.336373566499241772e-01,5.334165786863671599e-01,5.332350524390786495e-01,5.330934459684907312e-01,5.329922748739868155e-01,5.329319060075239367e-01,5.329125601214855790e-01,5.329343134599598963e-01,5.329970982989563622e-01,5.331007024374557757e-01,5.332447676374165724e-01,5.334287870070835158e-01,5.336521013184165607e-01,5.339138942459071835e-01,5.342131865108454836e-01,5.345488289121790304e-01,5.349194942224128058e-01,5.353236679251309749e-01,5.357596377690315714e-01,5.362254821127933058e-01,5.367190570351275669e-01,5.372379821856108073e-01,5.377796253543398741e-01,5.383410857424280049e-01,5.389191759209388533e-01,5.395104024737673587e-01,5.401109453299400842e-01,5.407166358036676890e-01,5.413229333766158557e-01,5.419249012762342721e-01,5.425171809278207524e-01,5.430939653861736049e-01,5.436489718859677245e-01,5.441754136890204485e-01,5.446659714518043982e-01,5.451127643882242024e-01,5.455073215617048943e-01,5.458405537067820834e-01,5.461027260542972162e-01,5.462834327154013625e-01,5.463715732678281478e-01,5.463553322820250413e-01,5.462221626231874572e-01,5.459587734655482194e-01,5.455511240530246386e-01,5.449844243297071733e-01,5.442431436347893170e-01,5.433110286943880762e-01,5.421711321213955603e-01,5.408058525098971003e-01,5.391969868974568758e-01,5.373257956956902781e-01,5.351730787788253618e-01,5.327192583587787578e-01,5.299444571133482551e-01,5.268285412557300873e-01,5.233510403567477320e-01,5.194906289995511184e-01,5.152225123135982798e-01,5.104804289150246532e-01,5.051202764448385896e-01,4.995307843972089934e-01,4.935173638207854263e-01,4.870523959895028399e-01,4.801207227146468970e-01,4.727130759118897130e-01,4.648246719964425622e-01,4.564548999533246665e-01,4.476073390894059756e-01
7.623655913978495402e-01,4.585692751212223084e-01,4.686142203642232884e-01,4.781795697338616646e-01,4.872575909525459492e-01,4.958451929695332772e-01,5.039442166473971918e-01,5.115625064249672560e-01,5.187180265686270886e-01,5.254662074917303416e-01,5.318820762257988610e-01,5.375773498655476157e-01,5.428101168085601724e-01,5.476049641835158965e-01,5.519814216453825528e-01,5.559585289707338340e-01,5.595555194586945280e-01,5.627918872088316649e-01,5.656872989426386944e-01,5.682614636710661138e-01,5.705339967779046173e-01,5.725242922390773037e-01,5.742514084003137453e-01,5.757339692460454739e-01,5.769900814520353416e-01,5.780372666810412730e-01,5.788924081412301081e-01,5.795717101994498632e-01,5.800906697379418775e-01,5.804640579164145331e-01,5.807059110248815603e-01,5.808295291684124617e-01,5.808474816021134135e-01,5.807716176237713857e-01,5.806130820282977556e-01,5.803823342259846196e-01,5.800891702244644899e-01,5.797427467679525659e-01,5.793516070166165877e-01,5.789237072317114929e-01,5.784664440087027293e-01,5.779866816695726772e-01,5.774907794881635192e-01,5.769846184775848652e-01,5.764736275178794500e-01,5.759628086446111350e-01,5.754567613562070472e-01,5.749597058295989882e-01,5.744755049605483332e-01,5.740076851678040937e-01,5.735594559191691255e-01,5.731337279526258488e-01,5.727331301785305584e-01,5.723600252584296610e-01,5.720165238636306659e-01,5.717044976223197850e-01,5.714255907678810198e-01,5.711812305033930892e-01,5.709726360986940863e-01,5.708008267365287658e-01,5.706666281235576177e-01,5.705706778807669854e-01,5.705134297259314424e-01,5.704951564581842716e-01,5.705159517524786006e-01,5.705757307682745028e-01,5.706742295742334159e-01,5.708110033871984790e-01,5.709854236209283007e-01,5.711966737369453817e-01,5.714437438873120056e-01,5.717254243365905708e-01,5.720402976484604274e-01,5.723867296210257694e-01,5.727628589540547654e-01,5.731665856317542662e-01,5.735955580056446568e-01,5.740471585646027552e-01,5.745184883829107525e-01,5.750063502425969419e-01,5.755072304338364475e-01,5.760172792468186698e-01,5.765322901807895528e-01,5.770476779111796128e-01,5.775584550744359280e-01,5.780592079524385918e-01,5.785440711652293233e-01,5.790067015120226035e-01,5.794402511372485076e-01,5.798373402404704002e-01,5.801900295976423205e-01,5.804897932158514795e-01,5.807274915055570252e-01,5.808933454227203086e-01,5.809769121088619315e-01,5.809670626390063264e-01,5.808519625754113846e-01,5.806190561177960729e-01,5.802550547366988054e-01,5.797459312731944037e-01,5.790769205824580768e-01,5.782325278854061334e-01,5.771965460663063263e-01,5.759520832053711681e-01,5.744816016521541169e-01,5.727669699084898536e-01,5.707895284691881788e-01,5.685301705116514448e-01,5.659694378318029795e-01,5.630876314857640175e-01,5.598649347391096986e-01,5.562815419521263127e-01,5.523177775448651072e-01,5.479541630283958353e-01,5.431713022977641137e-01,5.379490587645820998e-01,5.322613027340277192e-01,5.258708992810606775e-01,5.191596096145011385e-01,5.120328606943312932e-01,5.044394060210196651e-01,4.963620552221945093e-01,4.877930691744020719e-01,4.787304755202249629e-01,4.691771367977755069e-01,4.591405278011558844e-01
7.666666666666667185e-01,4.550910437171733491e-01,4.658366567332907215e-01,4.761253403384230753e-01,4.859464502268909247e-01,4.952941441749661999e-01,5.041680816851453750e-01,5.125757589400999903e-01,5.205433046612916170e-01,5.282615469977782752e-01,5.352129714886578737e-01,5.416701449179152084e-01,5.476637410239284520e-01,5.532103829297249087e-01,5.583259250617768066e-01,5.630267484209727780e-01,5.673299368374649099e-01,5.712532035324837665e-01,5.748147472583928774e-01,5.780330912407286581e-01,5.809269244820798317e-01,5.835149535923269681e-01,5.858157687087062193e-01,5.878477249241615965e-01,5.896288395183033604e-01,5.911767046417770732e-01,5.925084147170804894e-01,5.936405075820210264e-01,5.945889182632096981e-01,5.953689441963057050e-01,5.959952206877450198e-01,5.964817054267543828e-01,5.968416708960241346e-01,5.970877035884796236e-01,5.972317090078618218e-01,5.972849215102343789e-01,5.972579181258453884e-01,5.971606355847353109e-01,5.970023898518753702e-01,5.967918975570940532e-01,5.965372987803878591e-01,5.962461807234153977e-01,5.959256018626939433e-01,5.955821162390916301e-01,5.952217975912604819e-01,5.948502630881442599e-01,5.944726964578198602e-01,5.940938703466228654e-01,5.937181677745321240e-01,5.933496025805400365e-01,5.929918387749392172e-01,5.926482087356665929e-01,5.923217302021037689e-01,5.920151220334972653e-01,5.917308187103724748e-01,5.914709835656936088e-01,5.912375207398357091e-01,5.910320858580396797e-01,5.908560954330339676e-01,5.907107349975504462e-01,5.905969659730454513e-01,5.905155312811640744e-01,5.904669597043207263e-01,5.904515690008385054e-01,5.904694677789850132e-01,5.905205561323985108e-01,5.906045250380005385e-01,5.907208545152784485e-01,5.908688105444910299e-01,5.910474407394080698e-01,5.912555687691748441e-01,5.914917875228434818e-01,5.917544510099612687e-01,5.920416649908939455e-01,5.923512763319148666e-01,5.926808610823834922e-01,5.930277112748623125e-01,5.933888204541405420e-01,5.937608679478186824e-01,5.941402018997153922e-01,5.945228210984817574e-01,5.949043556472277672e-01,5.952800465363278226e-01,5.956447242014435428e-01,5.959927861719314102e-01,5.963181739422949157e-01,5.966143492310110874e-01,5.968742698276233716e-01,5.970903652706475162e-01,5.972545126459000153e-01,5.973580128475189932e-01,5.973915677024337345e-01,5.973452584230647400e-01,5.972085259225509146e-01,5.969701536013234389e-01,5.966182532921046056e-01,5.961402551319445742e-01,5.955229022120680504e-01,5.947522509374717492e-01,5.938136781050308288e-01,5.926918957773739116e-01,5.913709750852952363e-01,5.898343801275787168e-01,5.880650131459149721e-01,5.860452721236929507e-01,5.837571218765498227e-01,5.811821795483237407e-01,5.783018151642147497e-01,5.750972674620972169e-01,5.715497745010161834e-01,5.676407172686516178e-01,5.633517720426102215e-01,5.586650619198412215e-01,5.535632846356156600e-01,5.480297544718445435e-01,5.420481490165730554e-01,5.356009489576041283e-01,5.286539880190693763e-01,5.209731476376988635e-01,5.130358462413505682e-01,5.046536183979275503e-01,4.958017852084617427e-01,4.864730140045046003e-01,4.766674323156981918e-01,4.663905060185641882e-01,4.556524262347884102e-01
7.709677419354838968e-01,4.572684240673762779e-01,4.698111941502876587e-01,4.817262408433318210e-01,4.930322703772528903e-01,5.037497071579924990e-01,5.139019527204435889e-01,5.235213036546600973e-01,5.326944015818892986e-01,5.413733080175614498e-01,5.493045880011728777e-01,5.567183695980220115e-01,5.636347119667178829e-01,5.700712178932180185e-01,5.760452812373305642e-01,5.815745347870137083e-01,5.866769525779277350e-01,5.913708389812596389e-01,5.956747688595158685e-01,5.996075039285727604e-01,6.031878979749017988e-01,6.064347984597523444e-01,6.093669494312886625e-01,6.120028990764690979e-01,6.143609141523830308e-01,6.164589027323977843e-01,6.183143460899463983e-01,6.199442400720154289e-01,6.213650459553623495e-01,6.225926505087888696e-01,6.236423347894280989e-01,6.245287510651156282e-01,6.252659071683429604e-01,6.258671575394151310e-01,6.263452001994391782e-01,6.267120789003765013e-01,6.269791897237231293e-01,6.271572914363560125e-01,6.272565189575862732e-01,6.272863993424881990e-01,6.272558697399535088e-01,6.271732968382238704e-01,6.270464973637080996e-01,6.268827592501862167e-01,6.266888631436593471e-01,6.264711039529133885e-01,6.262353121971742098e-01,6.259868749393519005e-01,6.257307561268815599e-01,6.254715161918056321e-01,6.252133307879966795e-01,6.249600085658121307e-01,6.247150079043882753e-01,6.244814525382113013e-01,6.242621460287437474e-01,6.240595850436876368e-01,6.238759714158793601e-01,6.237132229617795565e-01,6.235729830454999068e-01,6.234566288791125732e-01,6.233652785534828933e-01,6.232997967964426511e-01,6.232607994567624932e-01,6.232486567134116751e-01,6.232634950101787474e-01,6.233051977157942902e-01,6.233734045097834020e-01,6.234675094940212992e-01,6.235866580300267747e-01,6.237297423021624931e-01,6.238953956074171359e-01,6.240819853734835831e-01,6.242876049085379631e-01,6.245100638886689204e-01,6.247468775923677997e-01,6.249952548962597332e-01,6.252520850523934914e-01,6.255139232750838163e-01,6.257769751749594489e-01,6.260370800895210808e-01,6.262896933735321303e-01,6.265298677292580054e-01,6.267522336760422696e-01,6.269509792813797722e-01,6.271198293016460035e-01,6.272520239102603590e-01,6.273402972243274922e-01,6.273768558780329352e-01,6.273533579319908737e-01,6.272608924523247476e-01,6.270899601413308933e-01,6.268304554523352889e-01,6.264716506740520829e-01,6.260021825235204673e-01,6.254100418393367944e-01,6.246825670170159661e-01,6.238064418726149141e-01,6.227676986562479255e-01,6.215517269593281435e-01,6.201432892632595673e-01,6.185265438566132090e-01,6.166850757949874362e-01,6.146019364840065169e-01,6.122596923205487762e-01,6.096404826174913749e-01,6.067260867478000419e-01,6.034980000537325528e-01,5.999375175498414814e-01,5.960258237612694465e-01,5.917440861103204774e-01,5.870735479536500767e-01,5.819956153706248303e-01,5.764919283451810372e-01,5.705443999284733891e-01,5.641351893981277899e-01,5.572465202217490310e-01,5.498600188575455405e-01,5.419535667657627842e-01,5.332942699046610002e-01,5.241687337247173950e-01,5.145950010186892687e-01,5.044878031630863902e-01,4.938143338528738213e-01,4.825500380709622505e-01,4.706727211884723094e-01,4.581611555999985930e-01
7.752688172043011861e-01,4.309832428054817255e-01,4.487367858140511867e-01,4.646204423184860377e-01,4.789872741858085536e-01,4.921093811291772369e-01,5.041975157596521040e-01,5.154333169780797030e-01,5.260642633409110536e-01,5.356577669591024993e-01,5.445863166470140682e-01,5.529059054472584833e-01,5.606585704324236197e-01,5.678788948347968102e-01,5.745965085891333590e-01,5.808376485295164704e-01,5.866262099011768649e-01,5.919844639076216053e-01,5.969335435657381339e-01,6.014937659639408851e-01,6.056848385666994128e-01,6.095259836603054149e-01,6.130360056259753776e-01,6.162333190229390967e-01,6.191359506075213570e-01,6.217615248538909123e-01,6.241272399080108890e-01,6.262498389446610192e-01,6.281455804307265467e-01,6.298302096991558185e-01,6.313189334161978250e-01,6.326263979121220515e-01,6.337666718935052179e-01,6.347532337249686130e-01,6.355989632324728911e-01,6.363161378159731818e-01,6.369164325503091639e-01,6.374109238855248938e-01,6.378100965220536711e-01,6.381238530230423089e-01,6.383615257302147628e-01,6.385318905655098520e-01,6.386431823245846129e-01,6.387031110971328474e-01,6.387188794807530101e-01,6.386972002878139598e-01,6.386443144773074065e-01,6.385660090752919293e-01,6.384676348772503340e-01,6.383541237534258173e-01,6.382300054036981196e-01,6.380994234313489555e-01,6.379661506257530146e-01,6.378336033620978229e-01,6.377048550421096085e-01,6.375826485135641652e-01,6.374694074181136427e-01,6.373672464269133364e-01,6.372779803321304559e-01,6.372031319691469076e-01,6.371439389503288364e-01,6.371013591956422584e-01,6.370760752495769896e-01,6.370684973766547188e-01,6.370787654306784287e-01,6.371067494947790788e-01,6.371520492916423750e-01,6.372139923648801885e-01,6.372916310347218616e-01,6.373837381332606578e-01,6.374888015272136554e-01,6.376050174391805214e-01,6.377302825823345511e-01,6.378621851281830457e-01,6.379979945328139168e-01,6.381346502540564680e-01,6.382687494004681827e-01,6.383965333630710060e-01,6.385138734925566162e-01,6.386162558985436499e-01,6.386987654633363709e-01,6.387560691808747970e-01,6.387823989521552726e-01,6.387715339913843104e-01,6.387167830227721277e-01,6.386109664754976434e-01,6.384463989145212626e-01,6.382148719764143552e-01,6.379076381122639194e-01,6.375153954725583105e-01,6.370282743010093895e-01,6.364358252333305321e-01,6.357270099212301018e-01,6.348901944180854739e-01,6.339131457671079994e-01,6.327830322203265023e-01,6.314864274811673450e-01,6.300093192962799016e-01,6.283371226136021948e-01,6.264546973596500923e-01,6.243463706528592505e-01,6.219959629391467182e-01,6.193868170816196894e-01,6.165018288204838770e-01,6.133234761906782850e-01,6.098338443740314307e-01,6.060146409753105479e-01,6.018471947137443712e-01,5.973124278244476004e-01,5.923907887910090375e-01,5.870621269685025734e-01,5.813054835600478532e-01,5.750987632124192617e-01,5.684182352325034548e-01,5.612377888404753712e-01,5.535278211637723045e-01,5.452535244033447359e-01,5.363718870538378702e-01,5.268219893836870726e-01,5.162392313262957888e-01,5.050794815782065905e-01,4.930746350587809079e-01,4.800430821195032505e-01,4.657734151192164385e-01,4.499916025145208609e-01,4.323403514430528283e-01
7.795698924731182533e-01,3.305402741747950901e-01,3.749185232034129012e-01,4.107795346555084270e-01,4.394043146699557201e-01,4.625448242248130226e-01,4.817032885761718397e-01,4.980781219628517831e-01,5.121504711940533250e-01,5.244369262803777465e-01,5.354323998075221080e-01,5.453833730853225870e-01,5.544638407577003880e-01,5.627987398001270680e-01,5.704797918284516545e-01,5.775760959584396170e-01,5.841412325637949099e-01,5.902180566795064420e-01,5.958419536130581395e-01,6.010430625074831834e-01,6.058478009711839585e-01,6.102799122375496266e-01,6.143611836586220232e-01,6.181119376125630005e-01,6.215513642123081661e-01,6.246977439107102015e-01,6.275685936218543537e-01,6.301807600211367655e-01,6.325504767617260438e-01,6.346933974780472054e-01,6.366246129949635346e-01,6.383586586934234530e-01,6.399095162071635201e-01,6.412906123418081750e-01,6.425148171773535921e-01,6.435944426413973130e-01,6.445412423534168100e-01,6.453664131912515423e-01,6.460805987826470087e-01,6.466938949518873381e-01,6.472158570336282724e-01,6.476555088894487833e-01,6.480213534158266731e-01,6.483213843072388460e-01,6.485630988289694532e-01,6.487535113557236777e-01,6.488991674416501043e-01,6.490061582011977803e-01,6.490801347975402313e-01,6.491263228537114127e-01,6.491495366206224693e-01,6.491541927549155933e-01,6.491443235774376763e-01,6.491235897000287025e-01,6.490952919237471530e-01,6.490623823258313552e-01,6.490274744652566596e-01,6.489928526481227866e-01,6.489604802040003229e-01,6.489320067331132424e-01,6.489087742918332458e-01,6.488918224908564181e-01,6.488818924858474890e-01,6.488794298460496268e-01,6.488845862905865403e-01,6.488972202867318018e-01,6.489168965083299545e-01,6.489428841566220463e-01,6.489741541497581201e-01,6.490093751916002907e-01,6.490469087350626554e-01,6.490848028604746522e-01,6.491207850953600866e-01,6.491522542086993752e-01,6.491762710205116749e-01,6.491895482763292424e-01,6.491884396462402895e-01,6.491689279195401729e-01,6.491266124787600234e-01,6.490566961511859967e-01,6.489539715516571272e-01,6.488128070473100362e-01,6.486271324934346216e-01,6.483904249083163318e-01,6.480956942746246563e-01,6.477354696737213091e-01,6.473017859770541227e-01,6.467861713335106844e-01,6.461796357018423365e-01,6.454726606799338073e-01,6.446551908748537896e-01,6.437166270343035457e-01,6.426458211152936695e-01,6.414310733917539809e-01,6.400601315881978559e-01,6.385201918575377222e-01,6.367979011780340315e-01,6.348793604013438507e-01,6.327501267048202260e-01,6.303952135375165966e-01,6.277990852321896353e-01,6.249456421885706270e-01,6.218181907780985229e-01,6.183993896790992428e-01,6.146711609329850168e-01,6.106145491873603559e-01,6.062095057183969349e-01,6.014345639287120848e-01,5.962663586075480637e-01,5.906789200066452361e-01,5.846426421105898052e-01,5.781227766473641116e-01,5.710772312833696240e-01,5.634533374837622510e-01,5.551830772632532218e-01,5.461759809133170940e-01,5.363084689626468338e-01,5.254077020218375083e-01,5.132266446827306039e-01,4.992418498498125690e-01,4.830228553045213813e-01,4.640586861456684753e-01,4.411513409073606340e-01,4.127986808355835202e-01,3.772374637414885878e-01,3.331487696012166988e-01
7.838709677419355426e-01,2.392297213539929523e-01,2.131244682712428173e-01,1.805505674116646975e-01,1.477977765725791981e-01,1.305777409924475108e-01,1.498475842091749333e-01,2.111240362022922534e-01,2.936621700672840674e-01,3.714594757577859840e-01,4.330091959109586552e-01,4.784192460245924594e-01,5.115398675096639591e-01,5.361198432050484630e-01,5.549045237644862905e-01,5.697305924195112947e-01,5.817944163755619513e-01,5.918751703906606210e-01,6.004864724032821233e-01,6.079730381379789828e-01,6.145711697535924944e-01,6.204466378951217775e-01,6.257186258812845736e-01,6.304750606854649941e-01,6.347825690912711760e-01,6.386930356708735435e-01,6.422479812919152931e-01,6.454815234564990067e-01,6.484224009207261163e-01,6.510953728313423339e-01,6.535221947502322104e-01,6.557223053906019450e-01,6.577133136982767914e-01,6.595113470245204113e-01,6.611313020005101793e-01,6.625870268869884505e-01,6.638914554600906515e-01,6.650567065166624880e-01,6.660941589407104457e-01,6.670145093770911693e-01,6.678278175188734345e-01,6.685435425681993671e-01,6.691705733988639881e-01,6.697172542102718396e-01,6.701914069319137024e-01,6.706003512562107582e-01,6.709509229033141509e-01,6.712494905247623489e-01,6.715019715126556710e-01,6.717138468809267238e-01,6.718901753159449708e-01,6.720356064448347322e-01,6.721543933374658497e-01,6.722504042365879950e-01,6.723271334972026336e-01,6.723877117087124766e-01,6.724349149698628514e-01,6.724711732855676027e-01,6.724985780560416293e-01,6.725188886306409097e-01,6.725335379022634452e-01,6.725436369213163568e-01,6.725499785123740804e-01,6.725530398802898047e-01,6.725529841965498523e-01,6.725496611607054698e-01,6.725426065354258576e-01,6.725310406579132483e-01,6.725138659342438929e-01,6.724896633272631208e-01,6.724566878527036273e-01,6.724128631021923930e-01,6.723557748158045522e-01,6.722826635306271559e-01,6.721904163350125305e-01,6.720755577611852161e-01,6.719342398500213198e-01,6.717622314220387247e-01,6.715549065854189426e-01,6.713072325054439959e-01,6.710137564473904748e-01,6.706685920849000393e-01,6.702654050348633152e-01,6.697973975337662145e-01,6.692572921031543220e-01,6.686373139558741130e-01,6.679291717586993693e-01,6.671240361760317761e-01,6.662125153526297083e-01,6.651846261216095568e-01,6.640297592060868670e-01,6.627366359609516699e-01,6.612932531917126155e-01,6.596868111704091708e-01,6.579036179686358343e-01,6.559289603865153806e-01,6.537469276891277881e-01,6.513401684869928321e-01,6.486895525286475728e-01,6.457736965393264805e-01,6.425682943925038471e-01,6.390451634294198602e-01,6.351708751549374199e-01,6.309047708750268324e-01,6.261960562811517139e-01,6.209794987115720977e-01,6.151689748405129166e-01,6.086476633803793446e-01,6.012529255297124342e-01,5.927526624020594825e-01,5.828078618381804521e-01,5.709127080593658921e-01,5.562987173582376599e-01,5.377839969606997839e-01,5.135506342386370049e-01,4.808747673964094416e-01,4.360231979084082110e-01,3.751283425576853459e-01,2.979728619728716499e-01,2.157942516054944526e-01,1.542878858210262327e-01,1.344543201256210851e-01,1.508683839712294805e-01,1.828507727633462698e-01,2.148119503293585142e-01,2.404667750340542254e-01
7.881720430107527209e-01,2.874649949498188639e-01,2.780096944950029014e-01,2.628343789338480341e-01,2.405050649715588795e-01,2.100767669620721978e-01,1.729894175399895317e-01,1.374922209864241629e-01,1.219848501458635354e-01,1.495093260051419126e-01,2.219223864936538393e-01,3.122437893387201568e-01,3.931626228147936386e-01,4.549726898039813672e-01,4.994686182235422711e-01,5.313370659814479202e-01,5.546468746409300987e-01,5.722450695647632868e-01,5.859907639669906798e-01,5.970771732315618419e-01,6.062737057757645598e-01,6.140837932546738820e-01,6.208432601469670020e-01,6.267810401254634289e-01,6.320568507373720557e-01,6.367848510914816407e-01,6.410487164657081571e-01,6.449113924190511549e-01,6.484215020763938186e-01,6.516176154354230698e-01,6.545311319758632118e-01,6.571882506903528043e-01,6.596113313523012112e-01,6.618198446047147687e-01,6.638310411826400248e-01,6.656604273478843314e-01,6.673221054330472635e-01,6.688290197721296071e-01,6.701931358354210611e-01,6.714255719500812347e-01,6.725366972119335429e-01,6.735362052000566369e-01,6.744331703184167637e-01,6.752360916275920166e-01,6.759529276401209374e-01,6.765911245619898873e-01,6.771576397531274827e-01,6.776589616688755147e-01,6.781011271763482950e-01,6.784897368735972600e-01,6.788299688475927240e-01,6.791265911687283108e-01,6.793839733203642650e-01,6.796060966910383305e-01,6.797965642073308112e-01,6.799586091502973773e-01,6.800951031750220865e-01,6.802085635370745953e-01,6.803011595200212369e-01,6.803747180526487082e-01,6.804307285019614016e-01,6.804703466277659540e-01,6.804943976858646160e-01,6.805033786688935438e-01,6.804974596770515527e-01,6.804764844139870039e-01,6.804399698070682234e-01,6.803871047547227491e-01,6.803167480073539775e-01,6.802274251917442838e-01,6.801173249919715280e-01,6.799842945022953611e-01,6.798258337688951602e-01,6.796390895375057362e-01,6.794208482218654366e-01,6.791675281031777089e-01,6.788751707617092235e-01,6.785394317271720155e-01,6.781555703120992762e-01,6.777184385593066906e-01,6.772224691865449397e-01,6.766616623433163724e-01,6.760295708987524854e-01,6.753192838453287994e-01,6.745234072165284811e-01,6.736340416575457013e-01,6.726427554288457733e-01,6.715405511234434632e-01,6.703178236844157256e-01,6.689643063388946986e-01,6.674689997029120692e-01,6.658200773875716516e-01,6.640047587008572894e-01,6.620091351154477888e-01,6.598179314947147933e-01,6.574141747694448590e-01,6.547787304923488039e-01,6.518896493554612315e-01,6.487212379759326186e-01,6.452427256108314024e-01,6.414163320607235708e-01,6.371944370914318645e-01,6.325153833589939323e-01,6.272971706307491901e-01,6.214278460260542758e-01,6.147506369366695367e-01,6.070405942161988255e-01,5.979673551764926875e-01,5.870350593899319458e-01,5.734848655508945070e-01,5.561382629127558097e-01,5.331560987253206596e-01,5.017164046068862682e-01,4.577749179237705635e-01,3.966472738550007038e-01,3.164633044002836404e-01,2.267002429106404204e-01,1.543384625694126377e-01,1.262457671758716593e-01,1.408416083801846408e-01,1.753950703846511583e-01,2.118800184622597338e-01,2.418584432132116213e-01,2.638637747979959980e-01,2.788059440513058207e-01,2.880915658978058236e-01
7.924731182795698992e-01,3.255463992360710934e-01,3.287161352520750479e-01,3.300995196736807302e-01,3.292219047536398269e-01,3.254657271504228788e-01,3.181167957582884398e-01,3.056030715514789775e-01,2.865861739625536475e-01,2.592671980947406918e-01,2.220979304029692680e-01,1.757449939500865255e-01,1.280696979655380485e-01,1.012603094988035884e-01,1.269219865893092547e-01,2.121654771331538958e-01,3.218062292048177730e-01,4.181155434427697992e-01,4.887599358506118929e-01,5.372652399704156423e-01,5.703659123061430858e-01,5.934612907361218603e-01,6.101325595150502989e-01,6.226236994921592327e-01,6.323273826689400634e-01,6.401164436198009122e-01,6.465478535457006570e-01,6.519847184686050623e-01,6.566692151638013897e-01,6.607666905009526026e-01,6.643927586335945934e-01,6.676302490356250674e-01,6.705399968421162926e-01,6.731678308440812719e-01,6.755491717624340087e-01,6.777121028511458034e-01,6.796794481272167010e-01,6.814701962858770168e-01,6.831004872547109530e-01,6.845843027373512690e-01,6.859339541428400855e-01,6.871604304163937416e-01,6.882736481166920051e-01,6.892826327334105052e-01,6.901956512903306695e-01,6.910203102125991315e-01,6.917636282801914449e-01,6.924320916135929815e-01,6.930316956305395681e-01,6.935679775003716907e-01,6.940460416223219742e-01,6.944705799408822378e-01,6.948458884007119307e-01,6.951758804761513089e-01,6.954640984452876706e-01,6.957137228870992063e-01,6.959275807416220871e-01,6.961081521730271282e-01,6.962575764035243697e-01,6.963776566342361196e-01,6.964698641325011153e-01,6.965353415390023173e-01,6.965749054301278997e-01,6.965890481584066096e-01,6.965779389853867798e-01,6.965414245151630990e-01,6.964790284324772207e-01,6.963899505450868999e-01,6.962730651258632886e-01,6.961269185442823249e-01,6.959497261688443182e-01,6.957393685099663161e-01,6.954933865556921502e-01,6.952089762275447393e-01,6.948829818484059118e-01,6.945118884643589618e-01,6.940918127925147507e-01,6.936184924696972010e-01,6.930872731419270849e-01,6.924930927478256670e-01,6.918304620902725466e-01,6.910934404311432910e-01,6.902756043440090306e-01,6.893700073606028322e-01,6.883691269654769185e-01,6.872647941066334365e-01,6.860480984173373820e-01,6.847092595162119766e-01,6.832374506622201915e-01,6.816205550673087865e-01,6.798448263525757040e-01,6.778944114704982260e-01,6.757506745180312802e-01,6.733912293849527719e-01,6.707885418212736761e-01,6.679078867978115452e-01,6.647043272899588739e-01,6.611181854729999419e-01,6.570681538334594007e-01,6.524406482602457258e-01,6.470730705384087900e-01,6.407270241800179233e-01,6.330446850562804206e-01,6.234765731635422137e-01,6.111606074322443183e-01,5.947196268806521635e-01,5.719317547405866620e-01,5.392456716696566454e-01,4.912959930907029316e-01,4.213649375594722413e-01,3.258614082728569228e-01,2.168689422535025335e-01,1.317295670949346909e-01,1.055054125005337740e-01,1.314170652337350309e-01,1.782337489512566264e-01,2.239158808200740758e-01,2.606001485976227050e-01,2.875753575029201814e-01,3.063468519464869200e-01,3.186806103083303920e-01,3.259347633443106518e-01,3.296297127515152581e-01,3.304547845601094602e-01,3.290284731193698353e-01,3.258237144416428199e-01
7.967741935483871885e-01,3.256651567582452000e-01,3.314264027508192489e-01,3.361265793357789966e-01,3.395250606279027195e-01,3.414505999667912794e-01,3.411390323699308169e-01,3.380824459909834712e-01,3.315153631453721106e-01,3.203208357896818459e-01,3.029529113989903322e-01,2.773545175861256151e-01,2.411202715069922786e-01,1.926539630411217008e-01,1.353547005185197771e-01,8.758712212442319733e-02,9.002607628777799242e-02,1.729927805214945546e-01,3.025987377084509711e-01,4.199631476040713851e-01,5.027561280686633216e-01,5.561424997612570698e-01,5.902673786301226855e-01,6.126961129303468701e-01,6.280814601615335446e-01,6.391463583087896305e-01,6.474819881374002106e-01,6.540336437171410111e-01,6.593759587154108814e-01,6.638670382396666403e-01,6.677357114809076011e-01,6.711318831188174405e-01,6.741562328278110083e-01,6.768781222938251574e-01,6.793466194357107302e-01,6.815974168185433557e-01,6.836572492981252136e-01,6.855467586616736941e-01,6.872823765204179036e-01,6.888775764849905947e-01,6.903437152344749084e-01,6.916906021618169920e-01,6.929268877945614635e-01,6.940603300410638221e-01,6.950979774008964052e-01,6.960462953677138964e-01,6.969112537708648247e-01,6.976983871630442202e-01,6.984128365707241715e-01,6.990593783512241144e-01,6.996424441388087168e-01,7.001661346467836777e-01,7.006342292488378920e-01,7.010501926741777856e-01,7.014171797386266061e-01,7.017380387445854018e-01,7.020153139797630226e-01,7.022512476024790340e-01,7.024477811025168217e-01,7.026065564582024692e-01,7.027289170642854188e-01,7.028159084744382001e-01,7.028682789826667943e-01,7.028864800561378523e-01,7.028706666255081226e-01,7.028206972358642668e-01,7.027361340603526241e-01,7.026162427783578801e-01,7.024599923191168216e-01,7.022660544691524676e-01,7.020328033358470554e-01,7.017583146484819290e-01,7.014403648594709217e-01,7.010764299790930298e-01,7.006636840325491944e-01,7.001989969621248422e-01,6.996789317012407361e-01,6.990997400088616587e-01,6.984573564546735502e-01,6.977473896626319450e-01,6.969651095168239996e-01,6.961054284564704986e-01,6.951628741586398652e-01,6.941315497133514478e-01,6.930050756631335185e-01,6.917765057468747703e-01,6.904382044537987762e-01,6.889816689345413803e-01,6.873972694493445390e-01,6.856738697894884105e-01,6.837982694415248863e-01,6.817543784800210727e-01,6.795219872419735463e-01,6.770749137541380858e-01,6.743781817826055569e-01,6.713836642363439910e-01,6.680232535024348550e-01,6.641979684891885505e-01,6.597602452343936941e-01,6.544845402049572769e-01,6.480174503397091446e-01,6.397912029669702294e-01,6.288706946697121269e-01,6.136800658625822802e-01,5.915193514720819001e-01,5.577688490491956586e-01,5.049038981224176492e-01,4.228025300770155703e-01,3.062173561366398622e-01,1.771549058319613346e-01,9.408031315688954177e-02,9.093304423721640384e-02,1.378487440965903699e-01,1.944468222316631523e-01,2.424103881820558748e-01,2.782979399045771851e-01,3.036568127198267519e-01,3.208563616594537482e-01,3.319298364142551083e-01,3.384077692841779283e-01,3.413968734681979145e-01,3.416532383316107646e-01,3.397404855011918468e-01,3.363310814665081416e-01,3.316187898688505165e-01,3.258461428727310594e-01
8.010752688172043667e-01,3.293616098783687662e-01,3.373825642881400633e-01,3.448977890996154927e-01,3.518357816363242851e-01,3.581805882766754823e-01,3.634356650280686218e-01,3.675902822274201287e-01,3.704196950486083328e-01,3.716214370020722857e-01,3.707923003008365415e-01,3.673866142679963476e-01,3.606531914912147196e-01,3.495429541967841613e-01,3.325812721935042515e-01,3.077213744168315612e-01,2.722947159348135804e-01,2.235406686572282697e-01,1.613337069895057763e-01,9.692837922386318694e-02,6.808113530831798321e-02,1.271897407153674830e-01,2.655192719591362716e-01,4.080940459008145504e-01,5.108319105635810153e-01,5.751256108874601702e-01,6.141766580353661409e-01,6.383678142850227610e-01,6.539684702341832523e-01,6.645250965424432943e-01,6.720358392280381121e-01,6.776462702533140314e-01,6.820293584264426334e-01,6.855907316482867664e-01,6.885810692439401359e-01,6.911590255018564832e-01,6.934273347884253313e-01,6.954540364549204323e-01,6.972852382314445041e-01,6.989529511314925836e-01,7.004799880780011589e-01,7.018830763287062791e-01,7.031748625422145071e-01,7.043652195476709510e-01,7.054621060569782331e-01,7.064721363379816710e-01,7.074009595477572798e-01,7.082535129409652797e-01,7.090341908456666564e-01,7.097469570477155099e-01,7.103954190024088788e-01,7.109828762512017120e-01,7.115123514196636245e-01,7.119866094963012149e-01,7.124081692860165793e-01,7.127793097043505499e-01,7.131020727393068137e-01,7.133782643309402038e-01,7.136094540214866777e-01,7.137969739547778136e-01,7.139419176146215573e-01,7.140451385618342695e-01,7.141072493404382326e-01,7.141286206624022359e-01,7.141093809381424684e-01,7.140494161899718639e-01,7.139483703622189203e-01,7.138056460210188137e-01,7.136204054134386299e-01,7.133915718265293471e-01,7.131178311455610430e-01,7.127976334512194923e-01,7.124291944085318073e-01,7.120104960730641031e-01,7.115392865549582391e-01,7.110130777123326862e-01,7.104291396554519578e-01,7.097844902757765029e-01,7.090758771876928268e-01,7.082997482607600315e-01,7.074522051391713973e-01,7.065289315026088701e-01,7.055250838698359228e-01,7.044351267743480527e-01,7.032525850193214190e-01,7.019696716143493109e-01,7.005767278916688046e-01,6.990613771437799162e-01,6.974072363077904457e-01,6.955919367837117839e-01,6.935840488884663646e-01,6.913382366646751986e-01,6.887875017998619231e-01,6.858305387390792873e-01,6.823106915081237345e-01,6.779801329064277793e-01,6.724373942047587871e-01,6.650157061349742937e-01,6.545789283725599317e-01,6.391434736245521497e-01,6.151852955250300958e-01,5.764679259416051194e-01,5.126483763583199460e-01,4.105381575827808383e-01,2.686208452218551979e-01,1.306100681980303935e-01,7.119098129600054392e-02,9.934914104552677871e-02,1.630860293899237534e-01,2.247928092696602209e-01,2.732021548156942647e-01,3.083940729836781580e-01,3.330917774693784028e-01,3.499387862615942479e-01,3.609659465874052175e-01,3.676377742122647341e-01,3.709968195737639585e-01,3.717899621139393318e-01,3.705599565962939268e-01,3.677079782855176004e-01,3.635350078244984351e-01,3.582644989026592675e-01,3.519355549515873482e-01,3.450096289149454654e-01,3.374985070728742098e-01,3.294788671973882810e-01
8.053763440860215450e-01,3.211334135020890157e-01,3.296460812162294030e-01,3.378069765294133830e-01,3.456937329190946651e-01,3.528973284117779552e-01,3.594229767851644941e-01,3.651866559277183177e-01,3.700489346536166013e-01,3.738313457171967280e-01,3.763052968099682705e-01,3.771734056133071999e-01,3.760415748455721019e-01,3.723775713342709626e-01,3.654496694684946090e-01,3.542370278464876399e-01,3.373053457482737549e-01,3.126611854709436811e-01,2.776878260531729925e-01,2.295973852282898187e-01,1.678779120895790011e-01,1.023736138455477590e-01,6.835470886156165549e-02,1.192690248884196169e-01,2.539235509035986382e-01,3.989921761084639362e-01,5.055589724619752312e-01,5.725728057590830922e-01,6.131676493159325947e-01,6.381508999819826000e-01,6.541221049758794148e-01,6.648222120270171898e-01,6.723563224128379368e-01,6.779282303066940241e-01,6.822428473042568831e-01,6.857235018845025953e-01,6.886307132040859758e-01,6.911285390703134635e-01,6.933225575002679442e-01,6.952821445385582999e-01,6.970538427888105515e-01,6.986695522014115811e-01,7.001516425450088343e-01,7.015161968895403666e-01,7.027750984323122285e-01,7.039373890747631091e-01,7.050101623943426654e-01,7.059991548868072009e-01,7.069091393773219156e-01,7.077441874328732618e-01,7.085078443293145734e-01,7.092032452858133551e-01,7.098331920901621572e-01,7.104002029644139737e-01,7.109065443695185005e-01,7.113542506738450566e-01,7.117451357403221657e-01,7.120807992162759836e-01,7.123626294411120607e-01,7.125918042893186755e-01,7.127692908532879956e-01,7.128958445839382874e-01,7.129720083066588554e-01,7.129981113889931610e-01,7.129742692342180277e-01,7.129003831980561534e-01,7.127761409626129918e-01,7.126010173430800121e-01,7.123742754401978239e-01,7.120949679754834394e-01,7.117619385459098558e-01,7.113738223958891993e-01,7.109290461077124590e-01,7.104258253297632830e-01,7.098621592554904547e-01,7.092358199774713157e-01,7.085443339842090182e-01,7.077849518136214435e-01,7.069546000305538813e-01,7.060498069546523592e-01,7.050665894607630602e-01,7.040002819667217082e-01,7.028452792303213625e-01,7.015946498786752583e-01,7.002395545243503827e-01,6.987683655753074152e-01,6.971653263567528791e-01,6.954084891551958192e-01,6.934665072394942120e-01,6.912935739396716128e-01,6.888213080732670246e-01,6.859455002679669677e-01,6.825040117067795453e-01,6.782390694835991329e-01,6.727313611414394989e-01,6.652819782744697763e-01,6.546962839341624596e-01,6.388833395761482903e-01,6.141240100299438787e-01,5.738505821404050744e-01,5.072930610320580680e-01,4.013248826639194689e-01,2.568650311384013674e-01,1.224713674688182735e-01,7.122959388276664527e-02,1.045988417921689118e-01,1.694904066533242659e-01,2.307549365902762106e-01,2.785317757153470408e-01,3.132908816226007698e-01,3.377863840255719285e-01,3.546125072557168023e-01,3.657483557477355651e-01,3.726191000840838874e-01,3.762396714626866645e-01,3.773378852275590112e-01,3.764433264542040858e-01,3.739482568338256541e-01,3.701487561124152670e-01,3.652724676808084547e-01,3.594971393696196338e-01,3.529615945611689343e-01,3.457487909260334447e-01,3.378927970536971803e-01,3.297406849472421797e-01,3.212324047880978362e-01
8.096774193548388343e-01,3.124954217740630869e-01,3.212915154333825796e-01,3.298543825452850964e-01,3.382265799747979917e-01,3.460285159355285245e-01,3.533481753223123856e-01,3.601145872570318263e-01,3.662345091116799844e-01,3.715932465609055324e-01,3.760491079195159014e-01,3.794244387232489912e-01,3.814924994992557328e-01,3.819583933515069418e-01,3.804311495938431098e-01,3.763825445815351389e-01,3.690862337095801027e-01,3.575289441305599669e-01,3.402873258484795937e-01,3.153835048052919809e-01,2.802199922556803946e-01,2.320193402200047550e-01,1.702168281729440902e-01,1.043931777134966821e-01,6.927469837546329501e-02,1.184093555324607638e-01,2.522023550503944556e-01,3.977728764724805521e-01,5.051089413604394895e-01,5.725923146367360994e-01,6.133619671801234796e-01,6.383431074283371087e-01,6.542224030489405262e-01,6.647903071696009691e-01,6.721779816896938931e-01,6.776025532368532556e-01,6.817755767374263920e-01,6.851235027809157163e-01,6.879080948037463727e-01,6.902936386035199989e-01,6.923853840083639133e-01,6.942520736322010944e-01,6.959394511754789514e-01,6.974785316411248326e-01,6.988907597938448513e-01,7.001912807263079852e-01,7.013910428788177054e-01,7.024981664245392166e-01,7.035188422428766408e-01,7.044579268583992526e-01,7.053193381343508817e-01,7.061063190922038935e-01,7.068216137435329172e-01,7.074675838588844190e-01,7.080462859361090766e-01,7.085595213126519853e-01,7.090088681882249499e-01,7.093957015328004045e-01,7.097212049727218419e-01,7.099863774675683192e-01,7.101920367128741196e-01,7.103388205969966007e-01,7.104271876162208121e-01,7.104574168508533960e-01,7.104296078849148266e-01,7.103436808829096671e-01,7.101993768965354503e-01,7.099962583426717710e-01,7.097337094541539271e-01,7.094109363375687982e-01,7.090269660549224362e-01,7.085806438489538062e-01,7.080706272135774970e-01,7.074953749122848690e-01,7.068531281813197342e-01,7.061418800900547410e-01,7.053593271707979673e-01,7.045027946698744215e-01,7.035691226374519713e-01,7.025544938185421806e-01,7.014541747365171664e-01,7.002621265327124700e-01,6.989704188398742080e-01,6.975683428509540374e-01,6.960410596190190757e-01,6.943675205008735807e-01,6.925172301138587949e-01,6.904451365939575647e-01,6.880834334748215930e-01,6.853281601458749428e-01,6.820168404741386858e-01,6.778903039504275974e-01,6.725258966737922561e-01,6.652177467417685897e-01,6.547574084766353275e-01,6.390271643405978086e-01,6.142572904145259249e-01,5.737913797624472068e-01,5.067396684099388926e-01,3.999695633399562023e-01,2.549721570377323498e-01,1.214204485023007846e-01,7.197493204213423201e-02,1.064848905749813945e-01,1.717363356018832277e-01,2.331138320359742444e-01,2.810209941168020364e-01,3.159835458613867165e-01,3.407476068157953009e-01,3.578897556256191992e-01,3.693745199921433797e-01,3.766167331451903966e-01,3.806241456736048634e-01,3.821194434586820399e-01,3.816283699710003030e-01,3.795401764915633525e-01,3.761485421373811922e-01,3.716793260297608925e-01,3.663095330465038213e-01,3.601803643400480204e-01,3.534061308643811627e-01,3.460797508843233006e-01,3.382718218382550490e-01,3.299170576292493329e-01,3.213685379030869482e-01,3.125794038498819760e-01
8.139784946236559016e-01,3.085843493985547248e-01,3.177994100734081728e-01,3.270092815646192252e-01,3.358679968692311890e-01,3.444316952358208450e-01,3.526902542572407651e-01,3.606015569306682544e-01,3.681143503365489900e-01,3.751689674141951425e-01,3.816958663892893733e-01,3.876130741614664532e-01,3.928225048637755124e-01,3.972048157608280006e-01,4.006122203104741097e-01,4.028583634335212160e-01,4.037038969040567804e-01,4.028356807705124609e-01,3.998364617322109904e-01,3.941403321229698942e-01,3.849673434568879338e-01,3.712293756548538659e-01,3.514034469818785866e-01,3.233958814253283798e-01,2.845333447340402389e-01,2.322126807358546319e-01,1.669035429486032396e-01,1.011773765401936809e-01,7.382471740383894643e-02,1.349728506653613547e-01,2.731011911267821057e-01,4.151400504357140586e-01,5.183374968993321730e-01,5.834602413993076331e-01,6.231524767681498878e-01,6.476585412696187483e-01,6.632906719431655995e-01,6.736749220740025912e-01,6.808792095311835268e-01,6.861007728569030739e-01,6.900485308442705357e-01,6.931524334325229741e-01,6.956793239193387324e-01,6.977983890425673019e-01,6.996190112039307740e-01,7.012131826055741923e-01,7.026290781234432181e-01,7.038994454219724695e-01,7.050468887742736834e-01,7.060872523007347690e-01,7.070318181182092543e-01,7.078887527261005230e-01,7.086640690737324721e-01,7.093622722713802675e-01,7.099867961258038429e-01,7.105402998956008576e-01,7.110248707912726340e-01,7.114421624375694142e-01,7.117934895612514357e-01,7.120798926069569212e-01,7.123021816025273401e-01,7.124609656282266945e-01,7.125566722007683484e-01,7.125895594435449620e-01,7.125597228645462744e-01,7.124670977543554606e-01,7.123114575391861214e-01,7.120924077884376313e-01,7.118093749013530980e-01,7.114615876936093430e-01,7.110480490634960571e-01,7.105674934909083085e-01,7.100183240979694999e-01,7.093985200603485364e-01,7.087055008161949887e-01,7.079359270154896855e-01,7.070854082799031826e-01,7.061480726561477628e-01,7.051159289538936337e-01,7.039779156435345131e-01,7.027184696196923097e-01,7.013153492964649960e-01,6.997362816332955981e-01,6.979337221583458151e-01,6.958365295100150671e-01,6.933364897181033548e-01,6.902660509216431706e-01,6.863607036997182442e-01,6.811939009667602463e-01,6.740617926039935703e-01,6.637748404029097937e-01,6.482769849147748120e-01,6.239603748995619092e-01,5.845393819630565480e-01,5.198017517063852067e-01,4.171147289683643233e-01,2.756181338879171716e-01,1.377797028475391261e-01,7.642662607553879495e-02,1.032482078335578563e-01,1.684332322845681906e-01,2.333251134541351746e-01,2.853523804348443993e-01,3.240122013321837802e-01,3.518781145580106573e-01,3.716029458047912515e-01,3.852670599754282610e-01,3.943848725294117341e-01,4.000389244963862279e-01,4.030054594351053510e-01,4.038478707852491967e-01,4.029816684256977144e-01,4.007187582616524302e-01,3.972975980762295523e-01,3.929038888671614882e-01,3.876849286502312975e-01,3.817596894738402580e-01,3.752259715030063503e-01,3.681655238971944799e-01,3.606477091074676844e-01,3.527320454856467391e-01,3.444696527015020937e-01,3.359024979316759252e-01,3.270402531464317031e-01,3.178573685377434899e-01,3.086519746304310918e-01
8.182795698924731909e-01,2.994952211292324917e-01,3.087260287230146893e-01,3.179686910388772603e-01,3.268795666994288029e-01,3.355768471714138945e-01,3.440366084456913387e-01,3.522241897178017278e-01,3.600992854004975152e-01,3.676161623547454793e-01,3.747228208685184359e-01,3.813595436430318175e-01,3.874568240284121390e-01,3.929325133905800516e-01,3.976879107184765338e-01,4.016023728776835777e-01,4.045258147297216555e-01,4.062681519084272996e-01,4.065842534283009013e-01,4.051522261854006435e-01,4.015417308746043745e-01,3.951674306908717904e-01,3.852207510793894674e-01,3.705721649768731751e-01,3.496418063973562029e-01,3.202692507783329590e-01,2.797461553000446521e-01,2.256340638608267946e-01,1.592878486409744776e-01,9.587312585593481262e-02,7.766144792124934915e-02,1.511783499522572072e-01,2.934739776840415981e-01,4.309472294512162183e-01,5.279959569452231660e-01,5.885814114670592234e-01,6.254082704332079024e-01,6.481507837993176757e-01,6.626712667459792039e-01,6.723234423632380441e-01,6.790203980101625625e-01,6.838716300266577397e-01,6.875354000023942147e-01,6.904116047871715622e-01,6.927487017676309256e-01,6.947042585333654818e-01,6.963800628919217806e-01,6.978429662012863854e-01,6.991375348750531460e-01,7.002938876432847071e-01,7.013326405557964716e-01,7.022680785385851943e-01,7.031102189895028776e-01,7.038661713297188482e-01,7.045410422952332885e-01,7.051385441143184218e-01,7.056614059978449927e-01,7.061116540374550166e-01,7.064908022373791452e-01,7.067999830241588066e-01,7.070400361911622911e-01,7.072115690108364827e-01,7.073149960443049222e-01,7.073505642707367258e-01,7.073183670730545103e-01,7.072183490330490319e-01,7.070503021756748829e-01,7.068138530760091909e-01,7.065084389335466453e-01,7.061332691440040943e-01,7.056872668286378047e-01,7.051689818967304957e-01,7.045764630482549418e-01,7.039070699493791272e-01,7.031571974997824492e-01,7.023218698366373580e-01,7.013941395115648181e-01,7.003641921867475029e-01,6.992180008473485309e-01,6.979352814636875513e-01,6.964863488118997470e-01,6.948272110504200016e-01,6.928917907083825822e-01,6.905793605281420611e-01,6.877338336909759597e-01,6.841088620682580501e-01,6.793076174067309569e-01,6.726763995215685465e-01,6.631126311176002153e-01,6.487138784422855631e-01,6.261428260169857873e-01,5.895614534988659061e-01,5.293261736703239739e-01,4.327492117874037758e-01,2.958006283717564133e-01,1.538333912090919242e-01,8.018559181907940203e-02,9.791610851937838922e-02,1.608076271304517968e-01,2.267409219979906188e-01,2.805605284464282589e-01,3.208813345421856478e-01,3.501127236618584715e-01,3.709425364190982455e-01,3.855178248698935550e-01,3.954098468361413321e-01,4.017425314082344046e-01,4.053207435797054337e-01,4.067273085867954552e-01,4.063908281286152668e-01,4.046319680786231721e-01,4.016949757774196383e-01,3.977692878879066085e-01,3.930045069095978727e-01,3.875209108106112965e-01,3.814169203385219253e-01,3.747744660522522864e-01,3.676628825492463393e-01,3.601417492929028241e-01,3.522629533722446138e-01,3.440721329525765482e-01,3.356095082277653074e-01,3.269096498330671396e-01,3.179963276483296353e-01,3.087694825282399913e-01,2.995520744919240586e-01
8.225806451612903691e-01,2.947956397420158359e-01,3.042608800252541434e-01,3.135158254980391912e-01,3.226145279203899707e-01,3.315676009742559716e-01,3.403549919941472046e-01,3.489514936090615804e-01,3.573289126544212380e-01,3.654563656167307828e-01,3.733000547237271816e-01,3.808227638941675264e-01,3.879831080020029188e-01,3.947345020298938523e-01,4.010237768601860875e-01,4.067893286217826310e-01,4.119586370355133309e-01,4.164449151136075944e-01,4.201425449202733087e-01,4.229207925376144428e-01,4.246150499279761625e-01,4.250144756049171746e-01,4.238443298429739881e-01,4.207404254292483881e-01,4.152118318470456870e-01,4.065862614956837762e-01,3.939309286362294715e-01,3.759426543323258763e-01,3.508145183038862691e-01,3.161475227480604611e-01,2.691994021869568154e-01,2.084691614170048612e-01,1.392617326382164511e-01,8.616351851818999930e-02,9.843917643857649780e-02,2.024789117212196232e-01,3.478569185136958786e-01,4.707314196754073254e-01,5.534913645540944227e-01,6.049183906636386165e-01,6.365545686246608659e-01,6.564109024194825226e-01,6.692800823656254172e-01,6.779309681916543262e-01,6.839699085121381250e-01,6.883460112120185492e-01,6.916328574825140185e-01,6.941850916174712172e-01,6.962267483094006781e-01,6.979021434925493095e-01,6.993058777846142826e-01,7.005009307143210684e-01,7.015298083798150452e-01,7.024215477333000113e-01,7.031961965958144489e-01,7.038677251404428237e-01,7.044459447591912005e-01,7.049377880762508486e-01,7.053481712542069015e-01,7.056805790057782968e-01,7.059374626282102216e-01,7.061205096841739470e-01,7.062308234674730123e-01,7.062690367883746045e-01,7.062353752193777368e-01,7.061296780416926877e-01,7.059513795490443000e-01,7.056994481969781630e-01,7.053722755171601966e-01,7.049674998472165166e-01,7.044817405867609406e-01,7.039102051706257468e-01,7.032461105934568746e-01,7.024798298220517045e-01,7.015976236356256113e-01,7.005797381635312515e-01,6.993975165007465522e-01,6.980089517881522543e-01,6.963517312000608861e-01,6.943321600093010915e-01,6.918071759789866659e-01,6.885545136134763045e-01,6.842220770383127260e-01,6.782400339877284745e-01,6.696649045870798345e-01,6.568989299729768305e-01,6.371864360858484622e-01,6.057545225425569058e-01,5.546190066391194495e-01,4.722618112187997319e-01,3.498779015773385015e-01,2.049153630111970881e-01,1.009377031263501007e-01,8.831614460471891304e-02,1.409172139654925049e-01,2.096890532171688526e-01,2.700979611350982079e-01,3.168209162294775560e-01,3.513305555349228726e-01,3.763469739598585551e-01,3.942541963732901777e-01,4.068493941050198570e-01,4.154293949760645699e-01,4.209227864054943535e-01,4.239990256964483173e-01,4.251470950359072520e-01,4.247298126910179494e-01,4.230209377273332905e-01,4.202305963691724267e-01,4.165228662371418533e-01,4.120280818606923967e-01,4.068515561957069537e-01,4.010798403012939550e-01,3.947852697272417610e-01,3.880293020450450991e-01,3.808649892233932910e-01,3.733388214246060044e-01,3.654921060423506063e-01,3.573619945268560749e-01,3.489822298113253174e-01,3.403836472922808776e-01,3.315943950945704488e-01,3.226396320629670300e-01,3.135393380682931497e-01,3.042825926142199155e-01,2.948403666699390135e-01
8.268817204301075474e-01,2.860557355207680175e-01,2.954099163101334136e-01,3.045351157979386270e-01,3.135564634022909858e-01,3.224645405188256153e-01,3.312404709149444071e-01,3.398621922752676494e-01,3.483055313775917927e-01,3.565443866127379069e-01,3.645506039460916781e-01,3.722936740517343579e-01,3.797402720900866502e-01,3.868536232027914301e-01,3.935926538434332267e-01,3.999108672219553462e-01,4.057548541629165118e-01,4.110623135973696107e-01,4.157594036740661081e-01,4.197571663280978971e-01,4.229466516781026919e-01,4.251921929438092218e-01,4.263220150320092827e-01,4.261149500820929359e-01,4.242814059274154226e-01,4.204357869576047513e-01,4.140562010606418930e-01,4.044255488667110043e-01,3.905467494853470112e-01,3.710274363179160151e-01,3.439492400612724210e-01,3.068198507531493813e-01,2.569992921204547476e-01,1.938744196276061538e-01,1.258247262263304245e-01,8.344604883842039744e-02,1.168372541179450719e-01,2.358753400474555006e-01,3.787187086286076254e-01,4.912035704741161135e-01,5.648318448832719829e-01,6.102316274375568783e-01,6.381856181399673256e-01,6.557974953193485002e-01,6.672592626086812917e-01,6.749899315408598444e-01,6.803975365615567705e-01,6.843179261407974501e-01,6.872586611958615421e-01,6.895349251512186139e-01,6.913465388684530977e-01,6.928225665823718460e-01,6.940477523539558824e-01,6.950785426236257836e-01,6.959530026279309167e-01,6.966970723814192024e-01,6.973285818560389648e-01,6.978598671961205868e-01,6.982994972613072449e-01,6.986534242538728900e-01,6.989257547758345179e-01,6.991192656545284212e-01,6.992357436920155767e-01,6.992761993339727811e-01,6.992409846634147774e-01,6.991298320932496368e-01,6.989418189941583037e-01,6.986752532623605738e-01,6.983274637222622871e-01,6.978944652876158949e-01,6.973704493175143515e-01,6.967470206076306072e-01,6.960120575294976852e-01,6.951480002223895394e-01,6.941292549574789028e-01,6.929182082551544886e-01,6.914590134021132428e-01,6.896677368662447183e-01,6.874164304475289811e-01,6.845068403766302323e-01,6.806260293468934242e-01,6.752697246226633254e-01,6.676069922876531892e-01,6.562372755863734586e-01,6.387530461625785527e-01,6.109796997705472243e-01,5.658380141532500796e-01,4.925710264115342740e-01,3.805454270470373657e-01,2.381411439479432235e-01,1.192609166661678655e-01,8.561426100541667805e-02,1.275266314476442842e-01,1.951363601945761417e-01,2.579279833124855648e-01,3.075133820025271469e-01,3.444785565094115043e-01,3.714405890663757814e-01,3.908759996238252987e-01,4.046928250403964422e-01,4.142767071015663882e-01,4.206202959459330315e-01,4.244377162438504603e-01,4.262488211616071720e-01,4.264377796801135934e-01,4.252931660148133175e-01,4.230354082929124737e-01,4.198357349137368244e-01,4.158294023206761669e-01,4.111250479930693147e-01,4.058113890234025800e-01,3.999620791303580281e-01,3.936392708470140556e-01,3.868962548344909713e-01,3.797794323668288174e-01,3.723297992458312611e-01,3.645840664037128254e-01,3.565755055213137292e-01,3.483345811032844130e-01,3.398894086517242896e-01,3.312660555972112841e-01,3.224886630682894939e-01,3.135792596168524571e-01,3.045566763653432263e-01,2.954302284587366212e-01,2.860899535211243183e-01
8.311827956989248367e-01,2.803446970687958895e-01,2.895120396092668025e-01,2.985846914409276409e-01,3.075862275779094879e-01,3.165049966477033738e-01,3.253246274824414530e-01,3.340267078205176321e-01,3.425914363002900975e-01,3.509977935499821733e-01,3.592235288995107578e-01,3.672450405131187923e-01,3.750371679214445919e-01,3.825728939652929816e-01,3.898229412261514648e-01,3.967552382612545836e-01,4.033342202101696250e-01,4.095199145715596178e-01,4.152667441225473266e-01,4.205219524004125131e-01,4.252235190148025423e-01,4.292973764618104870e-01,4.326536580755898642e-01,4.351815843060226618e-01,4.367424098472308946e-01,4.371595733499246683e-01,4.362047626975050219e-01,4.335779565419837778e-01,4.288785298651683897e-01,4.215631400134237095e-01,4.108844688403945900e-01,3.958040202457243639e-01,3.748764295765450449e-01,3.461280044239214426e-01,3.070519210711724067e-01,2.551805380986167382e-01,1.906564546500951751e-01,1.238578108261116639e-01,8.793061590828259166e-02,1.303197483667153933e-01,2.517411291332926626e-01,3.896536499877880089e-01,4.964808503874010848e-01,5.665231775697385785e-01,6.100735532930861016e-01,6.371402996181046996e-01,6.543266405433471045e-01,6.655672912069234837e-01,6.731587976116011340e-01,6.784530450725168027e-01,6.822611611471474102e-01,6.850806733308756336e-01,6.872234926606104466e-01,6.888891723770744768e-01,6.902077307126897043e-01,6.912652449141398758e-01,6.921194823306966448e-01,6.928096402962155009e-01,6.933625245043516516e-01,6.937965269245591760e-01,6.941242139774438380e-01,6.943540158231672477e-01,6.944913170480783160e-01,6.945391320810881952e-01,6.944984738459999418e-01,6.943684729498839081e-01,6.941462654854941849e-01,6.938266319938809490e-01,6.934013309989639495e-01,6.928580195126842201e-01,6.921785784221278215e-01,6.913365442725449839e-01,6.902931592926629945e-01,6.889912331075276342e-01,6.873454616565607411e-01,6.852268841705525526e-01,6.824374237213273187e-01,6.786672740102742685e-01,6.734219724839316523e-01,6.658949474114962408e-01,6.547412057328032553e-01,6.376747259875867879e-01,6.107766727950934005e-01,5.674661887518112069e-01,4.977592860960100563e-01,3.913628584918138476e-01,2.538807601511487433e-01,1.326553855001661453e-01,9.007205583970738505e-02,1.255705242809155853e-01,1.919398031133340010e-01,2.561295861750489400e-01,3.077620340143121247e-01,3.466703156284766107e-01,3.752997686242609543e-01,3.961413718714845156e-01,4.111583128101005125e-01,4.217890765922925889e-01,4.290676133816710980e-01,4.337381855322703927e-01,4.363420405037179983e-01,4.372783376020118462e-01,4.368460528246096986e-01,4.352727391157353853e-01,4.327343971620036811e-01,4.293693517688288441e-01,4.252880626058006541e-01,4.205801498125510962e-01,4.153194886108218520e-01,4.095679477513353151e-01,4.033781628785675921e-01,3.967956140301661661e-01,3.898601948256950056e-01,3.826074055461173296e-01,3.750692643151915528e-01,3.672750041487558570e-01,3.592516048834772380e-01,3.510241952748762717e-01,3.426163498302302046e-01,3.340502951900097828e-01,3.253470289064745447e-01,3.165263313944778334e-01,3.076065926531231787e-01,2.986041552304699587e-01,2.895306175670893656e-01,2.803621306649259348e-01
8.354838709677420150e-01,2.723144773267027752e-01,2.812845494598369411e-01,2.902045489165754333e-01,2.990724918158239598e-01,3.078761421597883685e-01,3.166003947838932353e-01,3.252286521967807098e-01,3.337432378784142561e-01,3.421255264865848966e-01,3.503559525516226070e-01,3.584139452869077869e-01,3.662778024158556689e-01,3.739245019933030156e-01,3.813294435205583088e-01,3.884661035872356005e-01,3.953055848892895741e-01,4.018160295893093981e-01,4.079618574980355405e-01,4.137027751000912912e-01,4.189924811127751503e-01,4.237769652419047794e-01,4.279922548439200614e-01,4.315614028335010288e-01,4.343904193734863250e-01,4.363627140746657029e-01,4.373314103754306625e-01,4.371085820260340871e-01,4.354499868263260187e-01,4.320331556681931140e-01,4.264256432833334887e-01,4.180388248467030721e-01,4.060611323130330352e-01,3.893647192900978049e-01,3.663876753487188553e-01,3.350326964620873316e-01,2.927663436418334042e-01,2.375637645407835397e-01,1.715279811074137684e-01,1.102516132256954468e-01,9.325897315803444165e-02,1.608207538513465318e-01,2.917745226582100782e-01,4.213285613766641347e-01,5.157194517591332517e-01,5.763210848182347412e-01,6.139050539468012824e-01,6.373675496467885448e-01,6.523577093538891480e-01,6.622167451247006342e-01,6.689006483331508823e-01,6.735684275091372575e-01,6.769207016772815777e-01,6.793903458124262995e-01,6.812505208004278057e-01,6.826769598298398911e-01,6.837846478027972408e-01,6.846498937936804641e-01,6.853238873512915719e-01,6.858411747123258628e-01,6.862250321251853746e-01,6.864908948989210113e-01,6.866485301757857540e-01,6.867033627119796257e-01,6.866571908510166189e-01,6.865084160510955824e-01,6.862518245210458279e-01,6.858778835472164603e-01,6.853714304677618330e-01,6.847095188301370872e-01,6.838580148845135875e-01,6.827662600562213191e-01,6.813586464214108629e-01,6.795211369477294205e-01,6.770793089559928868e-01,6.737618538827589987e-01,6.691385727778715875e-01,6.625127953971859940e-01,6.527314507211295913e-01,6.378475851483796921e-01,6.145336825090378374e-01,5.771603954647732682e-01,5.168554575818923302e-01,4.228582072252743962e-01,2.937372256358948275e-01,1.630626263104735796e-01,9.542065400828209087e-02,1.120409198474102419e-01,1.728884614580317447e-01,2.385722545623536472e-01,2.935186250294516963e-01,3.356044042822119433e-01,3.668316672370131593e-01,3.897168329379090967e-01,4.063457431702145461e-01,4.182727772115850118e-01,4.266208135667162171e-01,4.321980936239075977e-01,4.355909718009347564e-01,4.372303126756371117e-01,4.374374632721277356e-01,4.364558545102775189e-01,4.344728159867126682e-01,4.316347785017299876e-01,4.280579945672345343e-01,4.238361944960530869e-01,4.190461235873697010e-01,4.137515958210763456e-01,4.080064954358395002e-01,4.018570225994205214e-01,3.953433889891900810e-01,3.885011079989392768e-01,3.813619825102317340e-01,3.739548642603335860e-01,3.663062385846090896e-01,3.584406739100379768e-01,3.503811649262080219e-01,3.421493905008683445e-01,3.337659010363830947e-01,3.252502438980702792e-01,3.166210278476805917e-01,3.078959134282692189e-01,2.990914813245516002e-01,2.902228160943376989e-01,2.813021206904147697e-01,2.723312890604739356e-01
8.397849462365591933e-01,2.646622927363516120e-01,2.734538403057075739e-01,2.822147221412996676e-01,2.909380506896355190e-01,2.996118712719080257e-01,3.082222749071772960e-01,3.167542003540403939e-01,3.251917171803963558e-01,3.335181311872248977e-01,3.417160066139194319e-01,3.497671356865713621e-01,3.576524645716444017e-01,3.653519756593228140e-01,3.728445209951599670e-01,3.801075977644253756e-01,3.871170527917562332e-01,3.938466983272966848e-01,4.002678153200932565e-01,4.063485121984666826e-01,4.120528959019302273e-01,4.173399961314946949e-01,4.221623614288050885e-01,4.264642136470304656e-01,4.301790009114614399e-01,4.332261210390400130e-01,4.355064863978553857e-01,4.368964499739468876e-01,4.372393841010996929e-01,4.363338569014597046e-01,4.339168268380318438e-01,4.296394931563009556e-01,4.230323234791101283e-01,4.134543716992482576e-01,4.000208898502524146e-01,3.815050503195729914e-01,3.562239297237324576e-01,3.219781898904269801e-01,2.763205021709525533e-01,2.180459776752662893e-01,1.521515968205774949e-01,1.005424282027131549e-01,1.067900487947169852e-01,1.970729485759792621e-01,3.309115229189856788e-01,4.492257477536446553e-01,5.315108293507667669e-01,5.836596475777160453e-01,6.160484228059022183e-01,6.363967522109431618e-01,6.494882828077040982e-01,6.581471271219583308e-01,6.640362724692651097e-01,6.681492999287649281e-01,6.710920104773212547e-01,6.732416938922449745e-01,6.748380639057957042e-01,6.760361214974452970e-01,6.769375220444122654e-01,6.776095597422319150e-01,6.780968506989673017e-01,6.784285963545645393e-01,6.786230854182344618e-01,6.786903932606785927e-01,6.786338215725860046e-01,6.784503558079224561e-01,6.781302262536135217e-01,6.776554890430606104e-01,6.769973521430538987e-01,6.761117069255195844e-01,6.749319113943400561e-01,6.733571745935966746e-01,6.712336728439440847e-01,6.683233364092907580e-01,6.642512260532407176e-01,6.584149774538129440e-01,6.498261358499698437e-01,6.368294729813990251e-01,6.166126355828318584e-01,5.844092384823048603e-01,5.325220323292295665e-01,4.505917978829072079e-01,3.326970249036261262e-01,1.991968000879615897e-01,1.089494513433199308e-01,1.024073433626698504e-01,1.536005534818711271e-01,2.191267914057390132e-01,2.771255938056701451e-01,3.225873400482799358e-01,3.566945415584521495e-01,3.818763762791864691e-01,4.003196339407696924e-01,4.136989280814751258e-01,4.232356023225496977e-01,4.298107424514739372e-01,4.340628053827333410e-01,4.364595983791935696e-01,4.373487032418045262e-01,4.369922841336097985e-01,4.355911304104425064e-01,4.333013916204153659e-01,4.302463537217976475e-01,4.265248279800775144e-01,4.222172023926238360e-01,4.173898609321795572e-01,4.120984487333807511e-01,4.063903108525619423e-01,4.003063317023252132e-01,3.938823344316563224e-01,3.871501532537001689e-01,3.801384598067878429e-01,3.728734023666531172e-01,3.653791010108135007e-01,3.576780306027377287e-01,3.497913153115230211e-01,3.417389523321657241e-01,3.335399777927650633e-01,3.252125838998317642e-01,3.167741924574237755e-01,3.082414847769383570e-01,2.996303788157405612e-01,2.909559227700677098e-01,2.822320101253489311e-01,2.734705728794257773e-01,2.646784510377249711e-01
8.440860215053764826e-01,2.602064760050412096e-01,2.688922468342075933e-01,2.775615141048446421e-01,2.862064211410307868e-01,2.948160649334980454e-01,3.033781397651760248e-01,3.118794655468837274e-01,3.203062075153845223e-01,3.286439787974305138e-01,3.368778858026916234e-01,3.449925379267217984e-01,3.529720291301592927e-01,3.607998929145345146e-01,3.684590289905532723e-01,3.759315977248401386e-01,3.831988764906401057e-01,3.902410699304372232e-01,3.970370635700021245e-01,4.035641069161322037e-01,4.097974077755529021e-01,4.157096135833737716e-01,4.212701473703045485e-01,4.264443546820912423e-01,4.311924019081424531e-01,4.354678440253376137e-01,4.392157476417763440e-01,4.423702087806008487e-01,4.448510369828156397e-01,4.465592771565025099e-01,4.473710914709688735e-01,4.471293000452150057e-01,4.456315432525620457e-01,4.426135265290510601e-01,4.377250750056977391e-01,4.304957149622038459e-01,4.202853214230638512e-01,4.062147594806296835e-01,3.870743059277997888e-01,3.612239932203600290e-01,3.265620509954804684e-01,2.808408056589039581e-01,2.231837008706037406e-01,1.587934954628295592e-01,1.084323293133342414e-01,1.117050781424974576e-01,1.928030642454028054e-01,3.177003916936385619e-01,4.325578936688969089e-01,5.154225353396716391e-01,5.695420784897119448e-01,6.039566575862960196e-01,6.259737917967000964e-01,6.403299725344185900e-01,6.499072248909782967e-01,6.564411589170692229e-01,6.609872566358591106e-01,6.641982454072721254e-01,6.664849474629750414e-01,6.681097236270931994e-01,6.692413716583475169e-01,6.699877413478594335e-01,6.704151440452210675e-01,6.705596091444243623e-01,6.704327439796883281e-01,6.700235659951013778e-01,6.692967231020267027e-01,6.681866940815652800e-01,6.665866096298709298e-01,6.643289508893900353e-01,6.611530931899781693e-01,6.566506492964138131e-01,6.501724003846700572e-01,6.406680294447063551e-01,6.264096313402628402e-01,6.045266378768956450e-01,5.702988943380687958e-01,5.164389104987368029e-01,4.339189556132523884e-01,3.194579623417644343e-01,1.948710327486674054e-01,1.138026969816097050e-01,1.102584923744905077e-01,1.602303390585709530e-01,2.242681188046347363e-01,2.816559283513817569e-01,3.271828384040471605e-01,3.617058282679188608e-01,3.874557452644897815e-01,4.065223686020180693e-01,4.205375680233208735e-01,4.307056497632707481e-01,4.379020952180328052e-01,4.427645273712699225e-01,4.457616758660418732e-01,4.472424775625936100e-01,4.474703326607269438e-01,4.466469438725665930e-01,4.449290010615873370e-01,4.424399712768989357e-01,4.392785253322790684e-01,4.355246330719009795e-01,4.312440253411478630e-01,4.264914982575847557e-01,4.213133869605745763e-01,4.157494363242506541e-01,4.098342285554692488e-01,4.035982813510676781e-01,3.970688982996743999e-01,3.902708308523149539e-01,3.832267953912632530e-01,3.759578776539991285e-01,3.684838486400591751e-01,3.608234102009508781e-01,3.529943841337612742e-01,3.450138553024026389e-01,3.368982767493778896e-01,3.286635426476334776e-01,3.203250329827638243e-01,3.118976316431325002e-01,3.033957163601967433e-01,2.948331128685865998e-01,2.862229916703047383e-01,2.775776471056033423e-01,2.689079662043973862e-01,2.602217764421521085e-01
8.483870967741935498e-01,2.537579169031287107e-01,2.622794095363066846e-01,2.707933192561650104e-01,2.792914497048031852e-01,2.877635498265415093e-01,2.961982783518343765e-01,3.045835669455079220e-01,3.129067896965367912e-01,3.211548521541691681e-01,3.293142388579357593e-01,3.373710342874441381e-01,3.453109228630479866e-01,3.531191694155164651e-01,3.607805792682620694e-01,3.682794355539779629e-01,3.755994101016324471e-01,3.827234429081647349e-01,3.896335836671145914e-01,3.963107868961526226e-01,4.027346496979405388e-01,4.088830778605916372e-01,4.147318615253663410e-01,4.202541355555952651e-01,4.254196913688164661e-01,4.301940953818446656e-01,4.345375529568095141e-01,4.384034337394183689e-01,4.417363414318958292e-01,4.444695636501240776e-01,4.465216684633357414e-01,4.477919126909033487e-01,4.481539766258924029e-01,4.474473159823098012e-01,4.454650888586503266e-01,4.419371255948299493e-01,4.365057115629186746e-01,4.286910384330597790e-01,4.178422484565294526e-01,4.030700087104704399e-01,3.831609714146081425e-01,3.564946363757042214e-01,3.210537357794952529e-01,2.748373921023123390e-01,2.175596561193860745e-01,1.554802939784289129e-01,1.100495479827969802e-01,1.182780152280045322e-01,1.987768396928031589e-01,3.177691155462141759e-01,4.268949976618067188e-01,5.065652436018565075e-01,5.594253461415360507e-01,5.935451160533939952e-01,6.156460523734580415e-01,6.301882905967094439e-01,6.399373622378815574e-01,6.465836296756100054e-01,6.511661807888103892e-01,6.543310774004119645e-01,6.564834416206886125e-01,6.578763782267251781e-01,6.586627369626961714e-01,6.589244915621560450e-01,6.586877766156994385e-01,6.579275383786592490e-01,6.565629921366805677e-01,6.544427118449509528e-01,6.513154184483264109e-01,6.467784573699866257e-01,6.401892350171193291e-01,6.305136764821652751e-01,6.160687807461870946e-01,5.940997897265308803e-01,5.601616516615618435e-01,5.075509292955259211e-01,4.282084579947027514e-01,3.194586609945004319e-01,2.007689519059366601e-01,1.203217352342610402e-01,1.118588119635122724e-01,1.569255476480231892e-01,2.186618845988209381e-01,2.756711042207986018e-01,3.216908556262512708e-01,3.569899776943390446e-01,3.835533527284155086e-01,4.033864489209680881e-01,4.181016484734227934e-01,4.289068078841781761e-01,4.366875301179705127e-01,4.420921066302783697e-01,4.455985512276868787e-01,4.475633020067266155e-01,4.482556051069265801e-01,4.478816234541084795e-01,4.466013945564221710e-01,4.445408545264367683e-01,4.418004524003253386e-01,4.384613918385241726e-01,4.345902061083062318e-01,4.302421495190159040e-01,4.254637388026131228e-01,4.202946768766548935e-01,4.147693226820008960e-01,4.089178235972451558e-01,4.027669942196961395e-01,3.963410023984642039e-01,3.896619072075381274e-01,3.827500819790472519e-01,3.756245471762431620e-01,3.683032318144763839e-01,3.608031776757550380e-01,3.531406972459700810e-01,3.453314938045397575e-01,3.373907501718568791e-01,3.293331910817937080e-01,3.211731228270184313e-01,3.129244525392179677e-01,3.046006879419838609e-01,2.962149161319378443e-01,2.877797557122331873e-01,2.793072672629410835e-01,2.708087829916907552e-01,2.622945417795513046e-01,2.537727199001695300e-01
8.526881720430108391e-01,2.496149844314406729e-01,2.580181422125433777e-01,2.664204178030459835e-01,2.748139285036506063e-01,2.831892900226014587e-01,2.915362441481158529e-01,2.998439282924859617e-01,3.081010158647796704e-01,3.162957992364088811e-01,3.244162420779228007e-01,3.324500120560250349e-01,3.403844984320653633e-01,3.482068161001480311e-01,3.559037959969278409e-01,3.634619608002218061e-01,3.708674840523646932e-01,3.781061301152113252e-01,3.851631715746409723e-01,3.920232797751341258e-01,3.986703829922643716e-01,4.050874852398674841e-01,4.112564367281590916e-01,4.171576443626348052e-01,4.227697071576310694e-01,4.280689566925596212e-01,4.330288762796250523e-01,4.376193636475639304e-01,4.418057896761754533e-01,4.455477885823975748e-01,4.487976908158412548e-01,4.514984755952399786e-01,4.535810707832947375e-01,4.549607566112385815e-01,4.555323261497875587e-01,4.551635039899127322e-01,4.536859033995535584e-01,4.508824820712686865e-01,4.464700051571602324e-01,4.400744271849714173e-01,4.311964392460487239e-01,4.191640975303497774e-01,4.030708830482410132e-01,3.817052533214688737e-01,3.535049877523677719e-01,3.166532867293877507e-01,2.696617443669733771e-01,2.132887616516912221e-01,1.551494755640375478e-01,1.161243319535855412e-01,1.268111138380343395e-01,1.987616912414122694e-01,3.035398751840831522e-01,4.026132478757025734e-01,4.784241413667744691e-01,5.311542784193593603e-01,5.665968534584380212e-01,5.902773304909284535e-01,6.061541783592260257e-01,6.168107576420326366e-01,6.238751723975873853e-01,6.283523262916660412e-01,6.308390854549660309e-01,6.316508905004278862e-01,6.308870949041126552e-01,6.284511392142678732e-01,6.240307240080189555e-01,6.170328778735403308e-01,6.064578715616382176e-01,5.906847449801667649e-01,5.671400400862232072e-01,5.318783357756433627e-01,4.793884325461614249e-01,4.038829918244742356e-01,3.051514241751029366e-01,2.006521551386360736e-01,1.287751790301175647e-01,1.179122844727990560e-01,1.566222961674005598e-01,2.144400921021321071e-01,2.705474541598498761e-01,3.173374049367701510e-01,3.540402576331235784e-01,3.821307540650572543e-01,4.034146027944148227e-01,4.194459882759160041e-01,4.314308381392004121e-01,4.402717749603476394e-01,4.466380215354476269e-01,4.510269637376354002e-01,4.538112684870397318e-01,4.552731676249812121e-01,4.556289629449010725e-01,4.550464867568013161e-01,4.536575938625329041e-01,4.515671681432575912e-01,4.488596783878717189e-01,4.456039996574424622e-01,4.418569964480283385e-01,4.376662132324041221e-01,4.330719148371486305e-01,4.281086482486903266e-01,4.228064484242401444e-01,4.171917765031034619e-01,4.112882547709929559e-01,4.051172456651872533e-01,3.986983098869970044e-01,3.920495698580185873e-01,3.851879983219824721e-01,3.781296471656481195e-01,3.708898280292798333e-01,3.634832536600626773e-01,3.559241469882378217e-01,3.482263233998768581e-01,3.404032505110004547e-01,3.324680888131927303e-01,3.244337157733818700e-01,3.163127352421055694e-01,3.081174732428453300e-01,2.998599601976483231e-01,2.915518980323720810e-01,2.832046075887790781e-01,2.748289452931140797e-01,2.664351621667488956e-01,2.580326330653376909e-01,2.496292260991468392e-01
8.569892473118280174e-01,2.433710888850067755e-01,2.516062006422776220e-01,2.598450517546944116e-01,2.680799910421493570e-01,2.763021978857140293e-01,2.845021096522236115e-01,2.926696253188985630e-01,3.007942205025905813e-01,3.088650205178539165e-01,3.168708500174892695e-01,3.248002671979620670e-01,3.326415860057294061e-01,3.403828875819119859e-01,3.480120209804433151e-01,3.555165924335756955e-01,3.628839418643225456e-01,3.701011048270760329e-01,3.771547575152804921e-01,3.840311418485822803e-01,3.907159668842354883e-01,3.971942818255164709e-01,4.034503146445399535e-01,4.094672686955374563e-01,4.152270675284867596e-01,4.207100352316278657e-01,4.258944957700637191e-01,4.307562695746395276e-01,4.352680385436463739e-01,4.393985408962800543e-01,4.431115438766400350e-01,4.463645235761374286e-01,4.491069548241713449e-01,4.512780768258461972e-01,4.528039470640133346e-01,4.535935197146291342e-01,4.535333750364338723e-01,4.524805683021216329e-01,4.502528417182977694e-01,4.466151292556789221e-01,4.412608710380434562e-01,4.337861795486200323e-01,4.236545740239085478e-01,4.101505501959722966e-01,3.923238965535491563e-01,3.689397491553173536e-01,3.384888694776561624e-01,2.994204577706889858e-01,2.510145284794485510e-01,1.957340932124821409e-01,1.437792739589233704e-01,1.168194294590770704e-01,1.390289840128488552e-01,2.117341894294724192e-01,3.067598815219511610e-01,3.942921352680390235e-01,4.618504248942397750e-01,5.097971162303421844e-01,5.426165385630196125e-01,5.646903314989155653e-01,5.792418210069685269e-01,5.883943344911292117e-01,5.934427061779019574e-01,5.950775511763538583e-01,5.935166068722028676e-01,5.885471723831131596e-01,5.794843038690461468e-01,5.650401511996778758e-01,5.431003518139162489e-01,5.104527856543998876e-01,4.627277095799203210e-01,3.954463151183332248e-01,3.082266930073954692e-01,2.134774069281554776e-01,1.408956272109612717e-01,1.185895972971896806e-01,1.452939129076543656e-01,1.969508334706511488e-01,2.519661203662975080e-01,3.001618896899568290e-01,3.390711827426013403e-01,3.694030372287662733e-01,3.926978167524746710e-01,4.104566443197368297e-01,4.239084931223476849e-01,4.339993941791000509e-01,4.414418920265626989e-01,4.467703577447030283e-01,4.503871585029828872e-01,4.525977445300292112e-01,4.536363612169104220e-01,4.536846515107910149e-01,4.528850936841000707e-01,4.513507493865416276e-01,4.491723864660259746e-01,4.464237294000966694e-01,4.431653662912748426e-01,4.394476842930929994e-01,4.353130960781158576e-01,4.307977440451239426e-01,4.259328160390590812e-01,4.207455692479966647e-01,4.152601327342350102e-01,4.094981404027733807e-01,4.034792328241986747e-01,3.972214566437368144e-01,3.907415832438984049e-01,3.840553631348890828e-01,3.771777287000525059e-01,3.701229550527893042e-01,3.629047866030840064e-01,3.555365352961827319e-01,3.480311552350050519e-01,3.404012974289721827e-01,3.326593476467454846e-01,3.248174497254173176e-01,3.168875161474294377e-01,3.088812271784339702e-01,3.008100192844583298e-01,2.926850627835552165e-01,2.845172274805723434e-01,2.763170328257371633e-01,2.680945745709630290e-01,2.598594092780539544e-01,2.516203498331797683e-01,2.433850361358204373e-01
8.612903225806451957e-01,2.396488408263262315e-01,2.477670057221994238e-01,2.558920377509328326e-01,2.640167810215056643e-01,2.721331271396139062e-01,2.802323282497868884e-01,2.883051605820585728e-01,2.963420242396220816e-01,3.043330112532662834e-01,3.122679554188284579e-01,3.201364700372103522e-01,3.279279763575306261e-01,3.356317238764066069e-01,3.432368027409475331e-01,3.507321479445635326e-01,3.581065346075545941e-01,3.653485633039862956e-01,3.724466340764815420e-01,3.793889074333565148e-01,3.861632502152900215e-01,3.927571637192661669e-01,3.991576908385008893e-01,4.053512981721968389e-01,4.113237280189762091e-01,4.170598138133000954e-01,4.225432507890758416e-01,4.277563113143796336e-01,4.326794912369302804e-01,4.372910694373767782e-01,4.415665572236980863e-01,4.454780066791417248e-01,4.489931368423781266e-01,4.520742225830625682e-01,4.546766717228453714e-01,4.567471891918987170e-01,4.582213897734385144e-01,4.590206690519487154e-01,4.590480698194919218e-01,4.581827810561805436e-01,4.562727703447917449e-01,4.531248718123561114e-01,4.484914351510138064e-01,4.420524282524810333e-01,4.333918209179207781e-01,4.219675762973861266e-01,4.070767449155826001e-01,3.878237920469525535e-01,3.631179290403296900e-01,3.317684160431844664e-01,2.928397574710812079e-01,2.465843194034012809e-01,1.963509997980560084e-01,1.511966002662292752e-01,1.263023678925324356e-01,1.358059144063291646e-01,1.802000101227883011e-01,2.440928330144869762e-01,3.088230899016785602e-01,3.631212426734794496e-01,4.035500150727653335e-01,4.306839185124997083e-01,4.461387611230367423e-01,4.511907681369088929e-01,4.463029646629467218e-01,4.310233159207394471e-01,4.040861373131507950e-01,3.638837112322407807e-01,3.098414476478021373e-01,2.453772766685834994e-01,1.817110110058423877e-01,1.374339132683770337e-01,1.278946521813398018e-01,1.526249691802402109e-01,1.975558632268969994e-01,2.475660822594146770e-01,2.936286036293231372e-01,3.324015331776074555e-01,3.636290503396867879e-01,3.882402435254798667e-01,4.074196396699377165e-01,4.222529377867988987e-01,4.336317673060839373e-01,4.422561598815334394e-01,4.486659901598282207e-01,4.532756845614057672e-01,4.564040788806638660e-01,4.582979238326564952e-01,4.591497025774308738e-01,4.591109244151295732e-01,4.583019956714423082e-01,4.568195575301683964e-01,4.547419653938677420e-01,4.521334065783674250e-01,4.490470175900612149e-01,4.455272625833085476e-01,4.416117625714858219e-01,4.373327132627932157e-01,4.327179923178043341e-01,4.277920301804395975e-01,4.225764994019550191e-01,4.170908634197574849e-01,4.113528155605322145e-01,4.053786315462616363e-01,3.991834532398055857e-01,3.927815172401586397e-01,3.861863388451758916e-01,3.794108595680515394e-01,3.724675646253860495e-01,3.653685754652483686e-01,3.581257213672816575e-01,3.507505933450477675e-01,3.432545829539277449e-01,3.356489081100215710e-01,3.279446276195581156e-01,3.201526457717930874e-01,3.122837080290441492e-01,3.043483885168837277e-01,2.963570696199270826e-01,2.883199134283642717e-01,2.802468238718308635e-01,2.721473967227422408e-01,2.640308513177922478e-01,2.559059304171280025e-01,2.477807360293200201e-01,2.396624150835366118e-01
8.655913978494624850e-01,2.339797836058575276e-01,2.419400354384474983e-01,2.499095344554048415e-01,2.578814890616574762e-01,2.658482986820990823e-01,2.738017887095017810e-01,2.817333430185128829e-01,2.896339898405413948e-01,2.974944632710677106e-01,3.053052502742797936e-01,3.130566278220654475e-01,3.207386923601280859e-01,3.283413825411565790e-01,3.358544954614973710e-01,3.432676961995955733e-01,3.505705201456633668e-01,3.577523673609262489e-01,3.648024879697607248e-01,3.717099573405747703e-01,3.784636395285670418e-01,3.850521371135153248e-01,3.914637251440754029e-01,3.976862663680150178e-01,4.037071042485131378e-01,4.095129293930228065e-01,4.150896138909037081e-01,4.204220065858766953e-01,4.254936803877610862e-01,4.302866202033340803e-01,4.347808367325236567e-01,4.389538869504907570e-01,4.427802761902313033e-01,4.462307088176259429e-01,4.492711438111565148e-01,4.518615971010403465e-01,4.539546128884816567e-01,4.554932994614318553e-01,4.564087887486344974e-01,4.566169298600477044e-01,4.560139615613547082e-01,4.544708239008285466e-01,4.518256650416356268e-01,4.478739857244949385e-01,4.423557773688134853e-01,4.349390533725051577e-01,4.251996058083684638e-01,4.125982575155527909e-01,3.964607211070237947e-01,3.759744231204269482e-01,3.502369592630066308e-01,3.184311328912908245e-01,2.802645982897526977e-01,2.368564189113923357e-01,1.920851542439092341e-01,1.536299651772789765e-01,1.316109042912596561e-01,1.332605944474421211e-01,1.571409167672856710e-01,1.936295880437352013e-01,2.312596336510596984e-01,2.618360506177165870e-01,2.812216959409827299e-01,2.878779683141296508e-01,2.814635196438123876e-01,2.623258939945701251e-01,2.320042035943929160e-01,1.946236482282690805e-01,1.583495964582321835e-01,1.346068923536490047e-01,1.329857280730041003e-01,1.549270301776441983e-01,1.932346543681350004e-01,2.378331623870187372e-01,2.810751248832472626e-01,3.190969540056910470e-01,3.507831669249033002e-01,3.764242083685058193e-01,3.968335441094414939e-01,4.129097308432705948e-01,4.254620039400563436e-01,4.351619567479765305e-01,4.425466629356800130e-01,4.480387112171397290e-01,4.519688472312918814e-01,4.545961274466648883e-01,4.561243175629578483e-01,4.567147008921877971e-01,4.564958937512351711e-01,4.555713086794843103e-01,4.540248204709285140e-01,4.519250769853865868e-01,4.493287930433514932e-01,4.462832813712109270e-01,4.428284095550116262e-01,4.389981231814387153e-01,4.348216392250959794e-01,4.303243871495766593e-01,4.255287556371481483e-01,4.204546884636138904e-01,4.151201623985078526e-01,4.095415721197586123e-01,4.037340412493531927e-01,3.977116742083305900e-01,3.914877602686819280e-01,3.850749386648775197e-01,3.784853317134543316e-01,3.717306514245819482e-01,3.648222839634238657e-01,3.577713554487653158e-01,3.505887818996171190e-01,3.432853056103157274e-01,3.358715198145044711e-01,3.283578831594482494e-01,3.207547252302703211e-01,3.130722441167462788e-01,3.053204967804766246e-01,2.975093827291536708e-01,2.896486211951802558e-01,2.817477215765762932e-01,2.738159461919770221e-01,2.658622631437054240e-01,2.578952846282629441e-01,2.499231807832067442e-01,2.419535466992227823e-01,2.339931665586654774e-01
8.698924731182796632e-01,2.286365825835953158e-01,2.364464192676126453e-01,2.442671312663576011e-01,2.520923123915512210e-01,2.599148473767203815e-01,2.677270950618078627e-01,2.755209988751335937e-01,2.832881622732074667e-01,2.910199050569707846e-01,2.987073079258538710e-01,3.063412488514404841e-01,3.139124330180116385e-01,3.214114171087807947e-01,3.288286281611469963e-01,3.361543768648839192e-01,3.433788649321489750e-01,3.504921859730291689e-01,3.574843191331497638e-01,3.643451145692642168e-01,3.710642696379583549e-01,3.776312944360777912e-01,3.840354650433601136e-01,3.902657624587527185e-01,3.963107947694915478e-01,4.021586995169141310e-01,4.077970224880510530e-01,4.132125682183175330e-01,4.183912162740365259e-01,4.233176958090655861e-01,4.279753088440544362e-01,4.323455900487068182e-01,4.364078873139130010e-01,4.401388428101913330e-01,4.435117481776814641e-01,4.464957394968310789e-01,4.490547871090400656e-01,4.511464213660634770e-01,4.527201169491676391e-01,4.537152342924892223e-01,4.540583856070649627e-01,4.536600541611114923e-01,4.524102494165381239e-01,4.501729318689836612e-01,4.467789038671774460e-01,4.420168711639437809e-01,4.356225145648859876e-01,4.272658460796048274e-01,4.165382222345133667e-01,4.029428658016401266e-01,3.858979202959527122e-01,3.647709685226815379e-01,3.389805380982992555e-01,3.082213938186580959e-01,2.728763355239668398e-01,2.346071804589773269e-01,1.968697331854168675e-01,1.646925761097437213e-01,1.430210917420434158e-01,1.340798149478988899e-01,1.358311659085028322e-01,1.430802016434363499e-01,1.501566878994008147e-01,1.530716069052348582e-01,1.504310142578626497e-01,1.436156206260412460e-01,1.365963370312957004e-01,1.350201714832075517e-01,1.440611149945528191e-01,1.657497062235086527e-01,1.978738370590714946e-01,2.355134963391048997e-01,2.736662691180831719e-01,3.088952775869661660e-01,3.395489989123920971e-01,3.652485185433945736e-01,3.862992924774444892e-01,4.032813389268057880e-01,4.168250821085794366e-01,4.275103962456195394e-01,4.358323076384553740e-01,4.421979974663574620e-01,4.469362671188333858e-01,4.503104867888735874e-01,4.525311966237196559e-01,4.537669960310339867e-01,4.541534493018338225e-01,4.538001683183910395e-01,4.527963668257616314e-01,4.512151889965099749e-01,4.491170774962949808e-01,4.465523976471767464e-01,4.435634883860984368e-01,4.401862720151061281e-01,4.364515238180755596e-01,4.323858786036636759e-01,4.280126328676155389e-01,4.233523873312206032e-01,4.184235640740926465e-01,4.132428245144799672e-01,4.078254084627022102e-01,4.021854099007716177e-01,3.963360016613192149e-01,3.902896185211033875e-01,3.840581061865984691e-01,3.776528420807360731e-01,3.710848326279279630e-01,3.643647907945120612e-01,3.575031969094970563e-01,3.505103452176753787e-01,3.433963781664003401e-01,3.361713100697260592e-01,3.288450415063908228e-01,3.214273655724645962e-01,3.139279669092346903e-01,3.063564142466260742e-01,2.987221470254162736e-01,2.910344564662780131e-01,2.833024612081530558e-01,2.755350772880605925e-01,2.677409816769967810e-01,2.599285676142814583e-01,2.521058881406531560e-01,2.442805804348775756e-01,2.364597549653182640e-01,2.286498116342112474e-01
8.741935483870968415e-01,2.251173588145247983e-01,2.328144825456879008e-01,2.405229992052143051e-01,2.482369679841461285e-01,2.559498123276226500e-01,2.636544697674299553e-01,2.713434878468469202e-01,2.790090927428039436e-01,2.866432424243060550e-01,2.942376700536854517e-01,3.017839205134807412e-01,3.092733815252556306e-01,3.166973100606061964e-01,3.240468542988407807e-01,3.313130711056772038e-01,3.384869388148818437e-01,3.455593649478598817e-01,3.525211883802348845e-01,3.593631753433537690e-01,3.660760085206695158e-01,3.726502683537744054e-01,3.790764055008991606e-01,3.853447031808692191e-01,3.914452278757363235e-01,3.973677665402797210e-01,4.031017480576714607e-01,4.086361461642739057e-01,4.139593604127664861e-01,4.190590709131031266e-01,4.239220615360161926e-01,4.285340049205298985e-01,4.328792009141799735e-01,4.369402578886882882e-01,4.406977035842882251e-01,4.441295085797257736e-01,4.472105009652321828e-01,4.499116450843437809e-01,4.521991500646107554e-01,4.540333650662172760e-01,4.553674076650340852e-01,4.561454598289809703e-01,4.563006536089795340e-01,4.557524586511406128e-01,4.544034819012378601e-01,4.521356086264691765e-01,4.488054770187351883e-01,4.442394311917264305e-01,4.382284208938130310e-01,4.305239509819341337e-01,4.208373517920097617e-01,4.088466429623588416e-01,3.942183664723121761e-01,3.766557163139757081e-01,3.559872406740711703e-01,3.323068280329340429e-01,3.061543498177313749e-01,2.786765005760721836e-01,2.516410659964152807e-01,2.271659246898249940e-01,2.071702094623756041e-01,1.928293578203577885e-01,1.844325689831721737e-01,1.817591536369233263e-01,1.846406140810930019e-01,1.932224765657776788e-01,2.077066316036814408e-01,2.277931639352817894e-01,2.523061334493101326e-01,2.793348746949963490e-01,3.067748138135776292e-01,3.328717075876879705e-01,3.564896823283354443e-01,3.770960775451047686e-01,3.946010564198423887e-01,4.091778821761787865e-01,4.211237984739483742e-01,4.307719607032217124e-01,4.384437098462076188e-01,4.444269694566252427e-01,4.489695015446173998e-01,4.522796908276286998e-01,4.545306142601678312e-01,4.558651422413813603e-01,4.564009782915426916e-01,4.562351741126859372e-01,4.554479778451364091e-01,4.541060244536552770e-01,4.522649395685199303e-01,4.499714464888046050e-01,4.472650641492160184e-01,4.441794737720060060e-01,4.407436195743689722e-01,4.369825969549577804e-01,4.329183710903481419e-01,4.285703601033733490e-01,4.239559098401814441e-01,4.190906815995680823e-01,4.139889696538341934e-01,4.086639618568164156e-01,4.031279538553537156e-01,3.973925252427422117e-01,3.914686842865636174e-01,3.853669865250998194e-01,3.790976314760177712e-01,3.726705408745467629e-01,3.660954212072364822e-01,3.593818127930939466e-01,3.525391272567126033e-01,3.455766749142628602e-01,3.385036833344355345e-01,3.313293081275574536e-01,3.240626368446182792e-01,3.167126867233934218e-01,3.092883968911218640e-01,3.017986155123290604e-01,2.942520822444844586e-01,2.866574062171232673e-01,2.790230395572505517e-01,2.713572462028388532e-01,2.636680652990020524e-01,2.559632677023011560e-01,2.482503026966093873e-01,2.405362291886236625e-01,2.328276194936307053e-01,2.251304089955456222e-01
8.784946236559141308e-01,2.208228283801944580e-01,2.283936996432070488e-01,2.359762443675992583e-01,2.435649227917452975e-01,2.511536117209856034e-01,2.587357296013030328e-01,2.663043208179581289e-01,2.738521183702868900e-01,2.813715938431864405e-01,2.888549991378168147e-01,2.962944022902860297e-01,3.036817186022382486e-01,3.110087376938294734e-01,3.182671467256991127e-01,3.254485498053906745e-01,3.325444834351549694e-01,3.395464277390776164e-01,3.464458131086344816e-01,3.532340218144339739e-01,3.599023840388650419e-01,3.664421676823871876e-01,3.728445611781068814e-01,3.791006484080816086e-01,3.852013746423487706e-01,3.911375022088672826e-01,3.968995543379773561e-01,4.024777452951311396e-01,4.078618945036478483e-01,4.130413218440175394e-01,4.180047206722842801e-01,4.227400042949974179e-01,4.272341206333815089e-01,4.314728285575307742e-01,4.354404278172290255e-01,4.391194325770156892e-01,4.424901762139893946e-01,4.455303321991243570e-01,4.482143325263456823e-01,4.505126613173777717e-01,4.523909971004048680e-01,4.538091733122908700e-01,4.547199238289729162e-01,4.550673808062235537e-01,4.547852996170096973e-01,4.537950071194868373e-01,4.520031170923675123e-01,4.492991513305543694e-01,4.455533809972078707e-01,4.406155138515415737e-01,4.343153744200091704e-01,4.264675434819698019e-01,4.168830908097739263e-01,4.053929246322954816e-01,3.918883047530287156e-01,3.763830904228274155e-01,3.590966039783433095e-01,3.405422543239869371e-01,3.215861208979175490e-01,3.034241433706352242e-01,2.874415930759665061e-01,2.749791112017825889e-01,2.670997128616006688e-01,2.644533047719988539e-01,2.672482956357088990e-01,2.752589646054176553e-01,2.878223479819734809e-01,3.038693135309670779e-01,3.220602573104635602e-01,3.410161221014912369e-01,3.595494518522114324e-01,3.768024306125550837e-01,3.922682887039097288e-01,4.057323325278282544e-01,4.171835468549253689e-01,4.267321812599662589e-01,4.345479510361571207e-01,4.408198750216544282e-01,4.457331692563863412e-01,4.494576685191965515e-01,4.521432780242969907e-01,4.539193433371363495e-01,4.548959880549637846e-01,4.551662827140017797e-01,4.548086258812991667e-01,4.538890267707549886e-01,4.524631531579234589e-01,4.505781020099222101e-01,4.482738972517766873e-01,4.455847401956880005e-01,4.425400454735728406e-01,4.391652956899720905e-01,4.354827452171557423e-01,4.315119995844722833e-01,4.272704927776432848e-01,4.227738809289445787e-01,4.180363675277756208e-01,4.130709724496799407e-01,4.078897547592424400e-01,4.025039973291825723e-01,3.969243597691362035e-01,3.911610049101754139e-01,3.852237030900941273e-01,3.791219176826050585e-01,3.728648746721368590e-01,3.664616185628508660e-01,3.599210565002041173e-01,3.532519921549071018e-01,3.464631506557340757e-01,3.395631956456972023e-01,3.325607393644244847e-01,3.254643465189681617e-01,3.182825325876317835e-01,3.110237570997467227e-01,3.036964123415868966e-01,2.963088078474039322e-01,2.888691509356779430e-01,2.813855234316702258e-01,2.738658545584323201e-01,2.663178897466468298e-01,2.587491547485178400e-01,2.511669138252557443e-01,2.435781196685580796e-01,2.359893505742491349e-01,2.284067259104196890e-01,2.208357806506999199e-01
8.827956989247311981e-01,2.181917653883659325e-01,2.256933368543478924e-01,2.332072713935909036e-01,2.407284952927492838e-01,2.482513890724576122e-01,2.557698965158776705e-01,2.632776015592133700e-01,2.707677874392861450e-01,2.782334850985672681e-01,2.856675144834635582e-01,2.930625207038557445e-01,3.004110061329855474e-01,3.077053590222175172e-01,3.149378789013486113e-01,3.221007988416043077e-01,3.291863045272795385e-01,3.361865499868186835e-01,3.430936697592528173e-01,3.498997872070855331e-01,3.565970186253247798e-01,3.631774727325725594e-01,3.696332450594858043e-01,3.759564066678445227e-01,3.821389865352596837e-01,3.881729468209363931e-01,3.940501500809366897e-01,3.997623173199907343e-01,4.053009755428509941e-01,4.106573931914159759e-01,4.158225015126067459e-01,4.207867994827670377e-01,4.255402394007097300e-01,4.300720896362192347e-01,4.343707702650874691e-01,4.384236564180573059e-01,4.422168431077594386e-01,4.457348640761641390e-01,4.489603558544032480e-01,4.518736568299474010e-01,4.544523298523835408e-01,4.566705961307203632e-01,4.584986685334373480e-01,4.599019750577334475e-01,4.608402701999597673e-01,4.612666466474479865e-01,4.611264877753266100e-01,4.603564519773202246e-01,4.588836670269463291e-01,4.566254572066838491e-01,4.534901555245445248e-01,4.493798981596304198e-01,4.441967744120701722e-01,4.378542717132009043e-01,4.302964240286052400e-01,4.215269646180735963e-01,4.116492159859934663e-01,4.009130832361898489e-01,3.897579298709518691e-01,3.788307097714772032e-01,3.689542079274350517e-01,3.610295096203479104e-01,3.558828319132476548e-01,3.540971982559646958e-01,3.558830165869701911e-01,3.610298555184074942e-01,3.689546745834325070e-01,3.788312496414905639e-01,3.897584978252310317e-01,4.009136428208591174e-01,4.116497417859663055e-01,4.215274416589112061e-01,4.302968455955752392e-01,4.378546368346671325e-01,4.441970857291546171e-01,4.493801602426974462e-01,4.534903737505759924e-01,4.566256370652334584e-01,4.588838137292213237e-01,4.603565702636452928e-01,4.611265818440908881e-01,4.612667201536307382e-01,4.608403262901744069e-01,4.599020164217184070e-01,4.584986974604240428e-01,4.566706145644157111e-01,4.544523394414636264e-01,4.518736589728404862e-01,4.489603517381346998e-01,4.457348547095767999e-01,4.422168293496631652e-01,4.384236390009351170e-01,4.343707498149998458e-01,4.300720666894565780e-01,4.255402144177555246e-01,4.207867728599646862e-01,4.158224735919262005e-01,4.106573642686497383e-01,4.053009458744813998e-01,3.997622871289663871e-01,3.940501195615493391e-01,3.881729161429020580e-01,3.821389558471953718e-01,3.759563761002035487e-01,3.696332147270398605e-01,3.631774427365215829e-01,3.565969890550985677e-01,3.498997581418679115e-01,3.430936412692921489e-01,3.361865221345325394e-01,3.291862773682150412e-01,3.221007724252500926e-01,3.149378532718219992e-01,3.077053342188655893e-01,3.004109821908859668e-01,2.930624976542463567e-01,2.856674923541109301e-01,2.782334639140573440e-01,2.707677672212803754e-01,2.632775823266434445e-01,2.557698782850935659e-01,2.482513718573238215e-01,2.407284791046822026e-01,2.332072562415204442e-01,2.256933227445901691e-01,2.181917523243261936e-01
8.870967741935484874e-01,2.138343206808490937e-01,2.212113243431817478e-01,2.286002950932972122e-01,2.359965218665393549e-01,2.433947759277933776e-01,2.507894063099761484e-01,2.581744097547997163e-01,2.655434859946708137e-01,2.728900838578209864e-01,2.802074411413441601e-01,2.874886198953846561e-01,2.947265380473319540e-01,3.019139978788182854e-01,3.090437116121334538e-01,3.161083241969121493e-01,3.231004332743754870e-01,3.300126062141368610e-01,3.368373940545388856e-01,3.435673421235644343e-01,3.501949970676083157e-01,3.567129099657940783e-01,3.631136351538335472e-01,3.693897243207120984e-01,3.755337153698634078e-01,3.815381154505370076e-01,3.873953774603505762e-01,3.930978691922346613e-01,3.986378341424222649e-01,4.040073428048914783e-01,4.091982330447769822e-01,4.142020378609461151e-01,4.190098985082178484e-01,4.236124605443931657e-01,4.279997498901733088e-01,4.321610254381100802e-01,4.360846041255816430e-01,4.397576537168121913e-01,4.431659478682905551e-01,4.462935774767867181e-01,4.491226120077614903e-01,4.516327047899301173e-01,4.538006376822984467e-01,4.555998039856643533e-01,4.569996354868045008e-01,4.579649925246118136e-01,4.584555588044771923e-01,4.584253212771630115e-01,4.578222784623338648e-01,4.565886201591418114e-01,4.546617722419395435e-01,4.519769156850839131e-01,4.484718700687525539e-01,4.440955411237815786e-01,4.388213444467006785e-01,4.326668482806830807e-01,4.257198204205114855e-01,4.181682601639116204e-01,4.103274812869316945e-01,4.026516622728147921e-01,3.957140530166896042e-01,3.901438984393505449e-01,3.865229807291517550e-01,3.852658619483418923e-01,3.865231227470145026e-01,3.901441652794238601e-01,3.957144148524515126e-01,4.026520837297422051e-01,4.103279282847443477e-01,4.181687045696828031e-01,4.257202419957968886e-01,4.326672343855270109e-01,4.388216887824247237e-01,4.440958419664688406e-01,4.484721286699707710e-01,4.519771350179730973e-01,4.546619561144011334e-01,4.565887726367350852e-01,4.578224035217851040e-01,4.584254226180644598e-01,4.584556397628350988e-01,4.579650560482350641e-01,4.569996841457990011e-01,4.555998400010933813e-01,4.538006629626170074e-01,4.516327209692270195e-01,4.491226204824779744e-01,4.462935794393392830e-01,4.431659443369206364e-01,4.397576455616165059e-01,4.360845920908970608e-01,4.321610101616284449e-01,4.279997319191632399e-01,4.236124403494122559e-01,4.190098764946967314e-01,4.142020143789442166e-01,4.091982083972071083e-01,4.040073172544734748e-01,3.986378079175246225e-01,3.930978424918246672e-01,3.873953504581791885e-01,3.815380882986796895e-01,3.755336882017247246e-01,3.693896972535785084e-01,3.631136082910479401e-01,3.567128833985966918e-01,3.501949708767231328e-01,3.435673163805429420e-01,3.368373688229120977e-01,3.300125815503998083e-01,3.231004092288389806e-01,3.161083008144142115e-01,3.090436889326669823e-01,3.019139759380582433e-01,2.947265168770885624e-01,2.874885995239862546e-01,2.802074215939679980e-01,2.728900651567587876e-01,2.655434681595586488e-01,2.581743928027978030e-01,2.507893902559052424e-01,2.433947607842260885e-01,2.359965076438458320e-01,2.286002817996303227e-01,2.212113119843810982e-01,2.138343092602343620e-01
8.913978494623656657e-01,2.118146058059550974e-01,2.191159638465470516e-01,2.264276519027985657e-01,2.337453906918393054e-01,2.410644043714056384e-01,2.483795076783650024e-01,2.556851719016556834e-01,2.629755782187437885e-01,2.702446628806420836e-01,2.774861567419863451e-01,2.846936205797860886e-01,2.918604770505300872e-01,2.989800397812896193e-01,3.060455398690049567e-01,3.130501499169908164e-01,3.199870056387092987e-01,3.268492249880085576e-01,3.336299247217389685e-01,3.403222342581702087e-01,3.469193066579128737e-01,3.534143265198163575e-01,3.598005145497285007e-01,3.660711285222744693e-01,3.722194603130936086e-01,3.782388286283152046e-01,3.841225669974598911e-01,3.898640065223414330e-01,3.954564527853436373e-01,4.008931562122806103e-01,4.061672750546684862e-01,4.112718300003509464e-01,4.161996492370074185e-01,4.209433025779633075e-01,4.254950230139695200e-01,4.298466137818246491e-01,4.339893387517396728e-01,4.379137936525568930e-01,4.416097554203625708e-01,4.450660068474029396e-01,4.482701338552368409e-01,4.512082933364263693e-01,4.538649509601881404e-01,4.562225911954401747e-01,4.582614069834816117e-01,4.599589854174220838e-01,4.612900206271903225e-01,4.622261090367772995e-01,4.627357197796470034e-01,4.627844902445575337e-01,4.623360801461616210e-01,4.613539321999806653e-01,4.598044306410913884e-01,4.576620967315374600e-01,4.549175447797890182e-01,4.515887965440159024e-01,4.477359636664784981e-01,4.434779289201181696e-01,4.390072759879099507e-01,4.345967002003959245e-01,4.305879991617128089e-01,4.273562535859923295e-01,4.252495387915291025e-01,4.245170679737794717e-01,4.252496515302295887e-01,4.273564659085823947e-01,4.305882881655140881e-01,4.345970385398618685e-01,4.390076370623706148e-01,4.434782903659719167e-01,4.477363090195878303e-01,4.515891152135763087e-01,4.549178311048389656e-01,4.576623487232110432e-01,4.598046487829516304e-01,4.613541184755725055e-01,4.623362373291775018e-01,4.627846214205135200e-01,4.627358280463600981e-01,4.622261973317002837e-01,4.612900916392983497e-01,4.599590415525181553e-01,4.582614503614075296e-01,4.562226236649539746e-01,4.538649741226437051e-01,4.512083085727303655e-01,4.482701423529962814e-01,4.450660096265133814e-01,4.416097533562542976e-01,4.379137874968229704e-01,4.339893291501110140e-01,4.298466012897024791e-01,4.254950081097308989e-01,4.209432856743208773e-01,4.161996306906623477e-01,4.112718101201818799e-01,4.061672541086849830e-01,4.008931344335093794e-01,3.954564303768305922e-01,3.898639836613843057e-01,3.841225438392079639e-01,3.782388053088263091e-01,3.722194369519445378e-01,3.660711052247813124e-01,3.598004914088276385e-01,3.534143036176914943e-01,3.469192840673789302e-01,3.403222120438589293e-01,3.336299029411038397e-01,3.268492036922089894e-01,3.199869848733498667e-01,3.130501297227639146e-01,3.060455202822489618e-01,2.989800208344490784e-01,2.918604587725648347e-01,2.846936029965202453e-01,2.774861398763902032e-01,2.702446467530881247e-01,2.629755628472051354e-01,2.556851573018653068e-01,2.483794938639490857e-01,2.410643913539657068e-01,2.337453784810013258e-01,2.264276405062067843e-01,2.191159532698045143e-01,2.118145960524690785e-01
8.956989247311828439e-01,2.079320738463621421e-01,2.151245523246549107e-01,2.223264270720067270e-01,2.295337671764417775e-01,2.367421592880560033e-01,2.439467874365726374e-01,2.511424951619639634e-01,2.583238366907396610e-01,2.654851208312904998e-01,2.726204497022420847e-01,2.797237535554089050e-01,2.867888224603887815e-01,2.938093353155130649e-01,3.007788864566938170e-01,3.076910100068112053e-01,3.145392020194633931e-01,3.213169404069139978e-01,3.280177025944345237e-01,3.346349808058193265e-01,3.411622948535373290e-01,3.475932022790823583e-01,3.539213056617979136e-01,3.601402568861137299e-01,3.662437581254335828e-01,3.722255592644760913e-01,3.780794514382483373e-01,3.837992563135486090e-01,3.893788106754807465e-01,3.948119458049448305e-01,4.000924610409835047e-01,4.052140908123803564e-01,4.101704642939333345e-01,4.149550566936888174e-01,4.195611310090376356e-01,4.239816689057812615e-01,4.282092891849611505e-01,4.322361521262343964e-01,4.360538478682973174e-01,4.396532669664777182e-01,4.430244514552513224e-01,4.461564253049888351e-01,4.490370043648780340e-01,4.516525881541620935e-01,4.539879398696549107e-01,4.560259677491040886e-01,4.577475320197043618e-01,4.591313193356891253e-01,4.601538540257819054e-01,4.607897566943961465e-01,4.610124202275168170e-01,4.607953542160289073e-01,4.601145487630107778e-01,4.589523104300270995e-01,4.573030786513772594e-01,4.551816381880797180e-01,4.526337260961594278e-01,4.497480586162291849e-01,4.466671142621947976e-01,4.435918287063256304e-01,4.407737332076296366e-01,4.384890115843206870e-01,4.369943349765165186e-01,4.364737641418019454e-01,4.369944366975044292e-01,4.384892032005968110e-01,4.407739941489313140e-01,4.435921343933004191e-01,4.466674407367563493e-01,4.497483857733991508e-01,4.526340390944399994e-01,4.551819274367911450e-01,4.573033389784488256e-01,4.589525399640185799e-01,4.601147478639908139e-01,4.607955246065327248e-01,4.610125643559068731e-01,4.607898773039104667e-01,4.601539538830746179e-01,4.591314010729899420e-01,4.577475980531103827e-01,4.560260202452399714e-01,4.539879807414360924e-01,4.516526190728534784e-01,4.490370267804077442e-01,4.461564404695120833e-01,4.430244604470777725e-01,4.396532707127763229e-01,4.360538471658166881e-01,4.322361476597270658e-01,4.282092815433152788e-01,4.239816585959664819e-01,4.195611184680967942e-01,4.149550422989697895e-01,4.101704483718120464e-01,4.052140736456814607e-01,4.000924428752611339e-01,3.948119268538319848e-01,3.893787911252281075e-01,3.837992363268631912e-01,3.780794311575861322e-01,3.722255388148095756e-01,3.662437376166330361e-01,3.601402364149696167e-01,3.539212853137516657e-01,3.475931821297004731e-01,3.411622749697802992e-01,3.346349612471197776e-01,3.280176834136344088e-01,3.213169216510549098e-01,3.145391837304797322e-01,3.076909922221100491e-01,3.007788692096708405e-01,2.938093186359805320e-01,2.867888063749470251e-01,2.797237380877683477e-01,2.726204348734858618e-01,2.654851066601116583e-01,2.583238231936184071e-01,2.511424823533256467e-01,2.439467753289085161e-01,2.367421478920044564e-01,2.295337565008392089e-01,2.223264171238937270e-01,2.151245431092368710e-01,2.079320653668906838e-01
9.000000000000001332e-01,2.053003892196022806e-01,2.124117130491287864e-01,2.195307841647721192e-01,2.266540524747549246e-01,2.337774947181819052e-01,2.408966897673434637e-01,2.480068786014863469e-01,2.551030144549281120e-01,2.621798062555584785e-01,2.692317572100748624e-01,2.762531996821847025e-01,2.832383270868402136e-01,2.901812232586119533e-01,2.970758895797654398e-01,3.039162700370345860e-01,3.106962742950432621e-01,3.174097988163995798e-01,3.240507460158909558e-01,3.306130414040421295e-01,3.370906486497956545e-01,3.434775824709033198e-01,3.497679192416409122e-01,3.559558051889959440e-01,3.620354620291185710e-01,3.680011898741583076e-01,3.738473672140539827e-01,3.795684477475336771e-01,3.851589537992464729e-01,3.906134660149895854e-01,3.959266089721963366e-01,4.010930322771842360e-01,4.061073866426875290e-01,4.109642943484362321e-01,4.156583133839814592e-01,4.201838944594224468e-01,4.245353299508656808e-01,4.287066937354835350e-01,4.326917707852890871e-01,4.364839753657013266e-01,4.400762567839316408e-01,4.434609919527728317e-01,4.466298647374858932e-01,4.495737333942568248e-01,4.522824897910588393e-01,4.547449181508474991e-01,4.569485677190348039e-01,4.588796644261781688e-01,4.605231032580046069e-01,4.618625882407628724e-01,4.628810236696382918e-01,4.635613108760193168e-01,4.638877688600380189e-01,4.638484655422266956e-01,4.634387918417676167e-01,4.626665721586180058e-01,4.615587715140284653e-01,4.601692751840658069e-01,4.585861479048810030e-01,4.569353125240007696e-01,4.553763446131809389e-01,4.540863988453419098e-01,4.532316612372529474e-01,4.529321390306141892e-01,4.532317609013151172e-01,4.540865862626216609e-01,4.553765991355736564e-01,4.569356096927673083e-01,4.585864641506953165e-01,4.601695909757383962e-01,4.615590726575787839e-01,4.626668496686167642e-01,4.634390410344517708e-01,4.638486848899416315e-01,4.638879589288240624e-01,4.635614734810099558e-01,4.628811612679131215e-01,4.618627035277362847e-01,4.605231989180856300e-01,4.588797429913137327e-01,4.569486314983651210e-01,4.547449692047207392e-01,4.522825299312449032e-01,4.495737641984484667e-01,4.466298875706927185e-01,4.434610079911071034e-01,4.400762670382510344e-01,4.364839807037454444e-01,4.326917719516834016e-01,4.287066913694070336e-01,4.245353246014459958e-01,4.201838865989750427e-01,4.156583034193625514e-01,4.109642826306862395e-01,4.061073734752653763e-01,4.010930179229104664e-01,3.959265936591648827e-01,3.906134499415609418e-01,3.851589371382971860e-01,3.795684306500406446e-01,3.738473498121593352e-01,3.680011722837621124e-01,3.620354443520871768e-01,3.559557875150441419e-01,3.497679016499505855e-01,3.434775650314850215e-01,3.370906314246684965e-01,3.306130244482459180e-01,3.240507293783441156e-01,3.174097825406459461e-01,3.106962584198860178e-01,3.039162545970832130e-01,2.970758746059088407e-01,2.901812087784205185e-01,2.832383131249106567e-01,2.762531862604399868e-01,2.692317443480082839e-01,2.621797939704541003e-01,2.551030027620295182e-01,2.480068675141479939e-01,2.408966792971350690e-01,2.337774848749780143e-01,2.266540432667816518e-01,2.195307755986221909e-01,2.124117051297352288e-01,2.053003819501566518e-01
9.043010752688173115e-01,2.017689565631773652e-01,2.087837227524734496e-01,2.158049254355421942e-01,2.228293572557058511e-01,2.298533429212367141e-01,2.368728109026757567e-01,2.438833516247066180e-01,2.508802667168291700e-01,2.578586120030943452e-01,2.648132358820473597e-01,2.717388141499630927e-01,2.786298819538784444e-01,2.854808633262025386e-01,2.922860985964743641e-01,2.990398698689827883e-01,3.057364246797372176e-01,3.123699978926493537e-01,3.189348318556654016e-01,3.254251948087239499e-01,3.318353975137438017e-01,3.381598080599494960e-01,3.443928647842471324e-01,3.505290872343632680e-01,3.565630850911528094e-01,3.624895649545438747e-01,3.683033348841321941e-01,3.739993065693478225e-01,3.795724949844422880e-01,3.850180153591437615e-01,3.903310772657602179e-01,3.955069755865506242e-01,4.005410780805634952e-01,4.054288092159702983e-01,4.101656298721799154e-01,4.147470124462743768e-01,4.191684108231624184e-01,4.234252245937079051e-01,4.275127568404085143e-01,4.314261647746309714e-01,4.351604025352682759e-01,4.387101555998493829e-01,4.420697666044997587e-01,4.452331530620247668e-01,4.481937187367185382e-01,4.509442626387573094e-01,4.534768932914933215e-01,4.557829619286060674e-01,4.578530377860919875e-01,4.596769632866210542e-01,4.612440486426085950e-01,4.625434961074190165e-01,4.635651842459675431e-01,4.643009881702132025e-01,4.647468481622053504e-01,4.649057914673552783e-01,4.647919928166617809e-01,4.644356255014492341e-01,4.638876029923289512e-01,4.632223557526854996e-01,4.625358812974255662e-01,4.619363136739995657e-01,4.615262742015202035e-01,4.613804747957933050e-01,4.615263773659944446e-01,4.619365071491915997e-01,4.625361429519591061e-01,4.632226596745246949e-01,4.638879245938168916e-01,4.644359447965565324e-01,4.647922956285796547e-01,4.649060691176254978e-01,4.647470963915680819e-01,4.643012058746549542e-01,4.635653723519552738e-01,4.625436567058559545e-01,4.612441843838246958e-01,4.596770769896835196e-01,4.578531322052842856e-01,4.557830396267638640e-01,4.534769565818812520e-01,4.509443135684923498e-01,4.481937590938396276e-01,4.452331843948145740e-01,4.420697902461497852e-01,4.387101726943686275e-01,4.351604140624580341e-01,4.314261715729941771e-01,4.275127596275480890e-01,4.234252239841609367e-01,4.191684073437778046e-01,4.147470065493693570e-01,4.101656219467385012e-01,4.054287995971270764e-01,4.005410670576350918e-01,3.955069634098120068e-01,3.903310641521761104e-01,3.850180014972182652e-01,3.795724805383029477e-01,3.739992916822153513e-01,3.683033196812559029e-01,3.624895495456956773e-01,3.565630695727460830e-01,3.505290716912556337e-01,3.443928492912739503e-01,3.381597926832425327e-01,3.318353823118480594e-01,3.254251798335611179e-01,3.189348171533518683e-01,3.123699835042091921e-01,3.057364106417043703e-01,2.990398562139255367e-01,2.922860853534373082e-01,2.854808505210945091e-01,2.786298696098031269e-01,2.717388022874951958e-01,2.648132245194773082e-01,2.578586011566251224e-01,2.508802564007516778e-01,2.438833418515302387e-01,2.368728016832436500e-01,2.298533342648018951e-01,2.228293491699883944e-01,2.158049179267461648e-01,2.087837158252742464e-01,2.017689502206578833e-01
9.086021505376344898e-01,1.984321807470188215e-01,2.053573427651536609e-01,2.122874819924204237e-01,2.192197326174718797e-01,2.261507626565459894e-01,2.330768434029355796e-01,2.399939066532688348e-01,2.468975935999407068e-01,2.537832977574227544e-01,2.606462034303087538e-01,2.674813207157470396e-01,2.742835177087833975e-01,2.810475503666453045e-01,2.877680903442221827e-01,2.944397510132005236e-01,3.010571118067744134e-01,3.076147409815933043e-01,3.141072168525404495e-01,3.205291475303798099e-01,3.268751891742316951e-01,3.331400627585230367e-01,3.393185693459647712e-01,3.454056038530038397e-01,3.513961672913022416e-01,3.572853774673036553e-01,3.630684781211684919e-01,3.687408464856538060e-01,3.742979992445996662e-01,3.797355968685475203e-01,3.850494463017989366e-01,3.902355019697327232e-01,3.952898650677304504e-01,4.002087810824342951e-01,4.049886354828022283e-01,4.096259475014554785e-01,4.141173619074579038e-01,4.184596386497403953e-01,4.226496402286702980e-01,4.266843166349676419e-01,4.305606876875930356e-01,4.342758226170240765e-01,4.378268167980113867e-01,4.412107656698566194e-01,4.444247361478967373e-01,4.474657363148749067e-01,4.503306850258425587e-01,4.530163844796533112e-01,4.555195011276902961e-01,4.578365639659163211e-01,4.599639948958705316e-01,4.618981941223426757e-01,4.636357149492116303e-01,4.651735763578623839e-01,4.665097753543329118e-01,4.676440656800698314e-01,4.685790468029424338e-01,4.693215261177859365e-01,4.698839405514727563e-01,4.702853390320568816e-01,4.705511175382976474e-01,4.707106192418522017e-01,4.707922310632405849e-01,4.708168905831794926e-01,4.707923446009535384e-01,4.707108311628034891e-01,4.705514021150778436e-01,4.702856667605539998e-01,4.698842840962265677e-01,4.693218639482626964e-01,4.685793642552138483e-01,4.676443542939693887e-01,4.665100314468013099e-01,4.651737995084240240e-01,4.636359067307463944e-01,4.618983571703513813e-01,4.599641322874386540e-01,4.578366788376498353e-01,4.555195964604860093e-01,4.530164629919798402e-01,4.503307491335126755e-01,4.474657881290965422e-01,4.444247774936720408e-01,4.412107981137534107e-01,4.378268416789569129e-01,4.342758410766211497e-01,4.305607006981448937e-01,4.266843250245235808e-01,4.226496447028613157e-01,4.184596398105644433e-01,4.141173602692836964e-01,4.096259435045660480e-01,4.049886295048145124e-01,4.002087734479068959e-01,3.952898560562392305e-01,3.902354918226568214e-01,3.850494352280091070e-01,3.797355850492190044e-01,3.742979868372389718e-01,3.687408336275197485e-01,3.630684649321371804e-01,3.572853640523152019e-01,3.513961537424130643e-01,3.454055902511588561e-01,3.393185557624749382e-01,3.331400492563375004e-01,3.268751758090310267e-01,3.205291343514993785e-01,3.141072039037620112e-01,3.076147283018320633e-01,3.010570994306577264e-01,2.944397389715673885e-01,2.877680786645626099e-01,2.810475390734565315e-01,2.742835068238968499e-01,2.674813102585918423e-01,2.606461934181463769e-01,2.537832882055398587e-01,2.468975845218094600e-01,2.399938980606839689e-01,2.330768353061191400e-01,2.261507550642262165e-01,2.192197255369398301e-01,2.122874754295547839e-01,2.053573367244098946e-01,1.984321752313912002e-01
9.129032258064516681e-01,1.973327626607104812e-01,2.042166774169249244e-01,2.111028867948692433e-01,2.179889424880505355e-01,2.248719277959237706e-01,2.317485272798519569e-01,2.386150848333311036e-01,2.454676536518523022e-01,2.523020403031569492e-01,2.591138443480828779e-01,2.658984945000681943e-01,2.726512820133220050e-01,2.793673917912152804e-01,2.860419315704108567e-01,2.926699594418042949e-01,2.992465099032268205e-01,3.057666185931303127e-01,3.122253458237436163e-01,3.186177990130052429e-01,3.249391541046307008e-01,3.311846760633828102e-01,3.373497385369116919e-01,3.434298427860313918e-01,3.494206360013122903e-01,3.553179291460898948e-01,3.611177144938949035e-01,3.668161830632812315e-01,3.724097421954918330e-01,3.778950335715544062e-01,3.832689520273032668e-01,3.885286655988873794e-01,3.936716373203983377e-01,3.986956494021933750e-01,4.035988305463140691e-01,4.083796873078373579e-01,4.130371405909297744e-01,4.175705685781566090e-01,4.219798576300921589e-01,4.262654629536263284e-01,4.304284811037529246e-01,4.344707366187290365e-01,4.383948852194752277e-01,4.422045358983421881e-01,4.459043936409499698e-01,4.495004230526919442e-01,4.530000300883482711e-01,4.564122532187783743e-01,4.597479447624180371e-01,4.630199046601091162e-01,4.662428979635722115e-01,4.694334370880448026e-01,4.726091323294532298e-01,4.757873026169437969e-01,4.789823967548550998e-01,4.822016390823863907e-01,4.854382909368260557e-01,4.886622490153805232e-01,4.918087759358790167e-01,4.947683571788720758e-01,4.973837606734337613e-01,4.994624377870167109e-01,5.008096575384581861e-01,5.012773453487645581e-01,5.008098255608897098e-01,4.994627467617780980e-01,4.973841662614392201e-01,4.947688113161349266e-01,4.918092377317949682e-01,4.886626894425462608e-01,4.854386928742540630e-01,4.822019948205486517e-01,4.789827049304453133e-01,4.757875655997040321e-01,4.726093543549593767e-01,4.694336230713276326e-01,4.662430528169502209e-01,4.630200329429921546e-01,4.597480505325165501e-01,4.564123399968133543e-01,4.530001008816887942e-01,4.495004804057409764e-01,4.459044396944311095e-01,4.422045724481102891e-01,4.383949137704797328e-01,4.344707584324087324e-01,4.304284972386042130e-01,4.262654742993820522e-01,4.219798649362543896e-01,4.175705724776292427e-01,4.130371416195748324e-01,4.083796859205989227e-01,4.035988271305357422e-01,3.986956442885943863e-01,3.936716307921624969e-01,3.885286578991804518e-01,3.832689433655091515e-01,3.778950241284729228e-01,3.724097321276632622e-01,3.668161725065969270e-01,3.611177035666264246e-01,3.553179179514415753e-01,3.494206246295507023e-01,3.434298313163041683e-01,3.373497270387749714e-01,3.311846645980860981e-01,3.249391427262410814e-01,3.186177877693219807e-01,3.122253347571142257e-01,3.057666077411260730e-01,2.992464992992306394e-01,2.926699491155069222e-01,2.860419215482390976e-01,2.793673820967053079e-01,2.726512726674241716e-01,2.658984855214215348e-01,2.591138357532400960e-01,2.523020321067729888e-01,2.454676458668560990e-01,2.386150774710452394e-01,2.317485203501143953e-01,2.248719213071507794e-01,2.179889364473129310e-01,2.111028812079059069e-01,2.042166722881566254e-01,1.973327579932027676e-01
9.172043010752688463e-01,1.943480042964197962e-01,2.011561413269808973e-01,2.079648583684811924e-01,2.147720531069746419e-01,2.215751504739005284e-01,2.283711721913226078e-01,2.351567952785718618e-01,2.419284026686908673e-01,2.486821279905928050e-01,2.554138959135684450e-01,2.621194590329664620e-01,2.687944320004574394e-01,2.754343234154494890e-01,2.820345658646989384e-01,2.885905444068749270e-01,2.950976237360197207e-01,3.015511742154051711e-01,3.079465969463881514e-01,3.142793480225563041e-01,3.205449621155203599e-01,3.267390755442671768e-01,3.328574489941483194e-01,3.388959900745245890e-01,3.448507759358476199e-01,3.507180762088607517e-01,3.564943765813406995e-01,3.621764033938113525e-01,3.677611497170908406e-01,3.732459034748392135e-01,3.786282782977101746e-01,3.839062479476890721e-01,3.890781853383620814e-01,3.941429074080601280e-01,3.990997273876406570e-01,4.039485163562383518e-01,4.086897764101973807e-01,4.133247282982013271e-01,4.178554170148668923e-01,4.222848396061537057e-01,4.266171003236030601e-01,4.308575992449843461e-01,4.350132614810194864e-01,4.390928149375178946e-01,4.431071249445155957e-01,4.470695932119127525e-01,4.509966252460891889e-01,4.549081622457920027e-01,4.588282564824499032e-01,4.627856361700881660e-01,4.668141449905338081e-01,4.709528338934381719e-01,4.752453009060796929e-01,4.797375843406337381e-01,4.844734912539800376e-01,4.894857221502774691e-01,4.947807547915823445e-01,5.003158044036601915e-01,5.059685542208463005e-01,5.115063647413850001e-01,5.165713839280936526e-01,5.207057215468470224e-01,5.234339300528298988e-01,5.243895718896363078e-01,5.234341655579725083e-01,5.207061479551814420e-01,5.165719308441725222e-01,5.115069603740339810e-01,5.059691421466361305e-01,5.003163488641585444e-01,4.947812382538172016e-01,4.894861396237371598e-01,4.844738451753168862e-01,4.797378808006569906e-01,4.752455472984496998e-01,4.709530376191400358e-01,4.668143128348868354e-01,4.627857740665906050e-01,4.588283694804389246e-01,4.549082545743595163e-01,4.509967004154211700e-01,4.470696541218437403e-01,4.431071739862566528e-01,4.390928540829726612e-01,4.350132923584698608e-01,4.308576232018828112e-01,4.266171184780519487e-01,4.222848528888144548e-01,4.178554262029390287e-01,4.133247340429591077e-01,4.086897792592917300e-01,4.039485167717847269e-01,3.990997257609176785e-01,3.941429040715077048e-01,3.890781805753553702e-01,3.839062420005727727e-01,3.786282713743995831e-01,3.732458957542467703e-01,3.677611413536463481e-01,3.621763945211952662e-01,3.564943673155943626e-01,3.507180666509898681e-01,3.448507661740044528e-01,3.388959801858318355e-01,3.328574390462502031e-01,3.267390655966248558e-01,3.205449522205242041e-01,3.142793382264514324e-01,3.079465872900780665e-01,3.015511647351272195e-01,2.950976144639289589e-01,2.885905353715298993e-01,2.820345570914935540e-01,2.754343149269672386e-01,2.687944238167837008e-01,2.621194511719530107e-01,2.554138883910569979e-01,2.486821208205992340e-01,2.419283958635719545e-01,2.351567888491543079e-01,2.283711661470022580e-01,2.215751448227285259e-01,2.147720478557246238e-01,2.079648535226666373e-01,2.011561368908738878e-01,1.943480002730290368e-01
9.215053763440861356e-01,1.925444808151534348e-01,1.993041222538109447e-01,2.060619692075049969e-01,2.128163112430107862e-01,2.195649574584150610e-01,2.263053075104351219e-01,2.330344117733836595e-01,2.397490235928743663e-01,2.464456456319072120e-01,2.531205717062660621e-01,2.597699251158073763e-01,2.663896942161314563e-01,2.729757657950107608e-01,2.795239566928556241e-01,2.860300440198053629e-01,2.924897942633794545e-01,2.988989915435015243e-01,3.052534652517668867e-01,3.115491173065250696e-01,3.177819492632766862e-01,3.239480895404308058e-01,3.300438210538378381e-01,3.360656096008397542e-01,3.420101333972251911e-01,3.478743142515213216e-01,3.536553509634888237e-01,3.593507556630127775e-01,3.649583939677105149e-01,3.704765300414286644e-01,3.759038778921894863e-01,3.812396605721689591e-01,3.864836793523809821e-01,3.916363954666741698e-01,3.966990276854492348e-01,4.016736698318350562e-01,4.065634334472736922e-01,4.113726222197401916e-01,4.161069465965155922e-01,4.207737893253573058e-01,4.253825356358994503e-01,4.299449855335270576e-01,4.344758703688486601e-01,4.389935015389725970e-01,4.435205857514581962e-01,4.480852481572274448e-01,4.527223102429206447e-01,4.574748699610609592e-01,4.623962191704052427e-01,4.675520915572011771e-01,4.730231298828956876e-01,4.789072310949126776e-01,4.853209541637988900e-01,4.923982570356058019e-01,5.002831680338146736e-01,5.091103088401801591e-01,5.189637455047627634e-01,5.298029438170537286e-01,5.413527358201696282e-01,5.529875108965141006e-01,5.637040900337516591e-01,5.723110433988081169e-01,5.778149723871516263e-01,5.796933982060222812e-01,5.778154723777596535e-01,5.723119149768535197e-01,5.637051465764735259e-01,5.529885870269307668e-01,5.413537263684062850e-01,5.298038016511288362e-01,5.189644619999548292e-01,5.091108951804502736e-01,5.002836427434470545e-01,4.923986395028306928e-01,4.853212618759015773e-01,4.789074787744824202e-01,4.730233295004386274e-01,4.675522526755926389e-01,4.623963493680899872e-01,4.574749752294298699e-01,4.527223953232844544e-01,4.480853168130165542e-01,4.435206409825834251e-01,4.389935457485859005e-01,4.344759054922990305e-01,4.299450131379464191e-01,4.253825569972305987e-01,4.207738054880602596e-01,4.161069584200681737e-01,4.113726304150155944e-01,4.065634386051049654e-01,4.016736724456139163e-01,3.966990281690505604e-01,3.916363941687760475e-01,3.864836765679471320e-01,3.812396565517228719e-01,3.759038728493031556e-01,3.704765241588389713e-01,3.649583874023248353e-01,3.593507485499883303e-01,3.536553434196423873e-01,3.478743063781138956e-01,3.420101252822939641e-01,3.360656013211446025e-01,3.300438126764812519e-01,3.239480811242180236e-01,3.177819408598744344e-01,3.115491089614195741e-01,3.052534570050972618e-01,2.988989834307455573e-01,2.924897863159486855e-01,2.860300362655500139e-01,2.795239491564920353e-01,2.729757584984894847e-01,2.663896871789471765e-01,2.597699183552665270e-01,2.531205652377109261e-01,2.464456394689104046e-01,2.397490177473908524e-01,2.330344062558921958e-01,2.263053023300377886e-01,2.195649526229257187e-01,2.128163067590182478e-01,2.060619650804025316e-01,1.993041184878231453e-01,1.925444774133124592e-01
9.258064516129033139e-01,1.898588739969302441e-01,1.965552676061814441e-01,2.032479698688167968e-01,2.099356288286144678e-01,2.166164024987102255e-01,2.232880315271046356e-01,2.299479010372990906e-01,2.365930944845697215e-01,2.432204414971072259e-01,2.498265611135590258e-01,2.564079014577377302e-01,2.629607766381343303e-01,2.694814014843341377e-01,2.759659246102142416e-01,2.824104602100157568e-01,2.888111189384212074e-01,2.951640381938068769e-01,3.014654121107569473e-01,3.077115215720652164e-01,3.138987645706040053e-01,3.200236872878746697e-01,3.260830163100362777e-01,3.320736924758931341e-01,3.379929069479246651e-01,3.438381402218828597e-01,3.496072049492818246e-01,3.552982936486880905e-01,3.609100326382014834e-01,3.664415438480010945e-01,3.718925165895440310e-01,3.772632918941421498e-01,3.825549627261704000e-01,3.877694942747461071e-01,3.929098697004042573e-01,3.979802682524832269e-01,4.029862847035744489e-01,4.079352017405984410e-01,4.128363305408123130e-01,4.177014395618131593e-01,4.225452980153351912e-01,4.273863691449756308e-01,4.322477000260772639e-01,4.371580700636213956e-01,4.421534806866725953e-01,4.472790947493591185e-01,4.525917656960500302e-01,4.581633305195408346e-01,4.640848660733785658e-01,4.704720955600579235e-01,4.774720062836053658e-01,4.852703225009649679e-01,4.940983554922863119e-01,5.042350049083730301e-01,5.159933729485931542e-01,5.296680122039362226e-01,5.453939393546702874e-01,5.628374412321397458e-01,5.806591998609402783e-01,5.959694017395615884e-01,6.047924147350658419e-01,6.049729312330344166e-01,5.998861193617415211e-01,5.968896872083121474e-01,5.998872201393348202e-01,6.049747961332098134e-01,6.047945585182027406e-01,5.959714303299491478e-01,5.806609183807667218e-01,5.628388129509368509e-01,5.453950038936219435e-01,5.296688300923776405e-01,5.159940011216499478e-01,5.042354895809298965e-01,4.940987319077714268e-01,4.852706169218971577e-01,4.774722381433965657e-01,4.704722792622247907e-01,4.640850123586549025e-01,4.581634474642528043e-01,4.525918594299296327e-01,4.472791699697084011e-01,4.421535410276170031e-01,4.371581183628598932e-01,4.322477385190867105e-01,4.273863996076405214e-01,4.225453218696343383e-01,4.177014579548330442e-01,4.128363444043938735e-01,4.079352118366960100e-01,4.029862916590912780e-01,3.979802725861981139e-01,3.929098718439621996e-01,3.877694945891493883e-01,3.825549615148036708e-01,3.772632894131348613e-01,3.718925130560737924e-01,3.664415394469698883e-01,3.609100275276510006e-01,3.552982879642074820e-01,3.496071988075968862e-01,3.438381337238267665e-01,3.379929001808828493e-01,3.320736855158206158e-01,3.260830092231412625e-01,3.200236801320415214e-01,3.138987573965558164e-01,3.077115144243589007e-01,3.014654050286282860e-01,2.951640312118684051e-01,2.888111120872566828e-01,2.824104535166953034e-01,2.759659180987289462e-01,2.694813951759503223e-01,2.629607705517205130e-01,2.564078956100244167e-01,2.498265555193612819e-01,2.432204361695174955e-01,2.365930894351201408e-01,2.299478962760871104e-01,2.232880270629099828e-01,2.166163983390717584e-01,2.099356249798979002e-01,2.032479663362524724e-01,1.965552643938836275e-01,1.898588711078989522e-01
9.301075268817204922e-01,1.893826677028606076e-01,1.960651497069522964e-01,2.027408002929353137e-01,2.094087278033455457e-01,2.160675365511279533e-01,2.227154035035706914e-01,2.293501437893071260e-01,2.359692678919562137e-01,2.425700325681370839e-01,2.491494869863360717e-01,2.557045152175508318e-01,2.622318759571368174e-01,2.687282401833817613e-01,2.751902273394593590e-01,2.816144405476839752e-01,2.879975013195203992e-01,2.943360842062754945e-01,3.006269518410110142e-01,3.068669908507236643e-01,3.130532491702102127e-01,3.191829753670720193e-01,3.252536606950925391e-01,3.312630847364554376e-01,3.372093656800321249e-01,3.430910165246714438e-01,3.489070088082963927e-01,3.546568458665563250e-01,3.603406481473544476e-01,3.659592537881641849e-01,3.715143385556766709e-01,3.770085604250821287e-01,3.824457356425536858e-01,3.878310552135382228e-01,3.931713535960388861e-01,3.984754452447200057e-01,4.037545499698295681e-01,4.090228354577901126e-01,4.142981156460547321e-01,4.196027582807806966e-01,4.249648758830177897e-01,4.304199044466640034e-01,4.360127178602225539e-01,4.418004897175453194e-01,4.478566070481071471e-01,4.542760747589612569e-01,4.611830384492469626e-01,4.687413006005291538e-01,4.771689672972218021e-01,4.867584194836678257e-01,4.979018309711463197e-01,5.111175995958257001e-01,5.270545308329052103e-01,5.463845408568964723e-01,5.692639726723836002e-01,5.932786726806070776e-01,6.068410437919831146e-01,5.760329869081904919e-01,4.600639318040495862e-01,3.096138052244452044e-01,2.190821571578401294e-01,1.866695864517629866e-01,1.787504664945424870e-01,1.776427147206486590e-01,1.787513203725416555e-01,1.866714834367495246e-01,2.190854507373395654e-01,3.096186861164023640e-01,4.600695230791991830e-01,5.760376442201287084e-01,6.068442259072923672e-01,5.932807349090826188e-01,5.692653281412262123e-01,5.463854608596823148e-01,5.270551760250501427e-01,5.111180651381274087e-01,4.979021749349957782e-01,4.867586785709281938e-01,4.771691655085411599e-01,4.687414541241095023e-01,4.611831585075897855e-01,4.542761693222557295e-01,4.478566818982516740e-01,4.418005491283361064e-01,4.360127650435718927e-01,4.304199418523784182e-01,4.249649054044973284e-01,4.196027813988690847e-01,4.142981335314241953e-01,4.090228490449610010e-01,4.037545600114556543e-01,3.984754523519010161e-01,3.931713582686655051e-01,3.878310578633431538e-01,3.824457366108166001e-01,3.770085599963562406e-01,3.715143369685186547e-01,3.659592512436026790e-01,3.603406448156038500e-01,3.546568418923919386e-01,3.489070043153727485e-01,3.430910116190430403e-01,3.372093604529783351e-01,3.312630792668361246e-01,3.252536550512599711e-01,3.191829696084573786e-01,3.130532433486434285e-01,3.068669850115273712e-01,3.006269460239267555e-01,2.943360784462231150e-01,2.879974956472504677e-01,2.816144349903272337e-01,2.751902219209830247e-01,2.687282349249838775e-01,2.622318708775782103e-01,2.557045103334361080e-01,2.491494823123436286e-01,2.425700281172283312e-01,2.359692636755411355e-01,2.293501398173772299e-01,2.227153997848204114e-01,2.160675330930432736e-01,2.094087246122701140e-01,2.027407973741209013e-01,1.960651470645778105e-01,1.893826653400461357e-01
9.344086021505377815e-01,1.869643524772457710e-01,1.935954503174162622e-01,2.002176319388369874e-01,2.068303883754741002e-01,2.134326921716221959e-01,2.200230773975073995e-01,2.265997081466215035e-01,2.331604384102649585e-01,2.397028654324492858e-01,2.462243781179622171e-01,2.527222017033643464e-01,2.591934396491010761e-01,2.656351135374264150e-01,2.720442016441138033e-01,2.784176767787288620e-01,2.847525439508058476e-01,2.910458784120878994e-01,2.972948646469204537e-01,3.034968369331502713e-01,3.096493221771531301e-01,3.157500858426659507e-01,3.217971819506401099e-01,3.277890083357564710e-01,3.337243686177374102e-01,3.396025427003385166e-01,3.454233680729422717e-01,3.511873347930333789e-01,3.568956978201263674e-01,3.625506114181185624e-01,3.681552917356499255e-01,3.737142155419064804e-01,3.792333656228177308e-01,3.847205367940573217e-01,3.901857212473694436e-01,3.956415985791547074e-01,4.011041651923359375e-01,4.065935510702543554e-01,4.121350910999605488e-01,4.177607460932631356e-01,4.235110099339577383e-01,4.294375009004730570e-01,4.356065281254279387e-01,4.421040652505268120e-01,4.490427778381826385e-01,4.565720734194575470e-01,4.648926079117963184e-01,4.742772746005282647e-01,4.851011494526529244e-01,4.978818304106865100e-01,5.133235290244405613e-01,5.323206526483740264e-01,5.557166629646163036e-01,5.829444431473482791e-01,6.060619231815274066e-01,5.899597017422367751e-01,4.632829612712779932e-01,2.786346816427280881e-01,1.927761715196320003e-01,1.832725673982743830e-01,1.947206289518581546e-01,2.069296142215548695e-01,2.148667286256328579e-01,2.175510117993032233e-01,2.148670284610023629e-01,2.069302752826360781e-01,1.947218008391013444e-01,1.832745509455434851e-01,1.927794876973408511e-01,2.786397476330954581e-01,4.632886023041111745e-01,5.899638631291842517e-01,6.060644700576213184e-01,5.829459932207621264e-01,5.557176504999368216e-01,5.323213132400683723e-01,5.133239893674571563e-01,4.978821618636830038e-01,4.851013943210827906e-01,4.742774591878398116e-01,4.648927492644577830e-01,4.565721829839211598e-01,4.490428635373839850e-01,4.421041327132828047e-01,4.356065814417471871e-01,4.294375431010589161e-01,4.235110433034646737e-01,4.177607723802412854e-01,4.121351116607932519e-01,4.065935669698583221e-01,4.011041772758718316e-01,3.956416075239568841e-01,3.901857276011149733e-01,3.847205410031670492e-01,3.792333680538931828e-01,3.737142164980533088e-01,3.681552914690559009e-01,3.625506101398326408e-01,3.568956957077291103e-01,3.511873319967022122e-01,3.454233647202777924e-01,3.396025389002403361e-01,3.337243644635295436e-01,3.277890039077316353e-01,3.217971773181274586e-01,3.157500810657355994e-01,3.096493173080213102e-01,3.034968320173424550e-01,2.972948597242370261e-01,2.910458735174126232e-01,2.847525391147853191e-01,2.784176720283397799e-01,2.720441970031360901e-01,2.656351090268581627e-01,2.591934352874818437e-01,2.527221975070898519e-01,2.462243741015062992e-01,2.397028616085740971e-01,2.331604347901982122e-01,2.265997047401915876e-01,2.200230742132703587e-01,2.134326892169443601e-01,2.068303856566109655e-01,2.002176294609763763e-01,1.935954480847218717e-01,1.869643504928498456e-01
9.387096774193548487e-01,1.846857539913609181e-01,1.912715672224515884e-01,1.978463002739457299e-01,2.044098396453161437e-01,2.109615365125512565e-01,2.175002908942486601e-01,2.240246237846232891e-01,2.305327402479454835e-01,2.370225856858057534e-01,2.434918969562822055e-01,2.499382496561151079e-01,2.563591026217606483e-01,2.627518405304856697e-01,2.691138153682083867e-01,2.754423874638437519e-01,2.817349667629713283e-01,2.879890550226449353e-01,2.942022896530424036e-01,3.003724900122634600e-01,3.064977070817470062e-01,3.125762776187840375e-01,3.186068841100332394e-01,3.245886221505343006e-01,3.305210772676952513e-01,3.364044137277721336e-01,3.422394785435726172e-01,3.480279248021653782e-01,3.537723596280517580e-01,3.594765237003175185e-01,3.651455114079484310e-01,3.707860436803595561e-01,3.764068095962827543e-01,3.820188985333261567e-01,3.876363525853699921e-01,3.932768803199115926e-01,3.989627893102901668e-01,4.047222187903988244e-01,4.105907892058657804e-01,4.166138386570893415e-01,4.228494973055796358e-01,4.293729759608358454e-01,4.362826403908048878e-01,4.437087497050943852e-01,4.518262171011167005e-01,4.608734809230395357e-01,4.711805819838742471e-01,4.832104935509307087e-01,4.976165467785600427e-01,5.153054815631872287e-01,5.374247918649479594e-01,5.648524063225962566e-01,5.951615129572102036e-01,6.085358860289857841e-01,5.319253312343860118e-01,3.291834452779732745e-01,2.027490789668066895e-01,1.880851084737435452e-01,2.057431607403863993e-01,2.253195524502352720e-01,2.405435365108365142e-01,2.508878032399185498e-01,2.568182920149747472e-01,2.587461382880861804e-01,2.568184228280628867e-01,2.508880843143621031e-01,2.405440138903084391e-01,2.253203175814293691e-01,2.057443930404639632e-01,1.880871618716041249e-01,2.027525566011641744e-01,3.291885394233808326e-01,5.319300870659160463e-01,6.085388756886894734e-01,5.951632380869621430e-01,5.648534465249148706e-01,5.374254586234989972e-01,5.153059319424420082e-01,4.976168636644879295e-01,4.832107236686978835e-01,4.711807532140479537e-01,4.608736107516108182e-01,4.518263169652139699e-01,4.437088273547138417e-01,4.362827012371836566e-01,4.293730238801370391e-01,4.228495351362264176e-01,4.166138685177531165e-01,4.105908127046890010e-01,4.047222371661725604e-01,3.989628035298700692e-01,3.932768911468098594e-01,3.876363606288905084e-01,3.820189042843668004e-01,3.764068134537503219e-01,3.707860459709861889e-01,3.651455124012835118e-01,3.594765236202007164e-01,3.537723586615210691e-01,3.480279231063853063e-01,3.422394762513095157e-01,3.364044109517346781e-01,3.305210741039946720e-01,3.245886186814861962e-01,3.186068804064228766e-01,3.125762737417041026e-01,3.064977030841143368e-01,3.003724859400639935e-01,2.942022855463524156e-01,2.879890509164951262e-01,2.817349626880491509e-01,2.754423834470975385e-01,2.691138114333446185e-01,2.627518366983883080e-01,2.563590989108442408e-01,2.499382460826287400e-01,2.434918935345531665e-01,2.370225824284543370e-01,2.305327371660629843e-01,2.240246208879189682e-01,2.175002881911651254e-01,2.109615340103708214e-01,2.044098373502259702e-01,1.978462981910980023e-01,1.912715653559987627e-01,1.846857523444647153e-01
9.430107526881721380e-01,1.835560787775833702e-01,1.901246339093015658e-01,1.966793014283282626e-01,2.032204368567117891e-01,2.097478398626519414e-01,2.162608444281098607e-01,2.227583962123086680e-01,2.292391203057536353e-01,2.357013817686267054e-01,2.421433407980310148e-01,2.485630039881660258e-01,2.549582728859325353e-01,2.613269908697160027e-01,2.676669892714696464e-01,2.739761336093392563e-01,2.802523707933334829e-01,2.864937782075483996e-01,2.926986156602090494e-01,2.988653813322160735e-01,3.049928730544907984e-01,3.110802565174854428e-01,3.171271423817458857e-01,3.231336747436658885e-01,3.291006340530283070e-01,3.350295584315299835e-01,3.409228884784705205e-01,3.467841421759884080e-01,3.526181285713897440e-01,3.584312117341002524e-01,3.642316403740517572e-01,3.700299639304421850e-01,3.758395635872853191e-01,3.816773375924691902e-01,3.875645960576393212e-01,3.935282435990897776e-01,3.996023626983192245e-01,4.058303628534138952e-01,4.122679407686927200e-01,4.189872219672100551e-01,4.260826525053876823e-01,4.336795277364062229e-01,4.419465595265318347e-01,4.511147096977273230e-01,4.615057929589516661e-01,4.735760556185292791e-01,4.879809269471643285e-01,5.056605284946903422e-01,5.278960548538633724e-01,5.560150036790256767e-01,5.889902688793144936e-01,6.103120625430573654e-01,5.447970680207689931e-01,3.340681073177844129e-01,2.049783239379782684e-01,1.969707732365496844e-01,2.194409334767042086e-01,2.421679039420944202e-01,2.600764443635327217e-01,2.732896745333601718e-01,2.826477364111107948e-01,2.888636290285280794e-01,2.924157338109119597e-01,2.935713048878830222e-01,2.924157897735384370e-01,2.888637466088624373e-01,2.826479283938086451e-01,2.732899645035876679e-01,2.600768745734129417e-01,2.421685523044218857e-01,2.194419516186950636e-01,1.969724690709059867e-01,2.049812591188441835e-01,3.340725106049417525e-01,5.448010574908902504e-01,6.103144422943573844e-01,5.889916012291420699e-01,5.560157959658144078e-01,5.278965596632824164e-01,5.056608684512746699e-01,4.879811658326263513e-01,4.735762289961958915e-01,4.615059219294297965e-01,4.511148074525935803e-01,4.419466346795998257e-01,4.336795861205734459e-01,4.260826981933465984e-01,4.189872578777515399e-01,4.122679690410102626e-01,4.058303850860553452e-01,3.996023801062403291e-01,3.935282571196097590e-01,3.875646064234987143e-01,3.816773453832911223e-01,3.758395692664523446e-01,3.700299678719722873e-01,3.642316428824592944e-01,3.584312130592731127e-01,3.526181289198850322e-01,3.467841417196793619e-01,3.409228873612517030e-01,3.350295567745567582e-01,3.291006319588485329e-01,3.231336722994980204e-01,3.171271396621112570e-01,3.110802535863338991e-01,3.049928699669102183e-01,2.988653781358354133e-01,2.926986123963531972e-01,2.864937749121733157e-01,2.802523674978206758e-01,2.739761303411469839e-01,2.676669860546698754e-01,2.613269877254500995e-01,2.549582698327959029e-01,2.485630010425262104e-01,2.421433379742900238e-01,2.357013790794554586e-01,2.292391177622683518e-01,2.227583938242363726e-01,2.162608422039116463e-01,2.097478378096299667e-01,2.032204349810867450e-01,1.966792997353027095e-01,1.901246324030975710e-01,1.835560774614640178e-01
9.473118279569893163e-01,1.815181553213314480e-01,1.880532381731010449e-01,1.945721405447733976e-01,2.010756503846748977e-01,2.075639780396883738e-01,2.140368523946578339e-01,2.204936033656470784e-01,2.269332341707531175e-01,2.333544859707631924e-01,2.397558968981474969e-01,2.461358570960159309e-01,2.524926611182098934e-01,2.588245588659274787e-01,2.651298061349789403e-01,2.714067158094227161e-01,2.776537107560620443e-01,2.838693795492268079e-01,2.900525362904414761e-01,2.962022859908775563e-01,3.023180972702841363e-01,3.083998845143979262e-01,3.144481021536520982e-01,3.204638544204904127e-01,3.264490248698164176e-01,3.324064311897464430e-01,3.383400125057284269e-01,3.442550586598221996e-01,3.501584940730635420e-01,3.560592331324921589e-01,3.619686301189242172e-01,3.679010553091454083e-01,3.738746412709066935e-01,3.799122614145367116e-01,3.860428295471937110e-01,3.923030492475078068e-01,3.987398030508536584e-01,4.054134664234692598e-01,4.124025815727210831e-01,4.198105672633608010e-01,4.277755340463525457e-01,4.364849219146746395e-01,4.461977410660082355e-01,4.572788842987816071e-01,4.702523220725818298e-01,4.858815214989871123e-01,5.052763648372891048e-01,5.299525962853534056e-01,5.613407603416542546e-01,5.968547390097340699e-01,6.084961847078350639e-01,4.936789308145346222e-01,2.758137014115719099e-01,1.973551031262416600e-01,2.069529405117109810e-01,2.313589045030238767e-01,2.530537144021332008e-01,2.699041709874638872e-01,2.825475265533220481e-01,2.918553805677782109e-01,2.985070557519941548e-01,3.029693095480074927e-01,3.055384308948867478e-01,3.063774919790857587e-01,3.055384641240615484e-01,3.029693786560510027e-01,2.985071665903654692e-01,2.918555435127854203e-01,2.825477591788789211e-01,2.699045034390571973e-01,2.530542006901729257e-01,2.313596476394496615e-01,2.069541498503336963e-01,1.973571994347824432e-01,2.758171737555872305e-01,4.936827513760961295e-01,6.084986366049849327e-01,5.968560858589025964e-01,5.613415365980646277e-01,5.299530783675187040e-01,5.052766835842270599e-01,4.858817424218265235e-01,4.702524807902198623e-01,4.572790014707645567e-01,4.461978293740846424e-01,4.364849895179791495e-01,4.277755864034292199e-01,4.198106081476594142e-01,4.124026136662125586e-01,4.054134916781474973e-01,3.987398229168468422e-01,3.923030648215066196e-01,3.860428416717138211e-01,3.799122707458320036e-01,3.738746483265090736e-01,3.679010605017067337e-01,3.619686337807688226e-01,3.560592355336674175e-01,3.501584954348184175e-01,3.442550591647804969e-01,3.383400123056659048e-01,3.324064304116142177e-01,3.264490236204125595e-01,3.204638527901421674e-01,3.144481002191479857e-01,3.083998823413113821e-01,3.023180949148612240e-01,2.962022835015523659e-01,2.900525337090767430e-01,2.838693769121296007e-01,2.776537080948135450e-01,2.714067131515740527e-01,2.651298035046200652e-01,2.588245562841665626e-01,2.524926586035685649e-01,2.461358546647607615e-01,2.397558945645745232e-01,2.333544837474229583e-01,2.269332320686532345e-01,2.204936013944064910e-01,2.140368505626439044e-01,2.075639763541224092e-01,2.010756488517180807e-01,1.945721391695901803e-01,1.880532369599021980e-01,1.815181542734023989e-01
9.516129032258064946e-01,1.806137638272315715e-01,1.871435627841048221e-01,1.936542413266485740e-01,2.001471091952617687e-01,2.066228729680059384e-01,2.130817403766872287e-01,2.195235098839814769e-01,2.259476492866168973e-01,2.323533662238522479e-01,2.387396728598059070e-01,2.451054465899303314e-01,2.514494883437681239e-01,2.577705798854729724e-01,2.640675414302517954e-01,2.703392908883199830e-01,2.765849061145589927e-01,2.828036916845767523e-01,2.889952519453608537e-01,2.951595724172287882e-01,3.012971120782846346e-01,3.074089096788470976e-01,3.134967080635905901e-01,3.195631015964721100e-01,3.256117132933270542e-01,3.316474103195447554e-01,3.376765693238883981e-01,3.437074069735165938e-01,3.497503965027937700e-01,3.558187987994907986e-01,3.619293476077291016e-01,3.681031444965932597e-01,3.743668429481250004e-01,3.807542364379142286e-01,3.873084194999018015e-01,3.940847746834688636e-01,4.011551708296505203e-01,4.086139712717321015e-01,4.165867996665851281e-01,4.252435916028654006e-01,4.348184332186165180e-01,4.456403046322641170e-01,4.581813833048781759e-01,4.731327121760652288e-01,4.915163512943420687e-01,5.148107302135509489e-01,5.448425333982283014e-01,5.818638877003298182e-01,6.119197607341207990e-01,5.571723668976117372e-01,3.421588974164502250e-01,2.118393911077540437e-01,2.055830536004101261e-01,2.285271410344435206e-01,2.515342110873973192e-01,2.700580515205586729e-01,2.843475174418491624e-01,2.952735015288003861e-01,3.035818168555486918e-01,3.098142168755155246e-01,3.143452659561871143e-01,3.174259363530704259e-01,3.192156861600441431e-01,3.198028488040789985e-01,3.192157048060858537e-01,3.174259747755819872e-01,3.143453265971100641e-01,3.098143039059782500e-01,3.035819369691198921e-01,2.952736654093990887e-01,2.843477425552334847e-01,2.700583677053302045e-01,2.515346725064016575e-01,2.285278533691428582e-01,2.055842360226000920e-01,2.118414665696978783e-01,3.421621024327992089e-01,5.571752679651792439e-01,6.119214392776306521e-01,5.818648065791972579e-01,5.448430730729553195e-01,5.148110718587369794e-01,4.915165804689781148e-01,4.731328728386683391e-01,4.581814997429189407e-01,4.456403911676274920e-01,4.348184987673897051e-01,4.252436419702604331e-01,4.165868387760002234e-01,4.086140018592219758e-01,4.011551948547032453e-01,3.940847935818448389e-01,3.873084343446026589e-01,3.807542480447995148e-01,3.743668519470172429e-01,3.681031513802816568e-01,3.619293527664348420e-01,3.558188025455532588e-01,3.497503990886528524e-01,3.437074086050101451e-01,3.376765701701874289e-01,3.316474105207183332e-01,3.256117129661236231e-01,3.195631008388087335e-01,3.134967069580585353e-01,3.074089082954783447e-01,3.012971104767481201e-01,2.951595706486052628e-01,2.889952500535498681e-01,2.828036897074560074e-01,2.765849040849188145e-01,2.703392888346451972e-01,2.640675393773463386e-01,2.577705778549921889e-01,2.514494863546485881e-01,2.451054446587603575e-01,2.387396710011218115e-01,2.323533644503946449e-01,2.259476476095391151e-01,2.195235083130177012e-01,2.130817389203021328e-01,2.066228716335099524e-01,2.001471079889025617e-01,1.936542402536835794e-01,1.871435618488450359e-01,1.806137630330793553e-01
9.559139784946237839e-01,1.787660093518519955e-01,1.852727202230857462e-01,1.917578888843018137e-01,1.982233066155284495e-01,2.046701348430130518e-01,2.110990175511244515e-01,2.175101777862107066e-01,2.239035023871299990e-01,2.302786181249523445e-01,2.366349617796419669e-01,2.429718462378092636e-01,2.492885244077119034e-01,2.555842525813212252e-01,2.618583548084391643e-01,2.681102898747236285e-01,2.743397225932008299e-01,2.805466013339770748e-01,2.867312440448990807e-01,2.928944354818537876e-01,2.990375390089962671e-01,3.051626272014222874e-01,3.112726366646388354e-01,3.173715540891805520e-01,3.234646427487212206e-01,3.295587216625077143e-01,3.356625138268939379e-01,3.417870857945798924e-01,3.479464092255744601e-01,3.541580870464348663e-01,3.604443043899744348e-01,3.668330904761890610e-01,3.733600167388028135e-01,3.800705164852957174e-01,3.870231049875602625e-01,3.942939277981037938e-01,4.019833065892596258e-01,4.102253510479594301e-01,4.192023765013908054e-01,4.291670069409465604e-01,4.404767678688010779e-01,4.536490605136477838e-01,4.694483884671205587e-01,4.890172812716838124e-01,5.140223840932548471e-01,5.464981881955723875e-01,5.862827812922221105e-01,6.141636893846935674e-01,5.347484776647772886e-01,3.116839831214634482e-01,2.082208961186176321e-01,2.099378495754495866e-01,2.327768563730646112e-01,2.545894704094067706e-01,2.721652452234910036e-01,2.858782206562662243e-01,2.965358641702854903e-01,3.048165916806150899e-01,3.112166583777449258e-01,3.160854641628229045e-01,3.196648904048566830e-01,3.221186507753397987e-01,3.235518927452851745e-01,3.240233487847403171e-01,3.235519054857305954e-01,3.221186769048414722e-01,3.196649313084464206e-01,3.160855221603763310e-01,3.112167370882801265e-01,3.048166966659280330e-01,2.965360040892741078e-01,2.858784094198489334e-01,2.721655062503056666e-01,2.545898456120256337e-01,2.327774264571327023e-01,2.099387810956939715e-01,2.082225252841885810e-01,3.116866412303077039e-01,5.347511755079460416e-01,6.141653151637456176e-01,5.862836621458692443e-01,5.464986970061673777e-01,5.140227017629078743e-01,4.890174924159841896e-01,4.694485354278684630e-01,4.536491664657891221e-01,4.404768463156840674e-01,4.291670662072448739e-01,4.192024219640213545e-01,4.102253863169783021e-01,4.019833341684028172e-01,3.942939494722746963e-01,3.870231220595314880e-01,3.800705299254877323e-01,3.733600272830085443e-01,3.668330986910746105e-01,3.604443107180165806e-01,3.541580918374019338e-01,3.479464127590152223e-01,3.417870882961460688e-01,3.356625154803805633e-01,3.295587226188376184e-01,3.234646431327557470e-01,3.173715540049321659e-01,3.112726361992933510e-01,3.051626264284854617e-01,2.990375379907738163e-01,2.928944342714212556e-01,2.867312426876657550e-01,2.805465998689667395e-01,2.743397210540713949e-01,2.681102882906044038e-01,2.618583532046181439e-01,2.555842509798127438e-01,2.492885228277144372e-01,2.429718446960979772e-01,2.366349602908900118e-01,2.302786167019941765e-01,2.239035010411846160e-01,2.175101765270606724e-01,2.110990163872734915e-01,2.046701337817976307e-01,1.982233056632322632e-01,1.917578880462158242e-01,1.852727195035721308e-01,1.787660087543734844e-01
9.602150537634409622e-01,1.780675615293704217e-01,1.845808725788915527e-01,1.910695810057733146e-01,1.975360686315502101e-01,2.039820568143123625e-01,2.104087297039159976e-01,2.168168401672370404e-01,2.232068030271548154e-01,2.295787792170237429e-01,2.359327537438520861e-01,2.422686098835727386e-01,2.485862017420515102e-01,2.548854271696324170e-01,2.611663029960484272e-01,2.674290446494980711e-01,2.736741524434346817e-01,2.799025071724455804e-01,2.861154781833054606e-01,2.923150478225691740e-01,2.985039571738506425e-01,3.046858793810900967e-01,3.108656287465675905e-01,3.170494163946518396e-01,3.232451668981264348e-01,3.294629153090306573e-01,3.357153111739403228e-01,3.420182663389679245e-01,3.483917981984628875e-01,3.548611419236387121e-01,3.614582379703905057e-01,3.682237510602537345e-01,3.752098542029990158e-01,3.824841336392666991e-01,3.901351678283877522e-01,3.982806582257659156e-01,4.070795343609512340e-01,4.167503849564982432e-01,4.276001638186189835e-01,4.400698215331270702e-01,4.548077155012149042e-01,4.727859918149274199e-01,4.954661141687536907e-01,5.249107493620853715e-01,5.629996479027928880e-01,6.043804451108165665e-01,5.987083060624079911e-01,4.250249814466026677e-01,2.424595997168266792e-01,2.072856170057128522e-01,2.236200539377276864e-01,2.458725007514163119e-01,2.650561988027713700e-01,2.803911749789875230e-01,2.925074147772715460e-01,3.021042610130207362e-01,3.097303391267197670e-01,3.157847435772919154e-01,3.205521723415052371e-01,3.242345326081122470e-01,3.269738814054065079e-01,3.288680017337019534e-01,3.299805909887406075e-01,3.303475850852432005e-01,3.299805991567023589e-01,3.288680184066998247e-01,3.269739072948748548e-01,3.242345688823481398e-01,3.205522207719396777e-01,3.157848067848381124e-01,3.097304209971373234e-01,3.021043674162111059e-01,2.925075548659951674e-01,2.803913636638957207e-01,2.650564617818176316e-01,2.458728854751280335e-01,2.236206549538030941e-01,2.072866320843447796e-01,2.424613750333807771e-01,4.250274336527232744e-01,5.987101687909330838e-01,6.043814684977559804e-01,5.630002146289230236e-01,5.249110889610165698e-01,4.954663330140700039e-01,4.727861405982609622e-01,4.548078208986481852e-01,4.400698985494253535e-01,4.276002214363519571e-01,4.167504288386886802e-01,4.070795682339766186e-01,3.982806846307923032e-01,3.901351885512906459e-01,3.824841499677134049e-01,3.752098670861448992e-01,3.682237612112382874e-01,3.614582459340874299e-01,3.548611481225515951e-01,3.483918029645268755e-01,3.420182699360464484e-01,3.357153138139973292e-01,3.294629171639712473e-01,3.232451681085704576e-01,3.170494170765388864e-01,3.108656289961760910e-01,3.046858792788987302e-01,2.985039567875442668e-01,2.923150472093838381e-01,2.861154773918918037e-01,2.799025062443546430e-01,2.736741514143033460e-01,2.674290435500111807e-01,2.611663018527138891e-01,2.548854260054300713e-01,2.485862005769431948e-01,2.422686087349388839e-01,2.359327526268477360e-01,2.295787781448723752e-01,2.232068020113852636e-01,2.168168392178921045e-01,2.104087288297098735e-01,2.039820560227745549e-01,1.975360679291238986e-01,1.910695803979063356e-01,1.845808720700921335e-01,1.780675611232555855e-01
9.645161290322581404e-01,1.764233624978180370e-01,1.829250546095085583e-01,1.893995998279269788e-01,1.958499257259062043e-01,2.022782674926918711e-01,2.086863019265855490e-01,2.150752625799207396e-01,2.214460412419161917e-01,2.277992798002333175e-01,2.341354557514400414e-01,2.404549641305943342e-01,2.467581983366437248e-01,2.530456322053271090e-01,2.593179057063823012e-01,2.655759168137193926e-01,2.718209224268741675e-01,2.780546517353946756e-01,2.842794361585574969e-01,2.904983610277971362e-01,2.967154456072091939e-01,3.029358600126635381e-01,3.091661903033992020e-01,3.154147667916976094e-01,3.216920759079491821e-01,3.280112834644053899e-01,3.343889079410571341e-01,3.408456981128561436e-01,3.474077925340229855e-01,3.541082732331159999e-01,3.609892792085989122e-01,3.681049281844591126e-01,3.755254266438875499e-01,3.833429613562199800e-01,3.916803184612693833e-01,4.007037722435782268e-01,4.106428106062428585e-01,4.218210433806027226e-01,4.347056913925160804e-01,4.499879050559258964e-01,4.687115101087103719e-01,4.924588744156980225e-01,5.234810122632833629e-01,5.638068721597880861e-01,6.070744545830604189e-01,5.958809478146738225e-01,4.112500423538272276e-01,2.392001346099115466e-01,2.088050369151164265e-01,2.245830504447989817e-01,2.457141401651607437e-01,2.640889680973542708e-01,2.789393644178678189e-01,2.908080415917288497e-01,3.003247079091834748e-01,3.079928659565289162e-01,3.141840485615129408e-01,3.191669319306491559e-01,3.231351240429609084e-01,3.262279089752246897e-01,3.285446814015120509e-01,3.301547010928084780e-01,3.311035176639268163e-01,3.314169960300850093e-01,3.311035236330938658e-01,3.301547132456880140e-01,3.285447001879607809e-01,3.262279351258587368e-01,3.231351586481063243e-01,3.191669765697340289e-01,3.141841055136987415e-01,3.079929385500194128e-01,3.003248011199795009e-01,2.908081631166196113e-01,2.789395267048955795e-01,2.640891924422450465e-01,2.457144655782098897e-01,2.245835540518804074e-01,2.088058797552801160e-01,2.392016102759014218e-01,4.112521644959796774e-01,5.958826478618584055e-01,6.070753989062497302e-01,5.638073919896383623e-01,5.234813214999193276e-01,4.924590725110636336e-01,4.687116443555152667e-01,4.499879998911551771e-01,4.347057605637576483e-01,4.218210950743674914e-01,4.106428499608633653e-01,4.007038026277692788e-01,3.916803421652889083e-01,3.833429799854937703e-01,3.755254413534843128e-01,3.681049398242472459e-01,3.609892884161376991e-01,3.541082804949020613e-01,3.474077982268790610e-01,3.408457025325588030e-01,3.343889113225413934e-01,3.280112859962829308e-01,3.216920777430954392e-01,3.154147680551162569e-01,3.091661910981189920e-01,3.029358604242192166e-01,2.967154457070795837e-01,2.904983608760878799e-01,2.842794358060861670e-01,2.780546512253525004e-01,2.718209217961397028e-01,2.655759160939159536e-01,2.593179049247318901e-01,2.530456313853415296e-01,2.467581974986840787e-01,2.404549632923388136e-01,2.341354549282646247e-01,2.277992790055262395e-01,2.214460404873254407e-01,2.150752618755777668e-01,2.086863012812773255e-01,2.022782669140008871e-01,1.958499252203289576e-01,1.893995994009596284e-01,1.829250542657166745e-01,1.764233622408830637e-01
9.688172043010754297e-01,1.748722656806269704e-01,1.813677796772741047e-01,1.878335421847061870e-01,1.942730614022259161e-01,2.006891184992410926e-01,2.070839138110226740e-01,2.134591924806688579e-01,2.198163553735641151e-01,2.261565598233779562e-01,2.324808139271059837e-01,2.387900675753688029e-01,2.450853031125273529e-01,2.513676284295656149e-01,2.576383753839728286e-01,2.638992067175753298e-01,2.701522351256567811e-01,2.764001588601885384e-01,2.826464192928554997e-01,2.888953873206768774e-01,2.951525875172547608e-01,3.014249717351878965e-01,3.077212577743902444e-01,3.140523542295400872e-01,3.204319004477186872e-01,3.268769617791881243e-01,3.334089367230989587e-01,3.400547568910335938e-01,3.468484973288121220e-01,3.538335708458852924e-01,3.610657676094543578e-01,3.686175408195913050e-01,3.765841663353848845e-01,3.850927816240179991e-01,3.943159505885271421e-01,4.044925106183161478e-01,4.159604012345017310e-01,4.292095467547983323e-01,4.449683370327148224e-01,4.643436664538754255e-01,4.890263856950545773e-01,5.214441829400321415e-01,5.638059430454811505e-01,6.090859206499631417e-01,5.948149512393451355e-01,4.045383210130343854e-01,2.388809141201531094e-01,2.099479377622343601e-01,2.245539633443854044e-01,2.445870874639254899e-01,2.622605259904825514e-01,2.767150335484940271e-01,2.883937367923135042e-01,2.978603231976190702e-01,3.055779674998896356e-01,3.118940211057962819e-01,3.170629397341966915e-01,3.212704678797673186e-01,3.246523498462756119e-01,3.273076593100187059e-01,3.293080197740917425e-01,3.307038804471326143e-01,3.315286944216631060e-01,3.318015633769767492e-01,3.315286988596567452e-01,3.307038894636133430e-01,3.293080336620801130e-01,3.273076785411407341e-01,3.246523751153626014e-01,3.212705001763107027e-01,3.170629804553247721e-01,3.118940722371552066e-01,3.055780319127403555e-01,2.978604051548901510e-01,2.883938428508418528e-01,2.767151742577628193e-01,2.622607193014105387e-01,2.445873660646276371e-01,2.245543914574530675e-01,2.099486490203555655e-01,2.388821570427527019e-01,4.045401509085243541e-01,5.948164749661001283e-01,6.090867764242594573e-01,5.638064128222030069e-01,5.214444611513522343e-01,4.890265631258075008e-01,4.643437865596337089e-01,4.449684217431790212e-01,4.292096084838834535e-01,4.159604473510596923e-01,4.044925457339098029e-01,3.943159777190927695e-01,3.850928028157650229e-01,3.765841830201841489e-01,3.686175540261666939e-01,3.610657780937774342e-01,3.538335791745221282e-01,3.468485039336982600e-01,3.400547621065061477e-01,3.334089408114261910e-01,3.268769649485898099e-01,3.204319028652997114e-01,3.140523560306963113e-01,3.077212590698171768e-01,3.014249726160968534e-01,2.951525880593585116e-01,2.888953875872495858e-01,2.826464193370887279e-01,2.764001587270570881e-01,2.701522348533796913e-01,2.638992063387815001e-01,2.576383749266390466e-01,2.513676279177613493e-01,2.450853025670331198e-01,2.387900670141661907e-01,2.324808133658016751e-01,2.261565592755161169e-01,2.198163548509132481e-01,2.134591919934486215e-01,2.070839133680829613e-01,2.006891181082167408e-01,1.942730610696540294e-01,1.878335419161278885e-01,1.813677794773012331e-01,1.748722655529979242e-01
9.731182795698924970e-01,1.744547897779749335e-01,1.809750119712375260e-01,1.874622763332919606e-01,1.939208182808039582e-01,2.003541080893443405e-01,2.067650132489247117e-01,2.131559383185637480e-01,2.195289489610385836e-01,2.258858854268638305e-01,2.322284698416158255e-01,2.385584111025417786e-01,2.448775109323382826e-01,2.511877746303353143e-01,2.574915302935814054e-01,2.637915607676838414e-01,2.700912533713133445e-01,2.763947735928496963e-01,2.827072705973936451e-01,2.890351246809155783e-01,2.953862500231040356e-01,3.017704706059178843e-01,3.081999935582490080e-01,3.146900133357954932e-01,3.212594934018933590e-01,3.279321915553701783e-01,3.347380241259519940e-01,3.417149083861509840e-01,3.489112907352309167e-01,3.563896757074046517e-01,3.642316438206146811e-01,3.725451306975258725e-01,3.814752180586547525e-01,3.912205085059535792e-01,4.020585922477217244e-01,4.143866453963182539e-01,4.287875748562204881e-01,4.461389139105799151e-01,4.677873353291871483e-01,4.957831847584237561e-01,5.328848249017655858e-01,5.800797439918016218e-01,6.180694741862491348e-01,5.446835670577047095e-01,3.275571843359846858e-01,2.221830211466919447e-01,2.155615926431900808e-01,2.324011237861151880e-01,2.508743037578280988e-01,2.668112399387932432e-01,2.799285722774923491e-01,2.906642056443586863e-01,2.994931786479553271e-01,3.067999945948877705e-01,3.128748150415606166e-01,3.179327285765022881e-01,3.221329567601686206e-01,3.255937404596475626e-01,3.284030826913785228e-01,3.306263133362600803e-01,3.323113618393491731e-01,3.334923958820834589e-01,3.341922791433616924e-01,3.344241465120690315e-01,3.341922822859791919e-01,3.334924022522778309e-01,3.323113716133036522e-01,3.306263267947986417e-01,3.284031002424926959e-01,3.255937626737439583e-01,3.221329844240413687e-01,3.179327627764902964e-01,3.128748572938624406e-01,3.068000470556970227e-01,2.994932444644499703e-01,2.906642895670567550e-01,2.799286817849724884e-01,2.668113874311894840e-01,2.508745111337125633e-01,2.324014326546558762e-01,2.155620877831523341e-01,2.221838735737235726e-01,3.275585855990107986e-01,5.446850661827581375e-01,6.180704088647481775e-01,5.800802515426544126e-01,5.328851165104726562e-01,4.957833658418263068e-01,4.677874555188199501e-01,4.461389974421532956e-01,4.287876350529549185e-01,4.143866900025720001e-01,4.020586260159551562e-01,3.912205344937607077e-01,3.814752383121988166e-01,3.725451466321216265e-01,3.642316564430531090e-01,3.563896857512705019e-01,3.489112987462448801e-01,3.417149147776969986e-01,3.347380292161954429e-01,3.279321955926535748e-01,3.212594965825171789e-01,3.146900158166688333e-01,3.081999954660687435e-01,3.017704720439428612e-01,2.953862510761682825e-01,2.890351254192689567e-01,2.827072710795979216e-01,2.763947738680352928e-01,2.700912534809380983e-01,2.637915607469109025e-01,2.574915301723826877e-01,2.511877744343541941e-01,2.448775106836090232e-01,2.385584108200459741e-01,2.322284695417536071e-01,2.258858851238274568e-01,2.195289486671191115e-01,2.131559380444064955e-01,2.067650130037337330e-01,2.003541078810517351e-01,1.939208181161994615e-01,1.874622762181411273e-01,1.809750119103529509e-01,1.744547897752839472e-01
9.774193548387097863e-01,1.730628321832313188e-01,1.795878253669648816e-01,1.860771578732945686e-01,1.925357376072837079e-01,1.989676674280729252e-01,2.053764235049486131e-01,2.117650090805388852e-01,2.181360912246404771e-01,2.244921265868063676e-01,2.308354811574327148e-01,2.371685484778211783e-01,2.434938705152789873e-01,2.498142655005908541e-01,2.561329674085632835e-01,2.624537824781578710e-01,2.687812692832050043e-01,2.751209504900000158e-01,2.814795667467763773e-01,2.878653864037306054e-01,2.942885893520718055e-01,3.007617497876162171e-01,3.073004520480296931e-01,3.139240872326754528e-01,3.206568982670320311e-01,3.275293708917802471e-01,3.345801133762602575e-01,3.418584379061453404e-01,3.494279673376554651e-01,3.573717695368214264e-01,3.657998157412702400e-01,3.748600553820404246e-01,3.847552546856087829e-01,3.957692481808677276e-01,4.083089170025884784e-01,4.229728653544146955e-01,4.406651747161716703e-01,4.627796737163558660e-01,4.914545678332473133e-01,5.296173821730736364e-01,5.785659987620813682e-01,6.193835485382860329e-01,5.496540503126641219e-01,3.338811852751610854e-01,2.250620687112553364e-01,2.152865849411116639e-01,2.304001182980932316e-01,2.479932555747096090e-01,2.634901027642533311e-01,2.764060691883079013e-01,2.870797191461811337e-01,2.959346025551479187e-01,3.033271377426675075e-01,3.095315509902425433e-01,3.147537087435969272e-01,3.191475635445678583e-01,3.228285809046256838e-01,3.258836919545397559e-01,3.283784342283068147e-01,3.303620161429608459e-01,3.318708876308057998e-01,3.329312341505400452e-01,3.335606798109248539e-01,3.337693886209108785e-01,3.335606822511023029e-01,3.329312390901986163e-01,3.318708951924996819e-01,3.303620265208866980e-01,3.283784477022749781e-01,3.258837089114932639e-01,3.228286018709628502e-01,3.191475892347984677e-01,3.147537401345280039e-01,3.095315894366825749e-01,3.033271851633849714e-01,2.959346617429340909e-01,2.870797943079120840e-01,2.764061669353715667e-01,2.634902340407292431e-01,2.479934396709143618e-01,2.304003917745040542e-01,2.152870220126760492e-01,2.250628182443144276e-01,3.338824130494610909e-01,5.496553677307240982e-01,6.193843753266118357e-01,5.785664492237884149e-01,5.296176413275167638e-01,4.914547288642102107e-01,4.627797804483976263e-01,4.406652491616883660e-01,4.229729190532940386e-01,4.083089568380375289e-01,3.957692783783769985e-01,3.847552779638397369e-01,3.748600735603147549e-01,3.657998300779859990e-01,3.573717809271501067e-01,3.494279764338598104e-01,3.418584451934726931e-01,3.345801192223151199e-01,3.275293755795086192e-01,3.206569020173264395e-01,3.139240902201522743e-01,3.073004544122846515e-01,3.007617516413995662e-01,2.942885907872794804e-01,2.878653874958826409e-01,2.814795675584184642e-01,2.751209510732772756e-01,2.687812696818746017e-01,2.624537827291447134e-01,2.561329675431910369e-01,2.498142655455476424e-01,2.434938704934033749e-01,2.371685484087188434e-01,2.308354810579876515e-01,2.244921264715872833e-01,2.181360911062374119e-01,2.117650089698298599e-01,2.053764234113249487e-01,1.989676673596187106e-01,1.925357375709138008e-01,1.860771578748837418e-01,1.795878254114273986e-01,1.730628322745898229e-01
9.817204301075269646e-01,1.728290392786019092e-01,1.793919153225691510e-01,1.859158671221755876e-01,1.924066576371850079e-01,1.988692024056464558e-01,2.053077691816618811e-01,2.117261506954727368e-01,2.181278193291913692e-01,2.245160707447232395e-01,2.308941624305643758e-01,2.372654525841851880e-01,2.436335446273871497e-01,2.500024429311704099e-01,2.563767260195959907e-01,2.627617446932032363e-01,2.691638542812168078e-01,2.755906927920168115e-01,2.820515203808582338e-01,2.885576407450770597e-01,2.951229324775860308e-01,3.017645291146269226e-01,3.085037022432341458e-01,3.153670251758241005e-01,3.223879295087208052e-01,3.296088201548822427e-01,3.370839975167296276e-01,3.448837676571416822e-01,3.531003362420989666e-01,3.618564393950847169e-01,3.713182726255505051e-01,3.817153364193931475e-01,3.933716889356126956e-01,4.067564286950162700e-01,4.225669976680082596e-01,4.418675310737448791e-01,4.663087733228710730e-01,4.983945439931510291e-01,5.412200218153064846e-01,5.934750751454731521e-01,6.178072587170897467e-01,4.894738707899494723e-01,2.887075510900717901e-01,2.198970985775924314e-01,2.200553714223436319e-01,2.354232833239124356e-01,2.516671971687604037e-01,2.658865365115038459e-01,2.778405327807441649e-01,2.878364023722911891e-01,2.962313271496381240e-01,3.033259178073390849e-01,3.093537859515905208e-01,3.144923899680117096e-01,3.188760376128796925e-01,3.226066884332638440e-01,3.257620993109516805e-01,3.284017652838282508e-01,3.305712034801098764e-01,3.323050303662691274e-01,3.336291639283790467e-01,3.345623843295367772e-01,3.351174132976376119e-01,3.353016191552797287e-01,3.351174150922435757e-01,3.345623879568755954e-01,3.336291694669439312e-01,3.323050379396175757e-01,3.305712132646355106e-01,3.284017775204781664e-01,3.257621143224952442e-01,3.226067066496184355e-01,3.188760596084789789e-01,3.144924165180582598e-01,3.093538181185763736e-01,3.033259570782929626e-01,2.962313756615146954e-01,2.878364632979811266e-01,2.778406110231630977e-01,2.658866400242538841e-01,2.516673396351266634e-01,2.354234899641141077e-01,2.200556921585616610e-01,2.198976351055805245e-01,2.887084617248531493e-01,4.894750429545380865e-01,6.178081109457164155e-01,5.934755475368445055e-01,5.412202880164304064e-01,4.983947057449117923e-01,4.663088785798277236e-01,4.418676036161694465e-01,4.225670494874098626e-01,4.067564668618951496e-01,3.933717177224865802e-01,3.817153585367243918e-01,3.713182898658048958e-01,3.618564529857004053e-01,3.531003470487648066e-01,3.448837763060218498e-01,3.370840044707044680e-01,3.296088257626596518e-01,3.223879340374066760e-01,3.153670288330392979e-01,3.085037051924925944e-01,3.017645314862024697e-01,2.951229343763779323e-01,2.885576422563497778e-01,2.820515215745126314e-01,2.755906937258129630e-01,2.691638550032152688e-01,2.627617452436512568e-01,2.563767264323996709e-01,2.500024432350367309e-01,2.436335448467388254e-01,2.372654527398800617e-01,2.308941625404808962e-01,2.245160708242170955e-01,2.181278193914866215e-01,2.117261507519632435e-01,2.053077692421538258e-01,1.988692024785718437e-01,1.924066577297529335e-01,1.859158672405054891e-01,1.793919154717939224e-01,1.728290394629397875e-01
9.860215053763441428e-01,1.716161746035459179e-01,1.781963986433521274e-01,1.847349133554322953e-01,1.912382730298970157e-01,1.977121396165182621e-01,2.041615034594361500e-01,2.105908746691907973e-01,2.170044552006944738e-01,2.234062997437910869e-01,2.298004723800120830e-01,2.361912054257447047e-01,2.425830668731422113e-01,2.489811433311966138e-01,2.553912463987730863e-01,2.618201520717411412e-01,2.682758852812808792e-01,2.747680652712035099e-01,2.813083326985718058e-01,2.879108867721699161e-01,2.945931714867625062e-01,3.013767657167439884e-01,3.082885552055223410e-01,3.153622995116329708e-01,3.226407605975303849e-01,3.301786434047066510e-01,3.380467319362245315e-01,3.463378210088317588e-01,3.551754043508699721e-01,3.647266937921075924e-01,3.752226140913852981e-01,3.869893171779121288e-01,4.004991586022814132e-01,4.164550280559154438e-01,4.359311323677488859e-01,4.605996533540728799e-01,4.930201058761258248e-01,5.364734658570660120e-01,5.904394695574647356e-01,6.208753180699951857e-01,5.046387256834352630e-01,3.006812234515298110e-01,2.228615098115960536e-01,2.187416147502483643e-01,2.323798757423781447e-01,2.478983343465545053e-01,2.618153633946583847e-01,2.736672026964581117e-01,2.836667247683531956e-01,2.921271923685841987e-01,2.993270869576192816e-01,3.054881786831955548e-01,3.107813366385145937e-01,3.153371583047925863e-01,3.192555841933656935e-01,3.226134213846933441e-01,3.254699502057689098e-01,3.278710300651572207e-01,3.298520894239997392e-01,3.314402985666661805e-01,3.326561424549719370e-01,3.335145470692197356e-01,3.340256653164575540e-01,3.341953939098770698e-01,3.340256667319759787e-01,3.335145499276923053e-01,3.326561468127493537e-01,3.314403045120969948e-01,3.298520970824941334e-01,3.278710396067334165e-01,3.254699618560528140e-01,3.226134354407643734e-01,3.192556010467126892e-01,3.153371784750708673e-01,3.107813608241471459e-01,3.054882078391954470e-01,2.993271224189679169e-01,2.921272360529849066e-01,2.836667795236975098e-01,2.736672729261431791e-01,2.618154562484090730e-01,2.478984621369771657e-01,2.323800611773514657e-01,2.187419027236121583e-01,2.228619909966951251e-01,3.006820328873807124e-01,5.046397435798787301e-01,6.208760476724564104e-01,5.904398750705893706e-01,5.364736956851594574e-01,4.930202461890921817e-01,4.605997449776012553e-01,4.359311956389310683e-01,4.164550734817369371e-01,4.004991921439292613e-01,3.869893425383429397e-01,3.752226336255155559e-01,3.647267090601555295e-01,3.551754164228944077e-01,3.463378306405131557e-01,3.380467396747930953e-01,3.301786496550730976e-01,3.226407656650311373e-01,3.153623036303308536e-01,3.082885585574978715e-01,3.013767684454846663e-01,2.945931737066754263e-01,2.879108885754254055e-01,2.813083341601301801e-01,2.747680664525539163e-01,2.682758862332517702e-01,2.618201528366423947e-01,2.553912470120488498e-01,2.489811438227076679e-01,2.425830672681759392e-01,2.361912057458110392e-01,2.298004726434710876e-01,2.234062999663696814e-01,2.170044553958898059e-01,2.105908748486015891e-01,2.041615036330278465e-01,1.977121397928393309e-01,1.912382732162530574e-01,1.847349135580220181e-01,1.781963988673797294e-01,1.716161748532990527e-01
9.903225806451614321e-01,1.715652201870118965e-01,1.781976475879225030e-01,1.847850942734400037e-01,1.913351345959058980e-01,1.978544054188992041e-01,2.043488551381712204e-01,2.108239607950193883e-01,2.172849250847838365e-01,2.237368628919735036e-01,2.301849857930921839e-01,2.366347925480671577e-01,2.430922738586880627e-01,2.495641406101839765e-01,2.560580865194717615e-01,2.625830987807066252e-01,2.691498342447318226e-01,2.757710843977683735e-01,2.824623606980322665e-01,2.892426438992752868e-01,2.961353587388819153e-01,3.031696618159009926e-01,3.103821705139753195e-01,3.178193224775638925e-01,3.255406519378867269e-01,3.336234242964259966e-01,3.421693244795900313e-01,3.513143205567724192e-01,3.612435550966934805e-01,3.722143991330062462e-01,3.845930923192318329e-01,3.989144905037761979e-01,4.159815113002552356e-01,4.370310287630667645e-01,4.639940274320754066e-01,4.997735557007794149e-01,5.476070265266670400e-01,6.030508538849050915e-01,6.109562716591823150e-01,4.509626854864369760e-01,2.738679916219414201e-01,2.210845417717247630e-01,2.221446318982251977e-01,2.355315255553977749e-01,2.499640493343642245e-01,2.629097874141457236e-01,2.740353336017962715e-01,2.835228956987811966e-01,2.916358558522846867e-01,2.986112332821057591e-01,3.046403671810078984e-01,3.098725429211692250e-01,3.144231644211788468e-01,3.183814762446730007e-01,3.218167623740257333e-01,3.247830543140069470e-01,3.273226343183360254e-01,3.294686244191628033e-01,3.312468966715634289e-01,3.326774809111017195e-01,3.337755976180367679e-01,3.345524065176753159e-01,3.350155342231785349e-01,3.351694239891546134e-01,3.350155352843518508e-01,3.345524086583154810e-01,3.337756008756202486e-01,3.326774853441203939e-01,3.312469023624888820e-01,3.294686314788412007e-01,3.273226428922983988e-01,3.247830645913671876e-01,3.218167746000921703e-01,3.183814907390393190e-01,3.144231816040130023e-01,3.098725633522764755e-01,3.046403916193200501e-01,2.986112627789909157e-01,2.916358919031060148e-01,2.835229404990639579e-01,2.740353905009956237e-01,2.629098617637634083e-01,2.499641501726342363e-01,2.355316691743176150e-01,2.221448497703946978e-01,2.210848972390928036e-01,2.738685934990328086e-01,4.509635353806399904e-01,6.109569784492011602e-01,6.030512623795263316e-01,5.476072555927469221e-01,4.997736931234715296e-01,4.639941158283800715e-01,4.370310889582080804e-01,4.159815543220387046e-01,3.989145220795866642e-01,3.845931160929962900e-01,3.722144173958176205e-01,3.612435693514056134e-01,3.513143318253820757e-01,3.421693334786531371e-01,3.336234315415935736e-01,3.255406578086819658e-01,3.178193272588120677e-01,3.103821744231332058e-01,3.031696650215189859e-01,2.961353613733553325e-01,2.892426460678607092e-01,2.824623624853211945e-01,2.757710858723845804e-01,2.691498354628578671e-01,2.625830997886900997e-01,2.560580873558200299e-01,2.495641413071081338e-01,2.430922744432715832e-01,2.366347930432080027e-01,2.301849862182327455e-01,2.237368632636821397e-01,2.172849254172184996e-01,2.108239611002951375e-01,2.043488554266719714e-01,1.978544056995039657e-01,1.913351348761934412e-01,1.847850945598371319e-01,1.781976478858280366e-01,1.715652205008932063e-01
9.946236559139786104e-01,1.704839847606987591e-01,1.771457917065109300e-01,1.837598148154832856e-01,1.903345714787288145e-01,1.968775930607866431e-01,2.033957019275723921e-01,2.098952537571952826e-01,2.163823587606884258e-01,2.228630930298823032e-01,2.293437099907872090e-01,2.358308616373644695e-01,2.423318397641526789e-01,2.488548488390795732e-01,2.554093246113006144e-01,2.620063163250633265e-01,2.686589559922689663e-01,2.753830463264019257e-01,2.821978108508077510e-01,2.891268672396017370e-01,2.961995111110661827e-01,3.034524370912881630e-01,3.109320849346034477e-01,3.186978941546612654e-01,3.268269038464917675e-01,3.354203852531861818e-01,3.446136149852190300e-01,3.545906179564530247e-01,3.656069746387491937e-01,3.780260492344320045e-01,3.923780626042615016e-01,4.094585355756760747e-01,4.304932961885964970e-01,4.574015072285022021e-01,4.931035575688230144e-01,5.410827283722404735e-01,5.985672268411720287e-01,6.176352677829420879e-01,4.746924449952977243e-01,2.882563169204971909e-01,2.239766757706848355e-01,2.203160007417541977e-01,2.319473206507120244e-01,2.457055237186975549e-01,2.584032295377746147e-01,2.694687787589105099e-01,2.789887485577611237e-01,2.871843505636866301e-01,2.942724796304845292e-01,3.004342538208011337e-01,3.058135307520126189e-01,3.105227660912640020e-01,3.146496212903777123e-01,3.182625982012782795e-01,3.214154508704291091e-01,3.241505302279616973e-01,3.265012894530213705e-01,3.284941538464654087e-01,3.301499153081767779e-01,3.314847707852011105e-01,3.325110915091044617e-01,3.332379852072981374e-01,3.336716951235825235e-01,3.338158659239982562e-01,3.336716959736046872e-01,3.332379869208716427e-01,3.325110941138767484e-01,3.314847743241937095e-01,3.301499198418153536e-01,3.284941594555269573e-01,3.265012962428306964e-01,3.241505383342754842e-01,3.214154604676266458e-01,3.182626095139253763e-01,3.146496346097297780e-01,3.105227817992560202e-01,3.058135493568661656e-01,3.004342760113687949e-01,2.942725063615657111e-01,2.871843831949142944e-01,2.789887890889178879e-01,2.694688302478183695e-01,2.584032968836295074e-01,2.457056152218353995e-01,2.319474513181736530e-01,2.203161995954466268e-01,2.239770007607155000e-01,2.882568625788136107e-01,4.746931883367177529e-01,6.176358630172447128e-01,5.985675694116695533e-01,5.410829220163131392e-01,4.931036746866154230e-01,4.574015830479953859e-01,4.304933480539139268e-01,4.094585728764520982e-01,3.923780900886708611e-01,3.780260699991855877e-01,3.656069906430720606e-01,3.545906304901046968e-01,3.446136249278398678e-01,3.354203932230474527e-01,3.268269102894595934e-01,3.186978993995070453e-01,3.109320892284740956e-01,3.034524406231492999e-01,2.961995140275728300e-01,2.891268696560896911e-01,2.821978128590779122e-01,2.753830480002858461e-01,2.686589573917284590e-01,2.620063174992188770e-01,2.554093256007055057e-01,2.488548496774454777e-01,2.423318404796858117e-01,2.358308622537922949e-01,2.293437105281636301e-01,2.228630935052310913e-01,2.163823591885027375e-01,2.098952541498453894e-01,2.033957022956264515e-01,1.968775934132618866e-01,1.903345718233144801e-01,1.837598151586896655e-01,1.771457920538100361e-01,1.704839851166173037e-01
9.989247311827957887e-01,1.694777386460822877e-01,1.761752833758600534e-01,1.828222232570006767e-01,1.894281015019203818e-01,1.960014249394159414e-01,2.025499730714458990e-01,2.090810694400496439e-01,2.156018310976288432e-01,2.221194093102171196e-01,2.286412333666190677e-01,2.351752692555774404e-01,2.417303059322428449e-01,2.483162840063306009e-01,2.549446851909171752e-01,2.616290062000931615e-01,2.683853487064786769e-01,2.752331686248171150e-01,2.821962452067430238e-01,2.893039561329730502e-01,2.965929836912000739e-01,3.041096369957909662e-01,3.119130690690244956e-01,3.200798177969185754e-01,3.287103454216026011e-01,3.379386624090493507e-01,3.479468263281327856e-01,3.589873426671409407e-01,3.714187055557806594e-01,3.857633043379383730e-01,4.028039583852558447e-01,4.237462899728034471e-01,4.504812904287625597e-01,4.859167753021378378e-01,5.337287998801072408e-01,5.927544597821000627e-01,6.227881717124100769e-01,5.004615917934747138e-01,3.061129057157526145e-01,2.283251973684353453e-01,2.189392042663795279e-01,2.284702626096528910e-01,2.414374771099025152e-01,2.538466478229836620e-01,2.648379378956551289e-01,2.743849889976772705e-01,2.826604779863983730e-01,2.898587377961530098e-01,2.961497178215217740e-01,3.016714834710546023e-01,3.065334031401173998e-01,3.108214938873741229e-01,3.146034284925641744e-01,3.179326224682803015e-01,3.208514062450706361e-01,3.233934385518699717e-01,3.255855291748017133e-01,3.274490129444391218e-01,3.290007848681565927e-01,3.302540784607836954e-01,3.312190473610676644e-01,3.319031936485432044e-01,3.323116737362293294e-01,3.324475031925717694e-01,3.323116744170492298e-01,3.319031950202210313e-01,3.312190494440843125e-01,3.302540812869353970e-01,3.290007884819250994e-01,3.274490174050179725e-01,3.255855345589125371e-01,3.233934449576919556e-01,3.208514137976306024e-01,3.179326313269977833e-01,3.146034388617363065e-01,3.108215060312609634e-01,3.065334174047712468e-01,3.016715003168273235e-01,2.961497378726957730e-01,2.898587619190811093e-01,2.826605074169953880e-01,2.743850255581383180e-01,2.648379843805647726e-01,2.538467087255744103e-01,2.414375600727575455e-01,2.284703815022008089e-01,2.189393859425813604e-01,2.283254948771840098e-01,3.061133996383318401e-01,5.004622356863923649e-01,6.227886661865136286e-01,5.927547432937255723e-01,5.337289615993970893e-01,4.859168740046647117e-01,4.504813547902213333e-01,4.237463342413413936e-01,4.028039903322104820e-01,3.857633280563603773e-01,3.714187235435073564e-01,3.589873565812222722e-01,3.479468372639517026e-01,3.379386711161848633e-01,3.287103524284147871e-01,3.200798234853788338e-01,3.119130737213852145e-01,3.041096408246372618e-01,2.965929868593432106e-01,2.893039587669558044e-01,2.821962474062302273e-01,2.752331704692175807e-01,2.683853502597399188e-01,2.616290075141996518e-01,2.549446863084859904e-01,2.483162849625699942e-01,2.417303067564388619e-01,2.351752699722420847e-01,2.286412339963730667e-01,2.221194098704862008e-01,2.156018316032019266e-01,2.090810699034930664e-01,2.025499735034737014e-01,1.960014253491503544e-01,1.894281018971165353e-01,1.828222236442229309e-01,1.761752837606188060e-01,1.694777390329464672e-01
1.003225806451613078e+00,1.696582800005791147e-01,1.764302806711583738e-01,1.831485347632084981e-01,1.898239345802937295e-01,1.964662921273263030e-01,2.030846919378367088e-01,2.096878036775582099e-01,2.162841733604022321e-01,2.228825091600116215e-01,2.294919767026598889e-01,2.361225191165059467e-01,2.427852189654445270e-01,2.494927227129947189e-01,2.562597539949853509e-01,2.631037505133134724e-01,2.700456720723169446e-01,2.771110462032652655e-01,2.843313462356417132e-01,2.917458399011717551e-01,2.994041134038266661e-01,3.073695812097494984e-01,3.157244611860544614e-01,3.245769731853908602e-01,3.340719877612120525e-01,3.444071590842575081e-01,3.558579988815031570e-01,3.688179000143777531e-01,3.838637130330956326e-01,4.018654795523157741e-01,4.241704485580785056e-01,4.528936445101175434e-01,4.912319870356460783e-01,5.427728853498879902e-01,6.028264229968507415e-01,6.144614850659542160e-01,4.620130687752355692e-01,2.872994125136418830e-01,2.264732039641100259e-01,2.207258265917554363e-01,2.300844099420701616e-01,2.422504828910681529e-01,2.539296520573619542e-01,2.643690228655866670e-01,2.735245463697957846e-01,2.815334943715906424e-01,2.885595454846742181e-01,2.947496302295202208e-01,3.002251977599565969e-01,3.050837224011356819e-01,3.094026869425316462e-01,3.132436085029922657e-01,3.166554451311785479e-01,3.196773012568351335e-01,3.223405212305169854e-01,3.246702926700133496e-01,3.266868702628692445e-01,3.284065092805335540e-01,3.298421772842115574e-01,3.310040953003748898e-01,3.319001463295411236e-01,3.325361788235120519e-01,3.329162249844355159e-01,3.330426477417469111e-01,3.329162255090905020e-01,3.325361798798311952e-01,3.319001479318031689e-01,3.310040974706641159e-01,3.298421800533057335e-01,3.284065126891588804e-01,3.266868743634405714e-01,3.246702975290345905e-01,3.223405269318372346e-01,3.196773079061002720e-01,3.166554528619441866e-01,3.132436174852641919e-01,3.094026973948758585e-01,3.050837346081315959e-01,3.002252120980508088e-01,2.947496472061684192e-01,2.885595657995421170e-01,2.815335190154609202e-01,2.735245767909063042e-01,2.643690612624389757e-01,2.539297019213980211e-01,2.422505500726342409e-01,2.300845048712261143e-01,2.207259690931876461e-01,2.264734329715431538e-01,2.872997927621536163e-01,4.620136028837527609e-01,6.144619442771088735e-01,6.028266969646534079e-01,5.427730411996573023e-01,4.912320811152557920e-01,4.528937052293182663e-01,4.241704899783476090e-01,4.018655091209215602e-01,3.838637350480412769e-01,3.688179166642990836e-01,3.558580117400700904e-01,3.444071691845571603e-01,3.340719958058374628e-01,3.245769796669280560e-01,3.157244664589880512e-01,3.073695855349700135e-01,2.994041169771505806e-01,2.917458428721118047e-01,2.843313487200969658e-01,2.771110482922819473e-01,2.700456738383004707e-01,2.631037520144440256e-01,2.562597552784772192e-01,2.494927238174902140e-01,2.427852199228159313e-01,2.361225199532276664e-01,2.294919774408477331e-01,2.228825098182404540e-01,2.162841739543397701e-01,2.096878042204675108e-01,2.030846924409661636e-01,1.964662926002212762e-01,1.898239350310474693e-01,1.831485351986604504e-01,1.764302810970492241e-01,1.696582804216661688e-01
1.007526881720430367e+00,1.688107149937009555e-01,1.756332218851359706e-01,1.823992095041372663e-01,1.891208208422147374e-01,1.958090686425851823e-01,2.024742316997813762e-01,2.091262079779187266e-01,2.157748465929252568e-01,2.224302776231095180e-01,2.291032577751606902e-01,2.358055508602384109e-01,2.425503648667975687e-01,2.493528724942757901e-01,2.562308500343367657e-01,2.632054816484043491e-01,2.703023943369428639e-01,2.775530163700228314e-01,2.849963937676663894e-01,2.926816640435010441e-01,3.006714881039001530e-01,3.090469044268284726e-01,3.179143374765062702e-01,3.274159420528744979e-01,3.377452385976976723e-01,3.491713549009196615e-01,3.620776280867926133e-01,3.770247207984884219e-01,3.948561593534544722e-01,4.168757985850585768e-01,4.451329820307430296e-01,4.827651287364904675e-01,5.335963816036174423e-01,5.953607291938027846e-01,6.220051604733606299e-01,4.936549184620819819e-01,3.078286541351438199e-01,2.317270591647685174e-01,2.195761837116051718e-01,2.265888508711685345e-01,2.378807325448488441e-01,2.492466620116973730e-01,2.596070496122920845e-01,2.687905371451305148e-01,2.768804609581132503e-01,2.840159613626858093e-01,2.903321513453118174e-01,2.959445438659978889e-01,3.009475543428384858e-01,3.054170852127107705e-01,3.094138679895053201e-01,3.129865221122025143e-01,3.161740782715942166e-01,3.190079750078487764e-01,3.215136107263738552e-01,3.237115416417715164e-01,3.256184043922387694e-01,3.272476262512844514e-01,3.286099713244765574e-01,3.297139592071606784e-01,3.305661832606296424e-01,3.311715484965350731e-01,3.315334435438032634e-01,3.316538568691653754e-01,3.315334439686562495e-01,3.311715493515413611e-01,3.305661845565792123e-01,3.297139609606995481e-01,3.286099735587493242e-01,3.272476289967906626e-01,3.256184076880772604e-01,3.237115455372683859e-01,3.215136152833256711e-01,3.190079803035352213e-01,3.161740844028508857e-01,3.129865292010685085e-01,3.094138761910644742e-01,3.054170947262008773e-01,3.009475654277620760e-01,2.959445568659672121e-01,2.903321667242893533e-01,2.840159797618351800e-01,2.768804832879732669e-01,2.687905647413427745e-01,2.596070845109603176e-01,2.492467074621969592e-01,2.378807940216453587e-01,2.265889381860465845e-01,2.195763155590629012e-01,2.317272718422171141e-01,3.078290033658280245e-01,4.936553844156514326e-01,6.220055381694731267e-01,5.953609520091406315e-01,5.335965096021950682e-01,4.827652068932574148e-01,4.451330329499736949e-01,4.168758335761281186e-01,3.948561844540632304e-01,3.770247396526065775e-01,3.620776424140214611e-01,3.491713660131506858e-01,3.377452473623127061e-01,3.274159490623838042e-01,3.179143431479007353e-01,3.090469090611529523e-01,3.006714919233637873e-01,2.926816672152958154e-01,2.849963964197335664e-01,2.775530186017253209e-01,2.703023962264900493e-01,2.632054832580709713e-01,2.562308514142494498e-01,2.493528736851489125e-01,2.425503659019911940e-01,2.358055517672948131e-01,2.291032585769595120e-01,2.224302783387752946e-01,2.157748472385157823e-01,2.091262085669720050e-01,2.024742322437383391e-01,1.958090691511292225e-01,1.891208213235343327e-01,1.823992099651415566e-01,1.756332223316126040e-01,1.688107154304529511e-01
1.011827956989247435e+00,1.691540573887413135e-01,1.760686690491134188e-01,1.829238927921469637e-01,1.897335384255491308e-01,1.965102515896442470e-01,2.032659705073686929e-01,2.100123378912986116e-01,2.167610947028767721e-01,2.235244793531334651e-01,2.303156555743325895e-01,2.371491943456852658e-01,2.440416401313208472e-01,2.510121999504084100e-01,2.580836066946120000e-01,2.652832277369234770e-01,2.726445196800305615e-01,2.802089757200659226e-01,2.880287829401165234e-01,2.961705187747664669e-01,3.047203963081856481e-01,3.137918653147136472e-01,3.235368770939248684e-01,3.341629860908726934e-01,3.459599874400155484e-01,3.593425281205980260e-01,3.749200534459865009e-01,3.936139962701925010e-01,4.168539406708576811e-01,4.468850177972957249e-01,4.870833278961886337e-01,5.411135008008831626e-01,6.033615380441696985e-01,6.140599915387888741e-01,4.642284642270250727e-01,2.941856493891900626e-01,2.303401145309032783e-01,2.207286436290819276e-01,2.274942720747354652e-01,2.380921452286673956e-01,2.488400023553214435e-01,2.587359020676171517e-01,2.675912806819228940e-01,2.754592179565088506e-01,2.824529011231760589e-01,2.886879421264753054e-01,2.942657308591770104e-01,2.992705263862284748e-01,3.037708995119747790e-01,3.078222502537225069e-01,3.114692925461587936e-01,3.147481816251893050e-01,3.176882373115206271e-01,3.203133064892267345e-01,3.226428290349070416e-01,3.246926683968311966e-01,3.264757580562233086e-01,3.280026044647446071e-01,3.292816777615324986e-01,3.303197140456461955e-01,3.311219470715819346e-01,3.316922826460118046e-01,3.320334254267300889e-01,3.321469649936026336e-01,3.320334257567155167e-01,3.316922833097476486e-01,3.311219480767224055e-01,3.303197154039804184e-01,3.292816794893933530e-01,3.280026065835660587e-01,3.264757605933246709e-01,3.246926713864684566e-01,3.226428325196614710e-01,3.203133105218731735e-01,3.176882419575107197e-01,3.147481869660377907e-01,3.114692986840275069e-01,3.078222573178292509e-01,3.037709076676213260e-01,2.992705358477972810e-01,2.942657419092987170e-01,2.886879551449895165e-01,2.824529166322474749e-01,2.754592366932672731e-01,2.675913037201135269e-01,2.587359310304660487e-01,2.488400398072169173e-01,2.380921954370513738e-01,2.274943425760677929e-01,2.207287485575772090e-01,2.303402811305588771e-01,2.941859221032098182e-01,4.642288472892345808e-01,6.140603313612588154e-01,6.033617465056496654e-01,5.411136207846883872e-01,4.870834006440045716e-01,4.468850648425367611e-01,4.168539728038989645e-01,3.936140192051333364e-01,3.749200706520700033e-01,3.593425411880303288e-01,3.459599975653029902e-01,3.341629940760185158e-01,3.235368834841433894e-01,3.137918704920807378e-01,3.047204005475558919e-01,2.961705222783651559e-01,2.880287858596877748e-01,2.802089781714393601e-01,2.726445217529832044e-01,2.652832295019770803e-01,2.580836082078260540e-01,2.510122012568266614e-01,2.440416412674805413e-01,2.371491953414807397e-01,2.303156564544009410e-01,2.235244801379107915e-01,2.167610954094203735e-01,2.100123385338970583e-01,2.032659710980398715e-01,1.965102521385118373e-01,1.897335389411494433e-01,1.829238932816576180e-01,1.760686695185417205e-01,1.691540578430676955e-01
1.016129032258064502e+00,1.684284455971045147e-01,1.754089386982534970e-01,1.823274790857792038e-01,1.891994216562874198e-01,1.960389146595822585e-01,2.028594165000426608e-01,2.096741654876533578e-01,2.164966341437339903e-01,2.233409965026055544e-01,2.302226371068389621e-01,2.371587338904511399e-01,2.441689542912342248e-01,2.512763157821369941e-01,2.585082804766299369e-01,2.658981817612691700e-01,2.734871243627000070e-01,2.813265667246633850e-01,2.894819010197903220e-01,2.980375173272730160e-01,3.071041198058952482e-01,3.168295355351619658e-01,3.274150703237773130e-01,3.391408974983363134e-01,3.524065306133953301e-01,3.677970616390940362e-01,3.861938753813885516e-01,4.089606343370060793e-01,4.382403270133284900e-01,4.773033652664321336e-01,5.300812762179299975e-01,5.940260565073438581e-01,6.224799914396307310e-01,5.000623459600843645e-01,3.181068969373214705e-01,2.372146375088415859e-01,2.202097813506043444e-01,2.242092170253426886e-01,2.337597741559585274e-01,2.441209165749133048e-01,2.539050732192227877e-01,2.627725204105807455e-01,2.707123412737313939e-01,2.778087668715782943e-01,2.841635922694403793e-01,2.898713492369570655e-01,2.950128080392509511e-01,2.996547545620771302e-01,3.038516978949703518e-01,3.076479456889109065e-01,3.110795182754181321e-01,3.141757584876905263e-01,3.169606332646264235e-01,3.194537673220833596e-01,3.216712575652859729e-01,3.236263127857216815e-01,3.253297556236399157e-01,3.267904161610589719e-01,3.280154399295746037e-01,3.290105277716387500e-01,3.297801207649959099e-01,3.303275401018253010e-01,3.306550891984946783e-01,3.307641232183675117e-01,3.306550894669055829e-01,3.303275406415282500e-01,3.297801215818397802e-01,3.290105288746132950e-01,3.280154413311168193e-01,3.267904178774330703e-01,3.253297576755117548e-01,3.236263151988932329e-01,3.216712603716770924e-01,3.194537705610192013e-01,3.169606369845551774e-01,3.141757627484897397e-01,3.110795231514840720e-01,3.076479512734035526e-01,3.038517043057024081e-01,2.996547619498652337e-01,2.950128165999602592e-01,2.898713592293061803e-01,2.841636040420073561e-01,2.778087809050527324e-01,2.707123582492555469e-01,2.627725413247837261e-01,2.539050995866667382e-01,2.441209508028588659e-01,2.337598202772349087e-01,2.242092822082472348e-01,2.202098790779166149e-01,2.372147934128840396e-01,3.181071490319836159e-01,5.000626800247253145e-01,6.224802675181624334e-01,5.940262229491353185e-01,5.300813729613669256e-01,4.773034246968408389e-01,4.382403658751682918e-01,4.089606611152874494e-01,3.861938946260011218e-01,3.677970760133715822e-01,3.524065417419498525e-01,3.391409061630861199e-01,3.274150771883385103e-01,3.168295410531128953e-01,3.071041242965185103e-01,2.980375210211588799e-01,2.894819040871686733e-01,2.813265692936572915e-01,2.734871265313710276e-01,2.658981836057977555e-01,2.585082820569788997e-01,2.512763171460608569e-01,2.441689554771646065e-01,2.371587349296008229e-01,2.302226380247723581e-01,2.233409973204071586e-01,2.164966348789002515e-01,2.096741661547841806e-01,2.028594171113591027e-01,1.960389152253473044e-01,1.891994221851202029e-01,1.823274795849186558e-01,1.754089391737421455e-01,1.684284460539476058e-01
1.020430107526881791e+00,1.689279012609448682e-01,1.760203366809767189e-01,1.830484653406905804e-01,1.900297341975726584e-01,1.969803736551120898e-01,2.039159997876119623e-01,2.108521703303039563e-01,2.178049334307506912e-01,2.247914054631745817e-01,2.318304160425848637e-01,2.389432647710246216e-01,2.461546460981607065e-01,2.534938179083032761e-01,2.609961194529101802e-01,2.687049907599718956e-01,2.766747182822094087e-01,2.849742466183148304e-01,2.936925818610313099e-01,3.029466182331260748e-01,3.128927357043063684e-01,3.237444064154693102e-01,3.357996165709652980e-01,3.494847200317708347e-01,3.654263979367072257e-01,3.845719355651099347e-01,4.083903283112945704e-01,4.391856495003825245e-01,4.804157864662426114e-01,5.358470444474446870e-01,6.001916157229152393e-01,6.165093000625841979e-01,4.784025155758580561e-01,3.079405448585100791e-01,2.361723860641142536e-01,2.209845041427469237e-01,2.246624920742179288e-01,2.335720234926408900e-01,2.433798420921098049e-01,2.527530936031022191e-01,2.613326541724811936e-01,2.690793878247109139e-01,2.760539911803665536e-01,2.823407498649695424e-01,2.880215683456302522e-01,2.931681494978912172e-01,2.978407304694941082e-01,3.020890465379595935e-01,3.059538912865415461e-01,3.094686762153771031e-01,3.126607958301337309e-01,3.155527590935627291e-01,3.181631038644425202e-01,3.205071272138693139e-01,3.225974656195750301e-01,3.244445549452965039e-01,3.260569948019042541e-01,3.274418368565974458e-01,3.286048123707806523e-01,3.295505107605496420e-01,3.302825181935256094e-01,3.308035230293408513e-01,3.311153931503305614e-01,3.312192288003150686e-01,3.311153933591345910e-01,3.308035234490111498e-01,3.302825188282538793e-01,3.295505116167779525e-01,3.286048134573690827e-01,3.274418381851305626e-01,3.260569963870086352e-01,3.244445568051518292e-01,3.225974677765368059e-01,3.205071296952867188e-01,3.181631067037520300e-01,3.155527623316917163e-01,3.126607995174122134e-01,3.094686804140811542e-01,3.059538960743676261e-01,3.020890520128459711e-01,2.978407367564121500e-01,2.931681567586155723e-01,2.880215767931106896e-01,2.823407597850719486e-01,2.760540029656316507e-01,2.690794020287183286e-01,2.613326716006145189e-01,2.527531154709448669e-01,2.433798703157279419e-01,2.335720612493691062e-01,2.246625449424705656e-01,2.209845824741606957e-01,2.361725093939492093e-01,3.079407435110231850e-01,4.784027887221987685e-01,6.165095418942142524e-01,6.001917665190340534e-01,5.358471324874397590e-01,4.804158403435714875e-01,4.391856845617600480e-01,4.083903523720031070e-01,3.845719528008564314e-01,3.654264107492934399e-01,3.494847300027206227e-01,3.357996243316090923e-01,3.237444125656921967e-01,3.128927406526998967e-01,3.029466222663917407e-01,2.936925851856303504e-01,2.849742493863188231e-01,2.766747206078258858e-01,2.687049927304566155e-01,2.609961211359294042e-01,2.534938193570387410e-01,2.461546473549156844e-01,2.389432658697877576e-01,2.318304170109360685e-01,2.247914063236569615e-01,2.178049342019377499e-01,2.108521710275773620e-01,2.039160004237781654e-01,1.969803742408636482e-01,1.900297347418571370e-01,1.830484658509890505e-01,1.760203371635212510e-01,1.689279017208914491e-01
1.024731182795699080e+00,1.683388256457315491e-01,1.755151760400149585e-01,1.826250492365511791e-01,1.896878353749923696e-01,1.967216858136038304e-01,2.037442004106757576e-01,2.107730687197653940e-01,2.178267119296421472e-01,2.249249701611366892e-01,2.320898832966259984e-01,2.393466231427929802e-01,2.467246518936082877e-01,2.542592095560895493e-01,2.619932764617746712e-01,2.699802251012873855e-01,2.782874834100828587e-01,2.870017053925595918e-01,2.962362304742264252e-01,3.061420925186332243e-01,3.169246634778102867e-01,3.288694637572250890e-01,3.423832562666881962e-01,3.580612134724374673e-01,3.767988271274073098e-01,3.999795713008212905e-01,4.297733969272359289e-01,4.694876496639692753e-01,5.231390227187295849e-01,5.887613907641936484e-01,6.236503061264635495e-01,5.167377239762932506e-01,3.362490948205741348e-01,2.455660666318991714e-01,2.215865014692779411e-01,2.218610102312624233e-01,2.294456496594603767e-01,2.387405433121710108e-01,2.479409420783374174e-01,2.565006728469026442e-01,2.643009362815899599e-01,2.713662667293291753e-01,2.777636602757050932e-01,2.835664229568001238e-01,2.888418673555017691e-01,2.936479639674945963e-01,2.980332898933882313e-01,3.020380751679313525e-01,3.056954940112263097e-01,3.090328863849777785e-01,3.120728114964207434e-01,3.148339197531193068e-01,3.173316602783003981e-01,3.195788495114423866e-01,3.215861261599067267e-01,3.233623145276940392e-01,3.249147143653104419e-01,3.262493317549383098e-01,3.273710624465263064e-01,3.282838365218838650e-01,3.289907312205291312e-01,3.294940571229904025e-01,3.297954215660164334e-01,3.298957720810387628e-01,3.297954217359811979e-01,3.294940574645060516e-01,3.289907317368183093e-01,3.282838372178939479e-01,3.273710633290544125e-01,3.262493328328351372e-01,3.249147156497376177e-01,3.233623160324769485e-01,3.215861279019732177e-01,3.195788515114065809e-01,3.173316625612357944e-01,3.148339223495329464e-01,3.120728144435802598e-01,3.090328897286290788e-01,3.056954978079570173e-01,3.020380794883661957e-01,2.980332948266286031e-01,2.936479696274218454e-01,2.888418738898403393e-01,2.835664305605310465e-01,2.777636692114131001e-01,2.713662773589701760e-01,2.643009491179297288e-01,2.565006886399121000e-01,2.479409619669470932e-01,2.387405691042753242e-01,2.294456843760311338e-01,2.218610592142162274e-01,2.215865746547896475e-01,2.455661824189619147e-01,3.362492784542194246e-01,5.167379602755008960e-01,6.236504996671293766e-01,5.887615090311660859e-01,5.231390924566483580e-01,4.694876929530937826e-01,4.297734254473426496e-01,3.999795910669476373e-01,3.767988413987173879e-01,3.580612241397546081e-01,3.423832646619581754e-01,3.288694703265815367e-01,3.169246687096279880e-01,3.061420967480761868e-01,2.962362339376131137e-01,2.870017082608302128e-01,2.782874858096231474e-01,2.699802271273416543e-01,2.619932781873138272e-01,2.542592110378666947e-01,2.467246531763311046e-01,2.393466242620825024e-01,2.320898842811560947e-01,2.249249710341963693e-01,2.178267127102950784e-01,2.107730694237197888e-01,2.037442010509417367e-01,1.967216864009967425e-01,1.896878359185250884e-01,1.826250497437450215e-01,1.755151765171123202e-01,1.683388260978955775e-01
1.029032258064516370e+00,1.678206948388256403e-01,1.750903485333635268e-01,1.822915658696161456e-01,1.894459009855313514e-01,1.965736598230792831e-01,2.036946876144433705e-01,2.108291121276068825e-01,2.179980992837700360e-01,2.252246764403244284e-01,2.325346847769116099e-01,2.399579365262708708e-01,2.475296776466920923e-01,2.552924965702567106e-01,2.632988829791593766e-01,2.716147410434709975e-01,2.803243231572300487e-01,2.895373149544780977e-01,2.993992453923622343e-01,3.101071537827524427e-01,3.219337715651851006e-01,3.352658364441947203e-01,3.506664457613806740e-01,3.689785075455630503e-01,3.914984872377729186e-01,4.202570321006517395e-01,4.583835455515536395e-01,5.099820209204466437e-01,5.755282518921255308e-01,6.248071011419492615e-01,5.525556804032009106e-01,3.702754288319984877e-01,2.587822570700889502e-01,2.238489392484643292e-01,2.197699542346934765e-01,2.256425164130768934e-01,2.342583997817575814e-01,2.432094888984060732e-01,2.517116341904044319e-01,2.595454028304486349e-01,2.666899405051728622e-01,2.731906447971219065e-01,2.791101061561855889e-01,2.845101616594995497e-01,2.894459387886219037e-01,2.939645406415744011e-01,2.981054551456684965e-01,3.019015143129508139e-01,3.053799382505223980e-01,3.085632919412398256e-01,3.114703040083016683e-01,3.141165450930197278e-01,3.165149809216167842e-01,3.186764195999107763e-01,3.206098719728752156e-01,3.223228414033773026e-01,3.238215564860716378e-01,3.251111575740425197e-01,3.261958457345820461e-01,3.270790008828565187e-01,3.277632743248347635e-01,3.282506597122232250e-01,3.285425454105845300e-01,3.286397504530166325e-01,3.285425455476300716e-01,3.282506599875313902e-01,3.277632747408656400e-01,3.270790014433774817e-01,3.261958464447705097e-01,3.251111584406199961e-01,3.238215575175004690e-01,3.223228426100985256e-01,3.206098733676280288e-01,3.186764211981589767e-01,3.165149827420564166e-01,3.141165471582961222e-01,3.114703063458901244e-01,3.085632945846525366e-01,3.053799412408774172e-01,3.019015177011089013e-01,2.981054589951668832e-01,2.939645450326868192e-01,2.894459438241399063e-01,2.845101674730960983e-01,2.791101129248310664e-01,2.731906527599975432e-01,2.666899499933916284e-01,2.595454143153939075e-01,2.517116483655250092e-01,2.432095068238376567e-01,2.342584231530827621e-01,2.256425480864763244e-01,2.197699992958650206e-01,2.238490071569198270e-01,2.587823648227927098e-01,3.702755956707934337e-01,5.525558790083409111e-01,6.248072524561832930e-01,5.755283431575743958e-01,5.099820753757355885e-01,4.583835798484912072e-01,4.202570549773851916e-01,3.914985032508606078e-01,3.689785191997205782e-01,3.506664545254804533e-01,3.352658434141015387e-01,3.219337770536469523e-01,3.101071581755894813e-01,2.993992489606446261e-01,2.895373178902572175e-01,2.803243256000400585e-01,2.716147430968759990e-01,2.632988847214742800e-01,2.552924980616708694e-01,2.475296789341319414e-01,2.399579376467917136e-01,2.325346857600955330e-01,2.252246773100218258e-01,2.179981000593737561e-01,2.108291128250068258e-01,2.036946882467215170e-01,1.965736604010721034e-01,1.894459015182280992e-01,1.822915663644897877e-01,1.750903489966041948e-01,1.678206952755425252e-01
1.033333333333333437e+00,1.685621122475466638e-01,1.759788360876751168e-01,1.833261139170766774e-01,1.906284977510014911e-01,1.979093610560657690e-01,2.051918340848940814e-01,2.124997057009724022e-01,2.198583639453421112e-01,2.272958490403838572e-01,2.348441044434432246e-01,2.425405357328847544e-01,2.504300280113403443e-01,2.585676384872284683e-01,2.670222865463997008e-01,2.758819343456735407e-01,2.852610314267091107e-01,2.953114670212744208e-01,3.062390791635337672e-01,3.183291785474213209e-01,3.319870582051204222e-01,3.478039215426382835e-01,3.666662998853934541e-01,3.899387836675504149e-01,4.197543722963364421e-01,4.593651222719380978e-01,5.128349276680167490e-01,5.794005603076847200e-01,6.235830230818171227e-01,5.404543869437854475e-01,3.626816165580595275e-01,2.580565012475911080e-01,2.245715746864551943e-01,2.200720440556769297e-01,2.252760590028109744e-01,2.333385028064015043e-01,2.418879185338067839e-01,2.501129490502410069e-01,2.577627922698298990e-01,2.647919655941017303e-01,2.712281325723097103e-01,2.771213728240374818e-01,2.825246829558938355e-01,2.874868812182540534e-01,2.920505099934488369e-01,2.962517165684065978e-01,3.001208554614184787e-01,3.036832894089034895e-01,3.069601788400916909e-01,3.099691840924272968e-01,3.127250616760430812e-01,3.152401589177071806e-01,3.175248193793643314e-01,3.195877130888742923e-01,3.214361046807058253e-01,3.230760707352614558e-01,3.245126756643373911e-01,3.257501137098315347e-01,3.267918230943560043e-01,3.276405770911919868e-01,3.282985557376076335e-01,3.287674010614233255e-01,3.290482579862828993e-01,3.291418024912340923e-01,3.290482580939992352e-01,3.287674012777436205e-01,3.282985560643320033e-01,3.276405775310686774e-01,3.267918236511616614e-01,3.257501143884556360e-01,3.245126764709139189e-01,3.230760716773213859e-01,3.214361057674177680e-01,3.195877143312920721e-01,3.175248207907868103e-01,3.152401605141295082e-01,3.127250634767377857e-01,3.099691861206831378e-01,3.069601811242262390e-01,3.036832919835700251e-01,3.001208583693805165e-01,2.962517198629658344e-01,2.920505137418072938e-01,2.874868855062813755e-01,2.825246878950188889e-01,2.771213785614218272e-01,2.712281393063277202e-01,2.647919735985288514e-01,2.577628019330422959e-01,2.501129609411251731e-01,2.418879335175537493e-01,2.333385222578397977e-01,2.252760852191329488e-01,2.200720810863872889e-01,2.245716299795877391e-01,2.580565881094126768e-01,3.626817508694606396e-01,5.404545514370358017e-01,6.235831538310887545e-01,5.794006407697935845e-01,5.128349758824420901e-01,4.593651526157458975e-01,4.197543925011024690e-01,3.899387977878346345e-01,3.666663101497456556e-01,3.478039292534209626e-01,3.319870642251872561e-01,3.183291834048131985e-01,3.062390830548344378e-01,2.953114701865402481e-01,2.852610340356093732e-01,2.758819365212440422e-01,2.670222883798277769e-01,2.585676400473750358e-01,2.504300293510732245e-01,2.425405368933782613e-01,2.348441054571705766e-01,2.272958499332426163e-01,2.198583647381865680e-01,2.124997064107371214e-01,2.051918347254273467e-01,1.979093616387523347e-01,1.906284982852345655e-01,1.833261144106203000e-01,1.759788365469438509e-01,1.685621126778116818e-01
