nan -7.000000000000000000e+00 -6.714285714285714413e+00 -6.428571428571428825e+00 -6.142857142857143238e+00 -5.857142857142857650e+00 -5.571428571428571175e+00 -5.285714285714285587e+00 -5.000000000000000000e+00 -4.714285714285714413e+00 -4.428571428571428825e+00 -4.142857142857143238e+00 -3.857142857142857206e+00 -3.571428571428571619e+00 -3.285714285714286031e+00 -3.000000000000000000e+00 -2.714285714285714413e+00 -2.428571428571428825e+00 -2.142857142857143238e+00 -1.857142857142857650e+00 -1.571428571428572063e+00 -1.285714285714286476e+00 -1.000000000000000000e+00 -7.142857142857144126e-01 -4.285714285714288252e-01 -1.428571428571432378e-01 1.428571428571423496e-01 4.285714285714279370e-01 7.142857142857135244e-01 1.000000000000000000e+00 1.285714285714284699e+00 1.571428571428571175e+00 1.857142857142855874e+00 2.142857142857142350e+00 2.428571428571428825e+00 2.714285714285713524e+00 3.000000000000000000e+00 3.285714285714284699e+00 3.571428571428571175e+00 3.857142857142855874e+00 4.142857142857142350e+00 4.428571428571427049e+00 4.714285714285713524e+00 5.000000000000000000e+00 5.285714285714284699e+00 5.571428571428571175e+00 5.857142857142855874e+00 6.142857142857142350e+00 6.428571428571427049e+00 6.714285714285713524e+00 7.000000000000000000e+00
5.000000000000000000e-01 1.345587939649943443e-04 1.439909167144431067e-04 1.598961834496269918e-04 1.808277105038417099e-04 2.025354470598512405e-04 2.219092279550406461e-04 2.378541042724305506e-04 2.504809774149062006e-04 2.603259811411351324e-04 2.679664377575479458e-04 2.738927886623866172e-04 2.784915013669551280e-04 2.820671318267395692e-04 2.848794711958831279e-04 2.872012411816291422e-04 2.894526828992735265e-04 2.927914638925149869e-04 3.056258050235128188e-04 3.023000799621730888e-04 2.927026528012434447e-04 2.783762640898929585e-04 2.629206906682667565e-04 2.503541821502608530e-04 2.424577761102833127e-04 2.388792446627442754e-04 2.388792446627436520e-04 2.424577761102828790e-04 2.503541821502606362e-04 2.629206906682668649e-04 2.783762640898926333e-04 2.927026528012432820e-04 3.023000799621729804e-04 3.056258050235133067e-04 2.927914638925153122e-04 2.894526828992743397e-04 2.872012411816289254e-04 2.848794711958830736e-04 2.820671318267389729e-04 2.784915013669550738e-04 2.738927886623866714e-04 2.679664377575479458e-04 2.603259811411351324e-04 2.504809774149063632e-04 2.378541042724305506e-04 2.219092279550406461e-04 2.025354470598512676e-04 1.808277105038411136e-04 1.598961834496269105e-04 1.439909167144424291e-04 1.345587939649941817e-04
5.062284654121388394e-01 1.379268142441647353e-04 1.593433898751152875e-04 1.852413475852063014e-04 2.115074491790992089e-04 2.346771654118871256e-04 2.534959021255616014e-04 2.681755424555410435e-04 2.794520171931544187e-04 2.880969175329287047e-04 2.947571044227845303e-04 2.999390998709061304e-04 3.040436981070656340e-04 3.074195303720208433e-04 3.104428073085589994e-04 3.136875257114055539e-04 3.185194932891988401e-04 3.323365748992542575e-04 3.490757620707232180e-04 3.318926022969824973e-04 3.053014537783339290e-04 2.807982451366689567e-04 2.648893509790571556e-04 2.567117213951250758e-04 2.531561118947765797e-04 2.519120675259808699e-04 2.519120675259819541e-04 2.531561118947767966e-04 2.567117213951232327e-04 2.648893509790566135e-04 2.807982451366702035e-04 3.053014537783332785e-04 3.318926022969818468e-04 3.490757620707231096e-04 3.323365748992557211e-04 3.185194932891991654e-04 3.136875257114045781e-04 3.104428073085575357e-04 3.074195303720209517e-04 3.040436981070659050e-04 2.999390998709069436e-04 2.947571044227858313e-04 2.880969175329280542e-04 2.794520171931550692e-04 2.681755424555423446e-04 2.534959021255631193e-04 2.346771654118876135e-04 2.115074491790990463e-04 1.852413475852056509e-04 1.593433898751158567e-04 1.379268142441651148e-04
5.124569308242777899e-01 1.544373226251884179e-04 1.863431001343262877e-04 2.194891205665204569e-04 2.486810395342617689e-04 2.719177279382781697e-04 2.895027440484481459e-04 3.025505975378232123e-04 3.122023203907177847e-04 3.193844631420078486e-04 3.247978658837193133e-04 3.289771239149219886e-04 3.323693495759004013e-04 3.354369340778687010e-04 3.388496607909333180e-04 3.440547655860031720e-04 3.563329452884764583e-04 4.062196766543455461e-04 3.668684009012945953e-04 3.206368176915390020e-04 2.900065948730152555e-04 2.750287158514372874e-04 2.690181803458049589e-04 2.671154832905033266e-04 2.667821917631583257e-04 2.668425594536483290e-04 2.668425594536486000e-04 2.667821917631590305e-04 2.671154832905034350e-04 2.690181803458049589e-04 2.750287158514372874e-04 2.900065948730158518e-04 3.206368176915394357e-04 3.668684009012966553e-04 4.062196766543450040e-04 3.563329452884753199e-04 3.440547655860041478e-04 3.388496607909328301e-04 3.354369340778699479e-04 3.323693495759005097e-04 3.289771239149212839e-04 3.247978658837211564e-04 3.193844631420087701e-04 3.122023203907184352e-04 3.025505975378220739e-04 2.895027440484472243e-04 2.719177279382786576e-04 2.486810395342627989e-04 2.194891205665215140e-04 1.863431001343263962e-04 1.544373226251891226e-04
5.186853962364166293e-01 1.652010798027438599e-04 2.061519277096904388e-04 2.477624832138351600e-04 2.816301714365487666e-04 3.063308866847382224e-04 3.235291522408800845e-04 3.353115795949755586e-04 3.433512842879949865e-04 3.488363869666361353e-04 3.525939828209321723e-04 3.552338780370680664e-04 3.572910156394479395e-04 3.594202839262981061e-04 3.628528139176812875e-04 3.712509182677082892e-04 4.126987686654321114e-04 3.879343135172682341e-04 3.246221562389584535e-04 2.950051311662401808e-04 2.836522287138463789e-04 2.802973709712189569e-04 2.800990784357998637e-04 2.809125547178282275e-04 2.817865123817278280e-04 2.823030355493576986e-04 2.823030355493571023e-04 2.817865123817285327e-04 2.809125547178276854e-04 2.800990784357996468e-04 2.802973709712208543e-04 2.836522287138470294e-04 2.950051311662416987e-04 3.246221562389589414e-04 3.879343135172655778e-04 4.126987686654316778e-04 3.712509182677089397e-04 3.628528139176804743e-04 3.594202839262974555e-04 3.572910156394471805e-04 3.552338780370686627e-04 3.525939828209326602e-04 3.488363869666364064e-04 3.433512842879945528e-04 3.353115795949752334e-04 3.235291522408805724e-04 3.063308866847380598e-04 2.816301714365502845e-04 2.477624832138344553e-04 2.061519277096908454e-04 1.652010798027441310e-04
5.249138616485555797e-01 1.297818855313150337e-04 1.599771140866811591e-04 2.122195074216868713e-04 2.619882463563612545e-04 2.979336483324927895e-04 3.209466123498755179e-04 3.348974596592195572e-04 3.429899151191924790e-04 3.473261071770066509e-04 3.492157939349113541e-04 3.495081454894708416e-04 3.488617331184404183e-04 3.480593470977582597e-04 3.487931639701164757e-04 3.582049300606663278e-04 3.719884680555075093e-04 3.080745892422270924e-04 2.871339229216979044e-04 2.809842017005624126e-04 2.803420853202319386e-04 2.816438772795393643e-04 2.834222107856510030e-04 2.850420472627109968e-04 2.862207501619023304e-04 2.868337634534357341e-04 2.868337634534357341e-04 2.862207501619037399e-04 2.850420472627112137e-04 2.834222107856492682e-04 2.816438772795397979e-04 2.803420853202326975e-04 2.809842017005623042e-04 2.871339229216998017e-04 3.080745892422273634e-04 3.719884680555098945e-04 3.582049300606652436e-04 3.487931639701153373e-04 3.480593470977575007e-04 3.488617331184415567e-04 3.495081454894701368e-04 3.492157939349111915e-04 3.473261071770078977e-04 3.429899151191930754e-04 3.348974596592191235e-04 3.209466123498757890e-04 2.979336483324938737e-04 2.619882463563615797e-04 2.122195074216892024e-04 1.599771140866814573e-04 1.297818855313151963e-04
5.311423270606944191e-01 1.205852234020064734e-04 1.105833526656670770e-04 1.309468447211058651e-04 1.787615265701914945e-04 2.295859276626798049e-04 2.675145659146197451e-04 2.912287639570308663e-04 3.044822559472903966e-04 3.108528330961527440e-04 3.127574354618727656e-04 3.117155963285024806e-04 3.087646301885977576e-04 3.049172540516333898e-04 3.022538668437552449e-04 3.156507231171568669e-04 2.870917210992273197e-04 2.750321922134189878e-04 2.732578173964767877e-04 2.747083600100349394e-04 2.770968368096624209e-04 2.795392958716083902e-04 2.816690305025353557e-04 2.833303739830610852e-04 2.844581148992347862e-04 2.850263550508236126e-04 2.850263550508243715e-04 2.844581148992359246e-04 2.833303739830611394e-04 2.816690305025360062e-04 2.795392958716075770e-04 2.770968368096619330e-04 2.747083600100332047e-04 2.732578173964761372e-04 2.750321922134201804e-04 2.870917210992285124e-04 3.156507231171564332e-04 3.022538668437551364e-04 3.049172540516338235e-04 3.087646301885966734e-04 3.117155963285029685e-04 3.127574354618722235e-04 3.108528330961534488e-04 3.044822559472911013e-04 2.912287639570321131e-04 2.675145659146199078e-04 2.295859276626810246e-04 1.787615265701919011e-04 1.309468447211058380e-04 1.105833526656672261e-04 1.205852234020062295e-04
5.373707924728332586e-01 1.405082729534413066e-04 1.165479728446546138e-04 1.031311274440170899e-04 1.150988279110419027e-04 1.511923411017062594e-04 1.930197556702756517e-04 2.261021332232874886e-04 2.473315293643304135e-04 2.589646163717401425e-04 2.639414350523301114e-04 2.645633485757077890e-04 2.625504072348811913e-04 2.595547906015586146e-04 2.589254978959847141e-04 2.710875574795567548e-04 2.662402360694597690e-04 2.679282532211483821e-04 2.709784146018252632e-04 2.741589570912345399e-04 2.770498657879657579e-04 2.795004001866246870e-04 2.814619443916561254e-04 2.829253307954340195e-04 2.838949668979449861e-04 2.843776335653820067e-04 2.843776335653803804e-04 2.838949668979445524e-04 2.829253307954350495e-04 2.814619443916550954e-04 2.795004001866232776e-04 2.770498657879674927e-04 2.741589570912326425e-04 2.709784146018233116e-04 2.679282532211475147e-04 2.662402360694587390e-04 2.710875574795567006e-04 2.589254978959846598e-04 2.595547906015589941e-04 2.625504072348832513e-04 2.645633485757072469e-04 2.639414350523313041e-04 2.589646163717410641e-04 2.473315293643314435e-04 2.261021332232869194e-04 1.930197556702760312e-04 1.511923411017075333e-04 1.150988279110426752e-04 1.031311274440171034e-04 1.165479728446547223e-04 1.405082729534418758e-04
5.435992578849722090e-01 1.646827520633206969e-04 1.397756541831649912e-04 1.148035972181378635e-04 1.011575270093087046e-04 1.095735131311885300e-04 1.370422566812290130e-04 1.690152584470332045e-04 1.946960077163918776e-04 2.115511956463222033e-04 2.211444600363612683e-04 2.258593855170047335e-04 2.279332613243423614e-04 2.298237723648027960e-04 2.388520343157506630e-04 2.599405767183942946e-04 2.651859389921176519e-04 2.696885547684355327e-04 2.734902085240159650e-04 2.766539400279682489e-04 2.792448016384386253e-04 2.813203453891983041e-04 2.829276241189814683e-04 2.841029218875636272e-04 2.848724224689083056e-04 2.852530327533521286e-04 2.852530327533498518e-04 2.848724224689073840e-04 2.841029218875648198e-04 2.829276241189824441e-04 2.813203453891986294e-04 2.792448016384398179e-04 2.766539400279680863e-04 2.734902085240156940e-04 2.696885547684345027e-04 2.651859389921158087e-04 2.599405767183942946e-04 2.388520343157498227e-04 2.298237723648028502e-04 2.279332613243434998e-04 2.258593855170039203e-04 2.211444600363621357e-04 2.115511956463227454e-04 1.946960077163912813e-04 1.690152584470342074e-04 1.370422566812289317e-04 1.095735131311885435e-04 1.011575270093086098e-04 1.148035972181371995e-04 1.397756541831643678e-04 1.646827520633202633e-04
5.498277232971110484e-01 1.893878717781857812e-04 1.664018825870449195e-04 1.394078071087471343e-04 1.144773273279418597e-04 1.024253484634370023e-04 1.108400831127074335e-04 1.341114147312607988e-04 1.597159048256351782e-04 1.801553971454942376e-04 1.942955637401295110e-04 2.038174857652937295e-04 2.111549251713351768e-04 2.198700875558080023e-04 2.546056021620326723e-04 2.657875023907099472e-04 2.719866443081083254e-04 2.763311071563709560e-04 2.795987334862066564e-04 2.821313222570635089e-04 2.841125574814068423e-04 2.856524640817091599e-04 2.868211069961557882e-04 2.876643042182542415e-04 2.882117118260920166e-04 2.884812032217218313e-04 2.884812032217208555e-04 2.882117118260913661e-04 2.876643042182542415e-04 2.868211069961518309e-04 2.856524640817088346e-04 2.841125574814042944e-04 2.821313222570629125e-04 2.795987334862047591e-04 2.763311071563713354e-04 2.719866443081082712e-04 2.657875023907096761e-04 2.546056021620326723e-04 2.198700875558083547e-04 2.111549251713359357e-04 2.038174857652942987e-04 1.942955637401304868e-04 1.801553971454947526e-04 1.597159048256354221e-04 1.341114147312603381e-04 1.108400831127080027e-04 1.024253484634367312e-04 1.144773273279415073e-04 1.394078071087462127e-04 1.664018825870463561e-04 1.893878717781872177e-04
5.560561887092498878e-01 2.135105773888208442e-04 1.935934785058310834e-04 1.686143520846758762e-04 1.405811692819385116e-04 1.164507325830865580e-04 1.074813174178793442e-04 1.186604877143622422e-04 1.415196564975432290e-04 1.647372873259106006e-04 1.834654181519761315e-04 1.980568146499335871e-04 2.111168954417125482e-04 2.293762054987449949e-04 2.712169669790196022e-04 2.802483508624939294e-04 2.851932345115150706e-04 2.883865332958146402e-04 2.906222786171108654e-04 2.922610532822153767e-04 2.934906917217197089e-04 2.944177594427875165e-04 2.951061736782726133e-04 2.955954504340827242e-04 2.959099885617604616e-04 2.960639837760599110e-04 2.960639837760613204e-04 2.959099885617604074e-04 2.955954504340812064e-04 2.951061736782722880e-04 2.944177594427858902e-04 2.934906917217188415e-04 2.922610532822159731e-04 2.906222786171098354e-04 2.883865332958147486e-04 2.851932345115185401e-04 2.802483508624943088e-04 2.712169669790207949e-04 2.293762054987452930e-04 2.111168954417128193e-04 1.980568146499344544e-04 1.834654181519758604e-04 1.647372873259105735e-04 1.415196564975445301e-04 1.186604877143620661e-04 1.074813174178789377e-04 1.164507325830869104e-04 1.405811692819394060e-04 1.686143520846762557e-04 1.935934785058331163e-04 2.135105773888197871e-04
5.622846541213888383e-01 2.295493627638012918e-04 2.139485420583738732e-04 1.939060637682125899e-04 1.689435648845342345e-04 1.412050404743145609e-04 1.190910598874627888e-04 1.151275647553865101e-04 1.315867663489078861e-04 1.568797285556409332e-04 1.808888811825923684e-04 2.014135308063323779e-04 2.215499998947186478e-04 2.740093887955094305e-04 2.910544206351497673e-04 2.967039272734505644e-04 2.994285750369654392e-04 3.009156676289957764e-04 3.017933676849217503e-04 3.023420127923398732e-04 3.026999112633785272e-04 3.029399884007176707e-04 3.031024969917466656e-04 3.032102841878254996e-04 3.032763715432153034e-04 3.033078502034988592e-04 3.033078502034967450e-04 3.032763715432165502e-04 3.032102841878255538e-04 3.031024969917441177e-04 3.029399884007185381e-04 3.026999112633754914e-04 3.023420127923398732e-04 3.017933676849238645e-04 3.009156676289944212e-04 2.994285750369663607e-04 2.967039272734532749e-04 2.910544206351455931e-04 2.740093887955095931e-04 2.215499998947187020e-04 2.014135308063319172e-04 1.808888811825930731e-04 1.568797285556408248e-04 1.315867663489072355e-04 1.151275647553866728e-04 1.190910598874629379e-04 1.412050404743135580e-04 1.689435648845336924e-04 1.939060637682115057e-04 2.139485420583749574e-04 2.295493627638005871e-04
5.685131195335276777e-01 2.331015848049995275e-04 2.224885006568693845e-04 2.087558318966249943e-04 1.906843095017404994e-04 1.673944986663289771e-04 1.411266166515808083e-04 1.223595721562106733e-04 1.258863082239991603e-04 1.505733192671608958e-04 1.813263252616891018e-04 2.102194757409589032e-04 2.419561273500897959e-04 3.029264109465412474e-04 3.099577565565070315e-04 3.115383290943525563e-04 3.115802329620031446e-04 3.111201408393044821e-04 3.105236247396605523e-04 3.099331958116239975e-04 3.094056289882612791e-04 3.089622486699490265e-04 3.086093819139890939e-04 3.083472740439817286e-04 3.081741576223279307e-04 3.080881549879892754e-04 3.080881549879882996e-04 3.081741576223276597e-04 3.083472740439807528e-04 3.086093819139889855e-04 3.089622486699494601e-04 3.094056289882604659e-04 3.099331958116242143e-04 3.105236247396597933e-04 3.111201408393013380e-04 3.115802329620049878e-04 3.115383290943536947e-04 3.099577565565049715e-04 3.029264109465390790e-04 2.419561273500896604e-04 2.102194757409566535e-04 1.813263252616902673e-04 1.505733192671617632e-04 1.258863082239980219e-04 1.223595721562095078e-04 1.411266166515803475e-04 1.673944986663280826e-04 1.906843095017419902e-04 2.087558318966251569e-04 2.224885006568696826e-04 2.331015848049996630e-04
5.747415849456666281e-01 2.267348411888627890e-04 2.209029712050314702e-04 2.130438573765379570e-04 2.021755360419812510e-04 1.868352119827475135e-04 1.656913486382230645e-04 1.410654114561562340e-04 1.266692661269891960e-04 1.413463574778006009e-04 1.791665976579054234e-04 2.221194408057960588e-04 2.917107400901404143e-04 3.245515179796216684e-04 3.240806977288165913e-04 3.218790239257605826e-04 3.195280135964987853e-04 3.173995925037454498e-04 3.155763862363119513e-04 3.140574684097903577e-04 3.128185778268685732e-04 3.118318140244947731e-04 3.110721962038154754e-04 3.105196392026903841e-04 3.101593219844803206e-04 3.099815526109913353e-04 3.099815526109919858e-04 3.101593219844815674e-04 3.105196392026932030e-04 3.110721962038153128e-04 3.118318140244939599e-04 3.128185778268678685e-04 3.140574684097918756e-04 3.155763862363103792e-04 3.173995925037453956e-04 3.195280135964995443e-04 3.218790239257638352e-04 3.240806977288178924e-04 3.245515179796216142e-04 2.917107400901422032e-04 2.221194408057977664e-04 1.791665976579063992e-04 1.413463574778004112e-04 1.266692661269896026e-04 1.410654114561571827e-04 1.656913486382223326e-04 1.868352119827467275e-04 2.021755360419804921e-04 2.130438573765379570e-04 2.209029712050313888e-04 2.267348411888644966e-04
5.809700503578054676e-01 2.153665642863927430e-04 2.137314975674504481e-04 2.106695402461950277e-04 2.055713473146747016e-04 1.973436772987959844e-04 1.842177018384178150e-04 1.642825013458521725e-04 1.400034341567573466e-04 1.306536000920907625e-04 1.636115691288680051e-04 2.300645506455279115e-04 3.300116233222171467e-04 3.284690867892825906e-04 3.253189912170600419e-04 3.219784883406178887e-04 3.188966672135234623e-04 3.162146853605188714e-04 3.139490159570305092e-04 3.120718918486215659e-04 3.105442807124907958e-04 3.093285482041832103e-04 3.083928181275520848e-04 3.077120725224678733e-04 3.072680772791778212e-04 3.070489890785331921e-04 3.070489890785342221e-04 3.072680772791785259e-04 3.077120725224669518e-04 3.083928181275510006e-04 3.093285482041833729e-04 3.105442807124923679e-04 3.120718918486215117e-04 3.139490159570311597e-04 3.162146853605188172e-04 3.188966672135232455e-04 3.219784883406177261e-04 3.253189912170600961e-04 3.284690867892826448e-04 3.300116233222185561e-04 2.300645506455286705e-04 1.636115691288685201e-04 1.306536000920913046e-04 1.400034341567582411e-04 1.642825013458515220e-04 1.842177018384173000e-04 1.973436772987963638e-04 2.055713473146747830e-04 2.106695402461938350e-04 2.137314975674518846e-04 2.153665642863936646e-04
5.871985157699444180e-01 2.020357679783887678e-04 2.039293134547957756e-04 2.046845728525471439e-04 2.039418110805190092e-04 2.010029403741402218e-04 1.945764070450228117e-04 1.824564880432085780e-04 1.619034763318617288e-04 1.353515032681299954e-04 1.316640228661667561e-04 2.122175228013964442e-04 2.768498626772473645e-04 2.947129234229920228e-04 3.024115310317799523e-04 3.045464282779774753e-04 3.043504503006030644e-04 3.032907216090279076e-04 3.019939468654507042e-04 3.007252456294090700e-04 2.995943502582212219e-04 2.986434347639841118e-04 2.978854636898829972e-04 2.973214360027137183e-04 2.969483246348744872e-04 2.967627717815913288e-04 2.967627717815914915e-04 2.969483246348739451e-04 2.973214360027135557e-04 2.978854636898825093e-04 2.986434347639838950e-04 2.995943502582210051e-04 3.007252456294086363e-04 3.019939468654506500e-04 3.032907216090284497e-04 3.043504503006030644e-04 3.045464282779773127e-04 3.024115310317810907e-04 2.947129234229925107e-04 2.768498626772483945e-04 2.122175228013954956e-04 1.316640228661676776e-04 1.353515032681303477e-04 1.619034763318624606e-04 1.824564880432083341e-04 1.945764070450219172e-04 2.010029403741396797e-04 2.039418110805175455e-04 2.046845728525461411e-04 2.039293134547965345e-04 2.020357679783890931e-04
5.934269811820832574e-01 1.878497228277581756e-04 1.925358974640306348e-04 1.962550142776614342e-04 1.987884178097544671e-04 1.997012983217534132e-04 1.981655173976793990e-04 1.926374951924635917e-04 1.803682493342865666e-04 1.574710933889222301e-04 1.255450112625427562e-04 1.149534445295009188e-04 1.502296731796072603e-04 2.109799620596116093e-04 2.485693187572003476e-04 2.663724783041057035e-04 2.743642533922037354e-04 2.778875336327114691e-04 2.793543065709671756e-04 2.798583784523698821e-04 2.799167116908828296e-04 2.797846296104514381e-04 2.795929851688183795e-04 2.794105947264870346e-04 2.792739279985618594e-04 2.792016483345461232e-04 2.792016483345462858e-04 2.792739279985616968e-04 2.794105947264869804e-04 2.795929851688185963e-04 2.797846296104516549e-04 2.799167116908825043e-04 2.798583784523699363e-04 2.793543065709669588e-04 2.778875336327113607e-04 2.743642533922033559e-04 2.663724783041055409e-04 2.485693187571992634e-04 2.109799620596119346e-04 1.502296731796055255e-04 1.149534445294981405e-04 1.255450112625418888e-04 1.574710933889218506e-04 1.803682493342868376e-04 1.926374951924632664e-04 1.981655173976789111e-04 1.997012983217535758e-04 1.987884178097537081e-04 1.962550142776615426e-04 1.925358974640304993e-04 1.878497228277581756e-04
5.996554465942220968e-01 1.723054853737988900e-04 1.789925353729830302e-04 1.848737463483085715e-04 1.898096691592668275e-04 1.935318488024333021e-04 1.955363485260092201e-04 1.948797676213420487e-04 1.897840215129889519e-04 1.769515448063716813e-04 1.511751735317432845e-04 1.054029319734913053e-04 7.351456593459514089e-05 1.046236302775846851e-04 1.652045923086415725e-04 2.067317646104469074e-04 2.288216849554915871e-04 2.403270033868200989e-04 2.465463991130175856e-04 2.500583240479159388e-04 2.521153029456463463e-04 2.533516776291589692e-04 2.541038267461868537e-04 2.545567193742472034e-04 2.548135350924929940e-04 2.549297671649741097e-04 2.549297671649743266e-04 2.548135350924938614e-04 2.545567193742470950e-04 2.541038267461865827e-04 2.533516776291598908e-04 2.521153029456465089e-04 2.500583240479155051e-04 2.465463991130165556e-04 2.403270033868196924e-04 2.288216849554928340e-04 2.067317646104473953e-04 1.652045923086438222e-04 1.046236302775862030e-04 7.351456593459535773e-05 1.054029319734899229e-04 1.511751735317425798e-04 1.769515448063725216e-04 1.897840215129884369e-04 1.948797676213428619e-04 1.955363485260094099e-04 1.935318488024330853e-04 1.898096691592658788e-04 1.848737463483090323e-04 1.789925353729821629e-04 1.723054853737982124e-04
6.058839120063610473e-01 1.556359015187795734e-04 1.635379339633344896e-04 1.708196901063097225e-04 1.773900673832175029e-04 1.830885487859117123e-04 1.876265297975251956e-04 1.904754153303849201e-04 1.906452839144709280e-04 1.862585707188500186e-04 1.746126264427871173e-04 1.404157327795134359e-04 9.305802834571392146e-05 5.726751904830468178e-05 8.074168952467183468e-05 1.332888610649443780e-04 1.717372706417124228e-04 1.940152977711211743e-04 2.067674645324569691e-04 2.143681823261860955e-04 2.191022338183966280e-04 2.221493839511664236e-04 2.241395139694815478e-04 2.254208757541713499e-04 2.261889846332207929e-04 2.265496954486704553e-04 2.265496954486696422e-04 2.261889846332214976e-04 2.254208757541712143e-04 2.241395139694816021e-04 2.221493839511651496e-04 2.191022338183963298e-04 2.143681823261855534e-04 2.067674645324556952e-04 1.940152977711216351e-04 1.717372706417120162e-04 1.332888610649445678e-04 8.074168952467218705e-05 5.726751904830441751e-05 9.305802834571299989e-05 1.404157327795134630e-04 1.746126264427877136e-04 1.862585707188503168e-04 1.906452839144709009e-04 1.904754153303846761e-04 1.876265297975248704e-04 1.830885487859114141e-04 1.773900673832175571e-04 1.708196901063099122e-04 1.635379339633344354e-04 1.556359015187800613e-04
6.121123774184998867e-01 1.367814167600397176e-04 1.451039180175544131e-04 1.530102594597278730e-04 1.604440696877765021e-04 1.673189053552226620e-04 1.734913511030181966e-04 1.787121878192968237e-04 1.825433807790252715e-04 1.843217102535456059e-04 1.808341117539712269e-04 1.620118149903168690e-04 1.312184812562373654e-04 8.406420851694608725e-05 4.741677413041707197e-05 6.627149406371186089e-05 1.095149651747118501e-04 1.420921598873363834e-04 1.621495643635480232e-04 1.744101122694168048e-04 1.821626563712286449e-04 1.872220193856496788e-04 1.905713216495137749e-04 1.927544369018316937e-04 1.940759765146492406e-04 1.947005024856302696e-04 1.947005024856301883e-04 1.940759765146493762e-04 1.927544369018315310e-04 1.905713216495125281e-04 1.872220193856492180e-04 1.821626563712279944e-04 1.744101122694159374e-04 1.621495643635496495e-04 1.420921598873374676e-04 1.095149651747108743e-04 6.627149406371145432e-05 4.741677413041751920e-05 8.406420851694530120e-05 1.312184812562364980e-04 1.620118149903163811e-04 1.808341117539717419e-04 1.843217102535454975e-04 1.825433807790251088e-04 1.787121878192969864e-04 1.734913511030178985e-04 1.673189053552221741e-04 1.604440696877767190e-04 1.530102594597279543e-04 1.451039180175540066e-04 1.367814167600402055e-04
6.183408428306387261e-01 1.175516398023707646e-04 1.256759282203626386e-04 1.335698458566885328e-04 1.412038168232242219e-04 1.485421920965121338e-04 1.555373615740911143e-04 1.621249560727909317e-04 1.682557460638528079e-04 1.744934736727592574e-04 1.735775813164669771e-04 1.656586968067665349e-04 1.513956276355447157e-04 1.231896378699625543e-04 7.617226414464845744e-05 4.073899226903899119e-05 5.709979513981047701e-05 9.187291679858284189e-05 1.182114395996722940e-04 1.351031066236974714e-04 1.458870077480600681e-04 1.529340070159689925e-04 1.576009381840029065e-04 1.606452811547026324e-04 1.624900133724550236e-04 1.633624926361840017e-04 1.633624926361844896e-04 1.624900133724546984e-04 1.606452811547030119e-04 1.576009381840021476e-04 1.529340070159688298e-04 1.458870077480593904e-04 1.351031066236968209e-04 1.182114395996727141e-04 9.187291679858242176e-05 5.709979513981038892e-05 4.073899226903869304e-05 7.617226414464775270e-05 1.231896378699615785e-04 1.513956276355445259e-04 1.656586968067662910e-04 1.735775813164667060e-04 1.744934736727590406e-04 1.682557460638533229e-04 1.621249560727904709e-04 1.555373615740910059e-04 1.485421920965118627e-04 1.412038168232244658e-04 1.335698458566872860e-04 1.256759282203620694e-04 1.175516398023696804e-04
6.245693082427776766e-01 1.010842484597004827e-04 1.087370970041997973e-04 1.162982984018869575e-04 1.237578674662280010e-04 1.311131811318016723e-04 1.383767692170810950e-04 1.456039661729034641e-04 1.530408656408632827e-04 1.637663178726044900e-04 1.607515204049914993e-04 1.591304256396886452e-04 1.549802683890549686e-04 1.439375016206222786e-04 1.173922495684350540e-04 6.956624186619102018e-05 3.654658003994221675e-05 5.184168232834273304e-05 7.990069577599484714e-05 1.009712171996476508e-04 1.148222856383890599e-04 1.238768681682579371e-04 1.298437699531109358e-04 1.337183090432892058e-04 1.360587233515671659e-04 1.371637005174927964e-04 1.371637005174923085e-04 1.360587233515664341e-04 1.337183090432895311e-04 1.298437699531107461e-04 1.238768681682573679e-04 1.148222856383900763e-04 1.009712171996475153e-04 7.990069577599559253e-05 5.184168232834278725e-05 3.654658003994242004e-05 6.956624186619146742e-05 1.173922495684357316e-04 1.439375016206221160e-04 1.549802683890548873e-04 1.591304256396890518e-04 1.607515204049913638e-04 1.637663178726046255e-04 1.530408656408640145e-04 1.456039661729027594e-04 1.383767692170817184e-04 1.311131811318010218e-04 1.237578674662275944e-04 1.162982984018869575e-04 1.087370970042003259e-04 1.010842484597009164e-04
6.307977736549165160e-01 8.544015822626179976e-05 9.236097055017969697e-05 9.928332435878905939e-05 1.062106749421413759e-04 1.131606812781392029e-04 1.201817922517225252e-04 1.274066879155443454e-04 1.353505630288216277e-04 1.418714025269125832e-04 1.427808708230136458e-04 1.445087815199126203e-04 1.456186571041838103e-04 1.442898661003233507e-04 1.361271934577050350e-04 1.109276175508397877e-04 6.231088345585260031e-05 3.335257060175111259e-05 4.769202468113302245e-05 6.985067318039912354e-05 8.624268941202722731e-05 9.714152842263432759e-05 1.042941584619747173e-04 1.089061789776586524e-04 1.116764924163888119e-04 1.129800313310360652e-04 1.129800313310365395e-04 1.116764924163878768e-04 1.089061789776584762e-04 1.042941584619743378e-04 9.714152842263393457e-05 8.624268941202743060e-05 6.985067318039923196e-05 4.769202468113285982e-05 3.335257060175126845e-05 6.231088345585190913e-05 1.109276175508403027e-04 1.361271934577048723e-04 1.442898661003231338e-04 1.456186571041838916e-04 1.445087815199121866e-04 1.427808708230149468e-04 1.418714025269120411e-04 1.353505630288217361e-04 1.274066879155448333e-04 1.201817922517227556e-04 1.131606812781389048e-04 1.062106749421409422e-04 9.928332435878817848e-05 9.236097055018048301e-05 8.544015822626198949e-05
6.370262390670553554e-01 7.153316161460819219e-05 7.762901374543148126e-05 8.377879764953566550e-05 8.999394505179940764e-05 9.630288106360841065e-05 1.027731548628067824e-04 1.095880515685360439e-04 1.176314385603891211e-04 1.209903463296256685e-04 1.235104626862040355e-04 1.267318395344975207e-04 1.300953687919397699e-04 1.330068152388517338e-04 1.339627665798102116e-04 1.283561646692683085e-04 1.039425033765501073e-04 5.464028084357423179e-05 3.096629720850643710e-05 4.402366448172819445e-05 6.115066137349219565e-05 7.358819467782304379e-05 8.182844117789208715e-05 8.711136095348056510e-05 9.026314341566503126e-05 9.173947819664288433e-05 9.173947819664258617e-05 9.026314341566547849e-05 8.711136095348109365e-05 8.182844117789208715e-05 7.358819467782296247e-05 6.115066137349249380e-05 4.402366448172797083e-05 3.096629720850650486e-05 5.464028084357416403e-05 1.039425033765503377e-04 1.283561646692687964e-04 1.339627665798096695e-04 1.330068152388519235e-04 1.300953687919396615e-04 1.267318395344974665e-04 1.235104626862030056e-04 1.209903463296247605e-04 1.176314385603880776e-04 1.095880515685363963e-04 1.027731548628065249e-04 9.630288106360815315e-05 8.999394505179942119e-05 8.377879764953600431e-05 7.762901374543103403e-05 7.153316161460849035e-05
6.432547044791943058e-01 5.959388348761090679e-05 6.487266398831384689e-05 7.022830353555681619e-05 7.567615851483493715e-05 8.124915452229344653e-05 8.702366238214428876e-05 9.322219814602287396e-05 1.008801645730432320e-04 1.020019689426320767e-04 1.051167845288405068e-04 1.087865156964244181e-04 1.128122103596370345e-04 1.170774469113854393e-04 1.212659240733539675e-04 1.241199981219559989e-04 1.207481970021490671e-04 9.629179663503932432e-05 4.682315319149756851e-05 2.908827275269900724e-05 4.043321302571938292e-05 5.333809586989367172e-05 6.248377093996246767e-05 6.838286847132055808e-05 7.188491945194061452e-05 7.351762858955723085e-05 7.351762858955763742e-05 7.188491945194057386e-05 6.838286847132073426e-05 6.248377093996230504e-05 5.333809586989343455e-05 4.043321302571905088e-05 2.908827275269875991e-05 4.682315319149789378e-05 9.629179663503947340e-05 1.207481970021492433e-04 1.241199981219561887e-04 1.212659240733536558e-04 1.170774469113854393e-04 1.128122103596373326e-04 1.087865156964234423e-04 1.051167845288409404e-04 1.020019689426315482e-04 1.008801645730436386e-04 9.322219814602315856e-05 8.702366238214491218e-05 8.124915452229425968e-05 7.567615851483478807e-05 7.022830353555695171e-05 6.487266398831399597e-05 5.959388348761044600e-05
6.494831698913332563e-01 4.961238938437190590e-05 5.414150888435994620e-05 5.875213652289172877e-05 6.346099376717786100e-05 6.830194439991303093e-05 7.335508147094284422e-05 7.888877194042890402e-05 8.322602331966032262e-05 8.555712318540322414e-05 8.873700495914043978e-05 9.232719079309224786e-05 9.627000335441957771e-05 1.006017184441225341e-04 1.053780551324651145e-04 1.105024159528477068e-04 1.149669606878535652e-04 1.134611568538300311e-04 8.774822034676073583e-05 3.935449865235576535e-05 2.741793740868614143e-05 3.672502877904854622e-05 4.612955383839148092e-05 5.253802067368789735e-05 5.636606562914463800e-05 5.814697122833773933e-05 5.814697122833815946e-05 5.636606562914474642e-05 5.253802067368753143e-05 4.612955383839130474e-05 3.672502877904830905e-05 2.741793740868619564e-05 3.935449865235554851e-05 8.774822034676089846e-05 1.134611568538300582e-04 1.149669606878542428e-04 1.105024159528478423e-04 1.053780551324652636e-04 1.006017184441227239e-04 9.627000335441953706e-05 9.232719079309274930e-05 8.873700495914083281e-05 8.555712318540334611e-05 8.322602331966066143e-05 7.888877194042952744e-05 7.335508147094314238e-05 6.830194439991263790e-05 6.346099376717753574e-05 5.875213652289193884e-05 5.414150888436081356e-05 4.961238938437172971e-05
6.557116353034720957e-01 4.136949801060603031e-05 4.523866773511321079e-05 4.918412528358402592e-05 5.322256979287083779e-05 5.738714409440266750e-05 6.176033600095221822e-05 6.669932884963540869e-05 6.916734900545686915e-05 7.168543306280676804e-05 7.467485365344335403e-05 7.795397379603856078e-05 8.151598732339054658e-05 8.542898764372621129e-05 8.982484876911221694e-05 9.488868006683978695e-05 1.007385367581516486e-04 1.066313831602637874e-04 1.065721755211529188e-04 7.809765292126549655e-05 3.282848293690057131e-05 2.564828245380341108e-05 3.277310924544232914e-05 3.927361006130981365e-05 4.335471174493205342e-05 4.527010952150410124e-05 4.527010952150432486e-05 4.335471174493192467e-05 3.927361006131024733e-05 3.277310924544228848e-05 2.564828245380327556e-05 3.282848293689969040e-05 7.809765292126510353e-05 1.065721755211538810e-04 1.066313831602641398e-04 1.007385367581522585e-04 9.488868006684049168e-05 8.982484876911320628e-05 8.542898764372649589e-05 8.151598732339022132e-05 7.795397379603877762e-05 7.467485365344270350e-05 7.168543306280648344e-05 6.916734900545704534e-05 6.669932884963516474e-05 6.176033600095192006e-05 5.738714409440333835e-05 5.322256979287087167e-05 4.918412528358355159e-05 4.523866773511281099e-05 4.136949801060639623e-05
6.619401007156109351e-01 3.481533957105100395e-05 3.813694213956099623e-05 4.152535999113408357e-05 4.499675392944363616e-05 4.858328010958943931e-05 5.237205554913079882e-05 5.684911091973332255e-05 5.808526294228937844e-05 6.051137338139252653e-05 6.321949320886335020e-05 6.612595516705789620e-05 6.923904305730658657e-05 7.262037863356511332e-05 7.638982586222465264e-05 8.074748152107354788e-05 8.599855364060601543e-05 9.248470289888456835e-05 9.972570987911630314e-05 1.004732649356320791e-04 6.750705470648392023e-05 2.769405918385726718e-05 2.371491003686717976e-05 2.871364872047632512e-05 3.277643176963768162e-05 3.478018522512114560e-05 3.478018522512107106e-05 3.277643176963758676e-05 2.871364872047653518e-05 2.371491003686720009e-05 2.769405918385698257e-05 6.750705470648355432e-05 1.004732649356324993e-04 9.972570987911622182e-05 9.248470289888435151e-05 8.599855364060611030e-05 8.074748152107383249e-05 7.638982586222497790e-05 7.262037863356495069e-05 6.923904305730630196e-05 6.612595516705725924e-05 6.321949320886321468e-05 6.051137338139216739e-05 5.808526294228943265e-05 5.684911091973309893e-05 5.237205554913165262e-05 4.858328010958965615e-05 4.499675392944400208e-05 4.152535999113396160e-05 3.813694213956111143e-05 3.481533957105103106e-05
6.681685661277498856e-01 2.967616337301983302e-05 3.255593290586167445e-05 3.549194212704936491e-05 3.849980071265626618e-05 4.161123132872124596e-05 4.492421503932339646e-05 4.762391849733443183e-05 4.943805368779683314e-05 5.168064227360350319e-05 5.409746888494196184e-05 5.664655054097614240e-05 5.933823509838825335e-05 6.221933700226757187e-05 6.538024111534370200e-05 6.897678094425701385e-05 7.327117637650199639e-05 7.869250684042974496e-05 8.582590375018850847e-05 9.441515305429113412e-05 9.486434928351761427e-05 5.634197083599415797e-05 2.389028327906878141e-05 2.152483169682748929e-05 2.449299646739580913e-05 2.638390661187422554e-05 2.638390661187450676e-05 2.449299646739548048e-05 2.152483169682720468e-05 2.389028327906880851e-05 5.634197083599430027e-05 9.486434928351735677e-05 9.441515305429118833e-05 8.582590375018863045e-05 7.869250684042970430e-05 7.327117637650154916e-05 6.897678094425728490e-05 6.538024111534339029e-05 6.221933700226753121e-05 5.933823509838800263e-05 5.664655054097587135e-05 5.409746888494173822e-05 5.168064227360356417e-05 4.943805368779668406e-05 4.762391849733400493e-05 4.492421503932353876e-05 4.161123132872119175e-05 3.849980071265595447e-05 3.549194212704961563e-05 3.255593290586164735e-05 2.967616337301943661e-05
6.743970315398887250e-01 2.546822856002641875e-05 2.797831283446352950e-05 3.053430944920815655e-05 3.315137219255033410e-05 3.586155720739196294e-05 3.878761623212064955e-05 4.058964073576035457e-05 4.239659610007384834e-05 4.442571452497940163e-05 4.656293700243202359e-05 4.878536657482895786e-05 5.110139416081188363e-05 5.354399247281646686e-05 5.617668370288585660e-05 5.910965373215570874e-05 6.253159483419756532e-05 6.676999908316508627e-05 7.239435786698338699e-05 8.027443582723172333e-05 9.028848039610778162e-05 8.868810159902392788e-05 4.565255396587344043e-05 2.099589641260219566e-05 1.893045233350105561e-05 1.993955030586312075e-05 1.993955030586311736e-05 1.893045233350108611e-05 2.099589641260226342e-05 4.565255396587325747e-05 8.868810159902365683e-05 9.028848039610755122e-05 8.027443582723175044e-05 7.239435786698337344e-05 6.676999908316515403e-05 6.253159483419709098e-05 5.910965373215546479e-05 5.617668370288580239e-05 5.354399247281603318e-05 5.110139416081243251e-05 4.878536657482924246e-05 4.656293700243222010e-05 4.442571452497908992e-05 4.239659610007413972e-05 4.058964073576009030e-05 3.878761623212031751e-05 3.586155720739171222e-05 3.315137219255023923e-05 3.053430944920804135e-05 2.797831283446337703e-05 2.546822856002646957e-05
6.806254969520275644e-01 2.199564620368128209e-05 2.419572483123215250e-05 2.643224814625196341e-05 2.872013258865993666e-05 3.109298584930076710e-05 3.375843353817444697e-05 3.492126291976611121e-05 3.661284749677704248e-05 3.842951729962142701e-05 4.031197241845801965e-05 4.224643920286107315e-05 4.423851675619105278e-05 4.631033509934961772e-05 4.850495075433301827e-05 5.089726049274546774e-05 5.361545758632169919e-05 5.688301478276458901e-05 6.110230724223504324e-05 6.701213579829300865e-05 7.582348908700030571e-05 8.727163188168580836e-05 8.096079611872035627e-05 3.708071837058157121e-05 1.895599261144029180e-05 1.651091517956181903e-05 1.651091517956177837e-05 1.895599261144025453e-05 3.708071837058177450e-05 8.096079611871984127e-05 8.727163188168571349e-05 7.582348908700042769e-05 6.701213579829313062e-05 6.110230724223474508e-05 5.688301478276449415e-05 5.361545758632195669e-05 5.089726049274548129e-05 4.850495075433311314e-05 4.631033509935007173e-05 4.423851675619112054e-05 4.224643920286114091e-05 4.031197241845806709e-05 3.842951729962107465e-05 3.661284749677704925e-05 3.492126291976621285e-05 3.375843353817454862e-05 3.109298584930050282e-05 2.872013258865987228e-05 2.643224814625223446e-05 2.419572483123223720e-05 2.199564620368140745e-05
6.868539623641665148e-01 1.908492081868592128e-05 2.102178887697467058e-05 2.298668196611207399e-05 2.499453712643781475e-05 2.708241351144082017e-05 2.894010916014754244e-05 3.023975869833144445e-05 3.178437716382253209e-05 3.340088802847642217e-05 3.505527990965399022e-05 3.673830809953748655e-05 3.845301697741301177e-05 4.021357523888329698e-05 4.204836216809386271e-05 4.400716067967594544e-05 4.617501885980113558e-05 4.869910435389319134e-05 5.184291608262864851e-05 5.609978689645631295e-05 6.242036139816294407e-05 7.240947030965454720e-05 8.489283289925734870e-05 7.133594265402655357e-05 3.225913909820214459e-05 1.944887702564809649e-05 1.944887702564817442e-05 3.225913909820221913e-05 7.133594265402606568e-05 8.489283289925725383e-05 7.240947030965442523e-05 6.242036139816287631e-05 5.609978689645596058e-05 5.184291608262793022e-05 4.869910435389350305e-05 4.617501885980102039e-05 4.400716067967536945e-05 4.204836216809402534e-05 4.021357523888311402e-05 3.845301697741315407e-05 3.673830809953761530e-05 3.505527990965384114e-05 3.340088802847657125e-05 3.178437716382230847e-05 3.023975869833135974e-05 2.894010916014766441e-05 2.708241351144090488e-05 2.499453712643801804e-05 2.298668196611199267e-05 2.102178887697477900e-05 1.908492081868599243e-05
6.930824277763053543e-01 1.665442324422493911e-05 1.836961318863690720e-05 2.010553471475508367e-05 2.187748566526248636e-05 2.372966967089766972e-05 2.509230729978020945e-05 2.637069121547845312e-05 2.776669432178219564e-05 2.920304831027672299e-05 3.065859932310848547e-05 3.212643042624990992e-05 3.360756043355509187e-05 3.511051902823490207e-05 3.665347453666598028e-05 3.826895731223408265e-05 4.001275858056920539e-05 4.198082526474073518e-05 4.434281111446396857e-05 4.741246531734763411e-05 5.180161086744826702e-05 5.873704374547676773e-05 7.021166340585456556e-05 8.241340616811376220e-05 6.275337413651391162e-05 3.558398457866260582e-05 3.558398457866293108e-05 6.275337413651209558e-05 8.241340616811490061e-05 7.021166340585486372e-05 5.873704374547696424e-05 5.180161086744826702e-05 4.741246531734753924e-05 4.434281111446447001e-05 4.198082526474059966e-05 4.001275858056888691e-05 3.826895731223398101e-05 3.665347453666624455e-05 3.511051902823508503e-05 3.360756043355530193e-05 3.212643042625030972e-05 3.065859932310826863e-05 2.920304831027689579e-05 2.776669432178221258e-05 2.637069121547841246e-05 2.509230729978007053e-05 2.372966967089761551e-05 2.187748566526255412e-05 2.010553471475516837e-05 1.836961318863707660e-05 1.665442324422501365e-05
6.993108931884441937e-01 1.461279284153333838e-05 1.614066967820768127e-05 1.768303227990867220e-05 1.925597056982575317e-05 2.092081817446406113e-05 2.195158443318742954e-05 2.314600919007921078e-05 2.440241104243091823e-05 2.567947977443980751e-05 2.696303720947395877e-05 2.824744503799468578e-05 2.953223331005102510e-05 3.082198615438308358e-05 3.212782581476955986e-05 3.347051834378764759e-05 3.488621855676813331e-05 3.643715809059541429e-05 3.823242085835835860e-05 4.047070144618973776e-05 4.353370255812211652e-05 4.819732821491217763e-05 5.604889245195646824e-05 6.916165466444091411e-05 7.846854764197196738e-05 6.263354515781124952e-05 6.263354515781059900e-05 7.846854764197215711e-05 6.916165466444137489e-05 5.604889245195608877e-05 4.819732821491234026e-05 4.353370255812206909e-05 4.047070144618965644e-05 3.823242085835808755e-05 3.643715809059522455e-05 3.488621855676836371e-05 3.347051834378749852e-05 3.212782581476972927e-05 3.082198615438313101e-05 2.953223331005101155e-05 2.824744503799478065e-05 2.696303720947404008e-05 2.567947977443969570e-05 2.440241104243083352e-05 2.314600919007920739e-05 2.195158443318757184e-05 2.092081817446424748e-05 1.925597056982569896e-05 1.768303227990881789e-05 1.614066967820761351e-05 1.461279284153335193e-05
7.055393586005831441e-01 1.287950286962742888e-05 1.424766982603303301e-05 1.562501238868658707e-05 1.702900807804285204e-05 1.841802199668164579e-05 1.932885754071047457e-05 2.042531437882688392e-05 2.155420778633323494e-05 2.269101467725965528e-05 2.382559359085921840e-05 2.495302588895281602e-05 2.607177463979835989e-05 2.718369734039423747e-05 2.829501798085955436e-05 2.941841587315186595e-05 3.057674353546135671e-05 3.180984926310760581e-05 3.318760780128683196e-05 3.483623702773304268e-05 3.699487308826638281e-05 4.014433564131243270e-05 4.530064180262611683e-05 5.446092108672130979e-05 6.832022176674197014e-05 7.308652358210445527e-05 7.308652358210417067e-05 6.832022176674187527e-05 5.446092108672110651e-05 4.530064180262612360e-05 4.014433564131245980e-05 3.699487308826674873e-05 3.483623702773294781e-05 3.318760780128689295e-05 3.180984926310772778e-05 3.057674353546150579e-05 2.941841587315175075e-05 2.829501798085952047e-05 2.718369734039428491e-05 2.607177463979841749e-05 2.495302588895268389e-05 2.382559359085922518e-05 2.269101467725950959e-05 2.155420778633321122e-05 2.042531437882682971e-05 1.932885754071045085e-05 1.841802199668155770e-05 1.702900807804299773e-05 1.562501238868657690e-05 1.424766982603303979e-05 1.287950286962743735e-05
7.117678240127219835e-01 1.148140908861212766e-05 1.272166327591711431e-05 1.396665032249805499e-05 1.523636366628575466e-05 1.630563471127071472e-05 1.723737975310337450e-05 1.824371274341358298e-05 1.926532482030368656e-05 2.028637038167822382e-05 2.129910945379882175e-05 2.229904712807398678e-05 2.328387837374793366e-05 2.425353796923644241e-05 2.521088484553421296e-05 2.616301941106087992e-05 2.712375285617025226e-05 2.811801108524344855e-05 2.919018190274708333e-05 3.042083374941910735e-05 3.196241152205356556e-05 3.412065133242656343e-05 3.754849182529124130e-05 4.365977446575700435e-05 5.450919487207263038e-05 6.479323548710772018e-05 6.479323548710811320e-05 5.450919487207282689e-05 4.365977446575695014e-05 3.754849182529134972e-05 3.412065133242637370e-05 3.196241152205361977e-05 3.042083374941899216e-05 2.919018190274727984e-05 2.811801108524362812e-05 2.712375285617017094e-05 2.616301941106108998e-05 2.521088484553420279e-05 2.425353796923632044e-05 2.328387837374767955e-05 2.229904712807400711e-05 2.129910945379878787e-05 2.028637038167824076e-05 1.926532482030360525e-05 1.824371274341360331e-05 1.723737975310333384e-05 1.630563471127071133e-05 1.523636366628572587e-05 1.396665032249799739e-05 1.272166327591710584e-05 1.148140908861212935e-05
7.179962894248609340e-01 1.027723479066412448e-05 1.140730579872490699e-05 1.253833604931667056e-05 1.369487518429141293e-05 1.456577368802651277e-05 1.545152623083844050e-05 1.637267912861654814e-05 1.729835008649950617e-05 1.821763685196743087e-05 1.912433914840479634e-05 2.001424891383300146e-05 2.088452734015469974e-05 2.173374914665701481e-05 2.256234102151897836e-05 2.337346590238086508e-05 2.417455155132754158e-05 2.498015874755033053e-05 2.581740718742238765e-05 2.673698425682375526e-05 2.783721863037351451e-05 2.932128015758689036e-05 3.164503120653111947e-05 3.590993012057834040e-05 4.444846588879475203e-05 5.427332901731634203e-05 5.427332901731611164e-05 4.444846588879449454e-05 3.590993012057825908e-05 3.164503120653132953e-05 2.932128015758688697e-05 2.783721863037349418e-05 2.673698425682355197e-05 2.581740718742226906e-05 2.498015874755034408e-05 2.417455155132758901e-05 2.337346590238082781e-05 2.256234102151896142e-05 2.173374914665699448e-05 2.088452734015463876e-05 2.001424891383287610e-05 1.912433914840474890e-05 1.821763685196757995e-05 1.729835008649946890e-05 1.637267912861650070e-05 1.545152623083850149e-05 1.456577368802655851e-05 1.369487518429137058e-05 1.253833604931672816e-05 1.140730579872495951e-05 1.027723479066421765e-05
7.242247548369997734e-01 9.253873571547253994e-06 1.029077664789232920e-05 1.132547296123616199e-05 1.239361655024685454e-05 1.311550000780038066e-05 1.394429589786624989e-05 1.478874268994670725e-05 1.563064700305556053e-05 1.646208671320460577e-05 1.727788453016460200e-05 1.807403530712721032e-05 1.884732244633613259e-05 1.959533903014275358e-05 2.031675026830802823e-05 2.101182336116088340e-05 2.168340337460684104e-05 2.233870227497690563e-05 2.299293606328731333e-05 2.367723928731380365e-05 2.445781151252449307e-05 2.548935437090414131e-05 2.719590328629196570e-05 3.107691811494956374e-05 4.442493355587117120e-05 5.404324265609356675e-05 5.404324265609367517e-05 4.442493355587129994e-05 3.107691811494957729e-05 2.719590328629197586e-05 2.548935437090423279e-05 2.445781151252453034e-05 2.367723928731380704e-05 2.299293606328733705e-05 2.233870227497687175e-05 2.168340337460695284e-05 2.101182336116091051e-05 2.031675026830798419e-05 1.959533903014266210e-05 1.884732244633613259e-05 1.807403530712724420e-05 1.727788453016452746e-05 1.646208671320461932e-05 1.563064700305548938e-05 1.478874268994676824e-05 1.394429589786627192e-05 1.311550000780042302e-05 1.239361655024680371e-05 1.132547296123606204e-05 1.029077664789236308e-05 9.253873571547225195e-06
7.304532202491387238e-01 8.368399250033343271e-06 9.325021929281734071e-06 1.027686791918916957e-05 1.116828561266279500e-05 1.187619057960242394e-05 1.264706853244466878e-05 1.342216894307899143e-05 1.418991035484140902e-05 1.494427192555207905e-05 1.568078932536883880e-05 1.639561212581454926e-05 1.708525326753716089e-05 1.774657852088532694e-05 1.837693322238813146e-05 1.897442201600157993e-05 1.953846316987583706e-05 2.007096173129327920e-05 2.057901527928428446e-05 2.108212402542957058e-05 2.163477778546052857e-05 2.241473757746037016e-05 2.420408180816308532e-05 3.266097776172649216e-05 6.137929090456571842e-05 3.972216395396360223e-05 3.972216395396396815e-05 6.137929090456521698e-05 3.266097776172655992e-05 2.420408180816304127e-05 2.241473757746024142e-05 2.163477778546049469e-05 2.108212402542963156e-05 2.057901527928429801e-05 2.007096173129321482e-05 1.953846316987590821e-05 1.897442201600155960e-05 1.837693322238817889e-05 1.774657852088531339e-05 1.708525326753718461e-05 1.639561212581454926e-05 1.568078932536890317e-05 1.494427192555215359e-05 1.418991035484142088e-05 1.342216894307904395e-05 1.264706853244473316e-05 1.187619057960252050e-05 1.116828561266280008e-05 1.027686791918919837e-05 9.325021929281717130e-06 8.368399250033383929e-06
7.366816856612775632e-01 7.582589874043422666e-06 8.467947263219106126e-06 9.346672443042864848e-06 1.009469456967702177e-05 1.078557740830327328e-05 1.149978425620162947e-05 1.221104026627539817e-05 1.291156851217953657e-05 1.359662849379226242e-05 1.426227958074501276e-05 1.490480052580164988e-05 1.552051154426809296e-05 1.610572888179637939e-05 1.665678454435766916e-05 1.717012432475422681e-05 1.764259931644255770e-05 1.807234879577129024e-05 1.846167769418103759e-05 1.882747017195048706e-05 1.924584407578135606e-05 2.010147522870349906e-05 2.419643599907069585e-05 5.129441934306839461e-05 4.103283369875779170e-05 3.265877979790631261e-05 3.265877979790600768e-05 4.103283369875750710e-05 5.129441934306855046e-05 2.419643599907071957e-05 2.010147522870344485e-05 1.924584407578137978e-05 1.882747017195047351e-05 1.846167769418095289e-05 1.807234879577133767e-05 1.764259931644240184e-05 1.717012432475418276e-05 1.665678454435764205e-05 1.610572888179634889e-05 1.552051154426813701e-05 1.490480052580170409e-05 1.426227958074506358e-05 1.359662849379228783e-05 1.291156851217954334e-05 1.221104026627543374e-05 1.149978425620167352e-05 1.078557740830329530e-05 1.009469456967694385e-05 9.346672443042910587e-06 8.467947263219124761e-06 7.582589874043381161e-06
7.429101510734164027e-01 6.884281499837997864e-06 7.706324184839409517e-06 8.520995159885341009e-06 9.168023537883841903e-06 9.822074103175598532e-06 1.048260639410393383e-05 1.113544308292848738e-05 1.177515638265202129e-05 1.239790744012111238e-05 1.300015721642194298e-05 1.357829904276913026e-05 1.412851823082445166e-05 1.464671243729145303e-05 1.512842931714574580e-05 1.556884649970565905e-05 1.596296420714677362e-05 1.630670075516909442e-05 1.660175710798229094e-05 1.687781807411486669e-05 1.731218833344225534e-05 1.911017260030965336e-05 3.270374366814030124e-05 4.254514911960826311e-05 3.110183034623077822e-05 2.788833349049827604e-05 2.788833349049821844e-05 3.110183034623077822e-05 4.254514911960810048e-05 3.270374366814022670e-05 1.911017260030979228e-05 1.731218833344225195e-05 1.687781807411485314e-05 1.660175710798223334e-05 1.630670075516908087e-05 1.596296420714670585e-05 1.556884649970567599e-05 1.512842931714573055e-05 1.464671243729145811e-05 1.412851823082443303e-05 1.357829904276906928e-05 1.300015721642200566e-05 1.239790744012116659e-05 1.177515638265198910e-05 1.113544308292848569e-05 1.048260639410391688e-05 9.822074103175669683e-06 9.168023537883838515e-06 8.520995159885334233e-06 7.706324184839431540e-06 6.884281499837996170e-06
7.491386164855553531e-01 6.257709925417267629e-06 7.023117327174534107e-06 7.783460341172929528e-06 8.349114855696033679e-06 8.962234521631732106e-06 9.572659967410874503e-06 1.017216039293602402e-05 1.075685744783749937e-05 1.132358738153450252e-05 1.186914777869964994e-05 1.239005947844744255e-05 1.288244606134303205e-05 1.334192757833051224e-05 1.376350750012292324e-05 1.414151577015565360e-05 1.446993519962100606e-05 1.474451534186323466e-05 1.497307970993961093e-05 1.522835361395464164e-05 1.598148721521925797e-05 2.088744168146145001e-05 3.799878994894845567e-05 3.065678051018110321e-05 2.578632697964418005e-05 2.426250220422062853e-05 2.426250220422056754e-05 2.578632697964422410e-05 3.065678051018145558e-05 3.799878994894833370e-05 2.088744168146113153e-05 1.598148721521926814e-05 1.522835361395462470e-05 1.497307970993960924e-05 1.474451534186320756e-05 1.446993519962097387e-05 1.414151577015562480e-05 1.376350750012288258e-05 1.334192757833051902e-05 1.288244606134297106e-05 1.239005947844744085e-05 1.186914777869967874e-05 1.132358738153449574e-05 1.075685744783749429e-05 1.017216039293600539e-05 9.572659967410879586e-06 8.962234521631764293e-06 8.349114855696026903e-06 7.783460341172968491e-06 7.023117327174549354e-06 6.257709925417279487e-06
7.553670818976941925e-01 5.702135074612662289e-06 6.418873676563450848e-06 7.080466213485246071e-06 7.634248573852900785e-06 8.208680460115256325e-06 8.774880577237173247e-06 9.327963901712857541e-06 9.865145149444665175e-06 1.038381073071111652e-05 1.088108463509964173e-05 1.135367598164559606e-05 1.179777749567536746e-05 1.220895521229167756e-05 1.258203907957829901e-05 1.291115707325939174e-05 1.319055042465880965e-05 1.341894285629328854e-05 1.362087248175819689e-05 1.396367553516190919e-05 1.556719086202229803e-05 2.524597372560939665e-05 3.076086060910510859e-05 2.485748430473161226e-05 2.234192091110958199e-05 2.147308332592790325e-05 2.147308332592777111e-05 2.234192091110951761e-05 2.485748430473157499e-05 3.076086060910497984e-05 2.524597372560960672e-05 1.556719086202227771e-05 1.396367553516193799e-05 1.362087248175813760e-05 1.341894285629320892e-05 1.319055042465876729e-05 1.291115707325944256e-05 1.258203907957823463e-05 1.220895521229159286e-05 1.179777749567535730e-05 1.135367598164555709e-05 1.088108463509961293e-05 1.038381073071118259e-05 9.865145149444680422e-06 9.327963901712820271e-06 8.774880577237213904e-06 8.208680460115237691e-06 7.634248573852905868e-06 7.080466213485243530e-06 6.418873676563459318e-06 5.702135074612697017e-06
7.615955473098330319e-01 5.233374977663396117e-06 5.913449287551327561e-06 6.503319164792028018e-06 7.046819291774254832e-06 7.590451760177482125e-06 8.122296871320853874e-06 8.639526132963879835e-06 9.140168415551407915e-06 9.622084777948609882e-06 1.008273610353855396e-05 1.051909733971204765e-05 1.092758804237245121e-05 1.130399801504431486e-05 1.164346884651413656e-05 1.194082446680626918e-05 1.219245327120311612e-05 1.240500981253318208e-05 1.263781333794106709e-05 1.325204248702470286e-05 1.675185711177588094e-05 2.958154227181032100e-05 2.601393553377307947e-05 2.169770934222920713e-05 2.002736226780676957e-05 1.942951006540621545e-05 1.942951006540651361e-05 2.002736226780671875e-05 2.169770934222920036e-05 2.601393553377289990e-05 2.958154227181064626e-05 1.675185711177594193e-05 1.325204248702474013e-05 1.263781333794098408e-05 1.240500981253308552e-05 1.219245327120316186e-05 1.194082446680620142e-05 1.164346884651407727e-05 1.130399801504427251e-05 1.092758804237242072e-05 1.051909733971211541e-05 1.008273610353857937e-05 9.622084777948589554e-06 9.140168415551433326e-06 8.639526132963888305e-06 8.122296871320845404e-06 7.590451760177490595e-06 7.046819291774284479e-06 6.503319164792041571e-06 5.913449287551347043e-06 5.233374977663383411e-06
7.678240127219719824e-01 4.830516144477712045e-06 5.483439302879579700e-06 6.027132505314655726e-06 6.555009240774374865e-06 7.073951560016561181e-06 7.578642601426004644e-06 8.067613066187580761e-06 8.539517780621976140e-06 8.992622852170189653e-06 9.424709691342365056e-06 9.833048888182236615e-06 1.021438292877734828e-05 1.056494569890151222e-05 1.088068525170031226e-05 1.115832432062060715e-05 1.139978747112857502e-05 1.163151352156663006e-05 1.200362324305756041e-05 1.346942112196876600e-05 2.332804216412570408e-05 3.185074672375895932e-05 2.276199974730245848e-05 1.949552299235665881e-05 1.827699022823110723e-05 1.783324413195715982e-05 1.783324413195726485e-05 1.827699022823114789e-05 1.949552299235668930e-05 2.276199974730221793e-05 3.185074672375884413e-05 2.332804216412588365e-05 1.346942112196881004e-05 1.200362324305752145e-05 1.163151352156659957e-05 1.139978747112855977e-05 1.115832432062066306e-05 1.088068525170028347e-05 1.056494569890147495e-05 1.021438292877735506e-05 9.833048888182290825e-06 9.424709691342346421e-06 8.992622852170198124e-06 8.539517780621954117e-06 8.067613066187602784e-06 7.578642601425965681e-06 7.073951560016573886e-06 6.555009240774342678e-06 6.027132505314648950e-06 5.483439302879566147e-06 4.830516144477695104e-06
7.740524781341108218e-01 4.473962266080866218e-06 5.105612954898531768e-06 5.613597648354943087e-06 6.124462069396871277e-06 6.621093265130631582e-06 7.101587115497862107e-06 7.565434810936029303e-06 8.011786390526463234e-06 8.439249333069461510e-06 8.845892700970071757e-06 9.229282793791533266e-06 9.586551031661381714e-06 9.914607263758652361e-06 1.021090464933820518e-05 1.047624002184023718e-05 1.072572406728407772e-05 1.103872777210852464e-05 1.185667470139966397e-05 1.673513033343262960e-05 4.253034358053711645e-05 2.654241856896649232e-05 1.970704793059737715e-05 1.758383502558447941e-05 1.674863356505910906e-05 1.643422253837850805e-05 1.643422253837846739e-05 1.674863356505911584e-05 1.758383502558453701e-05 1.970704793059737715e-05 2.654241856896652282e-05 4.253034358053643882e-05 1.673513033343238565e-05 1.185667470139968938e-05 1.103872777210852125e-05 1.072572406728407264e-05 1.047624002184025242e-05 1.021090464933816114e-05 9.914607263758591375e-06 9.586551031661381714e-06 9.229282793791580700e-06 8.845892700970020935e-06 8.439249333069464898e-06 8.011786390526497116e-06 7.565434810936018292e-06 7.101587115497851942e-06 6.621093265130662075e-06 6.124462069396877206e-06 5.613597648354944781e-06 5.105612954898533462e-06 4.473962266080864524e-06
7.802809435462496612e-01 4.148583689468980957e-06 4.744859058033048277e-06 5.239522289532467192e-06 5.732334295391302694e-06 6.207316990657521885e-06 6.664630279166760395e-06 7.104497737184409303e-06 7.526486613828246069e-06 7.929512335980208143e-06 8.311927071616393114e-06 8.671633025249024255e-06 9.006296172220634028e-06 9.313936650703865378e-06 9.594830422660262657e-06 9.858269984076302084e-06 1.015023304954564397e-05 1.069662180166636166e-05 1.301979425492865216e-05 3.500053869285089616e-05 3.648538613087275986e-05 2.082553209406170093e-05 1.720671228482358880e-05 1.592102615027405995e-05 1.537425541002476317e-05 1.516065671392799273e-05 1.516065671392805033e-05 1.537425541002474284e-05 1.592102615027408705e-05 1.720671228482360235e-05 2.082553209406162639e-05 3.648538613087275309e-05 3.500053869285169576e-05 1.301979425492866232e-05 1.069662180166635997e-05 1.015023304954561178e-05 9.858269984076329189e-06 9.594830422660269434e-06 9.313936650703836579e-06 9.006296172220628945e-06 8.671633025249047972e-06 8.311927071616384644e-06 7.929512335980220002e-06 7.526486613828235904e-06 7.104497737184438102e-06 6.664630279166732443e-06 6.207316990657499015e-06 5.732334295391292530e-06 5.239522289532475662e-06 4.744859058033020325e-06 4.148583689468978416e-06
7.865094089583886117e-01 3.857201932081989312e-06 4.414277193844727311e-06 4.908049739851710652e-06 5.383774689701790516e-06 5.838930286371601903e-06 6.275087470954106314e-06 6.693072886170137187e-06 7.092830820050719144e-06 7.473579302176741464e-06 7.833984166213181497e-06 8.172385830282708621e-06 8.487269175926890924e-06 8.778573264669907035e-06 9.051929388394152365e-06 9.334412742781905218e-06 9.746223714968899187e-06 1.095871692586253205e-05 1.966345926488675234e-05 6.143314569528948450e-05 2.392090172999189229e-05 1.727587835413646049e-05 1.533428387586564389e-05 1.454623540256198354e-05 1.418879764012992079e-05 1.404492600502368747e-05 1.404492600502363326e-05 1.418879764012996314e-05 1.454623540256195982e-05 1.533428387586567099e-05 1.727587835413626398e-05 2.392090172999183470e-05 6.143314569529105659e-05 1.966345926488650500e-05 1.095871692586248292e-05 9.746223714968892411e-06 9.334412742781900135e-06 9.051929388394172694e-06 8.778573264669874848e-06 8.487269175926877372e-06 8.172385830282689987e-06 7.833984166213157780e-06 7.473579302176704195e-06 7.092830820050705592e-06 6.693072886170140575e-06 6.275087470954090220e-06 5.838930286371621385e-06 5.383774689701794751e-06 4.908049739851706417e-06 4.414277193844734934e-06 3.857201932082009641e-06
7.927378743705275621e-01 3.585537987499893925e-06 4.117163309433283546e-06 4.601423546021950195e-06 5.060469244256382375e-06 5.496730003683553813e-06 5.912846834364465373e-06 6.310176392758184349e-06 6.689026131729954211e-06 7.048937859883039236e-06 7.388964170661563381e-06 7.708073778715267133e-06 8.006073694338260876e-06 8.286284993711643898e-06 8.564613657811388965e-06 8.906342165311247473e-06 9.623083339470531934e-06 1.300712298486013050e-05 5.649610257982281240e-05 3.255451112894488082e-05 1.807280149230427023e-05 1.498281805762127209e-05 1.387077416385982972e-05 1.337444745939602740e-05 1.313876058534193953e-05 1.304188898601166712e-05 1.304188898601163154e-05 1.313876058534196833e-05 1.337444745939602232e-05 1.387077416385971283e-05 1.498281805762119586e-05 1.807280149230411438e-05 3.255451112894450135e-05 5.649610257982252103e-05 1.300712298486002378e-05 9.623083339470547181e-06 8.906342165311218674e-06 8.564613657811395741e-06 8.286284993711652368e-06 8.006073694338267652e-06 7.708073778715290850e-06 7.388964170661571004e-06 7.048937859883051094e-06 6.689026131729946587e-06 6.310176392758180114e-06 5.912846834364461985e-06 5.496730003683530096e-06 5.060469244256372211e-06 4.601423546021936642e-06 4.117163309433253053e-06 3.585537987499890961e-06
7.989663397826664015e-01 3.331705224575693678e-06 3.844195088927005928e-06 4.317331653983448121e-06 4.760536453052431745e-06 5.179062584327633937e-06 5.576438682548771485e-06 5.954515053750537882e-06 6.313969035694391295e-06 6.654712806451366148e-06 6.976308691396702688e-06 7.278666249057454397e-06 7.563770112470967586e-06 7.840982595935289169e-06 8.146407136413747743e-06 8.632013864081362599e-06 1.016851072421900256e-05 2.310277617759314201e-05 6.136995197564881137e-05 2.050561200871577096e-05 1.498699117618123287e-05 1.335605531672088689e-05 1.268307695605882687e-05 1.236310627486727020e-05 1.220656573365091628e-05 1.214139036930021688e-05 1.214139036930024229e-05 1.220656573365091798e-05 1.236310627486732102e-05 1.268307695605878282e-05 1.335605531672087842e-05 1.498699117618117866e-05 2.050561200871553379e-05 6.136995197564676493e-05 2.310277617759365362e-05 1.016851072421888398e-05 8.632013864081381234e-06 8.146407136413746049e-06 7.840982595935314580e-06 7.563770112470974362e-06 7.278666249057439997e-06 6.976308691396671347e-06 6.654712806451351748e-06 6.313969035694378590e-06 5.954515053750538729e-06 5.576438682548785037e-06 5.179062584327608526e-06 4.760536453052424121e-06 4.317331653983448121e-06 3.844195088927011010e-06 3.331705224575694102e-06
8.051948051948052409e-01 3.097074755773912797e-06 3.594620838725854143e-06 4.057000208779335730e-06 4.485729103195437079e-06 4.888061837973153821e-06 5.268326241647851273e-06 5.628858497461169755e-06 5.970732954412691570e-06 6.294309497281043058e-06 6.599852583383745478e-06 6.888715447393773363e-06 7.166522715910253198e-06 7.453649180614377752e-06 7.827561988101460987e-06 8.654710416359283424e-06 1.280823124387883943e-05 7.799770432553655198e-05 2.774705939299073964e-05 1.564779073315107730e-05 1.305789290615598985e-05 1.211902069648969689e-05 1.169618223174743580e-05 1.148705640725477273e-05 1.138306832722999856e-05 1.133954489331227535e-05 1.133954489331228382e-05 1.138306832722997315e-05 1.148705640725474224e-05 1.169618223174744088e-05 1.211902069648970536e-05 1.305789290615603220e-05 1.564779073315103325e-05 2.774705939299088872e-05 7.799770432553647067e-05 1.280823124387913589e-05 8.654710416359303753e-06 7.827561988101476234e-06 7.453649180614359965e-06 7.166522715910265903e-06 6.888715447393755575e-06 6.599852583383743784e-06 6.294309497281044752e-06 5.970732954412674629e-06 5.628858497461173143e-06 5.268326241647846191e-06 4.888061837973178385e-06 4.485729103195431996e-06 4.057000208779341659e-06 3.594620838725857531e-06 3.097074755773911950e-06
