nan -7.000000000000000000e+00 -6.714285714285714413e+00 -6.428571428571428825e+00 -6.142857142857143238e+00 -5.857142857142857650e+00 -5.571428571428571175e+00 -5.285714285714285587e+00 -5.000000000000000000e+00 -4.714285714285714413e+00 -4.428571428571428825e+00 -4.142857142857143238e+00 -3.857142857142857206e+00 -3.571428571428571619e+00 -3.285714285714286031e+00 -3.000000000000000000e+00 -2.714285714285714413e+00 -2.428571428571428825e+00 -2.142857142857143238e+00 -1.857142857142857650e+00 -1.571428571428572063e+00 -1.285714285714286476e+00 -1.000000000000000000e+00 -7.142857142857144126e-01 -4.285714285714288252e-01 -1.428571428571432378e-01 1.428571428571423496e-01 4.285714285714279370e-01 7.142857142857135244e-01 1.000000000000000000e+00 1.285714285714284699e+00 1.571428571428571175e+00 1.857142857142855874e+00 2.142857142857142350e+00 2.428571428571428825e+00 2.714285714285713524e+00 3.000000000000000000e+00 3.285714285714284699e+00 3.571428571428571175e+00 3.857142857142855874e+00 4.142857142857142350e+00 4.428571428571427049e+00 4.714285714285713524e+00 5.000000000000000000e+00 5.285714285714284699e+00 5.571428571428571175e+00 5.857142857142855874e+00 6.142857142857142350e+00 6.428571428571427049e+00 6.714285714285713524e+00 7.000000000000000000e+00
5.000000000000000000e-01 4.522553076738383138e-01 4.587908725482016670e-01 4.649128333777268196e-01 4.706457956165567280e-01 4.760114166475483133e-01 4.810288346099705903e-01 4.857150177729392948e-01 4.900850514665619495e-01 4.941523754238582589e-01 4.979289813552557065e-01 5.014255783392183030e-01 5.046517319397083590e-01 5.076159816969284533e-01 5.103259406720285218e-01 5.127883799814118015e-01 5.150093006759004499e-01 5.169939948636259608e-01 5.187470976133765621e-01 5.202726308849228154e-01 5.215740404979934963e-01 5.226542269595915169e-01 5.235155708102989802e-01 5.241599530168851162e-01 5.245887708248194725e-01 5.248029493855216332e-01 5.248029493855217442e-01 5.245887708248195835e-01 5.241599530168848942e-01 5.235155708102989802e-01 5.226542269595918500e-01 5.215740404979937184e-01 5.202726308849229264e-01 5.187470976133770062e-01 5.169939948636258498e-01 5.150093006759006720e-01 5.127883799814119126e-01 5.103259406720279667e-01 5.076159816969286753e-01 5.046517319397082479e-01 5.014255783392185251e-01 4.979289813552554844e-01 4.941523754238577038e-01 4.900850514665626156e-01 4.857150177729392948e-01 4.810288346099704793e-01 4.760114166475479802e-01 4.706457956165567280e-01 4.649128333777271527e-01 4.587908725482015559e-01 4.522553076738386468e-01
5.062284654121388394e-01 4.072023754860074618e-01 4.135924774735335041e-01 4.195839244762888942e-01 4.252000069405310057e-01 4.304611630069362094e-01 4.353854035967806846e-01 4.399886571626306919e-01 4.442850516596230093e-01 4.482871469164334544e-01 4.520061274179547617e-01 4.554519631887802844e-01 4.586335447411414301e-01 4.615587967542234549e-01 4.642347741666546512e-01 4.666677436074787022e-01 4.688632525045293153e-01 4.708261877499335668e-01 4.725608254395750052e-01 4.740708729136852706e-01 4.753595040922359849e-01 4.764293889084933453e-01 4.772827174870543088e-01 4.779212195814342423e-01 4.783461796746200645e-01 4.785584480493665360e-01 4.785584480493663140e-01 4.783461796746201755e-01 4.779212195814344644e-01 4.772827174870545308e-01 4.764293889084930123e-01 4.753595040922360959e-01 4.740708729136846045e-01 4.725608254395748942e-01 4.708261877499334558e-01 4.688632525045288713e-01 4.666677436074784802e-01 4.642347741666548733e-01 4.615587967542234549e-01 4.586335447411414301e-01 4.554519631887815057e-01 4.520061274179558719e-01 4.482871469164335654e-01 4.442850516596230093e-01 4.399886571626305809e-01 4.353854035967803515e-01 4.304611630069363759e-01 4.252000069405310057e-01 4.195839244762892273e-01 4.135924774735338372e-01 4.072023754860073508e-01
5.124569308242777899e-01 3.598484727503979408e-01 3.659601903268701606e-01 3.716959470461468906e-01 3.770773303741326021e-01 3.821232196415871307e-01 3.868501998458299118e-01 3.912728956931335045e-01 3.954042436725913046e-01 3.992557154285593657e-01 4.028375024498933588e-01 4.061586697275281765e-01 4.092272842850526726e-01 4.120505231817429559e-01 4.146347646012021326e-01 4.169856648852822145e-01 4.191082237915396691e-01 4.210068397992487443e-01 4.226853569322777116e-01 4.241471042835394112e-01 4.253949291979905456e-01 4.264312248861389931e-01 4.272579530880317722e-01 4.278766622808466979e-01 4.282885018158835155e-01 4.284942322779072832e-01 4.284942322779073942e-01 4.282885018158835155e-01 4.278766622808469200e-01 4.272579530880322163e-01 4.264312248861393262e-01 4.253949291979902125e-01 4.241471042835407435e-01 4.226853569322780446e-01 4.210068397992486333e-01 4.191082237915397801e-01 4.169856648852819925e-01 4.146347646012021326e-01 4.120505231817430669e-01 4.092272842850522285e-01 4.061586697275287317e-01 4.028375024498929147e-01 3.992557154285589216e-01 3.954042436725910825e-01 3.912728956931333935e-01 3.868501998458302449e-01 3.821232196415872417e-01 3.770773303741324911e-01 3.716959470461470016e-01 3.659601903268706047e-01 3.598484727503973857e-01
5.186853962364166293e-01 3.107641590319099589e-01 3.164569005138973545e-01 3.218041620198814345e-01 3.268254674435016049e-01 3.315378269531136235e-01 3.359561309846991750e-01 3.400934667866073458e-01 3.439613751496727878e-01 3.475700603830266799e-01 3.509285633366434620e-01 3.540449049139719473e-01 3.569262057888945572e-01 3.595787867570432450e-01 3.620082531863724196e-01 3.642195662983240267e-01 3.662171034476198739e-01 3.680047091315844510e-01 3.695857381172364953e-01 3.709630918032124081e-01 3.721392487164855156e-01 3.731162898682837681e-01 3.738959195497754684e-01 3.744794820284972348e-01 3.748679745056891499e-01 3.750620566076443008e-01 3.750620566076445228e-01 3.748679745056893720e-01 3.744794820284971237e-01 3.738959195497754684e-01 3.731162898682849893e-01 3.721392487164842944e-01 3.709630918032125191e-01 3.695857381172367173e-01 3.680047091315842289e-01 3.662171034476195408e-01 3.642195662983236937e-01 3.620082531863724196e-01 3.595787867570431340e-01 3.569262057888944462e-01 3.540449049139729465e-01 3.509285633366432400e-01 3.475700603830261248e-01 3.439613751496730099e-01 3.400934667866077898e-01 3.359561309846991750e-01 3.315378269531130684e-01 3.268254674435013829e-01 3.218041620198823227e-01 3.164569005138972435e-01 3.107641590319091818e-01
5.249138616485555797e-01 2.728260145433518691e-01 2.781343767087627317e-01 2.831219308209878549e-01 2.878068588388711935e-01 2.922049448319124498e-01 2.963299600949715340e-01 3.001939710279142304e-01 3.038075877329620145e-01 3.071801665333462328e-01 3.103199762587202648e-01 3.132343357308814968e-01 3.159297281262700152e-01 3.184118965945000879e-01 3.206859245427302052e-01 3.227563032628244510e-01 3.246269890180335516e-01 3.263014512733308781e-01 3.277827134158551314e-01 3.290733870457024368e-01 3.301757007051646653e-01 3.310915237434697289e-01 3.318223858745019128e-01 3.323694928694306272e-01 3.327337387288522019e-01 3.329157145955495833e-01 3.329157145955496944e-01 3.327337387288518689e-01 3.323694928694305162e-01 3.318223858745016908e-01 3.310915237434691738e-01 3.301757007051644432e-01 3.290733870457023258e-01 3.277827134158546873e-01 3.263014512733307670e-01 3.246269890180335516e-01 3.227563032628246731e-01 3.206859245427313154e-01 3.184118965945009760e-01 3.159297281262702373e-01 3.132343357308811638e-01 3.103199762587201538e-01 3.071801665333470099e-01 3.038075877329620145e-01 3.001939710279146745e-01 2.963299600949713120e-01 2.922049448319121168e-01 2.878068588388711935e-01 2.831219308209874108e-01 2.781343767087621766e-01 2.728260145433516470e-01
5.311423270606944191e-01 2.428929275943305932e-01 2.478679319096553924e-01 2.525417693443011147e-01 2.569317617693174238e-01 2.610528954712255101e-01 2.649182051972341911e-01 2.685390795910583273e-01 2.719255066755091876e-01 2.750862730039447257e-01 2.780291265717549920e-01 2.807609110616742787e-01 2.832876771750136857e-01 2.856147754643758585e-01 2.877469340902350514e-01 2.896883241769186990e-01 2.914426148755142054e-01 2.930130198045358125e-01 2.944023361999158483e-01 2.956129778394211427e-01 2.966470025952030465e-01 2.975061352982699137e-01 2.981917864606792867e-01 2.987050672872315626e-01 2.990468013128987357e-01 2.992175329203640710e-01 2.992175329203636269e-01 2.990468013128987357e-01 2.987050672872311186e-01 2.981917864606789537e-01 2.975061352982700247e-01 2.966470025952030465e-01 2.956129778394221419e-01 2.944023361999158483e-01 2.930130198045361456e-01 2.914426148755139834e-01 2.896883241769188100e-01 2.877469340902351624e-01 2.856147754643756365e-01 2.832876771750135747e-01 2.807609110616741677e-01 2.780291265717546589e-01 2.750862730039439485e-01 2.719255066755089656e-01 2.685390795910583273e-01 2.649182051972341911e-01 2.610528954712251770e-01 2.569317617693175348e-01 2.525417693443016698e-01 2.478679319096562805e-01 2.428929275943305932e-01
5.373707924728332586e-01 2.146675361994554998e-01 2.192872944976068661e-01 2.236266044119873675e-01 2.277018749610850434e-01 2.315272537186398860e-01 2.351150074691519265e-01 2.384758233259888782e-01 2.416190495854528275e-01 2.445528902855246822e-01 2.472845637479947900e-01 2.498204327716620765e-01 2.521661122676842059e-01 2.543265587600482824e-01 2.563061451633710797e-01 2.581087234942433528e-01 2.597376776002709442e-01 2.611959675531724812e-01 2.624861670137143554e-01 2.636104946114692926e-01 2.645708401730516579e-01 2.653687864650459693e-01 2.660056269821467478e-01 2.664823801994979369e-01 2.667998006149500112e-01 2.669583868273354144e-01 2.669583868273355254e-01 2.667998006149497892e-01 2.664823801994982699e-01 2.660056269821468589e-01 2.653687864650465245e-01 2.645708401730514359e-01 2.636104946114690706e-01 2.624861670137143554e-01 2.611959675531718150e-01 2.597376776002708332e-01 2.581087234942431308e-01 2.563061451633713017e-01 2.543265587600483935e-01 2.521661122676844280e-01 2.498204327716620765e-01 2.472845637479953451e-01 2.445528902855245712e-01 2.416190495854531606e-01 2.384758233259889892e-01 2.351150074691514824e-01 2.315272537186402191e-01 2.277018749610851545e-01 2.236266044119875895e-01 2.192872944976064220e-01 2.146675361994561659e-01
5.435992578849722090e-01 1.881620253281639510e-01 1.924095408850451105e-01 1.963982049649677375e-01 2.001434586422631279e-01 2.036585683904827693e-01 2.069550007361107002e-01 2.100427169861102672e-01 2.129304078043159631e-01 2.156256818602230452e-01 2.181352189447004764e-01 2.204648952584822574e-01 2.226198866604806315e-01 2.246047542729311397e-01 2.264235158195827546e-01 2.280797053137041119e-01 2.295764231410107603e-01 2.309163781471580690e-01 2.321019230041630188e-01 2.331350838690398053e-01 2.340175851423492159e-01 2.347508699705410096e-01 2.353361170037474859e-01 2.357742538123023812e-01 2.360659672750287097e-01 2.362117111754930554e-01 2.362117111754934995e-01 2.360659672750291538e-01 2.357742538123022702e-01 2.353361170037480410e-01 2.347508699705407875e-01 2.340175851423491049e-01 2.331350838690399163e-01 2.321019230041629078e-01 2.309163781471572918e-01 2.295764231410110934e-01 2.280797053137044450e-01 2.264235158195834208e-01 2.246047542729315838e-01 2.226198866604804094e-01 2.204648952584820354e-01 2.181352189447003653e-01 2.156256818602236003e-01 2.129304078043154080e-01 2.100427169861101562e-01 2.069550007361105892e-01 2.036585683904832134e-01 2.001434586422630169e-01 1.963982049649677375e-01 1.924095408850448885e-01 1.881620253281642841e-01
5.498277232971110484e-01 1.646482956607867032e-01 1.685381861364971812e-01 1.721897240080922098e-01 1.756174497200314322e-01 1.788338119689140693e-01 1.818495365132532515e-01 1.846739146380205754e-01 1.873150315711391289e-01 1.897799493373462099e-01 1.920748545609685110e-01 1.942051789607343315e-01 1.961756983180544256e-01 1.979906142884390874e-01 1.996536223951339284e-01 2.011679687816302076e-01 2.025364977286468471e-01 2.037616915083888536e-01 2.048457038170772293e-01 2.057903877694819417e-01 2.065973192374679912e-01 2.072678161543877462e-01 2.078029542783852990e-01 2.082035798025116680e-01 2.084703191122196930e-01 2.086035859167851281e-01 2.086035859167850171e-01 2.084703191122200261e-01 2.082035798025111129e-01 2.078029542783847439e-01 2.072678161543876352e-01 2.065973192374675471e-01 2.057903877694816086e-01 2.048457038170770073e-01 2.037616915083890756e-01 2.025364977286466250e-01 2.011679687816308737e-01 1.996536223951333733e-01 1.979906142884386433e-01 1.961756983180542036e-01 1.942051789607346646e-01 1.920748545609685110e-01 1.897799493373464319e-01 1.873150315711389069e-01 1.846739146380204644e-01 1.818495365132533625e-01 1.788338119689141803e-01 1.756174497200314322e-01 1.721897240080916547e-01 1.685381861364976253e-01 1.646482956607873693e-01
5.560561887092498878e-01 1.477349421222584336e-01 1.513728215353767059e-01 1.547858758057691630e-01 1.579882112105667757e-01 1.609918628117898987e-01 1.638071681079504571e-01 1.664430575424836745e-01 1.689072833159840081e-01 1.712066016856608475e-01 1.733469196908019594e-01 1.753334143096742515e-01 1.771706299899347414e-01 1.788625590195687676e-01 1.804127081351279416e-01 1.818241539767402604e-01 1.830995894127918633e-01 1.842413623147007296e-01 1.852515080245642765e-01 1.861317764978371037e-01 1.868836548995588542e-01 1.875083862717063232e-01 1.880069847602449662e-01 1.883802477855235358e-01 1.886287654527930846e-01 1.887529274262381429e-01 1.887529274262371437e-01 1.886287654527929736e-01 1.883802477855236468e-01 1.880069847602454103e-01 1.875083862717061012e-01 1.868836548995589653e-01 1.861317764978375477e-01 1.852515080245641654e-01 1.842413623147000634e-01 1.830995894127916412e-01 1.818241539767395942e-01 1.804127081351277195e-01 1.788625590195693227e-01 1.771706299899342973e-01 1.753334143096736963e-01 1.733469196908022925e-01 1.712066016856608475e-01 1.689072833159845632e-01 1.664430575424841185e-01 1.638071681079494579e-01 1.609918628117894546e-01 1.579882112105667757e-01 1.547858758057692741e-01 1.513728215353770390e-01 1.477349421222585446e-01
5.622846541213888383e-01 1.319602068648662863e-01 1.353451255043107981e-01 1.385189297843009704e-01 1.414952547453033338e-01 1.442856919655356729e-01 1.469001667484139406e-01 1.493472295758417612e-01 1.516342844086994712e-01 1.537677696896297130e-01 1.557533033864945959e-01 1.575958003193114743e-01 1.592995678520924274e-01 1.608683844964545195e-01 1.623055648672675488e-01 1.636140136212722029e-01 1.647962704097591102e-01 1.658545474261605979e-01 1.667907607873819475e-01 1.676065567248751498e-01 1.683033333569129153e-01 1.688822586524935110e-01 1.693442850687299217e-01 1.696901612393549308e-01 1.699204410059931003e-01 1.700354900114252610e-01 1.700354900114253720e-01 1.699204410059927672e-01 1.696901612393553749e-01 1.693442850687308099e-01 1.688822586524934000e-01 1.683033333569123602e-01 1.676065567248749277e-01 1.667907607873823916e-01 1.658545474261612640e-01 1.647962704097596653e-01 1.636140136212718699e-01 1.623055648672671047e-01 1.608683844964546306e-01 1.592995678520922054e-01 1.575958003193122514e-01 1.557533033864949290e-01 1.537677696896301571e-01 1.516342844086993602e-01 1.493472295758414281e-01 1.469001667484141627e-01 1.442856919655355619e-01 1.414952547453034448e-01 1.385189297843007483e-01 1.353451255043112422e-01 1.319602068648658422e-01
5.685131195335276777e-01 1.172710740880360120e-01 1.204031356553399157e-01 1.233379453029068984e-01 1.260886265370681214e-01 1.286662952045155850e-01 1.310804386651057141e-01 1.333392069200867447e-01 1.354496393740423910e-01 1.374178437153147636e-01 1.392491386145730814e-01 1.409481686891434216e-01 1.425189979274258945e-01 1.439651861789049692e-01 1.452898521768000439e-01 1.464957257325343598e-01 1.475851911309641884e-01 1.485603232994771594e-01 1.494229179794820117e-01 1.501745168650642781e-01 1.508164284692706525e-01 1.513497453182020280e-01 1.517753579456141422e-01 1.520939660577664276e-01 1.523060871535875382e-01 1.524120628141524825e-01 1.524120628141524825e-01 1.523060871535884264e-01 1.520939660577665387e-01 1.517753579456140312e-01 1.513497453182020280e-01 1.508164284692710966e-01 1.501745168650641671e-01 1.494229179794830109e-01 1.485603232994776035e-01 1.475851911309641884e-01 1.464957257325345819e-01 1.452898521768012652e-01 1.439651861789047471e-01 1.425189979274242291e-01 1.409481686891438657e-01 1.392491386145729704e-01 1.374178437153149857e-01 1.354496393740422799e-01 1.333392069200870778e-01 1.310804386651067133e-01 1.286662952045146968e-01 1.260886265370682324e-01 1.233379453029068984e-01 1.204031356553400267e-01 1.172710740880366781e-01
5.747415849456666281e-01 1.036127932679982711e-01 1.064929418273052736e-01 1.091898300480359379e-01 1.117160260687330708e-01 1.140821351786232563e-01 1.162971791359257157e-01 1.183688855016850755e-01 1.203039116984723073e-01 1.221080208472247047e-01 1.237862213915745524e-01 1.253428791207193971e-01 1.267818078654068537e-01 1.281063435057949451e-01 1.293194047653366541e-01 1.304235434228720181e-01 1.314209859579306694e-01 1.323136681854363006e-01 1.331032640909012021e-01 1.337912098141221251e-01 1.343787235265059277e-01 1.348668217885664322e-01 1.352563328485327510e-01 1.355479072418556974e-01 1.357420259685994668e-01 1.358390064563086974e-01 1.358390064563089195e-01 1.357420259685989117e-01 1.355479072418552533e-01 1.352563328485327510e-01 1.348668217885665432e-01 1.343787235265058166e-01 1.337912098141215700e-01 1.331032640909015352e-01 1.323136681854364116e-01 1.314209859579310025e-01 1.304235434228726842e-01 1.293194047653362100e-01 1.281063435057955002e-01 1.267818078654056324e-01 1.253428791207202853e-01 1.237862213915744414e-01 1.221080208472233725e-01 1.203039116984730844e-01 1.183688855016852975e-01 1.162971791359256046e-01 1.140821351786225901e-01 1.117160260687341811e-01 1.091898300480356049e-01 1.064929418273043854e-01 1.036127932679972719e-01
5.809700503578054676e-01 9.093106932691476241e-02 9.356095024599250798e-02 9.602167556434143547e-02 9.832521033185942505e-02 1.004816116577257473e-01 1.024994059958901915e-01 1.043858749854589818e-01 1.061472754847151284e-01 1.077890113355387397e-01 1.093157691100471451e-01 1.107316265618530637e-01 1.120401400971200584e-01 1.132444159071971101e-01 1.143471682210289164e-01 1.153507672851270260e-01 1.162572790586173244e-01 1.170684981525049878e-01 1.177859751987657966e-01 1.184110395744953220e-01 1.189448182060914988e-01 1.193882510227761845e-01 1.197421035057419092e-01 1.200069766806423910e-01 1.201833148206009755e-01 1.202714110597617875e-01 1.202714110597615654e-01 1.201833148206009755e-01 1.200069766806426130e-01 1.197421035057430194e-01 1.193882510227761845e-01 1.189448182060919429e-01 1.184110395744965433e-01 1.177859751987657966e-01 1.170684981525053209e-01 1.162572790586168803e-01 1.153507672851266930e-01 1.143471682210295826e-01 1.132444159071971101e-01 1.120401400971208355e-01 1.107316265618526197e-01 1.093157691100469231e-01 1.077890113355390728e-01 1.061472754847155725e-01 1.043858749854594259e-01 1.024994059958900805e-01 1.004816116577261914e-01 9.832521033186009118e-02 9.602167556434210161e-02 9.356095024599306309e-02 9.093106932691398525e-02
5.871985157699444180e-01 8.192462882449209893e-02 8.438537375463146806e-02 8.668582471705903181e-02 8.883770611413496776e-02 9.085083381409082837e-02 9.273350132547424074e-02 9.449277033077586874e-02 9.613469295875111398e-02 9.766448435087546343e-02 9.908665837984059754e-02 1.004051356074778800e-01 1.016233300185460514e-01 1.027442193065585402e-01 1.037704022510689134e-01 1.047041458425122806e-01 1.055474241701388899e-01 1.063019506175067047e-01 1.069692045587818247e-01 1.075504534838989945e-01 1.080467712777494066e-01 1.084590532212572067e-01 1.087880281585293374e-01 1.090342681754360860e-01 1.091981960545588132e-01 1.092800907045129027e-01 1.092800907045131387e-01 1.091981960545590352e-01 1.090342681754358639e-01 1.087880281585298925e-01 1.084590532212577618e-01 1.080467712777495176e-01 1.075504534838988835e-01 1.069692045587811585e-01 1.063019506175071488e-01 1.055474241701393340e-01 1.047041458425116145e-01 1.037704022510684693e-01 1.027442193065583181e-01 1.016233300185463845e-01 1.004051356074773249e-01 9.908665837984015345e-02 9.766448435087524138e-02 9.613469295875144704e-02 9.449277033077542465e-02 9.273350132547435176e-02 9.085083381408949610e-02 8.883770611413496776e-02 8.668582471705958692e-02 8.438537375463146806e-02 8.192462882449287609e-02
5.934269811820832574e-01 7.414568405335278389e-02 7.645783634894029457e-02 7.861734867362542289e-02 8.063577274895906977e-02 8.252274032202042142e-02 8.428636071100364946e-02 8.593351774076826710e-02 8.747009547653469830e-02 8.890115249774886708e-02 9.023105827804898948e-02 9.146360118764386427e-02 9.260207491758139231e-02 9.364934826438509052e-02 9.460792191503231141e-02 9.547997495038118565e-02 9.626740312050807713e-02 9.697185045911164980e-02 9.759473544335539597e-02 9.813727263431670789e-02 9.860049052654812352e-02 9.898524617579086693e-02 9.929223704884256041e-02 9.952201044012894127e-02 9.967497071879136139e-02 9.975138460327703793e-02 9.975138460327581669e-02 9.967497071879202752e-02 9.952201044012883024e-02 9.929223704884400370e-02 9.898524617579142204e-02 9.860049052654823454e-02 9.813727263431748504e-02 9.759473544335539597e-02 9.697185045911087264e-02 9.626740312050785509e-02 9.547997495038129667e-02 9.460792191503253346e-02 9.364934826438486848e-02 9.260207491758083720e-02 9.146360118764441938e-02 9.023105827804787926e-02 8.890115249774964423e-02 8.747009547653425421e-02 8.593351774076871119e-02 8.428636071100265026e-02 8.252274032202086551e-02 8.063577274895984692e-02 7.861734867362531187e-02 7.645783634893985048e-02 7.414568405335289492e-02
5.996554465942220968e-01 6.691910413245083511e-02 6.908573818794680466e-02 7.110735876857474103e-02 7.299532213278153714e-02 7.475905682323219503e-02 7.640647215749309107e-02 7.794426107247065527e-02 7.937812885270202623e-02 8.071296870333452556e-02 8.195299844759869334e-02 8.310186828971351247e-02 8.416274669762248417e-02 8.513838949802088329e-02 8.603119591632994723e-02 8.684325433517019188e-02 8.757637985714439299e-02 8.823214525731447322e-02 8.881190654124718198e-02 8.931682404798760300e-02 8.974787982758812566e-02 9.010589186151300722e-02 9.039152556834781360e-02 9.060530293744428754e-02 9.074760955235997018e-02 9.081869969934101838e-02 9.081869969934079634e-02 9.074760955236030324e-02 9.060530293744373243e-02 9.039152556834936791e-02 9.010589186151267416e-02 8.974787982758823668e-02 8.931682404798715891e-02 8.881190654124751505e-02 8.823214525731436220e-02 8.757637985714428197e-02 8.684325433517085802e-02 8.603119591633016927e-02 8.513838949802099432e-02 8.416274669762348337e-02 8.310186828971373452e-02 8.195299844759924845e-02 8.071296870333474760e-02 7.937812885270202623e-02 7.794426107247121038e-02 7.640647215749286902e-02 7.475905682323163992e-02 7.299532213278220327e-02 7.110735876857440796e-02 6.908573818794613852e-02 6.691910413245039102e-02
6.058839120063610473e-01 6.020775750385167630e-02 6.223186569229972875e-02 6.411856951879768562e-02 6.587900473494670561e-02 6.752237598045560119e-02 6.905637561106567346e-02 7.048749182597306706e-02 7.182123982879147495e-02 7.306233822356153484e-02 7.421484563771091336e-02 7.528226792725191407e-02 7.626764326159236884e-02 7.717361032297401224e-02 7.800246343621046463e-02 7.875619744955116019e-02 7.943654447841487498e-02 8.004500411033904639e-02 8.058286829242904126e-02 8.105124184163153833e-02 8.145105930596603649e-02 8.178309874238293142e-02 8.204799285051224411e-02 8.224623780178073884e-02 8.237820002294690691e-02 8.244412112681342997e-02 8.244412112681298588e-02 8.237820002294668487e-02 8.224623780178073884e-02 8.204799285051124491e-02 8.178309874238204324e-02 8.145105930596625854e-02 8.105124184163142731e-02 8.058286829242937432e-02 8.004500411033860230e-02 7.943654447841509703e-02 7.875619744955204837e-02 7.800246343620957645e-02 7.717361032297423429e-02 7.626764326159203577e-02 7.528226792725146999e-02 7.421484563771013621e-02 7.306233822356109076e-02 7.182123982879058677e-02 7.048749182597251195e-02 6.905637561106545141e-02 6.752237598045615630e-02 6.587900473494637255e-02 6.411856951879824074e-02 6.223186569229961773e-02 6.020775750385145425e-02
6.121123774184998867e-01 5.397742085805831008e-02 5.586192009833914479e-02 5.761661731896758343e-02 5.925240019517338808e-02 6.077822697894802451e-02 6.220155483856987938e-02 6.352865248831821021e-02 6.476483311157371636e-02 6.591463102784995975e-02 6.698193779606168019e-02 6.797010850648514679e-02 6.888204578489579011e-02 6.972026687182190929e-02 7.048695766350453196e-02 7.118401657308492947e-02 7.181309034198631036e-02 7.237560340688584115e-02 7.287278204430119866e-02 7.330567423040379449e-02 7.367516593994893892e-02 7.398199444504910405e-02 7.422675904825033755e-02 7.440992958491779441e-02 7.453185295013485534e-02 7.459275783973008667e-02 7.459275783973019769e-02 7.453185295013485534e-02 7.440992958491779441e-02 7.422675904825033755e-02 7.398199444505065836e-02 7.367516593994960505e-02 7.330567423040335040e-02 7.287278204430086559e-02 7.237560340688506400e-02 7.181309034198631036e-02 7.118401657308515151e-02 7.048695766350430991e-02 6.972026687182157623e-02 6.888204578489645624e-02 6.797010850648503577e-02 6.698193779606101406e-02 6.591463102784984873e-02 6.476483311157338330e-02 6.352865248831821021e-02 6.220155483856965734e-02 6.077822697894813553e-02 5.925240019517272194e-02 5.761661731896758343e-02 5.586192009833881172e-02 5.397742085805831008e-02
6.183408428306387261e-01 4.850039314165136700e-02 5.025896923519943688e-02 5.189458423093103873e-02 5.341791502306828671e-02 5.483770440468763163e-02 5.616120063248671024e-02 5.739447562395551955e-02 5.854266034662419099e-02 5.961012224819225991e-02 6.060060120113606313e-02 6.151731515724327692e-02 6.236304328867434132e-02 6.314019212301093253e-02 6.385084864043395758e-02 6.449682323626347580e-02 6.507968470195250876e-02 6.560078884044573400e-02 6.606130194118024768e-02 6.646222005159158064e-02 6.680438476617321653e-02 6.708849609007040693e-02 6.731512280773159496e-02 6.748471068780427518e-02 6.759758877623310569e-02 6.765397396437831945e-02 6.765397396437820843e-02 6.759758877623277262e-02 6.748471068780483029e-02 6.731512280773159496e-02 6.708849609007251635e-02 6.680438476617310550e-02 6.646222005159124757e-02 6.606130194118046972e-02 6.560078884044528991e-02 6.507968470195206467e-02 6.449682323626336478e-02 6.385084864043440167e-02 6.314019212301148765e-02 6.236304328867411928e-02 6.151731515724305488e-02 6.060060120113561904e-02 5.961012224819248195e-02 5.854266034662308077e-02 5.739447562395596364e-02 5.616120063248615513e-02 5.483770440468707652e-02 5.341791502306806466e-02 5.189458423093048361e-02 5.025896923519976994e-02 4.850039314165181109e-02
6.245693082427776766e-01 4.428227519875322510e-02 4.594970713409212565e-02 4.749871842677509670e-02 4.893995777537444442e-02 5.028210131104816211e-02 5.153231160535844124e-02 5.269656712940899712e-02 5.377990419205861544e-02 5.478659814405736905e-02 5.572030143704087557e-02 5.658415039059217638e-02 5.738084883976660860e-02 5.811273441257198968e-02 5.878183155542988925e-02 5.938989430350483101e-02 5.993844100778725204e-02 6.042878267177360929e-02 6.086204614616120417e-02 6.123919313275930087e-02 6.156103572735463492e-02 6.182824906369258078e-02 6.204138149196682800e-02 6.220086262457448500e-02 6.230700950172018970e-02 6.236003106397439849e-02 6.236003106397395440e-02 6.230700950172141095e-02 6.220086262457448500e-02 6.204138149196693902e-02 6.182824906369313589e-02 6.156103572735474594e-02 6.123919313275952292e-02 6.086204614616120417e-02 6.042878267177327622e-02 5.993844100778714101e-02 5.938989430350438692e-02 5.878183155542944516e-02 5.811273441257165662e-02 5.738084883976705269e-02 5.658415039059173229e-02 5.572030143704087557e-02 5.478659814405759110e-02 5.377990419205894851e-02 5.269656712940866405e-02 5.153231160535844124e-02 5.028210131104905029e-02 4.893995777537377828e-02 4.749871842677443057e-02 4.594970713409190360e-02 4.428227519875278101e-02
6.307977736549165160e-01 4.032517912268539229e-02 4.190248411267998019e-02 4.336596160831317909e-02 4.472621233090659509e-02 4.599182838153433733e-02 4.716987184634197083e-02 4.826621531441994961e-02 4.928579005280728231e-02 5.023277066484065773e-02 5.111071497415856091e-02 5.192267165627871550e-02 5.267126418573096769e-02 5.335875708587679844e-02 5.398710874385997949e-02 5.455801387587120438e-02 5.507293790871744393e-02 5.553314496360747116e-02 5.593972071040045901e-02 5.629359105529761764e-02 5.659553739834332492e-02 5.684620902639599127e-02 5.704613307656292154e-02 5.719572240341094793e-02 5.729528160237475076e-02 5.734501137620433980e-02 5.734501137620489492e-02 5.729528160237541690e-02 5.719572240341128100e-02 5.704613307656358767e-02 5.684620902639499207e-02 5.659553739834388003e-02 5.629359105529850582e-02 5.593972071040068106e-02 5.553314496360724911e-02 5.507293790871744393e-02 5.455801387587064927e-02 5.398710874386053460e-02 5.335875708587690947e-02 5.267126418573118973e-02 5.192267165627904857e-02 5.111071497415867193e-02 5.023277066484087977e-02 4.928579005280783742e-02 4.826621531442039370e-02 4.716987184634185981e-02 4.599182838153433733e-02 4.472621233090581794e-02 4.336596160831306807e-02 4.190248411267986917e-02 4.032517912268483717e-02
6.370262390670553554e-01 3.661399904177391890e-02 3.810212350194785297e-02 3.948107655046576014e-02 4.076138871509625561e-02 4.195154893889716657e-02 4.305850276215673900e-02 4.408800355706272295e-02 4.504486652487584009e-02 4.593315641498570134e-02 4.675632889198060721e-02 4.751733874636693972e-02 4.821872390778762091e-02 4.886267147799437660e-02 4.945107018273388333e-02 4.998555240913981484e-02 5.046752814298472584e-02 5.089821252000883284e-02 5.127864827571470413e-02 5.160972406536670776e-02 5.189218939481995974e-02 5.212666672953471941e-02 5.231366121693698662e-02 5.245356835478656721e-02 5.254667985715715667e-02 5.259318790379065994e-02 5.259318790378977176e-02 5.254667985715693462e-02 5.245356835478678925e-02 5.231366121693643151e-02 5.212666672953660679e-02 5.189218939481984871e-02 5.160972406536615265e-02 5.127864827571481515e-02 5.089821252000805568e-02 5.046752814298516993e-02 4.998555240914036996e-02 4.945107018273421640e-02 4.886267147799459865e-02 4.821872390778817602e-02 4.751733874636727278e-02 4.675632889197971903e-02 4.593315641498547930e-02 4.504486652487695031e-02 4.408800355706327806e-02 4.305850276215718309e-02 4.195154893889672248e-02 4.076138871509536743e-02 3.948107655046531606e-02 3.810212350194796399e-02 3.661399904177358583e-02
6.432547044791943058e-01 3.313463361594448653e-02 3.453445275325010833e-02 3.582983058429105305e-02 3.703120245716923914e-02 3.814693305906129844e-02 3.918383393082192773e-02 4.014752490836455412e-02 4.104269340687625306e-02 4.187328472228803167e-02 4.264264448014537523e-02 4.335362709843090800e-02 4.400867960403107709e-02 4.460990723892730575e-02 4.515912538161707956e-02 4.565790102320335664e-02 4.610758615383002412e-02 4.650934479644133757e-02 4.686417498404604753e-02 4.717292665754891506e-02 4.743631622645488183e-02 4.765493835935358247e-02 4.782927543798724118e-02 4.795970500571868772e-02 4.804650546014420376e-02 4.808986017400482260e-02 4.808986017400559976e-02 4.804650546014475887e-02 4.795970500571791056e-02 4.782927543798724118e-02 4.765493835935336042e-02 4.743631622645477081e-02 4.717292665754913711e-02 4.686417498404604753e-02 4.650934479644178166e-02 4.610758615383057923e-02 4.565790102320357868e-02 4.515912538161741263e-02 4.460990723892730575e-02 4.400867960403152118e-02 4.335362709843035289e-02 4.264264448014570830e-02 4.187328472228825371e-02 4.104269340687636408e-02 4.014752490836422105e-02 3.918383393082214977e-02 3.814693305906118742e-02 3.703120245716901709e-02 3.582983058429116408e-02 3.453445275325010833e-02 3.313463361594370937e-02
6.494831698913332563e-01 2.987381812957492708e-02 3.118612972828467209e-02 3.239881644509472192e-02 3.352219029312674542e-02 3.456446838937468624e-02 3.553230927492619096e-02 3.643118384871481263e-02 3.726563926148150629e-02 3.803949122345798989e-02 3.875596706636502686e-02 3.941781408471130982e-02 4.002738286021460812e-02 4.058669220844929315e-02 4.109748038634532946e-02 4.156124586205431348e-02 4.197928003582745288e-02 4.235269366515313771e-02 4.268243829708369408e-02 4.296932368631223298e-02 4.321403193994943076e-02 4.341712895325136601e-02 4.357907356695741447e-02 4.370022477385114568e-02 4.378084722150835106e-02 4.382111519293557106e-02 4.382111519293579310e-02 4.378084722150835106e-02 4.370022477385103465e-02 4.357907356695674833e-02 4.341712895325158805e-02 4.321403193994743236e-02 4.296932368631245502e-02 4.268243829708369408e-02 4.235269366515258260e-02 4.197928003582734185e-02 4.156124586205497962e-02 4.109748038634510742e-02 4.058669220844896008e-02 4.002738286021427505e-02 3.941781408471197595e-02 3.875596706636447175e-02 3.803949122345798989e-02 3.726563926148117323e-02 3.643118384871536775e-02 3.553230927492619096e-02 3.456446838937468624e-02 3.352219029312707849e-02 3.239881644509405578e-02 3.118612972828467209e-02 2.987381812957492708e-02
6.557116353034720957e-01 2.681912884260407789e-02 2.804464998573215004e-02 2.917546248295088337e-02 3.022172323395312665e-02 3.119147598043508010e-02 3.209120554852421675e-02 3.292621731354939546e-02 3.370090485923353529e-02 3.441894360267919867e-02 3.508343392449950887e-02 3.569700896292585940e-02 3.626191711505934168e-02 3.678008606638384637e-02 3.725317308341193762e-02 3.768260492008841667e-02 3.806960974960851146e-02 3.841524288356464728e-02 3.872040758240032771e-02 3.898587193281339430e-02 3.921228252842883649e-02 3.940017551280111663e-02 3.954998541027051479e-02 3.966205206774310599e-02 3.973662595037404793e-02 3.977387196971096661e-02 3.977387196971085559e-02 3.973662595037449202e-02 3.966205206774288394e-02 3.954998541027051479e-02 3.940017551280133867e-02 3.921228252842661605e-02 3.898587193281361635e-02 3.872040758240210406e-02 3.841524288356553546e-02 3.806960974960884453e-02 3.768260492008897178e-02 3.725317308341271477e-02 3.678008606638473454e-02 3.626191711505900861e-02 3.569700896292563735e-02 3.508343392449873172e-02 3.441894360267875458e-02 3.370090485923331325e-02 3.292621731354961750e-02 3.209120554852343959e-02 3.119147598043496908e-02 3.022172323395279359e-02 2.917546248295055031e-02 2.804464998573270515e-02 2.681912884260407789e-02
6.619401007156109351e-01 2.458604864011507130e-02 2.575487565142301621e-02 2.683167826598096758e-02 2.782668634776099340e-02 2.874794942867447967e-02 2.960192265500155573e-02 3.039386376126007594e-02 3.112811061060504619e-02 3.180828045647120933e-02 3.243741628260887050e-02 3.301809639154565379e-02 3.355251786354244981e-02 3.404256104651851023e-02 3.448984001458399451e-02 3.489574246882382047e-02 3.526146156739185661e-02 3.558802149343070348e-02 3.587629809362942457e-02 3.612703558086807765e-02 3.634086004820321486e-02 3.651829035983171490e-02 3.665974684842170095e-02 3.676555814411749251e-02 3.683596637933986284e-02 3.687113094853761847e-02 3.687113094853673029e-02 3.683596637933986284e-02 3.676555814411682638e-02 3.665974684842203402e-02 3.651829035983249205e-02 3.634086004820310384e-02 3.612703558086785560e-02 3.587629809362831435e-02 3.558802149343070348e-02 3.526146156739196763e-02 3.489574246882382047e-02 3.448984001458466064e-02 3.404256104651828818e-02 3.355251786354267185e-02 3.301809639154421050e-02 3.243741628260887050e-02 3.180828045647043217e-02 3.112811061060449108e-02 3.039386376126018696e-02 2.960192265500155573e-02 2.874794942867447967e-02 2.782668634776066033e-02 2.683167826598052350e-02 2.575487565142290519e-02 2.458604864011507130e-02
6.681685661277498856e-01 2.342157599792676556e-02 2.458003171219098892e-02 2.564547687901671397e-02 2.662863529477878938e-02 2.753788859979709389e-02 2.837992131412071795e-02 2.916015309528598165e-02 2.988303819233164779e-02 3.055227877370011655e-02 3.117098055304771617e-02 3.174176865692977106e-02 3.226687541919245894e-02 3.274820791890838134e-02 3.318740061592499041e-02 3.358585682809028111e-02 3.394478171665440969e-02 3.426520870952871195e-02 3.454802077852978104e-02 3.479396762206232729e-02 3.500367954147166200e-02 3.517767860588393025e-02 3.531638755590287698e-02 3.542013678653515435e-02 3.548916966431104464e-02 3.552364636536416154e-02 3.552364636536393949e-02 3.548916966431093362e-02 3.542013678653648662e-02 3.531638755590287698e-02 3.517767860588448536e-02 3.500367954147121791e-02 3.479396762206266036e-02 3.454802077852944797e-02 3.426520870952837888e-02 3.394478171665463173e-02 3.358585682809017009e-02 3.318740061592499041e-02 3.274820791890871441e-02 3.226687541919179281e-02 3.174176865692943800e-02 3.117098055304727208e-02 3.055227877369967246e-02 2.988303819233120370e-02 2.916015309528620369e-02 2.837992131412038488e-02 2.753788859979720491e-02 2.662863529477867836e-02 2.564547687901626988e-02 2.458003171219198812e-02 2.342157599792665454e-02
6.743970315398887250e-01 2.230881040115674160e-02 2.345746267150096431e-02 2.451202105458039765e-02 2.548373853949733453e-02 2.638134871300056028e-02 2.721177691874395246e-02 2.798061144507614853e-02 2.869242687172993134e-02 2.935101257955229082e-02 2.995953831089087638e-02 3.052067670373632621e-02 3.103669565764699892e-02 3.150952906618672417e-02 3.194083172162833634e-02 3.233202242723456216e-02 3.268431817547177987e-02 3.299876145076414968e-02 3.327624216094281911e-02 3.351751530994877964e-02 3.372321524291103934e-02 3.389386708886099608e-02 3.402989587328711374e-02 3.413163365648428510e-02 3.419932496387372706e-02 3.423313070292973576e-02 3.423313070293062393e-02 3.419932496387383808e-02 3.413163365648484021e-02 3.402989587328678067e-02 3.389386708886199528e-02 3.372321524291126138e-02 3.351751530995022293e-02 3.327624216094204196e-02 3.299876145076348355e-02 3.268431817547133578e-02 3.233202242723456216e-02 3.194083172162755918e-02 3.150952906618628008e-02 3.103669565764666585e-02 3.052067670373610417e-02 2.995953831089009922e-02 2.935101257955251286e-02 2.869242687172959827e-02 2.798061144507603751e-02 2.721177691874317531e-02 2.638134871300056028e-02 2.548373853949744555e-02 2.451202105458106378e-02 2.345746267150052022e-02 2.230881040115585343e-02
6.806254969520275644e-01 2.124501990531308185e-02 2.238443489582590123e-02 2.342856899710206442e-02 2.438924323487669937e-02 2.527556470862942634e-02 2.609471190134181676e-02 2.685244888642521893e-02 2.755347475437987248e-02 2.820166852204354993e-02 2.880026532807276538e-02 2.935198604765489397e-02 2.985913448028628195e-02 3.032367143081212205e-02 3.074727197952573793e-02 3.113137029027019526e-02 3.147719502011816356e-02 3.178579752632830491e-02 3.205807446779051356e-02 3.229478597780729987e-02 3.249657028424703803e-02 3.266395543414190444e-02 3.279736861749758120e-02 3.289714346254230676e-02 3.296352558008026207e-02 3.299667655973130553e-02 3.299667655973152758e-02 3.296352558008004002e-02 3.289714346254297289e-02 3.279736861749747018e-02 3.266395543414290364e-02 3.249657028424681598e-02 3.229478597780574556e-02 3.205807446779062458e-02 3.178579752632797184e-02 3.147719502011738640e-02 3.113137029027041730e-02 3.074727197952607100e-02 3.032367143081190000e-02 2.985913448028594888e-02 2.935198604765433886e-02 2.880026532807243231e-02 2.820166852204377197e-02 2.755347475437987248e-02 2.685244888642466382e-02 2.609471190134181676e-02 2.527556470862842714e-02 2.438924323487681040e-02 2.342856899710239749e-02 2.238443489582623430e-02 2.124501990531274878e-02
6.868539623641665148e-01 2.022764569779772134e-02 2.135839090549353919e-02 2.239255722576170837e-02 2.334257661233205688e-02 2.421795316176771420e-02 2.502613175899115819e-02 2.577305989858232407e-02 2.646356561268583749e-02 2.710162011048094718e-02 2.769052536585937113e-02 2.823305125590652373e-02 2.873153783610784412e-02 2.918797293218012776e-02 2.960405187612892564e-02 2.998122407319935012e-02 3.032072968291199544e-02 3.062362875547524482e-02 3.089082451930898199e-02 3.112308206405099004e-02 3.132104334217857000e-02 3.148523917939315825e-02 3.161609881211890211e-02 3.171395734103544389e-02 3.177906139026426269e-02 3.181157318335319645e-02 3.181157318335408463e-02 3.177906139026470678e-02 3.171395734103566594e-02 3.161609881211979028e-02 3.148523917939449052e-02 3.132104334217768182e-02 3.112308206405099004e-02 3.089082451930920403e-02 3.062362875547502278e-02 3.032072968291132931e-02 2.998122407319890603e-02 2.960405187612848155e-02 2.918797293218023878e-02 2.873153783610773310e-02 2.823305125590663475e-02 2.769052536585948215e-02 2.710162011048094718e-02 2.646356561268605953e-02 2.577305989858187998e-02 2.502613175899160228e-02 2.421795316176749216e-02 2.334257661233183484e-02 2.239255722576193042e-02 2.135839090549387226e-02 2.022764569779772134e-02
6.930824277763053543e-01 1.925423374180032510e-02 2.037687723819618657e-02 2.140152476902449502e-02 2.234126666974572961e-02 2.320602963592345927e-02 2.400353924307216738e-02 2.473993455598336166e-02 2.542017724150174435e-02 2.604833339360953723e-02 2.662777333190346346e-02 2.716131673818596506e-02 2.765134030079471894e-02 2.809985898784551211e-02 2.850858835420636700e-02 2.887899293266046191e-02 2.921232422727362138e-02 2.950965080512493038e-02 2.977188228617325821e-02 2.999978854671906184e-02 3.019401510882606388e-02 3.035509544040842014e-02 3.048346070869221991e-02 3.057944739340872492e-02 3.064330306155621172e-02 3.067519052349434311e-02 3.067519052349478720e-02 3.064330306155621172e-02 3.057944739340872492e-02 3.048346070869233093e-02 3.035509544040897525e-02 3.019401510882628592e-02 2.999978854671839570e-02 2.977188228617414639e-02 2.950965080512470834e-02 2.921232422727262218e-02 2.887899293266046191e-02 2.850858835420658904e-02 2.809985898784584518e-02 2.765134030079416383e-02 2.716131673818574302e-02 2.662777333190401857e-02 2.604833339360887109e-02 2.542017724150107821e-02 2.473993455598347269e-02 2.400353924307183431e-02 2.320602963592301518e-02 2.234126666974473041e-02 2.140152476902416195e-02 2.037687723819618657e-02 1.925423374180032510e-02
6.993108931884441937e-01 1.832249267832265077e-02 1.943760699496165090e-02 2.045317997721125478e-02 2.138301298260830013e-02 2.223748326971712597e-02 2.302461252011150233e-02 2.375074007362158734e-02 2.442096620536935922e-02 2.503945473036933364e-02 2.560964589874337172e-02 2.613441003858250899e-02 2.661616086839995940e-02 2.705694063137152258e-02 2.745848508288131762e-02 2.782227377364843504e-02 2.814956939765353786e-02 2.844144886559651919e-02 2.869882801363279196e-02 2.892248133757115494e-02 2.911305777645098805e-02 2.927109330611855909e-02 2.939702091096438666e-02 2.949117835801670987e-02 2.955381408797624898e-02 2.958509145178384384e-02 2.958509145178384384e-02 2.955381408797502774e-02 2.949117835801593271e-02 2.939702091096427564e-02 2.927109330611800397e-02 2.911305777645132112e-02 2.892248133757326436e-02 2.869882801363201480e-02 2.844144886559718532e-02 2.814956939765331581e-02 2.782227377364843504e-02 2.745848508288076251e-02 2.705694063137141156e-02 2.661616086839929327e-02 2.613441003858250899e-02 2.560964589874281661e-02 2.503945473036888955e-02 2.442096620536958126e-02 2.375074007362136530e-02 2.302461252011161336e-02 2.223748326971645983e-02 2.138301298260730093e-02 2.045317997721081069e-02 1.943760699496176192e-02 1.832249267832287282e-02
7.055393586005831441e-01 1.749183992261878207e-02 1.860388856479046685e-02 1.961435412138742146e-02 2.053785936544661947e-02 2.138530135077190003e-02 2.216504416690540102e-02 2.288366003092940498e-02 2.354641175310435292e-02 2.415757902568029317e-02 2.472068618224972439e-02 2.523866547049136502e-02 2.571397677472025273e-02 2.614869711754598189e-02 2.654458868367682092e-02 2.690315125114347769e-02 2.722566308217423334e-02 2.751321311951393858e-02 2.776672652127991706e-02 2.798698500836963379e-02 2.817464310601228844e-02 2.833024108053152149e-02 2.845421516771822965e-02 2.854690553729329061e-02 2.860856232221089049e-02 2.863934995135407335e-02 2.863934995135340722e-02 2.860856232221244480e-02 2.854690553729284652e-02 2.845421516771800760e-02 2.833024108053185455e-02 2.817464310601339866e-02 2.798698500836785744e-02 2.776672652128124932e-02 2.751321311951515983e-02 2.722566308217467743e-02 2.690315125114347769e-02 2.654458868367626581e-02 2.614869711754598189e-02 2.571397677471980864e-02 2.523866547049147604e-02 2.472068618224950234e-02 2.415757902568018214e-02 2.354641175310390883e-02 2.288366003092918294e-02 2.216504416690517898e-02 2.138530135077201105e-02 2.053785936544606436e-02 1.961435412138586715e-02 1.860388856479013378e-02 1.749183992261722775e-02
7.117678240127219835e-01 1.698934785675580358e-02 1.811844677620774724e-02 1.914191164961107083e-02 2.007553563312641440e-02 2.093097779928038138e-02 2.171712119914726014e-02 2.244090443993335127e-02 2.310785673393366685e-02 2.372245626703561872e-02 2.428837833412302374e-02 2.480867200115944096e-02 2.528588888462445644e-02 2.572217893413668299e-02 2.611936290717540438e-02 2.647898801400384861e-02 2.680237116681299589e-02 2.709063293064773240e-02 2.734472437878037593e-02 2.756544844290369570e-02 2.775347692077344969e-02 2.790936399960607800e-02 2.803355693246531444e-02 2.812640434128737404e-02 2.818816249620927084e-02 2.821899982444146457e-02 2.821899982444046537e-02 2.818816249620927084e-02 2.812640434128759609e-02 2.803355693246442626e-02 2.790936399960607800e-02 2.775347692077400480e-02 2.756544844290358467e-02 2.734472437878170820e-02 2.709063293064762137e-02 2.680237116681343998e-02 2.647898801400384861e-02 2.611936290717540438e-02 2.572217893413679402e-02 2.528588888462423440e-02 2.480867200115955198e-02 2.428837833412269068e-02 2.372245626703561872e-02 2.310785673393399992e-02 2.244090443993213002e-02 2.171712119914748218e-02 2.093097779928038138e-02 2.007553563312708053e-02 1.914191164961040470e-02 1.811844677620808031e-02 1.698934785675580358e-02
7.179962894248609340e-01 1.649488533609139509e-02 1.764191935978093317e-02 1.867896771106060394e-02 1.962311410442866763e-02 2.048684603210840921e-02 2.127960443616896610e-02 2.200871823315312184e-02 2.267999830170036243e-02 2.329813137051512176e-02 2.386695048515298512e-02 2.438962621761731411e-02 2.486880521310029860e-02 2.530671270264407691e-02 2.570522972018447413e-02 2.606595215462424384e-02 2.639023648827068178e-02 2.667923559265192660e-02 2.693392696763875424e-02 2.715513513918905997e-02 2.734354946518788992e-02 2.749973826863291379e-02 2.762415997877072996e-02 2.771717178474279730e-02 2.777903617348967055e-02 2.780992562063606607e-02 2.780992562063628812e-02 2.777903617348944851e-02 2.771717178474290832e-02 2.762415997876984178e-02 2.749973826863335788e-02 2.734354946518766788e-02 2.715513513918883792e-02 2.693392696763875424e-02 2.667923559265225966e-02 2.639023648826957155e-02 2.606595215462402179e-02 2.570522972018391902e-02 2.530671270264452100e-02 2.486880521309952144e-02 2.438962621761820229e-02 2.386695048515243001e-02 2.329813137051489971e-02 2.267999830170036243e-02 2.200871823315278877e-02 2.127960443616885508e-02 2.048684603210840921e-02 1.962311410442822354e-02 1.867896771106060394e-02 1.764191935978082215e-02 1.649488533609161714e-02
7.242247548369997734e-01 1.600788097569654303e-02 1.717379870049463852e-02 1.822504695752691015e-02 1.918013611029320206e-02 2.005245585184404350e-02 2.085204763289173063e-02 2.158665655303606407e-02 2.226239150719934445e-02 2.288415844275250299e-02 2.345595531880000084e-02 2.398107912982855999e-02 2.446227498955799023e-02 2.490184585646780524e-02 2.530173480423533044e-02 2.566358768621924275e-02 2.598880150141750014e-02 2.627856213002180419e-02 2.653387402230830000e-02 2.675558369060365010e-02 2.694439834659256849e-02 2.710090066823068328e-02 2.722556042288228062e-02 2.731874348400903374e-02 2.738071863640544404e-02 2.741166245508155908e-02 2.741166245508111499e-02 2.738071863640499995e-02 2.731874348400925578e-02 2.722556042288172551e-02 2.710090066823001714e-02 2.694439834659234645e-02 2.675558369060398317e-02 2.653387402230752284e-02 2.627856213002091601e-02 2.598880150141738912e-02 2.566358768621902070e-02 2.530173480423499738e-02 2.490184585646824933e-02 2.446227498955799023e-02 2.398107912982733875e-02 2.345595531880077800e-02 2.288415844275239197e-02 2.226239150719912241e-02 2.158665655303684122e-02 2.085204763289106450e-02 2.005245585184426554e-02 1.918013611029342411e-02 1.822504695752657708e-02 1.717379870049430546e-02 1.600788097569687610e-02
7.304532202491387238e-01 1.552780324667069403e-02 1.671362801730639017e-02 1.777973117598759256e-02 1.874620440656869433e-02 1.962742180021385952e-02 2.043407206510808316e-02 2.117434451630175948e-02 2.185466360058982427e-02 2.248016583802657162e-02 2.305502166521155791e-02 2.358265965944455339e-02 2.406592699465179980e-02 2.450720689918166675e-02 2.490850631202285587e-02 2.527152237761381287e-02 2.559769358531015226e-02 2.588823954429198687e-02 2.614419219133540251e-02 2.636642042560801216e-02 2.655564961198992463e-02 2.671247700650238380e-02 2.683738387926397698e-02 2.693074490698126044e-02 2.699283525455141441e-02 2.702383564805492869e-02 2.702383564805426255e-02 2.699283525455141441e-02 2.693074490698192658e-02 2.683738387926397698e-02 2.671247700650282789e-02 2.655564961199014667e-02 2.636642042560756807e-02 2.614419219133573558e-02 2.588823954429132074e-02 2.559769358530981920e-02 2.527152237761381287e-02 2.490850631202318893e-02 2.450720689918211084e-02 2.406592699465191082e-02 2.358265965944399828e-02 2.305502166521166893e-02 2.248016583802657162e-02 2.185466360059049040e-02 2.117434451630120437e-02 2.043407206510808316e-02 1.962742180021274929e-02 1.874620440656836126e-02 1.777973117598770358e-02 1.671362801730594608e-02 1.552780324667091608e-02
7.366816856612775632e-01 1.505412384725318166e-02 1.626096348715712001e-02 1.734261951139775410e-02 1.832094135894629314e-02 1.921137932692185135e-02 2.002532075600559416e-02 2.077142958928590230e-02 2.145646465203392139e-02 2.208580512176629151e-02 2.266380190495039665e-02 2.319402058063141370e-02 2.367941413455605312e-02 2.412244870837234115e-02 2.452519699683796545e-02 2.488940880441295467e-02 2.521656511241490012e-02 2.550791999798004278e-02 2.576453343304022439e-02 2.598729711257381433e-02 2.617695485985279541e-02 2.633411873601896810e-02 2.645928168126422328e-02 2.655282729628074406e-02 2.661503720948086085e-02 2.664609635040781493e-02 2.664609635040737085e-02 2.661503720948108290e-02 2.655282729628074406e-02 2.645928168126411226e-02 2.633411873601874606e-02 2.617695485985279541e-02 2.598729711257403638e-02 2.576453343304177870e-02 2.550791999798026483e-02 2.521656511241478910e-02 2.488940880441328773e-02 2.452519699683796545e-02 2.412244870837278524e-02 2.367941413455627517e-02 2.319402058063163574e-02 2.266380190495039665e-02 2.208580512176584743e-02 2.145646465203414344e-02 2.077142958928523617e-02 2.002532075600515007e-02 1.921137932692129624e-02 1.832094135894629314e-02 1.734261951139853125e-02 1.626096348715678694e-02 1.505412384725262655e-02
7.429101510734164027e-01 1.458628675849052946e-02 1.581534220424384019e-02 1.691329454196464910e-02 1.790395297899496224e-02 1.880394681401851772e-02 1.962541857239418625e-02 2.037753985588693084e-02 2.106742409454741630e-02 2.170070599076526566e-02 2.228192536717208544e-02 2.281479049491237643e-02 2.330236408966293582e-02 2.374719795417663468e-02 2.415143249610268369e-02 2.451687159214136283e-02 2.484503974566852277e-02 2.513722625975256184e-02 2.539451970294192076e-02 2.561783498371191306e-02 2.580793469491408573e-02 2.596544593399728595e-02 2.609087348138734719e-02 2.618460998442985813e-02 2.624694361975989446e-02 2.627806357354391109e-02 2.627806357354402211e-02 2.624694361975945037e-02 2.618460998443052426e-02 2.609087348138768025e-02 2.596544593399750800e-02 2.580793469491319755e-02 2.561783498371191306e-02 2.539451970293903418e-02 2.513722625975289490e-02 2.484503974566863380e-02 2.451687159214136283e-02 2.415143249610235063e-02 2.374719795417674570e-02 2.330236408966249173e-02 2.281479049491204336e-02 2.228192536717308464e-02 2.170070599076537668e-02 2.106742409454708323e-02 2.037753985588681982e-02 1.962541857239418625e-02 1.880394681401785159e-02 1.790395297899518429e-02 1.691329454196431603e-02 1.581534220424406223e-02 1.458628675848997434e-02
7.491386164855553531e-01 1.412373714230508170e-02 1.537631569229562165e-02 1.649135899909440900e-02 1.749486830299561146e-02 1.840476732951036934e-02 1.923401616498045599e-02 1.999232999658567128e-02 2.068719861303553592e-02 2.132452595365176215e-02 2.190904968887042933e-02 2.244462676015544431e-02 2.293443370656046698e-02 2.338111084894677408e-02 2.378686833429639533e-02 2.415356556848484784e-02 2.448277163630200801e-02 2.477581184409500398e-02 2.503380393144794339e-02 2.525768644679561581e-02 2.544824106967619876e-02 2.560611016908893173e-02 2.573181053862312259e-02 2.582574399681362293e-02 2.588820535442513601e-02 2.591938810815827207e-02 2.591938810815860514e-02 2.588820535442491397e-02 2.582574399681317884e-02 2.573181053862245646e-02 2.560611016908959786e-02 2.544824106967619876e-02 2.525768644679572683e-02 2.503380393144761032e-02 2.477581184409533704e-02 2.448277163630134187e-02 2.415356556848451478e-02 2.378686833429628431e-02 2.338111084894666306e-02 2.293443370655991187e-02 2.244462676015522226e-02 2.190904968886987422e-02 2.132452595365154011e-02 2.068719861303498081e-02 1.999232999658511617e-02 1.923401616498067804e-02 1.840476732951036934e-02 1.749486830299527840e-02 1.649135899909551922e-02 1.537631569229451142e-02 1.412373714230541477e-02
7.553670818976941925e-01 1.366590171447133913e-02 1.494343099368288831e-02 1.607641619323190232e-02 1.709331879981351721e-02 1.801348694598815109e-02 1.885076721410533854e-02 1.961545750618625891e-02 2.031544738797822977e-02 2.095692465685289677e-02 2.154483427951850785e-02 2.208318814969039909e-02 2.257528090668897355e-02 2.302384435989414391e-02 2.343116049355087327e-02 2.379914574547746520e-02 2.412941487105245073e-02 2.442332997689605420e-02 2.468203856112577421e-02 2.490650324738099761e-02 2.509752512497567811e-02 2.525576207375123880e-02 2.538174307614482830e-02 2.547587924827642708e-02 2.553847212217414883e-02 2.556971955969781010e-02 2.556971955969747703e-02 2.553847212217437088e-02 2.547587924827598299e-02 2.538174307614427319e-02 2.525576207375101676e-02 2.509752512497512300e-02 2.490650324738044250e-02 2.468203856112533012e-02 2.442332997689594318e-02 2.412941487105367197e-02 2.379914574547746520e-02 2.343116049355087327e-02 2.302384435989403288e-02 2.257528090668875151e-02 2.208318814968951091e-02 2.154483427951828581e-02 2.095692465685245268e-02 2.031544738797789670e-02 1.961545750618770220e-02 1.885076721410533854e-02 1.801348694598726291e-02 1.709331879981307312e-02 1.607641619323201335e-02 1.494343099368177809e-02 1.366590171447178322e-02
7.615955473098330319e-01 1.327739892821149653e-02 1.458784188077263955e-02 1.574532866485229762e-02 1.678124710525848856e-02 1.771662029343118103e-02 1.856633106763291158e-02 1.934135686376595165e-02 2.005005346107522138e-02 2.069894025511336347e-02 2.129320507778835123e-02 2.183704204506716970e-02 2.233388528438267837e-02 2.278657517271382230e-02 2.319747936336369679e-02 2.356858264864897246e-02 2.390155479430837449e-02 2.419780244786947851e-02 2.445850929209235011e-02 2.468466735136240486e-02 2.487710151234017938e-02 2.503648873941320338e-02 2.516337305840405519e-02 2.525817708999900449e-02 2.532121069985827574e-02 2.535267717013272790e-02 2.535267717013217278e-02 2.532121069985738757e-02 2.525817708999867142e-02 2.516337305840372213e-02 2.503648873941320338e-02 2.487710151233995734e-02 2.468466735136218282e-02 2.445850929209190602e-02 2.419780244786970055e-02 2.390155479430837449e-02 2.356858264864941654e-02 2.319747936336325270e-02 2.278657517271348923e-02 2.233388528438234530e-02 2.183704204506839094e-02 2.129320507778846225e-02 2.069894025511336347e-02 2.005005346107477729e-02 1.934135686376595165e-02 1.856633106763246749e-02 1.771662029343140307e-02 1.678124710525882163e-02 1.574532866485185353e-02 1.458784188077263955e-02 1.327739892821216267e-02
7.678240127219719824e-01 1.289406292297747003e-02 1.424005450742285399e-02 1.542377839896332675e-02 1.647995918621624617e-02 1.743148938673774392e-02 1.829439080256653125e-02 1.908037923353393325e-02 1.979831256837084885e-02 2.045506484326495289e-02 2.105608217562685014e-02 2.160575158757023842e-02 2.210765431651759080e-02 2.256474488075358234e-02 2.297948076479765234e-02 2.335391827863879388e-02 2.368978463726727907e-02 2.398853293107835322e-02 2.425138452283529325e-02 2.447936201879131329e-02 2.467331503607572002e-02 2.483394035681433035e-02 2.496179761846241407e-02 2.505732137499533385e-02 2.512083013305572640e-02 2.515253279353214799e-02 2.515253279353148186e-02 2.512083013305550436e-02 2.505732137499455670e-02 2.496179761846185896e-02 2.483394035681477444e-02 2.467331503607594206e-02 2.447936201879109125e-02 2.425138452283507121e-02 2.398853293107835322e-02 2.368978463726783418e-02 2.335391827863923797e-02 2.297948076479743029e-02 2.256474488075358234e-02 2.210765431651759080e-02 2.160575158756990535e-02 2.105608217562651707e-02 2.045506484326417573e-02 1.979831256837029374e-02 1.908037923353371121e-02 1.829439080256630920e-02 1.743148938673818801e-02 1.647995918621524697e-02 1.542377839896343777e-02 1.424005450742252092e-02 1.289406292297702594e-02
7.740524781341108218e-01 1.250776202553712316e-02 1.389143307243624788e-02 1.510259073294307509e-02 1.617975949063722371e-02 1.714791034375489145e-02 1.802430977971690440e-02 1.882147005110941518e-02 1.954878515718177709e-02 2.021350469224198615e-02 2.082134645428695974e-02 2.137689923639089426e-02 2.188389741538417435e-02 2.234541384703687614e-02 2.276399882461220894e-02 2.314178232342573374e-02 2.348055057822767341e-02 2.378180428373618052e-02 2.404680334926237104e-02 2.427660161334456099e-02 2.447207391308994784e-02 2.463393721600122543e-02 2.476276704475891682e-02 2.485901008591955008e-02 2.492299362595462586e-02 2.495493227226551480e-02 2.495493227226618094e-02 2.492299362595451484e-02 2.485901008591977213e-02 2.476276704475958296e-02 2.463393721600144748e-02 2.447207391308872659e-02 2.427660161334489405e-02 2.404680334926226001e-02 2.378180428373584746e-02 2.348055057822734035e-02 2.314178232342639988e-02 2.276399882461254201e-02 2.234541384703676511e-02 2.188389741538361924e-02 2.137689923639033915e-02 2.082134645428662667e-02 2.021350469224209717e-02 1.954878515718177709e-02 1.882147005111019233e-02 1.802430977971690440e-02 1.714791034375466941e-02 1.617975949063755678e-02 1.510259073294251998e-02 1.389143307243624788e-02 1.250776202553667907e-02
7.802809435462496612e-01 1.211799943215032156e-02 1.354172516707569107e-02 1.478161925633721639e-02 1.588055324206950891e-02 1.686581562206418763e-02 1.775603566237708708e-02 1.856458583160926212e-02 1.930143305713282950e-02 1.997422489521604241e-02 2.058896504293006649e-02 2.115045340349424458e-02 2.166258380468188971e-02 2.212855180816841738e-02 2.255100360087466602e-02 2.293214503926744099e-02 2.327382299220945652e-02 2.357758694873621913e-02 2.384473624995698746e-02 2.407635662946493171e-02 2.427334864200889411e-02 2.443644981351676335e-02 2.456625182903135474e-02 2.466321370928460308e-02 2.472767166088643206e-02 2.475984608638260101e-02 2.475984608638204590e-02 2.472767166088598798e-02 2.466321370928449205e-02 2.456625182903179883e-02 2.443644981351631926e-02 2.427334864200911616e-02 2.407635662946537580e-02 2.384473624995743155e-02 2.357758694873666322e-02 2.327382299220934550e-02 2.293214503926721895e-02 2.255100360087477704e-02 2.212855180816875045e-02 2.166258380468288891e-02 2.115045340349335640e-02 2.058896504292995547e-02 1.997422489521626446e-02 1.930143305713316257e-02 1.856458583160981723e-02 1.775603566237664299e-02 1.686581562206485377e-02 1.588055324206961993e-02 1.478161925633754946e-02 1.354172516707535801e-02 1.211799943215032156e-02
7.865094089583886117e-01 1.172420241106313099e-02 1.319064248021736829e-02 1.446069403430070427e-02 1.558222624692999665e-02 1.658511945666537105e-02 1.748949795091539819e-02 1.830966452183565435e-02 1.905619893588913691e-02 1.973717072393679425e-02 2.035888458097518186e-02 2.092636136135609184e-02 2.144366095098979019e-02 2.191410616481238860e-02 2.234044227907605942e-02 2.272495331697391846e-02 2.306954844044650788e-02 2.337582715167342215e-02 2.364512912762356533e-02 2.387857267205732367e-02 2.407708456316353177e-02 2.424142326369438036e-02 2.437219690171502431e-02 2.446987703601483793e-02 2.453480893508003594e-02 2.456721888606771403e-02 2.456721888606771403e-02 2.453480893508014696e-02 2.446987703601439385e-02 2.437219690171524636e-02 2.424142326369438036e-02 2.407708456316286563e-02 2.387857267205687958e-02 2.364512912762356533e-02 2.337582715167320010e-02 2.306954844044606379e-02 2.272495331697414050e-02 2.234044227907528227e-02 2.191410616481227758e-02 2.144366095099012326e-02 2.092636136135598082e-02 2.035888458097529288e-02 1.973717072393612812e-02 1.905619893588913691e-02 1.830966452183565435e-02 1.748949795091562023e-02 1.658511945666526002e-02 1.558222624692966359e-02 1.446069403430059325e-02 1.319064248021703523e-02 1.172420241106335304e-02
7.927378743705275621e-01 1.132574854431017686e-02 1.283790195168301243e-02 1.413966988148773578e-02 1.528469821228431273e-02 1.630577540765592096e-02 1.722466931252122566e-02 1.805669029720971888e-02 1.881307430721449597e-02 1.950233862256281481e-02 2.013110499055151270e-02 2.070462559868828378e-02 2.122713331543881962e-02 2.170208294774727403e-02 2.213232217499956286e-02 2.252021554701936004e-02 2.286773622521531477e-02 2.317653497436664850e-02 2.344799273129289513e-02 2.368326105806417212e-02 2.388329347065475464e-02 2.404886975262617022e-02 2.418061475935324653e-02 2.427901279388965800e-02 2.434441832979153744e-02 2.437706362912428135e-02 2.437706362912428135e-02 2.434441832979109335e-02 2.427901279388988004e-02 2.418061475935369062e-02 2.404886975262594817e-02 2.388329347065475464e-02 2.368326105806361701e-02 2.344799273129211797e-02 2.317653497436687055e-02 2.286773622521498170e-02 2.252021554701991515e-02 2.213232217499967389e-02 2.170208294774760710e-02 2.122713331543904167e-02 2.070462559868795072e-02 2.013110499055117963e-02 1.950233862256225970e-02 1.881307430721538415e-02 1.805669029721027399e-02 1.722466931252055952e-02 1.630577540765592096e-02 1.528469821228486784e-02 1.413966988148862396e-02 1.283790195168223527e-02 1.132574854431039890e-02
7.989663397826664015e-01 1.092190357681637435e-02 1.248317028461312476e-02 1.381836851412803630e-02 1.498786093498684358e-02 1.602771040006310474e-02 1.696149561276812101e-02 1.780561980425728053e-02 1.857202221678006665e-02 1.926969556519000232e-02 1.990559572639969202e-02 2.048521717581960888e-02 2.101297302141579004e-02 2.149245499970610027e-02 2.192661662879758291e-02 2.231790542109781880e-02 2.266836029212149911e-02 2.297968454967211013e-02 2.325330133447776546e-02 2.349039616815225620e-02 2.369194982733739685e-02 2.385876380598897159e-02 2.399147997471744870e-02 2.409059558939080289e-02 2.415647447327643957e-02 2.418935495450748319e-02 2.418935495450770523e-02 2.415647447327621752e-02 2.409059558939102494e-02 2.399147997471700461e-02 2.385876380598952670e-02 2.369194982733806298e-02 2.349039616815125700e-02 2.325330133447754341e-02 2.297968454967233218e-02 2.266836029212138809e-02 2.231790542109748574e-02 2.192661662879758291e-02 2.149245499970587822e-02 2.101297302141567902e-02 2.048521717581883173e-02 1.990559572639880384e-02 1.926969556519022436e-02 1.857202221678039972e-02 1.780561980425728053e-02 1.696149561276789897e-02 1.602771040006288270e-02 1.498786093498651051e-02 1.381836851412759221e-02 1.248317028461312476e-02 1.092190357681604128e-02
8.051948051948052409e-01 1.051181182708060477e-02 1.212607214881967696e-02 1.349659150523829614e-02 1.469159334236178928e-02 1.575084110489454597e-02 1.669991336312280292e-02 1.755640054147368165e-02 1.833299647248540221e-02 1.903919907134639378e-02 1.968231652111048988e-02 2.026809714875164176e-02 2.080114190895656842e-02 2.128518461315365151e-02 2.172328818010995852e-02 2.211798559914932363e-02 2.247138334395216638e-02 2.278523857733383631e-02 2.306101760832853648e-02 2.329994063251030270e-02 2.350301621867483329e-02 2.367106796633972748e-02 2.380475505290617286e-02 2.390458789792284516e-02 2.397093982046703126e-02 2.400405530671534740e-02 2.400405530671556945e-02 2.397093982046692023e-02 2.390458789792284516e-02 2.380475505290683899e-02 2.367106796633961646e-02 2.350301621867538840e-02 2.329994063251052475e-02 2.306101760832853648e-02 2.278523857733450245e-02 2.247138334395216638e-02 2.211798559914910159e-02 2.172328818010940341e-02 2.128518461315409560e-02 2.080114190895612433e-02 2.026809714875042051e-02 1.968231652111048988e-02 1.903919907134561662e-02 1.833299647248551323e-02 1.755640054147312654e-02 1.669991336312346905e-02 1.575084110489421291e-02 1.469159334236145621e-02 1.349659150523751898e-02 1.212607214881967696e-02 1.051181182708082681e-02
