nan -7.000000000000000000e+00 -6.714285714285714413e+00 -6.428571428571428825e+00 -6.142857142857143238e+00 -5.857142857142857650e+00 -5.571428571428571175e+00 -5.285714285714285587e+00 -5.000000000000000000e+00 -4.714285714285714413e+00 -4.428571428571428825e+00 -4.142857142857143238e+00 -3.857142857142857206e+00 -3.571428571428571619e+00 -3.285714285714286031e+00 -3.000000000000000000e+00 -2.714285714285714413e+00 -2.428571428571428825e+00 -2.142857142857143238e+00 -1.857142857142857650e+00 -1.571428571428572063e+00 -1.285714285714286476e+00 -1.000000000000000000e+00 -7.142857142857144126e-01 -4.285714285714288252e-01 -1.428571428571432378e-01 1.428571428571423496e-01 4.285714285714279370e-01 7.142857142857135244e-01 1.000000000000000000e+00 1.285714285714284699e+00 1.571428571428571175e+00 1.857142857142855874e+00 2.142857142857142350e+00 2.428571428571428825e+00 2.714285714285713524e+00 3.000000000000000000e+00 3.285714285714284699e+00 3.571428571428571175e+00 3.857142857142855874e+00 4.142857142857142350e+00 4.428571428571427049e+00 4.714285714285713524e+00 5.000000000000000000e+00 5.285714285714284699e+00 5.571428571428571175e+00 5.857142857142855874e+00 6.142857142857142350e+00 6.428571428571427049e+00 6.714285714285713524e+00 7.000000000000000000e+00
5.000000000000000000e-01 4.823446312141425607e-01 4.810541390959074404e-01 4.813113495122773311e-01 4.842285229719533457e-01 4.886278674381023812e-01 4.931709950207447957e-01 4.971966575349401896e-01 5.005804048087920677e-01 5.034430347815572748e-01 5.059789786901764952e-01 5.083909474052629163e-01 5.108806962831504705e-01 5.136693255683900672e-01 5.170461378889136261e-01 5.214800000567552107e-01 5.279434417140903557e-01 5.394074303524499792e-01 5.862777916012288371e-01 6.038828179564429410e-01 6.023639605100991057e-01 5.803159065246281667e-01 5.423253576511223306e-01 5.012423099534274451e-01 4.693581074352676796e-01 4.526710765731115083e-01 4.526710765731113972e-01 4.693581074352670135e-01 5.012423099534268900e-01 5.423253576511218865e-01 5.803159065246277226e-01 6.023639605100986616e-01 6.038828179564418308e-01 5.862777916012290591e-01 5.394074303524493130e-01 5.279434417140912439e-01 5.214800000567548777e-01 5.170461378889131820e-01 5.136693255683892900e-01 5.108806962831511367e-01 5.083909474052623612e-01 5.059789786901772723e-01 5.034430347815583850e-01 5.005804048087942881e-01 4.971966575349391904e-01 4.931709950207450177e-01 4.886278674381026033e-01 4.842285229719520134e-01 4.813113495122769980e-01 4.810541390959073293e-01 4.823446312141424497e-01
5.062284654121388394e-01 4.463105471629117416e-01 4.691242424835263547e-01 4.868904635962894578e-01 4.983159570421170637e-01 5.045934854924355450e-01 5.075753475979694063e-01 5.087669276466311175e-01 5.091616557422566913e-01 5.093745795373622043e-01 5.098001248201228242e-01 5.107319146429295520e-01 5.124554102202376615e-01 5.153451676539817505e-01 5.200266437028380206e-01 5.277777083088021071e-01 5.419964834383633745e-01 5.808078202368203158e-01 6.683793622002789370e-01 6.652182714282982579e-01 6.173454910360047787e-01 5.495477972236635367e-01 4.899127954084255276e-01 4.489713793435327616e-01 4.251253822223038936e-01 4.143989986341172771e-01 4.143989986341183873e-01 4.251253822223043377e-01 4.489713793435326505e-01 4.899127954084253056e-01 5.495477972236647579e-01 6.173454910360051118e-01 6.652182714282962595e-01 6.683793622002779378e-01 5.808078202368223142e-01 5.419964834383629304e-01 5.277777083088021071e-01 5.200266437028361333e-01 5.153451676539825277e-01 5.124554102202368844e-01 5.107319146429313284e-01 5.098001248201248226e-01 5.093745795373616492e-01 5.091616557422572464e-01 5.087669276466323387e-01 5.075753475979728480e-01 5.045934854924357671e-01 4.983159570421169526e-01 4.868904635962877925e-01 4.691242424835264657e-01 4.463105471629121856e-01
5.124569308242777899e-01 4.568116023641439760e-01 5.062201240232117039e-01 5.332117379051378725e-01 5.421602429036354032e-01 5.413739257553106254e-01 5.366375947420053416e-01 5.309819785883003185e-01 5.258078805012988965e-01 5.217359798826283201e-01 5.190748996205536425e-01 5.180714774810145640e-01 5.190816695888612609e-01 5.227789405843047410e-01 5.306025891102698067e-01 5.461810690776041088e-01 5.828707862066464518e-01 7.522780592898126173e-01 7.180262855166710256e-01 6.161627296028878709e-01 5.207503986235254567e-01 4.563410433063366800e-01 4.177574950769798456e-01 3.957166432302844372e-01 3.838431727804076377e-01 3.786521107551219512e-01 3.786521107551216181e-01 3.838431727804083038e-01 3.957166432302842152e-01 4.177574950769805118e-01 4.563410433063361249e-01 5.207503986235255677e-01 6.161627296028877598e-01 7.180262855166729130e-01 7.522780592898147267e-01 5.828707862066448975e-01 5.461810690776053301e-01 5.306025891102702507e-01 5.227789405843051851e-01 5.190816695888612609e-01 5.180714774810157852e-01 5.190748996205555299e-01 5.217359798826294304e-01 5.258078805013005619e-01 5.309819785882989862e-01 5.366375947420050085e-01 5.413739257553101814e-01 5.421602429036372905e-01 5.332117379051398709e-01 5.062201240232102606e-01 4.568116023641445311e-01
5.186853962364166293e-01 5.265246526305630281e-01 6.057885911338808382e-01 6.289952563262670715e-01 6.202650700148542029e-01 6.006521627233415428e-01 5.801712051344395382e-01 5.623743985472332563e-01 5.481384939120966804e-01 5.374560961029443140e-01 5.301645685145331965e-01 5.262603063796382763e-01 5.261275550249300270e-01 5.309371464450456379e-01 5.437944730789061598e-01 5.745750106680634905e-01 6.944440335299641998e-01 7.286872787418444686e-01 5.715188624381848381e-01 4.697778372117524248e-01 4.123857467885607697e-01 3.804314582203078832e-01 3.623690922646805590e-01 3.521094696983076977e-01 3.465243169762122211e-01 3.440560114560348715e-01 3.440560114560346494e-01 3.465243169762126652e-01 3.521094696983064765e-01 3.623690922646810031e-01 3.804314582203084383e-01 4.123857467885624351e-01 4.697778372117536461e-01 5.715188624381856153e-01 7.286872787418380293e-01 6.944440335299644218e-01 5.745750106680624913e-01 5.437944730789054937e-01 5.309371464450441946e-01 5.261275550249285837e-01 5.262603063796376102e-01 5.301645685145326414e-01 5.374560961029450912e-01 5.481384939120966804e-01 5.623743985472338114e-01 5.801712051344413146e-01 6.006521627233408767e-01 6.202650700148567564e-01 6.289952563262669605e-01 6.057885911338813933e-01 5.265246526305634722e-01
5.249138616485555797e-01 5.340888180385489070e-01 6.611391541652248405e-01 7.153260718283047659e-01 7.065545739875329634e-01 6.722822227073631529e-01 6.352173174278968881e-01 6.032987878111523150e-01 5.780104402567715072e-01 5.588853211763307183e-01 5.451907930076147490e-01 5.365152484016332268e-01 5.331076538049031033e-01 5.365194725073595405e-01 5.518591469804198235e-01 6.012914709882001274e-01 7.027025379451669052e-01 5.157051704230830591e-01 4.265403132370900741e-01 3.808045270398905946e-01 3.559646036598387298e-01 3.418434750186572502e-01 3.335797635870184075e-01 3.287276436041781102e-01 3.260167690334995760e-01 3.247989841551785495e-01 3.247989841551786605e-01 3.260167690335004642e-01 3.287276436041787764e-01 3.335797635870184075e-01 3.418434750186574722e-01 3.559646036598389518e-01 3.808045270398897064e-01 4.265403132370936268e-01 5.157051704230800615e-01 7.027025379451719012e-01 6.012914709882003494e-01 5.518591469804199345e-01 5.365194725073590964e-01 5.331076538049019931e-01 5.365152484016334489e-01 5.451907930076135278e-01 5.588853211763319395e-01 5.780104402567716182e-01 6.032987878111532032e-01 6.352173174278997747e-01 6.722822227073645962e-01 7.065545739875325193e-01 7.153260718283072084e-01 6.611391541652257287e-01 5.340888180385504613e-01
5.311423270606944191e-01 4.264468342135842582e-01 5.243480886352239745e-01 6.222745384269389168e-01 6.742195496306994107e-01 6.736208850685400096e-01 6.458865150614524486e-01 6.121985677362170586e-01 5.815932723591283882e-01 5.564625121612876146e-01 5.368783975314734835e-01 5.225045838502621054e-01 5.134588838339005923e-01 5.112551024258907839e-01 5.221255062684866388e-01 5.947436928050821026e-01 4.748837910733264001e-01 3.986220789038631973e-01 3.623738826062040119e-01 3.429600614371852152e-01 3.318510477018451477e-01 3.252230499489109916e-01 3.211816056561223043e-01 3.187290988733132990e-01 3.173251982474284971e-01 3.166850226188925865e-01 3.166850226188934747e-01 3.173251982474287192e-01 3.187290988733137431e-01 3.211816056561228594e-01 3.252230499489109916e-01 3.318510477018448146e-01 3.429600614371849931e-01 3.623738826062029017e-01 3.986220789038644186e-01 4.748837910733265111e-01 5.947436928050818805e-01 5.221255062684888593e-01 5.112551024258925603e-01 5.134588838339004813e-01 5.225045838502635487e-01 5.368783975314718182e-01 5.564625121612886138e-01 5.815932723591277220e-01 6.121985677362199452e-01 6.458865150614482298e-01 6.736208850685421190e-01 6.742195496306990776e-01 6.222745384269375846e-01 5.243480886352240855e-01 4.264468342135829260e-01
5.373707924728332586e-01 3.834445683399226867e-01 4.251206188728808844e-01 4.860481663236167482e-01 5.473497986818431915e-01 5.819012438617043870e-01 5.828567808053440880e-01 5.636687871803862659e-01 5.381769160530853746e-01 5.134455611874927383e-01 4.919672467781389114e-01 4.744204416425028548e-01 4.612786364920066218e-01 4.541985385879091508e-01 4.609282645231247422e-01 4.516477978887402656e-01 3.788428143481705757e-01 3.491019509110044328e-01 3.335813277580356728e-01 3.246843307601647299e-01 3.192927762047024776e-01 3.159107315997577992e-01 3.137565598461347638e-01 3.124006699286302480e-01 3.116024665240675340e-01 3.112319729178858463e-01 3.112319729178835148e-01 3.116024665240665348e-01 3.124006699286305810e-01 3.137565598461342087e-01 3.159107315997576881e-01 3.192927762047034768e-01 3.246843307601630646e-01 3.335813277580343406e-01 3.491019509110036556e-01 3.788428143481674670e-01 4.516477978887384892e-01 4.609282645231280728e-01 4.541985385879103720e-01 4.612786364920086202e-01 4.744204416425028548e-01 4.919672467781413538e-01 5.134455611874944037e-01 5.381769160530880391e-01 5.636687871803891525e-01 5.828567808053466415e-01 5.819012438617066074e-01 5.473497986818434136e-01 4.860481663236163041e-01 4.251206188728813284e-01 3.834445683399249072e-01
5.435992578849722090e-01 3.846519538204603017e-01 3.965541958506281772e-01 4.210659699319796445e-01 4.548254452582760066e-01 4.846455171858420896e-01 4.964398486217759254e-01 4.891677470840080089e-01 4.713359836568080663e-01 4.506556798278685827e-01 4.311020017542415705e-01 4.143320883568120117e-01 4.013915728961724994e-01 3.945411489387045112e-01 4.078887165219476918e-01 3.658278595526678334e-01 3.403063678946116055e-01 3.277022914066073933e-01 3.204582358711861034e-01 3.159520104213955349e-01 3.130047680617932260e-01 3.110191231068644147e-01 3.096701281834581820e-01 3.087734278534958743e-01 3.082231386434701736e-01 3.079609746431885564e-01 3.079609746431870021e-01 3.082231386434697296e-01 3.087734278534962074e-01 3.096701281834592923e-01 3.110191231068664131e-01 3.130047680617940031e-01 3.159520104213956460e-01 3.204582358711856593e-01 3.277022914066067272e-01 3.403063678946107173e-01 3.658278595526673893e-01 4.078887165219468036e-01 3.945411489387052884e-01 4.013915728961737206e-01 4.143320883568145652e-01 4.311020017542409044e-01 4.506556798278682496e-01 4.713359836568069561e-01 4.891677470840143371e-01 4.964398486217794781e-01 4.846455171858436439e-01 4.548254452582766727e-01 4.210659699319795335e-01 3.965541958506280662e-01 3.846519538204584143e-01
5.498277232971110484e-01 4.058160300352578465e-01 4.030454521869960005e-01 4.072071376743875426e-01 4.179344682268611999e-01 4.303251342341257168e-01 4.355321177002348110e-01 4.288265072833465363e-01 4.136164974930728877e-01 3.957292022497215789e-01 3.789260296999990563e-01 3.649924883418706467e-01 3.552302815900539867e-01 3.530210733052062122e-01 3.619169661317885311e-01 3.377733728757053022e-01 3.275570407198061251e-01 3.215570298679191752e-01 3.175758690605308687e-01 3.147504027989966868e-01 3.126706587412049210e-01 3.111199156445313974e-01 3.099753874807305021e-01 3.091645333253791872e-01 3.086440791703917719e-01 3.083894425407143758e-01 3.083894425407138207e-01 3.086440791703913278e-01 3.091645333253789651e-01 3.099753874807272269e-01 3.111199156445310643e-01 3.126706587412015903e-01 3.147504027989969089e-01 3.175758690605288703e-01 3.215570298679191752e-01 3.275570407198071243e-01 3.377733728757044140e-01 3.619169661317873099e-01 3.530210733052054350e-01 3.552302815900538757e-01 3.649924883418710908e-01 3.789260296999983901e-01 3.957292022497223560e-01 4.136164974930718885e-01 4.288265072833455371e-01 4.355321177002360322e-01 4.303251342341250507e-01 4.179344682268610889e-01 4.072071376743868765e-01 4.030454521869976658e-01 4.058160300352607330e-01
5.560561887092498878e-01 4.375716100642143003e-01 4.272775062005718660e-01 4.212203436419315605e-01 4.188689958765985377e-01 4.177008081551452645e-01 4.126916340218523827e-01 4.002889657666749423e-01 3.827624534332809692e-01 3.650102800963296312e-01 3.501383445768189162e-01 3.394265596919847083e-01 3.341892329900406633e-01 3.413594528458284150e-01 3.489946817581414673e-01 3.413804906816816365e-01 3.363355889985172875e-01 3.323882565227319064e-01 3.291573648937836660e-01 3.264892422697108221e-01 3.243014314754231742e-01 3.225410272220015639e-01 3.211709722164067249e-01 3.201646929182125345e-01 3.195036344268056272e-01 3.191759827364582525e-01 3.191759827364599178e-01 3.195036344268051831e-01 3.201646929182112022e-01 3.211709722164069469e-01 3.225410272219986774e-01 3.243014314754225080e-01 3.264892422697108221e-01 3.291573648937823338e-01 3.323882565227317953e-01 3.363355889985198410e-01 3.413804906816825246e-01 3.489946817581422445e-01 3.413594528458289701e-01 3.341892329900402192e-01 3.394265596919850414e-01 3.501383445768201375e-01 3.650102800963300753e-01 3.827624534332804140e-01 4.002889657666754974e-01 4.126916340218524937e-01 4.177008081551438212e-01 4.188689958766008692e-01 4.212203436419327818e-01 4.272775062005778612e-01 4.375716100642147444e-01
5.622846541213888383e-01 4.608224023610063003e-01 4.477369976083529490e-01 4.382751341946565793e-01 4.316433470374239634e-01 4.256614371547937647e-01 4.158689102771821466e-01 3.982702423187916008e-01 3.754550458013242165e-01 3.544941710714367145e-01 3.394771314329619871e-01 3.312339513155671544e-01 3.313191228146168954e-01 3.656162693701756616e-01 3.639337645047956427e-01 3.599295956573247413e-01 3.552378814010418440e-01 3.506420082854344589e-01 3.464694101885465449e-01 3.428395333826752545e-01 3.397802749408198042e-01 3.372818331040383644e-01 3.353215828620838002e-01 3.338755064693292307e-01 3.329233581367777028e-01 3.324509185997119864e-01 3.324509185997107652e-01 3.329233581367784800e-01 3.338755064693271213e-01 3.353215828620809136e-01 3.372818331040390305e-01 3.397802749408154743e-01 3.428395333826743663e-01 3.464694101885478772e-01 3.506420082854330156e-01 3.552378814010422881e-01 3.599295956573288491e-01 3.639337645047919789e-01 3.656162693701768829e-01 3.313191228146132317e-01 3.312339513155653781e-01 3.394771314329619871e-01 3.544941710714357153e-01 3.754550458013238834e-01 3.982702423187918228e-01 4.158689102771810364e-01 4.256614371547923215e-01 4.316433470374222980e-01 4.382751341946539148e-01 4.477369976083558356e-01 4.608224023610041908e-01
5.685131195335276777e-01 4.641958698993174370e-01 4.510873192658605424e-01 4.415517092491918483e-01 4.352453527967130587e-01 4.311121549788319296e-01 4.258769251885027307e-01 4.133671501916454938e-01 3.907254077356160926e-01 3.659907237606416786e-01 3.487103515362613981e-01 3.419329085875421059e-01 3.501000017081279947e-01 4.000166592780652897e-01 3.986812251832475562e-01 3.914173123796360620e-01 3.831978812276813362e-01 3.754978677448623237e-01 3.687584713003198567e-01 3.630616043067854681e-01 3.583661254045315547e-01 3.545966534935113268e-01 3.516773347095024649e-01 3.495441200617853128e-01 3.481486157207929755e-01 3.474588005692746395e-01 3.474588005692733073e-01 3.481486157207925314e-01 3.495441200617845356e-01 3.516773347095034641e-01 3.545966534935109937e-01 3.583661254045318878e-01 3.630616043067859122e-01 3.687584713003187464e-01 3.754978677448589930e-01 3.831978812276826685e-01 3.914173123796377274e-01 3.986812251832444476e-01 4.000166592780612929e-01 3.501000017081272175e-01 3.419329085875387753e-01 3.487103515362640627e-01 3.659907237606416786e-01 3.907254077356137612e-01 4.133671501916419411e-01 4.258769251885046181e-01 4.311121549788311524e-01 4.352453527967132807e-01 4.415517092491912932e-01 4.510873192658608755e-01 4.641958698993187693e-01
5.747415849456666281e-01 4.463448023585452340e-01 4.347982806106476250e-01 4.262621590509330094e-01 4.209120857560162410e-01 4.190601144237554032e-01 4.205455520256117241e-01 4.228080234642970781e-01 4.186009380748875741e-01 4.030687250100418173e-01 3.859461991879024056e-01 3.804983907843931257e-01 4.224134380581084924e-01 4.684241870979246603e-01 4.534198693499950084e-01 4.353308278827059397e-01 4.190739730597899393e-01 4.054724101636392186e-01 3.943766528179993291e-01 3.854389743084276065e-01 3.783228879288005886e-01 3.727529192606852115e-01 3.685182028873491000e-01 3.654643565353347112e-01 3.634842059239686285e-01 3.625103733595311795e-01 3.625103733595308464e-01 3.634842059239679624e-01 3.654643565353373758e-01 3.685182028873484339e-01 3.727529192606839903e-01 3.783228879288001445e-01 3.854389743084304931e-01 3.943766528179991071e-01 4.054724101636387745e-01 4.190739730597927148e-01 4.353308278827097144e-01 4.534198693499996713e-01 4.684241870979267697e-01 4.224134380581111570e-01 3.804983907843977886e-01 3.859461991878975207e-01 4.030687250100397079e-01 4.186009380748872410e-01 4.228080234642965229e-01 4.205455520256111690e-01 4.190601144237525166e-01 4.209120857560154638e-01 4.262621590509303449e-01 4.347982806106455156e-01 4.463448023585498969e-01
5.809700503578054676e-01 4.142720908344062480e-01 4.055348895357339112e-01 3.988176832074670219e-01 3.945214465390411984e-01 3.935085751943479537e-01 3.973879436708707136e-01 4.087427236094023919e-01 4.295945447613358503e-01 4.537215901355012293e-01 4.653377590120159613e-01 4.745257525242868035e-01 6.113968015324409144e-01 5.756911802692210589e-01 5.279594278250826500e-01 4.890637195035528739e-01 4.593365389867113402e-01 4.367641758449269385e-01 4.195215087843350288e-01 4.062708234356607329e-01 3.960794057956097958e-01 3.883042893412567143e-01 3.825036900386917793e-01 3.783768971874540421e-01 3.757253123464741607e-01 3.744281081854388127e-01 3.744281081854398119e-01 3.757253123464744937e-01 3.783768971874531539e-01 3.825036900386898919e-01 3.883042893412547159e-01 3.960794057956113501e-01 4.062708234356596226e-01 4.195215087843374713e-01 4.367641758449268274e-01 4.593365389867097859e-01 4.890637195035512086e-01 5.279594278250837602e-01 5.756911802692198377e-01 6.113968015324440231e-01 4.745257525242802532e-01 4.653377590120238438e-01 4.537215901355032277e-01 4.295945447613396251e-01 4.087427236094021699e-01 3.973879436708707136e-01 3.935085751943486199e-01 3.945214465390415315e-01 3.988176832074644684e-01 4.055348895357369088e-01 4.142720908344071362e-01
5.871985157699444180e-01 3.825823887915416055e-01 3.777024228687686502e-01 3.738327173142487747e-01 3.714139792423557518e-01 3.712953394900990189e-01 3.751687384504256428e-01 3.866096139847848279e-01 4.132859007813340368e-01 4.688994111716113800e-01 5.604557437571668910e-01 6.899892009911157142e-01 8.481690469713645264e-01 7.252669316120989862e-01 6.243906640830119148e-01 5.540135876944284332e-01 5.054781144910086566e-01 4.712854285508999985e-01 4.465887866787293659e-01 4.283953535430847781e-01 4.148430890357895362e-01 4.047505247109158266e-01 3.973549434538498626e-01 3.921610293410010550e-01 3.888527785022769523e-01 3.872424559811490363e-01 3.872424559811483702e-01 3.888527785022766192e-01 3.921610293410014991e-01 3.973549434538503067e-01 4.047505247109120519e-01 4.148430890357898693e-01 4.283953535430834458e-01 4.465887866787322524e-01 4.712854285508991103e-01 5.054781144910065471e-01 5.540135876944279891e-01 6.243906640830083621e-01 7.252669316120983201e-01 8.481690469713643044e-01 6.899892009911163804e-01 5.604557437571744405e-01 4.688994111716168200e-01 4.132859007813382557e-01 3.866096139847870483e-01 3.751687384504210909e-01 3.712953394901007953e-01 3.714139792423545305e-01 3.738327173142512172e-01 3.777024228687710927e-01 3.825823887915436039e-01
5.934269811820832574e-01 3.507171490293390925e-01 3.502187966986939349e-01 3.499656987085723037e-01 3.503719794695191458e-01 3.521320134817602088e-01 3.565296562940451497e-01 3.662149172035742972e-01 3.872626429517749824e-01 4.348071662335064591e-01 5.481068099670864946e-01 8.977232329871860372e-01 9.948019610285726566e-01 8.745081975005271069e-01 7.238041378966478812e-01 6.151907206249718207e-01 5.437113031520601769e-01 4.961240782436005525e-01 4.634261210135444675e-01 4.402945126554924649e-01 4.236029671114237005e-01 4.114725258224123383e-01 4.027452231389229698e-01 3.966969337490582337e-01 3.928789407303366898e-01 3.910301215376248973e-01 3.910301215376260076e-01 3.928789407303379111e-01 3.966969337490576786e-01 4.027452231389248571e-01 4.114725258224127824e-01 4.236029671114234785e-01 4.402945126554929089e-01 4.634261210135443565e-01 4.961240782436011076e-01 5.437113031520617312e-01 6.151907206249727089e-01 7.238041378966495465e-01 8.745081975005268848e-01 9.948019610285728787e-01 8.977232329871840388e-01 5.481068099670923788e-01 4.348071662335100118e-01 3.872626429517734281e-01 3.662149172035751854e-01 3.565296562940448166e-01 3.521320134817608749e-01 3.503719794695174805e-01 3.499656987085730808e-01 3.502187966986929357e-01 3.507171490293365390e-01
5.996554465942220968e-01 3.188303470589758937e-01 3.224029395315657909e-01 3.257557335968718770e-01 3.292456710573976597e-01 3.334133111201827981e-01 3.391663332147686338e-01 3.482161405996047066e-01 3.642001918195073018e-01 3.959096321822153097e-01 4.690390796791835126e-01 6.613780377499441920e-01 8.770911508196718165e-01 9.346118771409130943e-01 8.065137214471860272e-01 6.661895574519617336e-01 5.690938519367143567e-01 5.065190277313168510e-01 4.654682890589287858e-01 4.376388719190924537e-01 4.182507019877472754e-01 4.045444411080315050e-01 3.948881983210388302e-01 3.882976538494864460e-01 3.841802659634828698e-01 3.821983964677809209e-01 3.821983964677801437e-01 3.841802659634820927e-01 3.882976538494861130e-01 3.948881983210440483e-01 4.045444411080252878e-01 4.182507019877469423e-01 4.376388719190931198e-01 4.654682890589294519e-01 5.065190277313171840e-01 5.690938519367148007e-01 6.661895574519599572e-01 8.065137214471858051e-01 9.346118771409149817e-01 8.770911508196743700e-01 6.613780377499581808e-01 4.690390796791837347e-01 3.959096321822186404e-01 3.642001918195041932e-01 3.482161405996080372e-01 3.391663332147711873e-01 3.334133111201847965e-01 3.292456710573977707e-01 3.257557335968736534e-01 3.224029395315643476e-01 3.188303470589750055e-01
6.058839120063610473e-01 2.865860956596818498e-01 2.932889359369844073e-01 2.995742464962520279e-01 3.057327229630679155e-01 3.121835817692261150e-01 3.195831698330379167e-01 3.290649561192165451e-01 3.428143528374004156e-01 3.656448380335642900e-01 4.125904498935324405e-01 5.160356058653217115e-01 6.741456653741664251e-01 8.434141206200348462e-01 8.440938191105281652e-01 7.092249154078961171e-01 5.863417693903353323e-01 5.056635864092229316e-01 4.548304043752605108e-01 4.219847470491737140e-01 4.000558805939092855e-01 3.850793747077022600e-01 3.748054005600653937e-01 3.679290875197616106e-01 3.636900728553449369e-01 3.616653954894040179e-01 3.616653954894046841e-01 3.636900728553443818e-01 3.679290875197626098e-01 3.748054005600610639e-01 3.850793747077054796e-01 4.000558805939086193e-01 4.219847470491737140e-01 4.548304043752601777e-01 5.056635864092247079e-01 5.863417693903336669e-01 7.092249154078967832e-01 8.440938191105274990e-01 8.434141206200330698e-01 6.741456653741750848e-01 5.160356058653252642e-01 4.125904498935355491e-01 3.656448380335615145e-01 3.428143528373990834e-01 3.290649561192172112e-01 3.195831698330382498e-01 3.121835817692256709e-01 3.057327229630676935e-01 2.995742464962540264e-01 2.932889359369846294e-01 2.865860956596818498e-01
6.121123774184998867e-01 2.534676384456279741e-01 2.620844244641968301e-01 2.702772212841493826e-01 2.782778640114518809e-01 2.864179640566021923e-01 2.952015245061794246e-01 3.054572749278896548e-01 3.186975630192580566e-01 3.382331076771449285e-01 3.791684744670115181e-01 4.331334304176737149e-01 5.298093531789674904e-01 6.823292903300051115e-01 8.043334782770421576e-01 7.473853772129152029e-01 6.090550179441263090e-01 5.037806053970314002e-01 4.386616358205895905e-01 3.987611096373391839e-01 3.735022317264654057e-01 3.570099238320745827e-01 3.460898921188055311e-01 3.389714861771307985e-01 3.346621499060987714e-01 3.326255837844435681e-01 3.326255837844433461e-01 3.346621499060993266e-01 3.389714861771290222e-01 3.460898921188053090e-01 3.570099238320743607e-01 3.735022317264648506e-01 3.987611096373324115e-01 4.386616358205877031e-01 5.037806053970322884e-01 6.090550179441281964e-01 7.473853772129154249e-01 8.043334782770495961e-01 6.823292903299980061e-01 5.298093531789752619e-01 4.331334304176744920e-01 3.791684744670122953e-01 3.382331076771454836e-01 3.186975630192592779e-01 3.054572749278888777e-01 2.952015245061800908e-01 2.864179640566045237e-01 2.782778640114524360e-01 2.702772212841504929e-01 2.620844244641970522e-01 2.534676384456305276e-01
6.183408428306387261e-01 2.207052004625447705e-01 2.301171505533537720e-01 2.391916538759416289e-01 2.481144944537203856e-01 2.571541466785561281e-01 2.667192306032504789e-01 2.774803392252127576e-01 2.906917713486956156e-01 3.098338630372831637e-01 3.386849580791570502e-01 3.729324168815853491e-01 4.337018275357912289e-01 5.402551930391724655e-01 6.903564788030183141e-01 7.598518472929541856e-01 6.528113000096766871e-01 5.171981886820832264e-01 4.283244542885902284e-01 3.763401071396822450e-01 3.454249003512544491e-01 3.263480608120181703e-01 3.142818777835790223e-01 3.066843783720089589e-01 3.021946948513191122e-01 3.001028353798777526e-01 3.001028353798780857e-01 3.021946948513191122e-01 3.066843783720092920e-01 3.142818777835763577e-01 3.263480608120176152e-01 3.454249003512560035e-01 3.763401071396855757e-01 4.283244542885921158e-01 5.171981886820884444e-01 6.528113000096807950e-01 7.598518472929511880e-01 6.903564788030200905e-01 5.402551930391724655e-01 4.337018275357908959e-01 3.729324168815857932e-01 3.386849580791580494e-01 3.098338630372868274e-01 2.906917713486957267e-01 2.774803392252124246e-01 2.667192306032500349e-01 2.571541466785559060e-01 2.481144944537242714e-01 2.391916538759421840e-01 2.301171505533531059e-01 2.207052004625429942e-01
6.245693082427776766e-01 1.912919675059591984e-01 2.007463742194028899e-01 2.099630873110951423e-01 2.190938890166136133e-01 2.283608610113411208e-01 2.381082787067215212e-01 2.489216244537486578e-01 2.620213315053276371e-01 2.855091706470617163e-01 2.990087079747842380e-01 3.229557319370661150e-01 3.633405605038117492e-01 4.337889683009981678e-01 5.535915469342466144e-01 6.990621059362776002e-01 7.085726912702999813e-01 5.649965637344540603e-01 4.387735462894226668e-01 3.649632821524050330e-01 3.237216176632818909e-01 2.998849532450483801e-01 2.856177211116714409e-01 2.770086469029295895e-01 2.720714105192165722e-01 2.698115817441840147e-01 2.698115817441826825e-01 2.720714105192155730e-01 2.770086469029299225e-01 2.856177211116709969e-01 2.998849532450441613e-01 3.237216176632820019e-01 3.649632821524055881e-01 4.387735462894254423e-01 5.649965637344513958e-01 7.085726912702978719e-01 6.990621059362824852e-01 5.535915469342428397e-01 4.337889683009999442e-01 3.633405605038116382e-01 3.229557319370644497e-01 2.990087079747862364e-01 2.855091706470629376e-01 2.620213315053266379e-01 2.489216244537466594e-01 2.381082787067235196e-01 2.283608610113408988e-01 2.190938890166142794e-01 2.099630873110925888e-01 2.007463742194021128e-01 1.912919675059616409e-01
6.307977736549165160e-01 1.637111947733764228e-01 1.726420721244341927e-01 1.814194567126834745e-01 1.901699037136806436e-01 1.990800725882561628e-01 2.084470856561785046e-01 2.188088168929976929e-01 2.315218025681192726e-01 2.478305771118534673e-01 2.589393999568356253e-01 2.767687290664556099e-01 3.049356073709267312e-01 3.518254531062974810e-01 4.338187130556108162e-01 5.700911412292795077e-01 7.044061231954301672e-01 6.479429150330364706e-01 4.840372555326220017e-01 3.716396411986195303e-01 3.111200610840529901e-01 2.784645992744569920e-01 2.601047842642303931e-01 2.495573042692640076e-01 2.437154025494189247e-01 2.410963882150891080e-01 2.410963882150889970e-01 2.437154025494202569e-01 2.495573042692638965e-01 2.601047842642281727e-01 2.784645992744558263e-01 3.111200610840548775e-01 3.716396411986189752e-01 4.840372555326218906e-01 6.479429150330375808e-01 7.044061231954339419e-01 5.700911412292780645e-01 4.338187130556127036e-01 3.518254531062979251e-01 3.049356073709272863e-01 2.767687290664552768e-01 2.589393999568339599e-01 2.478305771118550216e-01 2.315218025681204939e-01 2.188088168929964716e-01 2.084470856561787266e-01 1.990800725882549416e-01 1.901699037136795334e-01 1.814194567126832525e-01 1.726420721244358580e-01 1.637111947733774220e-01
6.370262390670553554e-01 1.390535705693688173e-01 1.471617842108036978e-01 1.551715502538796310e-01 1.631898483457148441e-01 1.713749357017114172e-01 1.799867670881846460e-01 1.895384495936167923e-01 2.018175296064867730e-01 2.117805231761999973e-01 2.211388333180615007e-01 2.348452255339946726e-01 2.551067633507402288e-01 2.868807915707565215e-01 3.404927683978010156e-01 4.360115149057178230e-01 5.911986036426367663e-01 7.012885164115578718e-01 5.792710123112135845e-01 4.118943943269159913e-01 3.155583799164257686e-01 2.665078563624456720e-01 2.407420552743810560e-01 2.267347119763085950e-01 2.192744004623411180e-01 2.160066787206838812e-01 2.160066787206779970e-01 2.192744004623406739e-01 2.267347119763105934e-01 2.407420552743785025e-01 2.665078563624510011e-01 3.155583799164201064e-01 4.118943943269199881e-01 5.792710123112145837e-01 7.012885164115573167e-01 5.911986036426352120e-01 4.360115149057130490e-01 3.404927683978031250e-01 2.868807915707556333e-01 2.551067633507403398e-01 2.348452255339966710e-01 2.211388333180601684e-01 2.117805231761967777e-01 2.018175296064848856e-01 1.895384495936147939e-01 1.799867670881849790e-01 1.713749357017100849e-01 1.631898483457138449e-01 1.551715502538797420e-01 1.471617842108046137e-01 1.390535705693695945e-01
6.432547044791943058e-01 1.176809499777016488e-01 1.248610056445237787e-01 1.319714732330279083e-01 1.391035600257753413e-01 1.463922665757284025e-01 1.540679674284549383e-01 1.626424621459033604e-01 1.748993902553426794e-01 1.793865652885850703e-01 1.872703246460117876e-01 1.979679800496007280e-01 2.128404534476995291e-01 2.347927634958616172e-01 2.697995305085313378e-01 3.305572826096754846e-01 4.420073624667851808e-01 6.167597226237880870e-01 6.823736690402227856e-01 5.056412655625257546e-01 3.490350805893568387e-01 2.691914096948902491e-01 2.300226430139919176e-01 2.100237572127725549e-01 1.998410334824767542e-01 1.954977597034849024e-01 1.954977597034805725e-01 1.998410334824819723e-01 2.100237572127732211e-01 2.300226430139913625e-01 2.691914096948869184e-01 3.490350805893571717e-01 5.056412655625243113e-01 6.823736690402283367e-01 6.167597226237883090e-01 4.420073624667841816e-01 3.305572826096749295e-01 2.697995305085340023e-01 2.347927634958610621e-01 2.128404534476999732e-01 1.979679800495995068e-01 1.872703246460110105e-01 1.793865652885827389e-01 1.748993902553439006e-01 1.626424621459035824e-01 1.540679674284558265e-01 1.463922665757286246e-01 1.391035600257740090e-01 1.319714732330282414e-01 1.248610056445215583e-01 1.176809499777018708e-01
6.494831698913332563e-01 9.967687246961988434e-02 1.059454861916431512e-01 1.121551252854770669e-01 1.183844169464977197e-01 1.247498237282657907e-01 1.314599906072157487e-01 1.390647209623478708e-01 1.467345355350839764e-01 1.515905254242485289e-01 1.582024737382043966e-01 1.666413519413903199e-01 1.777573556384307862e-01 1.932676138349576633e-01 2.165721996891873669e-01 2.548026967162719258e-01 3.237076480595790229e-01 4.545048904674254819e-01 6.457610543063161401e-01 6.428904462497937455e-01 4.333233611690070486e-01 2.965896392973815798e-01 2.321900643748904536e-01 2.015287259622611793e-01 1.867293264016947618e-01 1.806135917330170260e-01 1.806135917330174701e-01 1.867293264016943177e-01 2.015287259622671745e-01 2.321900643748844584e-01 2.965896392973802476e-01 4.333233611690049392e-01 6.428904462497839756e-01 6.457610543063212472e-01 4.545048904674271473e-01 3.237076480595810213e-01 2.548026967162718148e-01 2.165721996891891432e-01 1.932676138349578854e-01 1.777573556384313413e-01 1.666413519413914301e-01 1.582024737382046187e-01 1.515905254242497502e-01 1.467345355350860858e-01 1.390647209623482039e-01 1.314599906072151936e-01 1.247498237282644584e-01 1.183844169464963875e-01 1.121551252854780661e-01 1.059454861916450386e-01 9.967687246961921821e-02
6.557116353034720957e-01 8.470851524013599254e-02 9.014360648942819354e-02 9.551972520517877652e-02 1.009056025214676577e-01 1.064034022909391558e-01 1.122084830070988054e-01 1.190024046901021343e-01 1.238232231399216260e-01 1.282969940591427438e-01 1.338208252303192125e-01 1.405357818449250173e-01 1.489808218064932188e-01 1.601876860261358948e-01 1.761102390428748998e-01 2.006751269769930235e-01 2.424264615474738538e-01 3.210952259217924043e-01 4.755110998901424524e-01 6.719846067607541107e-01 5.826543567973210269e-01 3.677613263055397597e-01 2.546457640109693887e-01 2.040956269433350234e-01 1.812084247967131190e-01 1.721154386921136259e-01 1.721154386921074086e-01 1.812084247967026829e-01 2.040956269433367998e-01 2.546457640109834886e-01 3.677613263055403148e-01 5.826543567973175852e-01 6.719846067607485596e-01 4.755110998901333486e-01 3.210952259217939586e-01 2.424264615474759632e-01 2.006751269769936896e-01 1.761102390428778697e-01 1.601876860261358948e-01 1.489808218064929968e-01 1.405357818449243512e-01 1.338208252303177692e-01 1.282969940591438540e-01 1.238232231399211819e-01 1.190024046901019122e-01 1.122084830070982503e-01 1.064034022909392668e-01 1.009056025214683239e-01 9.551972520517855447e-02 9.014360648942808252e-02 8.470851524013532641e-02
6.619401007156109351e-01 7.333794530286376345e-02 7.812451601789299760e-02 8.284711234524344547e-02 8.756738410578202014e-02 9.237800499489012829e-02 9.747356762579646727e-02 1.040584338697993078e-01 1.066093269129982646e-01 1.106162068600239079e-01 1.152829135877437849e-01 1.207358181026626787e-01 1.273230550551354423e-01 1.356798517569591522e-01 1.469571341604882786e-01 1.633557668720925504e-01 1.894317017736977804e-01 2.355227202211321036e-01 3.265877841182048269e-01 5.091930721466961796e-01 6.848507841739237545e-01 5.094954577880621560e-01 3.133000374475548022e-01 2.239697078162349309e-01 1.862526573085697135e-01 1.719985001323720009e-01 1.719985001323694473e-01 1.862526573085678261e-01 2.239697078162348198e-01 3.133000374475566896e-01 5.094954577880628221e-01 6.848507841739315261e-01 5.091930721466928489e-01 3.265877841182040497e-01 2.355227202211304383e-01 1.894317017736991127e-01 1.633557668720927725e-01 1.469571341604885006e-01 1.356798517569585971e-01 1.273230550551357754e-01 1.207358181026612354e-01 1.152829135877447841e-01 1.106162068600236859e-01 1.066093269129991528e-01 1.040584338697989747e-01 9.747356762579680034e-02 9.237800499489101647e-02 8.756738410578224219e-02 8.284711234524333445e-02 7.812451601789377476e-02 7.333794530286498470e-02
6.681685661277498856e-01 6.533289856012280961e-02 6.967717010530115329e-02 7.395049978789101919e-02 7.821030703683432006e-02 8.254497023592889671e-02 8.716802600617679087e-02 9.162705972577878111e-02 9.464136064612542476e-02 9.825913314718733027e-02 1.023069373308851532e-01 1.068838830783078314e-01 1.122213053726711790e-01 1.187241319568692333e-01 1.270965000221035979e-01 1.386210921461729639e-01 1.558070441344833745e-01 1.840271667164543878e-01 2.360121368307910028e-01 3.436628050475021290e-01 5.574843236250049960e-01 6.710065497979739169e-01 4.371714303773071020e-01 2.737408926188237279e-01 2.068641955464475823e-01 1.830259820739545129e-01 1.830259820739539578e-01 2.068641955464512461e-01 2.737408926188317215e-01 4.371714303772987753e-01 6.710065497979701421e-01 5.574843236250114353e-01 3.436628050475046825e-01 2.360121368307905587e-01 1.840271667164563862e-01 1.558070441344832635e-01 1.386210921461736301e-01 1.270965000221030428e-01 1.187241319568695663e-01 1.122213053726721782e-01 1.068838830783084975e-01 1.023069373308851532e-01 9.825913314718788538e-02 9.464136064612475863e-02 9.162705972577644964e-02 8.716802600617667984e-02 8.254497023592900773e-02 7.821030703683420904e-02 7.395049978789057510e-02 6.967717010529915489e-02 6.533289856012214347e-02
6.743970315398887250e-01 5.860700737713537417e-02 6.256774798576852925e-02 6.644979504942516435e-02 7.030800587822423620e-02 7.423002361308259078e-02 7.848052235216960992e-02 8.174073045567716023e-02 8.466625573611562261e-02 8.792679066078459837e-02 9.146927576234910318e-02 9.536985991449574429e-02 9.978666488674875490e-02 1.049860954790362566e-01 1.114144691404279075e-01 1.198497777166311618e-01 1.317350150606934889e-01 1.499724660124114317e-01 1.810122474611552956e-01 2.408381350739156324e-01 3.704621781852959761e-01 6.113260934923477885e-01 6.229623902387338985e-01 3.774102668368672919e-01 2.521018555474011658e-01 2.091937280532729926e-01 2.091937280532722154e-01 2.521018555474022760e-01 3.774102668368682911e-01 6.229623902387280143e-01 6.113260934923513412e-01 3.704621781852979745e-01 2.408381350739202953e-01 1.810122474611560728e-01 1.499724660124122089e-01 1.317350150606921566e-01 1.198497777166311618e-01 1.114144691404289067e-01 1.049860954790347023e-01 9.978666488675019819e-02 9.536985991449530020e-02 9.146927576234832602e-02 8.792679066078570860e-02 8.466625573611484545e-02 8.174073045567804841e-02 7.848052235216861072e-02 7.423002361308203567e-02 7.030800587822390313e-02 6.644979504942571946e-02 6.256774798576897334e-02 5.860700737713570724e-02
6.806254969520275644e-01 5.295119422913903418e-02 5.658355673929673507e-02 6.012928207706790679e-02 6.364214158361551632e-02 6.721312652333671922e-02 7.128885166985940436e-02 7.359399600156585342e-02 7.634286313580419814e-02 7.928743601300566879e-02 8.241616896249608082e-02 8.578780028541393987e-02 8.951369209561130247e-02 9.377494397598344633e-02 9.886489823592030379e-02 1.052751675024939243e-01 1.138750270276518289e-01 1.263138374880832526e-01 1.460124870112171347e-01 1.808789026472494843e-01 2.513717609319482960e-01 4.094492034028422989e-01 6.555209981332318359e-01 5.556371091060158252e-01 3.429431095833971876e-01 2.616060012582145933e-01 2.616060012582149263e-01 3.429431095833980758e-01 5.556371091060218204e-01 6.555209981332311697e-01 4.094492034028396898e-01 2.513717609319488511e-01 1.808789026472283901e-01 1.460124870112172457e-01 1.263138374880833636e-01 1.138750270276508297e-01 1.052751675024932582e-01 9.886489823591997073e-02 9.377494397598355735e-02 8.951369209560997020e-02 8.578780028541382885e-02 8.241616896249685797e-02 7.928743601300666799e-02 7.634286313580530836e-02 7.359399600156618648e-02 7.128885166985907129e-02 6.721312652333605309e-02 6.364214158361618245e-02 6.012928207706846190e-02 5.658355673929640201e-02 5.295119422913847906e-02
6.868539623641665148e-01 4.827639990874711684e-02 5.163433820548080089e-02 5.489739825592153399e-02 5.811978378988370830e-02 6.140171674169127985e-02 6.465458078265991226e-02 6.694083924970405108e-02 6.950136778502664925e-02 7.217572901844918065e-02 7.496869033702413532e-02 7.792651838820467691e-02 8.113047018781111008e-02 8.470834254208590985e-02 8.886087190444830197e-02 9.391289500023322634e-02 1.004150166452572462e-01 1.093590550383918281e-01 1.226747034367475786e-01 1.444960779888579960e-01 1.847634715313715981e-01 2.700595791879139562e-01 4.617772526671980460e-01 6.676746313467982752e-01 5.018773632110449245e-01 3.596007157564343748e-01 3.596007157564345968e-01 5.018773632110384852e-01 6.676746313467991634e-01 4.617772526671996003e-01 2.700595791879127350e-01 1.847634715313687115e-01 1.444960779888573299e-01 1.226747034367460243e-01 1.093590550383920501e-01 1.004150166452592446e-01 9.391289500023233816e-02 8.886087190444985628e-02 8.470834254208690905e-02 8.113047018781210928e-02 7.792651838820556509e-02 7.496869033702446838e-02 7.217572901844862554e-02 6.950136778502642720e-02 6.694083924970604949e-02 6.465458078266102249e-02 6.140171674169094679e-02 5.811978378988415239e-02 5.489739825592175604e-02 5.163433820548124498e-02 4.827639990874611764e-02
6.930824277763053543e-01 4.439815588467116436e-02 4.752871540310137782e-02 5.055596986595468217e-02 5.353610745496009682e-02 5.658900651973353818e-02 5.921611554195534838e-02 6.147808679295751338e-02 6.386103499308240505e-02 6.630643438385880328e-02 6.882577132491657368e-02 7.145655249476826065e-02 7.426039504314210782e-02 7.733117981780694705e-02 8.081229262248708356e-02 8.492867648850815909e-02 9.004774993701059049e-02 9.680189267090355543e-02 1.063536728899435319e-01 1.210243762050806776e-01 1.459479900917391160e-01 1.938927518881093937e-01 2.990656076213820680e-01 5.182398415442857065e-01 6.385888599346206673e-01 5.069468478537124678e-01 5.069468478536724998e-01 6.385888599346388750e-01 5.182398415442690531e-01 2.990656076213828451e-01 1.938927518881071732e-01 1.459479900917370065e-01 1.210243762050800115e-01 1.063536728899450862e-01 9.680189267090333338e-02 9.004774993701025743e-02 8.492867648850771500e-02 8.081229262248786072e-02 7.733117981780537886e-02 7.426039504314232986e-02 7.145655249476770554e-02 6.882577132491657368e-02 6.630643438385802613e-02 6.386103499308284914e-02 6.147808679295840156e-02 5.921611554195545940e-02 5.658900651973342716e-02 5.353610745495987477e-02 5.055596986595534831e-02 4.752871540310204396e-02 4.439815588467083129e-02
6.993108931884441937e-01 4.119849446701396439e-02 4.414389867534667528e-02 4.697725349416169427e-02 4.975857765949255607e-02 5.265484636849153410e-02 5.483796274207275445e-02 5.701284307753350100e-02 5.923785178877757907e-02 6.149173387762402188e-02 6.378886550812171152e-02 6.616079677161350314e-02 6.865637233600362099e-02 7.134782721724049204e-02 7.434275505403528661e-02 7.780549684336635075e-02 8.199616922161853672e-02 8.734547445099610785e-02 9.460762233789217490e-02 1.051983227763971795e-01 1.220139829637751222e-01 1.516268741195045122e-01 2.105726147334979481e-01 3.390326306930503408e-01 5.474721309919744483e-01 5.936722818405227864e-01 5.936722818405256730e-01 5.474721309919792223e-01 3.390326306930534495e-01 2.105726147334995024e-01 1.516268741195045122e-01 1.220139829637746781e-01 1.051983227763954032e-01 9.460762233789217490e-02 8.734547445099766216e-02 8.199616922161787058e-02 7.780549684336557359e-02 7.434275505403650786e-02 7.134782721724071408e-02 6.865637233600439815e-02 6.616079677161317008e-02 6.378886550811993517e-02 6.149173387762424392e-02 5.923785178877813418e-02 5.701284307753427816e-02 5.483796274207342059e-02 5.265484636849086797e-02 4.975857765949233402e-02 4.697725349416125018e-02 4.414389867534711936e-02 4.119849446701363133e-02
7.055393586005831441e-01 3.876269665606027481e-02 4.157312446631713371e-02 4.426160048888764381e-02 4.689480969581866221e-02 4.962574962959805797e-02 5.155242623741377456e-02 5.364038049352950338e-02 5.573887975986496074e-02 5.784371109822913221e-02 5.997077537896795818e-02 6.214794706103671240e-02 6.441618184151161330e-02 6.683443943315231506e-02 6.948870628119040160e-02 7.250756287093358676e-02 7.608962660701990011e-02 8.055407134476831599e-02 8.643888238584547523e-02 9.470487038182993922e-02 1.071926964311877978e-01 1.277347652881755669e-01 1.650399345145194818e-01 2.394424444350870262e-01 3.789873530005216651e-01 4.956006625680342004e-01 4.956006625680423050e-01 3.789873530005216651e-01 2.394424444350859160e-01 1.650399345145179275e-01 1.277347652881762330e-01 1.071926964311881308e-01 9.470487038182949513e-02 8.643888238584414296e-02 8.055407134476920417e-02 7.608962660701934499e-02 7.250756287093358676e-02 6.948870628119017956e-02 6.683443943315231506e-02 6.441618184151294557e-02 6.214794706103649036e-02 5.997077537896895738e-02 5.784371109822924323e-02 5.573887975986607096e-02 5.364038049353005849e-02 5.155242623741344149e-02 4.962574962959839103e-02 4.689480969581955039e-02 4.426160048888731074e-02 4.157312446631724473e-02 3.876269665606038584e-02
7.117678240127219835e-01 3.723869557573485783e-02 3.998283402885139531e-02 4.259317303575559793e-02 4.514803043486715489e-02 4.754498290710158087e-02 4.954587309992177641e-02 5.157882990301829867e-02 5.359786263232093478e-02 5.560759639413279110e-02 5.762508141726908895e-02 5.967632699916586986e-02 6.179797384545299144e-02 6.404166468046830485e-02 6.648162138407476274e-02 6.922739852806068794e-02 7.244588742712988749e-02 7.640083992654803091e-02 8.152739608659763382e-02 8.858065148457312799e-02 9.895050767894518484e-02 1.153701960565232387e-01 1.435573105044620212e-01 1.954208479614570615e-01 2.854122828465926465e-01 3.571166931729615190e-01 3.571166931729620742e-01 2.854122828465922024e-01 1.954208479614599481e-01 1.435573105044637976e-01 1.153701960565230167e-01 9.895050767894451871e-02 8.858065148457379412e-02 8.152739608660118653e-02 7.640083992654869705e-02 7.244588742713077567e-02 6.922739852806002181e-02 6.648162138407542887e-02 6.404166468046819383e-02 6.179797384545143712e-02 5.967632699916664701e-02 5.762508141726942201e-02 5.560759639413279110e-02 5.359786263232026865e-02 5.157882990301807663e-02 4.954587309992222049e-02 4.754498290710169189e-02 4.514803043486671080e-02 4.259317303575515384e-02 3.998283402885095122e-02 3.723869557573507988e-02
7.179962894248609340e-01 3.640056638373620479e-02 3.912483689406710818e-02 4.170051238573589669e-02 4.422691094733324779e-02 4.644681301540926066e-02 4.846682653295208976e-02 5.046885557372866871e-02 5.243982841892631808e-02 5.439020824012539418e-02 5.633866354352590894e-02 5.831110412168040436e-02 6.034285477920865726e-02 6.248299731380707600e-02 6.480162553588328378e-02 6.740196799899515756e-02 7.044131571985147444e-02 7.416876237981559483e-02 7.899684598223401244e-02 8.564582785800288478e-02 9.545439893348722782e-02 1.110982759755688165e-01 1.383465759174962451e-01 1.900215363832386262e-01 2.842355607532209838e-01 3.083519191900313539e-01 3.083519191900311318e-01 2.842355607532197626e-01 1.900215363832391813e-01 1.383465759174950238e-01 1.110982759755690386e-01 9.545439893348789395e-02 8.564582785800033127e-02 7.899684598223212506e-02 7.416876237981592790e-02 7.044131571985180751e-02 6.740196799899504654e-02 6.480162553588417196e-02 6.248299731380785316e-02 6.034285477920765806e-02 5.831110412168140356e-02 5.633866354352635303e-02 5.439020824012550520e-02 5.243982841892654012e-02 5.046885557372889075e-02 4.846682653295220078e-02 4.644681301540937168e-02 4.422691094733413597e-02 4.170051238573722896e-02 3.912483689406777432e-02 3.640056638373576070e-02
7.242247548369997734e-01 3.634679806401573676e-02 3.910727460569422831e-02 4.170006422479754365e-02 4.427385298519682238e-02 4.638833900268692773e-02 4.844020514618506412e-02 5.044461149783158876e-02 5.240479044590872632e-02 5.433605592012894642e-02 5.625960462377803395e-02 5.820312296549351450e-02 6.020357822905481049e-02 6.231207919549567459e-02 6.460190504381319032e-02 6.718212187922729950e-02 7.022172990600439313e-02 7.399488049452462857e-02 7.897125295913814957e-02 8.601171966163290161e-02 9.683693513118127316e-02 1.153076070809180981e-01 1.516045924891492314e-01 2.395826368303541343e-01 5.169230421529358299e-01 4.383517547001130055e-01 4.383517547001172243e-01 5.169230421529356079e-01 2.395826368303521359e-01 1.516045924891475660e-01 1.153076070809188614e-01 9.683693513118171725e-02 8.601171966163334570e-02 7.897125295913848264e-02 7.399488049452418448e-02 7.022172990600361597e-02 6.718212187922796563e-02 6.460190504381296828e-02 6.231207919549589663e-02 6.020357822905503253e-02 5.820312296549495779e-02 5.625960462377914417e-02 5.433605592012783619e-02 5.240479044590761609e-02 5.044461149783147774e-02 4.844020514618484208e-02 4.638833900268726079e-02 4.427385298519615625e-02 4.170006422479732161e-02 3.910727460569256297e-02 3.634679806401495961e-02
7.304532202491387238e-01 3.736541422453862338e-02 4.024145577262329410e-02 4.292380293582356149e-02 4.555092319859375960e-02 4.771635157649026238e-02 4.984262594172349237e-02 5.189915355228157112e-02 5.390000637845837606e-02 5.586572062881994816e-02 5.782160072834772319e-02 5.979959214116706973e-02 6.184200867465756285e-02 6.400766544263220004e-02 6.638214023086828897e-02 6.909577494213507698e-02 7.235713901230939049e-02 7.651965874873267737e-02 8.222593857840256037e-02 9.075579248687024037e-02 1.049942734156430885e-01 1.327177108713165632e-01 2.015408420643486076e-01 4.587736893560039886e-01 8.243438611991802389e-01 2.044787939346744132e-01 2.044787939346755234e-01 8.243438611991681375e-01 4.587736893559981044e-01 2.015408420643461651e-01 1.327177108713164522e-01 1.049942734156435326e-01 9.075579248687001832e-02 8.222593857840278242e-02 7.651965874873190021e-02 7.235713901230972356e-02 6.909577494213507698e-02 6.638214023086862203e-02 6.400766544263208901e-02 6.184200867465722978e-02 5.979959214116573746e-02 5.782160072834794523e-02 5.586572062881961509e-02 5.390000637845837606e-02 5.189915355228123806e-02 4.984262594172449157e-02 4.771635157648981829e-02 4.555092319859309347e-02 4.292380293582456069e-02 4.024145577262373819e-02 3.736541422453817929e-02
7.366816856612775632e-01 3.984369337422916102e-02 4.294853564303797305e-02 4.582356373881998207e-02 4.855162969416484259e-02 5.092339512533305967e-02 5.319389543635776041e-02 5.537356467241305591e-02 5.748619075414890950e-02 5.955910270330652678e-02 6.162424884832155836e-02 6.372144429893743245e-02 6.590364952453300895e-02 6.824559301805675771e-02 7.085863623472839212e-02 7.391804619017874889e-02 7.771665543736608339e-02 8.277956638628916619e-02 9.013606527268555602e-02 1.020572994357493157e-01 1.244621314337346074e-01 1.771306139230055254e-01 3.561376827188441618e-01 9.505501098468623900e-01 3.431468222995850970e-01 1.591697634501930136e-01 1.591697634501913483e-01 3.431468222995759931e-01 9.505501098468644994e-01 3.561376827188476035e-01 1.771306139230074128e-01 1.244621314337342743e-01 1.020572994357487606e-01 9.013606527268500090e-02 8.277956638628894415e-02 7.771665543736530624e-02 7.391804619017852684e-02 7.085863623472861417e-02 6.824559301805697975e-02 6.590364952453334202e-02 6.372144429893854267e-02 6.162424884832155836e-02 5.955910270330652678e-02 5.748619075414946461e-02 5.537356467241338898e-02 5.319389543635731632e-02 5.092339512533294865e-02 4.855162969416561974e-02 4.582356373881931594e-02 4.294853564303763999e-02 3.984369337422993818e-02
7.429101510734164027e-01 4.429046088282431737e-02 4.778549666038217625e-02 5.100228347381766114e-02 5.401045365985469859e-02 5.667451605656213809e-02 5.919109309876405961e-02 6.159296950074724664e-02 6.391509869566222579e-02 6.619454693230275577e-02 6.847386192568091778e-02 7.080619927715185724e-02 7.326324768064559900e-02 7.594843021693779839e-02 7.902054762364021934e-02 8.273929968589528727e-02 8.756024866815391439e-02 9.435296305367565917e-02 1.049672979505152509e-01 1.239624554926994776e-01 1.652150460912772401e-01 2.862283218661292872e-01 7.578637944646873237e-01 5.848222494535525451e-01 2.190888696233087851e-01 1.474846205039756497e-01 1.474846205039767599e-01 2.190888696233083410e-01 5.848222494535406657e-01 7.578637944646838820e-01 2.862283218661433870e-01 1.652150460912769070e-01 1.239624554926994776e-01 1.049672979505135856e-01 9.435296305367499303e-02 8.756024866815380336e-02 8.273929968589550932e-02 7.902054762363977525e-02 7.594843021693702123e-02 7.326324768064582105e-02 7.080619927715152417e-02 6.847386192568147290e-02 6.619454693230208964e-02 6.391509869566089352e-02 6.159296950074691357e-02 5.919109309876494779e-02 5.667451605656213809e-02 5.401045365985436553e-02 5.100228347381732807e-02 4.778549666038162114e-02 4.429046088282476146e-02
7.491386164855553531e-01 5.067237633687053655e-02 5.473819813329768719e-02 5.848133826483067205e-02 6.191659709946695234e-02 6.498323356281221486e-02 6.785455179536976911e-02 7.058271867186556581e-02 7.321659634719318577e-02 7.580674874111081873e-02 7.841121588621816074e-02 8.110334474442676411e-02 8.398395490441423750e-02 8.720221747837915427e-02 9.099452422739331969e-02 9.576282953807881138e-02 1.022472719242488587e-01 1.119502159727009671e-01 1.283339868438533871e-01 1.608951283148685740e-01 2.428808099148233590e-01 5.217969054029528708e-01 8.554975466844687571e-01 3.436724829388165814e-01 1.870790396333145700e-01 1.483497921959041621e-01 1.483497921959031629e-01 1.870790396333131267e-01 3.436724829388206892e-01 8.554975466844702003e-01 5.217969054029382159e-01 2.428808099148228039e-01 1.608951283148670197e-01 1.283339868438529430e-01 1.119502159727006341e-01 1.022472719242483036e-01 9.576282953807781217e-02 9.099452422739165436e-02 8.720221747837970938e-02 8.398395490441434852e-02 8.110334474442576491e-02 7.841121588621716154e-02 7.580674874111137385e-02 7.321659634719207554e-02 7.058271867186578785e-02 6.785455179536954706e-02 6.498323356281221486e-02 6.191659709946728540e-02 5.848133826483089409e-02 5.473819813329835332e-02 5.067237633687053655e-02
7.553670818976941925e-01 5.624093773812016694e-02 6.088353887867539033e-02 6.523304696731109520e-02 6.901217178777520334e-02 7.245861024312674759e-02 7.566632818617383127e-02 7.870409360376631747e-02 8.163462308735291995e-02 8.452260450258985980e-02 8.744283409895015069e-02 9.049119316990666961e-02 9.380208266610694234e-02 9.757925169004540156e-02 1.021551957366041707e-01 1.081157414247075760e-01 1.165879299137120712e-01 1.299896163465875110e-01 1.543053806869053024e-01 2.075152769888324589e-01 3.578605562291552467e-01 7.819980518597813290e-01 5.755989389627236275e-01 2.632355017793739926e-01 1.760761899058855828e-01 1.508318968167604301e-01 1.508318968167603191e-01 1.760761899058852498e-01 2.632355017793748808e-01 5.755989389627231834e-01 7.819980518597859920e-01 3.578605562291605757e-01 2.075152769888315707e-01 1.543053806869048583e-01 1.299896163465870669e-01 1.165879299137097397e-01 1.081157414247075760e-01 1.021551957366032826e-01 9.757925169004551258e-02 9.380208266610760848e-02 9.049119316990633655e-02 8.744283409894937353e-02 8.452260450258941571e-02 8.163462308735314199e-02 7.870409360376642849e-02 7.566632818617338718e-02 7.245861024312708065e-02 6.901217178777553640e-02 6.523304696731054009e-02 6.088353887867539033e-02 5.624093773812061103e-02
7.615955473098330319e-01 5.493528010853093030e-02 5.969611304917091243e-02 6.411722385060919516e-02 6.793675388784235769e-02 7.140856438794991601e-02 7.462935312813177846e-02 7.767343237311662152e-02 8.060862664418513845e-02 8.350521947308275905e-02 8.644534518756136210e-02 8.953600043145196197e-02 9.293030293179412038e-02 9.686624035252391907e-02 1.017439147724399501e-01 1.082941956447122794e-01 1.179881615452428451e-01 1.341724734284336917e-01 1.658115995328055536e-01 2.428259239854214657e-01 4.860026120610094202e-01 8.378093312004240012e-01 3.947264105027386560e-01 2.111444760171399260e-01 1.572899176019555423e-01 1.403771021708216660e-01 1.403771021708219990e-01 1.572899176019563194e-01 2.111444760171412582e-01 3.947264105027364356e-01 8.378093312004197823e-01 4.860026120610178579e-01 2.428259239854198004e-01 1.658115995328044434e-01 1.341724734284321374e-01 1.179881615452418459e-01 1.082941956447113913e-01 1.017439147724407272e-01 9.686624035252447418e-02 9.293030293179334322e-02 8.953600043145129583e-02 8.644534518756136210e-02 8.350521947308209292e-02 8.060862664418547152e-02 7.767343237311728765e-02 7.462935312813188948e-02 7.140856438794891681e-02 6.793675388784280178e-02 6.411722385060864005e-02 5.969611304917046835e-02 5.493528010853093030e-02
7.678240127219719824e-01 4.571239387273089844e-02 4.995425334848509896e-02 5.382968952405296770e-02 5.717557624431653801e-02 6.021637643538142043e-02 6.303479613347001687e-02 6.569716822992408001e-02 6.826456905750027948e-02 7.080099605198927892e-02 7.338257081731003328e-02 7.611086083744283970e-02 7.913551231931306718e-02 8.269719544327697180e-02 8.721720444121704163e-02 9.350422911630353051e-02 1.032933872530805569e-01 1.208926195289083960e-01 1.594188898504806939e-01 2.721590709549820963e-01 6.977148548924574367e-01 6.304348316758660031e-01 2.486870298493476239e-01 1.538551184183366005e-01 1.241332253287342063e-01 1.142301680554170806e-01 1.142301680554166365e-01 1.241332253287334292e-01 1.538551184183367115e-01 2.486870298493447373e-01 6.304348316758600079e-01 6.977148548924624327e-01 2.721590709549806530e-01 1.594188898504798058e-01 1.208926195289070638e-01 1.032933872530813341e-01 9.350422911630452971e-02 8.721720444121615345e-02 8.269719544327441829e-02 7.913551231931206797e-02 7.611086083744306174e-02 7.338257081731003328e-02 7.080099605198861279e-02 6.826456905749905824e-02 6.569716822992308081e-02 6.303479613346879562e-02 6.021637643538219758e-02 5.717557624431598290e-02 5.382968952405374485e-02 4.995425334848454385e-02 4.571239387273089844e-02
7.740524781341108218e-01 3.535214649955944338e-02 3.890456759691469923e-02 4.206113216238131086e-02 4.481118543565185824e-02 4.731212330809173028e-02 4.963054964196331881e-02 5.182112974191556420e-02 5.393469159859955175e-02 5.602536576510371014e-02 5.815920063213479013e-02 6.042731269814815426e-02 6.296935509651503671e-02 6.602040146780639718e-02 7.001476045474844256e-02 7.584396821044633863e-02 8.559870166880274855e-02 1.051728777506917012e-01 1.564760524305255085e-01 3.630664401748575076e-01 9.431298246780901451e-01 3.094241539357970860e-01 1.483756845221788079e-01 1.072533137538650566e-01 9.275206122505540163e-02 8.759487696193836437e-02 8.759487696193847539e-02 9.275206122505484652e-02 1.072533137538646125e-01 1.483756845221782528e-01 3.094241539357973081e-01 9.431298246780943639e-01 3.630664401748459613e-01 1.564760524305248424e-01 1.051728777506899248e-01 8.559870166880352571e-02 7.584396821044611658e-02 7.001476045474810950e-02 6.602040146780650820e-02 6.296935509651481466e-02 6.042731269814715506e-02 5.815920063213445707e-02 5.602536576510259991e-02 5.393469159860066198e-02 5.182112974191567523e-02 4.963054964196409596e-02 4.731212330809272948e-02 4.481118543565119211e-02 4.206113216238153291e-02 3.890456759691469923e-02 3.535214649955988747e-02
7.802809435462496612e-01 2.764476565203477162e-02 3.068048692608378591e-02 3.324926111688936148e-02 3.553920693420194177e-02 3.762165299809259317e-02 3.955211732786105550e-02 4.137645839497520323e-02 4.313766988334589991e-02 4.488242806019347719e-02 4.666947478935035837e-02 4.858314425733806924e-02 5.075886205740805235e-02 5.343718929925090483e-02 5.709219357231949676e-02 6.278044502098494017e-02 7.327619307888173783e-02 9.785851179667356958e-02 1.827314222476545125e-01 7.111660848915672961e-01 4.599827149269097859e-01 1.532557715592935688e-01 9.635181551857958937e-02 7.841431760442313381e-02 7.128523048643005400e-02 6.859357713045587113e-02 6.859357713045687033e-02 7.128523048643005400e-02 7.841431760442302279e-02 9.635181551857870119e-02 1.532557715592923475e-01 4.599827149269030135e-01 7.111660848915846156e-01 1.827314222476550676e-01 9.785851179667423572e-02 7.327619307888240396e-02 6.278044502098571733e-02 5.709219357231938574e-02 5.343718929924901745e-02 5.075886205740727519e-02 4.858314425733873537e-02 4.666947478934947019e-02 4.488242806019292208e-02 4.313766988334656605e-02 4.137645839497520323e-02 3.955211732786194367e-02 3.762165299809248215e-02 3.553920693420194177e-02 3.324926111688969455e-02 3.068048692608334183e-02 2.764476565203488612e-02
7.865094089583886117e-01 2.251470708608271573e-02 2.515225989673990081e-02 2.738182725956305949e-02 2.936498019234559317e-02 3.116632581946366873e-02 3.283514213361306971e-02 3.441202871494317139e-02 3.593535040273228287e-02 3.744768929185051526e-02 3.900455575664312641e-02 4.068926781784454327e-02 4.264268724747919542e-02 4.513048332887856229e-02 4.871615950253414817e-02 5.478382967768632983e-02 6.751705133305252460e-02 1.045342627418243686e-01 3.013549777256431805e-01 8.491385109751617977e-01 1.830210101434289749e-01 9.327922701161824037e-02 7.027398439843395017e-02 6.159475040725079231e-02 5.780519070042246244e-02 5.630554795133065754e-02 5.630554795133010243e-02 5.780519070042290652e-02 6.159475040724912698e-02 7.027398439843417222e-02 9.327922701161713015e-02 1.830210101434275316e-01 8.491385109751761195e-01 3.013549777256360751e-01 1.045342627418232584e-01 6.751705133305274664e-02 5.478382967768621881e-02 4.871615950253359306e-02 4.513048332887834024e-02 4.264268724748108280e-02 4.068926781784409918e-02 3.900455575664279334e-02 3.744768929185051526e-02 3.593535040273228287e-02 3.441202871494283833e-02 3.283514213361295869e-02 3.116632581946355771e-02 2.936498019234592624e-02 2.738182725956161620e-02 2.515225989673901263e-02 2.251470708608249369e-02
7.927378743705275621e-01 1.909789469350088933e-02 2.147999665263662650e-02 2.349487516738474682e-02 2.527985212044875363e-02 2.689759368119896271e-02 2.839446736910546110e-02 2.980848922040101046e-02 3.117594076541544898e-02 3.253816151259700251e-02 3.395122615065700872e-02 3.550348796686629560e-02 3.735289001360896782e-02 3.981761730272127126e-02 4.363140973395231853e-02 5.081789671989668522e-02 6.869752069415084594e-02 1.400683507977827369e-01 7.943558408655587710e-01 2.786658722741816030e-01 9.984111381075370939e-02 6.698920107201017382e-02 5.607272338638398523e-02 5.138749054258230642e-02 4.919507213588408812e-02 4.829640483987260313e-02 4.829640483987205496e-02 4.919507213588364403e-02 5.138749054258208437e-02 5.607272338638442932e-02 6.698920107200939666e-02 9.984111381075370939e-02 2.786658722741766070e-01 7.943558408655571057e-01 1.400683507977832920e-01 6.869752069415151208e-02 5.081789671989701829e-02 4.363140973395353978e-02 3.981761730272116023e-02 3.735289001360952293e-02 3.550348796686640662e-02 3.395122615065656463e-02 3.253816151259666944e-02 3.117594076541456080e-02 2.980848922040200966e-02 2.839446736910501701e-02 2.689759368119918476e-02 2.527985212044886465e-02 2.349487516738541296e-02 2.147999665263707059e-02 1.909789469350122240e-02
7.989663397826664015e-01 1.667933133415690911e-02 1.889527603847295650e-02 2.076987927986948326e-02 2.242213698637006772e-02 2.391514048009726195e-02 2.529436500980668939e-02 2.659696415178830486e-02 2.785888232801239650e-02 2.912237468977232555e-02 3.044736526435387614e-02 3.193337630756565293e-02 3.376938698057196236e-02 3.636496885187839173e-02 4.076038587890985082e-02 5.026232514227852582e-02 8.009379998610699491e-02 2.772734925990779087e-01 6.134094747377587531e-01 1.230355387672423945e-01 6.811678495034435843e-02 5.329854539319611034e-02 4.743683983686636935e-02 4.468051212498755365e-02 4.332372919406900919e-02 4.275289938567618242e-02 4.275289938567718162e-02 4.332372919406934225e-02 4.468051212498710956e-02 4.743683983686625832e-02 5.329854539319699852e-02 6.811678495034347025e-02 1.230355387672426165e-01 6.134094747377288881e-01 2.772734925990834598e-01 8.009379998610621776e-02 5.026232514227819276e-02 4.076038587890951775e-02 3.636496885187861378e-02 3.376938698057229543e-02 3.193337630756498680e-02 3.044736526435432022e-02 2.912237468977232555e-02 2.785888232801217446e-02 2.659696415178819384e-02 2.529436500980602326e-02 2.391514048009781707e-02 2.242213698636973465e-02 2.076987927986870611e-02 1.889527603847273446e-02 1.667933133415724217e-02
8.051948051948052409e-01 1.492710270005358740e-02 1.704032401968761865e-02 1.882770815029677358e-02 2.039367923133602808e-02 2.180364622557783016e-02 2.310379021576242087e-02 2.433183269985524089e-02 2.552495983624022968e-02 2.672854299919269136e-02 2.801018984904108181e-02 2.948875079680103595e-02 3.140520919028923913e-02 3.432653871893778796e-02 3.986705732446819278e-02 5.417511166590058269e-02 1.172988795914563093e-01 8.640279594500938076e-01 1.928150559723189883e-01 7.553086741702597084e-02 5.303490553776526312e-02 4.527667908110226402e-02 4.181951490102507607e-02 4.008373529554581233e-02 3.919696916490836985e-02 3.881662188486599552e-02 3.881662188486555143e-02 3.919696916490870292e-02 4.008373529554503517e-02 4.181951490102563118e-02 4.527667908110304118e-02 5.303490553776504107e-02 7.553086741702708107e-02 1.928150559723167679e-01 8.640279594500752669e-01 1.172988795914609722e-01 5.417511166590147087e-02 3.986705732446752665e-02 3.432653871893812103e-02 3.140520919028901708e-02 2.948875079680059186e-02 2.801018984904019363e-02 2.672854299919213625e-02 2.552495983624011866e-02 2.433183269985446373e-02 2.310379021576253189e-02 2.180364622557771914e-02 2.039367923133569502e-02 1.882770815029699563e-02 1.704032401968739660e-02 1.492710270005303229e-02
