nan -7.000000000000000000e+00 -6.714285714285714413e+00 -6.428571428571428825e+00 -6.142857142857143238e+00 -5.857142857142857650e+00 -5.571428571428571175e+00 -5.285714285714285587e+00 -5.000000000000000000e+00 -4.714285714285714413e+00 -4.428571428571428825e+00 -4.142857142857143238e+00 -3.857142857142857206e+00 -3.571428571428571619e+00 -3.285714285714286031e+00 -3.000000000000000000e+00 -2.714285714285714413e+00 -2.428571428571428825e+00 -2.142857142857143238e+00 -1.857142857142857650e+00 -1.571428571428572063e+00 -1.285714285714286476e+00 -1.000000000000000000e+00 -7.142857142857144126e-01 -4.285714285714288252e-01 -1.428571428571432378e-01 1.428571428571423496e-01 4.285714285714279370e-01 7.142857142857135244e-01 1.000000000000000000e+00 1.285714285714284699e+00 1.571428571428571175e+00 1.857142857142855874e+00 2.142857142857142350e+00 2.428571428571428825e+00 2.714285714285713524e+00 3.000000000000000000e+00 3.285714285714284699e+00 3.571428571428571175e+00 3.857142857142855874e+00 4.142857142857142350e+00 4.428571428571427049e+00 4.714285714285713524e+00 5.000000000000000000e+00 5.285714285714284699e+00 5.571428571428571175e+00 5.857142857142855874e+00 6.142857142857142350e+00 6.428571428571427049e+00 6.714285714285713524e+00 7.000000000000000000e+00
5.000000000000000000e-01 2.694516698442202176e-04 2.771578616394742775e-04 2.846092031524332560e-04 2.918006340594404683e-04 2.987264406348634212e-04 3.053804276694837639e-04 3.117560631392989122e-04 3.178466013940374263e-04 3.236451891669262729e-04 3.291449576450789774e-04 3.343391030614520170e-04 3.392209576924112629e-04 3.437840527128822638e-04 3.480221740345050920e-04 3.519294120032471769e-04 3.555002056416449560e-04 3.587293819729408671e-04 3.616121908491466870e-04 3.641443356148698816e-04 3.663219998676880127e-04 3.681418705195077675e-04 3.696011573184580117e-04 3.706976089546940890e-04 3.714295258441115241e-04 3.717957696596885893e-04 3.717957696596887519e-04 3.714295258441115241e-04 3.706976089546940890e-04 3.696011573184576865e-04 3.681418705195075507e-04 3.663219998676876875e-04 3.641443356148699900e-04 3.616121908491465786e-04 3.587293819729407587e-04 3.555002056416449018e-04 3.519294120032473395e-04 3.480221740345054173e-04 3.437840527128821553e-04 3.392209576924111545e-04 3.343391030614518001e-04 3.291449576450789774e-04 3.236451891669268693e-04 3.178466013940372094e-04 3.117560631392989122e-04 3.053804276694833302e-04 2.987264406348632585e-04 2.918006340594401973e-04 2.846092031524329849e-04 2.771578616394743859e-04 2.694516698442202176e-04
5.062284654121388394e-01 2.675549861842241610e-04 2.756010011281737732e-04 2.833865861118412986e-04 2.909060103611178978e-04 2.981528138790989226e-04 3.051199993705478678e-04 3.118001935412787503e-04 3.181857844030826525e-04 3.242690394904460373e-04 3.300422086564182159e-04 3.354976142131105787e-04 3.406277305180800859e-04 3.454252546133987313e-04 3.498831691525562714e-04 3.539947985687274742e-04 3.577538592227851402e-04 3.611545041041311376e-04 3.641913625295320391e-04 3.668595751858403416e-04 3.691548247849009228e-04 3.710733625381977346e-04 3.726120306108818064e-04 3.737682806769541889e-04 3.745401886670562909e-04 3.749264657758677802e-04 3.749264657758679428e-04 3.745401886670559656e-04 3.737682806769539721e-04 3.726120306108817522e-04 3.710733625381978972e-04 3.691548247849006517e-04 3.668595751858399622e-04 3.641913625295323102e-04 3.611545041041313545e-04 3.577538592227851402e-04 3.539947985687274742e-04 3.498831691525561630e-04 3.454252546133986771e-04 3.406277305180813327e-04 3.354976142131104702e-04 3.300422086564182159e-04 3.242690394904458205e-04 3.181857844030825983e-04 3.118001935412789672e-04 3.051199993705481931e-04 2.981528138790991937e-04 2.909060103611181146e-04 2.833865861118412444e-04 2.756010011281737190e-04 2.675549861842241610e-04
5.124569308242777899e-01 2.636858419856054174e-04 2.720107662611200320e-04 2.800718827831748573e-04 2.878628402478190795e-04 2.953764785097713836e-04 3.026050409655697566e-04 3.095403527467743571e-04 3.161739722983146657e-04 3.224973219040671896e-04 3.285018012862017558e-04 3.341788873668183422e-04 3.395202225207467309e-04 3.445176930861898077e-04 3.491634994798074399e-04 3.534502189463040113e-04 3.573708617321617854e-04 3.609189212896019559e-04 3.640884189758187618e-04 3.668739436038867953e-04 3.692706861176483666e-04 3.712744695977940237e-04 3.728817747557573617e-04 3.740897610326651386e-04 3.748962833898239195e-04 3.752999048529613297e-04 3.752999048529612755e-04 3.748962833898241906e-04 3.740897610326649760e-04 3.728817747557573075e-04 3.712744695977938610e-04 3.692706861176484208e-04 3.668739436038864158e-04 3.640884189758189244e-04 3.609189212896020643e-04 3.573708617321614601e-04 3.534502189463039571e-04 3.491634994798073315e-04 3.445176930861894283e-04 3.395202225207466225e-04 3.341788873668179627e-04 3.285018012862021353e-04 3.224973219040671896e-04 3.161739722983148825e-04 3.095403527467742487e-04 3.026050409655694855e-04 2.953764785097714378e-04 2.878628402478191337e-04 2.800718827831750741e-04 2.720107662611197610e-04 2.636858419856056342e-04
5.186853962364166293e-01 2.563330967612598935e-04 2.648172676393553216e-04 2.730381456435613629e-04 2.809888672305061851e-04 2.886616835144722418e-04 2.960481918171287315e-04 3.031395295286534687e-04 3.099265388294963485e-04 3.163999085018092956e-04 3.225502974171287466e-04 3.283684431076132077e-04 3.338452579704104814e-04 3.389719150238386315e-04 3.437399246652884802e-04 3.481412035294812455e-04 3.521681362805357185e-04 3.558136309699301298e-04 3.590711684389321051e-04 3.619348461265842784e-04 3.643994165544186224e-04 3.664603206901412020e-04 3.681137163398585693e-04 3.693565016781348445e-04 3.701863339944998590e-04 3.706016437115298512e-04 3.706016437115295260e-04 3.701863339944997506e-04 3.693565016781348988e-04 3.681137163398585151e-04 3.664603206901414188e-04 3.643994165544189477e-04 3.619348461265846579e-04 3.590711684389320509e-04 3.558136309699306177e-04 3.521681362805359895e-04 3.481412035294815166e-04 3.437399246652888055e-04 3.389719150238384689e-04 3.338452579704103730e-04 3.283684431076132077e-04 3.225502974171287466e-04 3.163999085018096209e-04 3.099265388294965653e-04 3.031395295286530350e-04 2.960481918171285688e-04 2.886616835144728923e-04 2.809888672305061851e-04 2.730381456435610377e-04 2.648172676393553216e-04 2.563330967612598393e-04
5.249138616485555797e-01 2.344415164013952243e-04 2.424788628722217721e-04 2.502678148199089002e-04 2.578020159030303669e-04 2.650741876439196795e-04 2.720763668913867396e-04 2.788001035612789648e-04 2.852366278882518809e-04 2.913769938703667396e-04 2.972122037956727064e-04 3.027333174618232307e-04 3.079315487760246801e-04 3.127983517469990231e-04 3.173254973813633383e-04 3.215051426244370874e-04 3.253298922056711753e-04 3.287928540374132234e-04 3.318876886550769763e-04 3.346086530645470125e-04 3.369506392693996546e-04 3.389092076795503458e-04 3.404806155489823296e-04 3.416618405493113001e-04 3.424505995551048389e-04 3.428453626935744347e-04 3.428453626935745431e-04 3.424505995551049473e-04 3.416618405493112459e-04 3.404806155489821669e-04 3.389092076795505626e-04 3.369506392693993836e-04 3.346086530645469583e-04 3.318876886550770305e-04 3.287928540374133318e-04 3.253298922056712837e-04 3.215051426244371958e-04 3.173254973813629588e-04 3.127983517469988604e-04 3.079315487760245175e-04 3.027333174618233934e-04 2.972122037956726522e-04 2.913769938703667396e-04 2.852366278882520977e-04 2.788001035612786395e-04 2.720763668913869565e-04 2.650741876439197337e-04 2.578020159030303669e-04 2.502678148199089544e-04 2.424788628722217721e-04 2.344415164013952243e-04
5.311423270606944191e-01 2.067255088354783877e-04 2.140190497171781268e-04 2.210858263611984245e-04 2.279204875286144026e-04 2.345167526546645205e-04 2.408676468921447465e-04 2.469656954123182024e-04 2.528030866659803397e-04 2.583718115807477796e-04 2.636637837704474958e-04 2.686709444870973517e-04 2.733853550798363689e-04 2.777992790225950284e-04 2.819052550557300005e-04 2.856961626033434386e-04 2.891652803410319915e-04 2.923063385726102042e-04 2.951135659107226934e-04 2.975817306319492516e-04 2.997061769824895428e-04 3.014828566386190331e-04 3.029083554714985440e-04 3.039799157246235819e-04 3.046954536809663391e-04 3.050535728733050084e-04 3.050535728733051711e-04 3.046954536809666101e-04 3.039799157246237987e-04 3.029083554714988693e-04 3.014828566386190873e-04 2.997061769824895970e-04 2.975817306319490890e-04 2.951135659107226934e-04 2.923063385726104211e-04 2.891652803410319373e-04 2.856961626033433844e-04 2.819052550557300005e-04 2.777992790225951368e-04 2.733853550798364773e-04 2.686709444870974601e-04 2.636637837704476042e-04 2.583718115807478338e-04 2.528030866659806107e-04 2.469656954123183108e-04 2.408676468921448549e-04 2.345167526546644392e-04 2.279204875286143484e-04 2.210858263611985871e-04 2.140190497171779642e-04 2.067255088354784148e-04
5.373707924728332586e-01 1.813609672989692609e-04 1.879429340394580530e-04 1.943187284708477092e-04 2.004839476579396945e-04 2.064332591611700162e-04 2.121606327755250676e-04 2.176595306418386677e-04 2.229230658807407838e-04 2.279441369989412423e-04 2.327155433123996380e-04 2.372300852216168495e-04 2.414806521688138245e-04 2.454603003799614349e-04 2.491623219629867996e-04 2.525803065406664644e-04 2.557081963039761654e-04 2.585403351519041963e-04 2.610715124178903811e-04 2.632970015574012993e-04 2.652125940757554617e-04 2.668146289028447697e-04 2.681000173664037909e-04 2.690662638738333624e-04 2.697114823810772008e-04 2.700344087032132507e-04 2.700344087032132507e-04 2.697114823810774719e-04 2.690662638738331456e-04 2.681000173664036825e-04 2.668146289028444987e-04 2.652125940757556785e-04 2.632970015574014619e-04 2.610715124178902727e-04 2.585403351519041421e-04 2.557081963039762739e-04 2.525803065406665186e-04 2.491623219629867996e-04 2.454603003799612723e-04 2.414806521688137974e-04 2.372300852216166597e-04 2.327155433123995025e-04 2.279441369989410526e-04 2.229230658807408922e-04 2.176595306418386677e-04 2.121606327755252844e-04 2.064332591611700975e-04 2.004839476579398300e-04 1.943187284708477092e-04 1.879429340394581614e-04 1.813609672989690983e-04
5.435992578849722090e-01 1.585983397992423208e-04 1.645166907971055482e-04 1.702479964574804918e-04 1.757887286417547797e-04 1.811344343145791238e-04 1.862799635975711978e-04 1.912196553783268441e-04 1.959474910658666263e-04 2.004572240055078772e-04 2.047424899560225300e-04 2.087969025598927070e-04 2.126141366943376466e-04 2.161880018413028781e-04 2.195125070693027740e-04 2.225819188190916004e-04 2.253908123875179425e-04 2.279341177813969165e-04 2.302071604457232629e-04 2.322056972440180323e-04 2.339259479726124168e-04 2.353646226179241551e-04 2.365189445104678447e-04 2.373866694875179345e-04 2.379661011445597058e-04 2.382561022315579126e-04 2.382561022315578855e-04 2.379661011445597058e-04 2.373866694875181242e-04 2.365189445104677905e-04 2.353646226179241822e-04 2.339259479726124168e-04 2.322056972440180323e-04 2.302071604457235068e-04 2.279341177813969978e-04 2.253908123875179425e-04 2.225819188190916547e-04 2.195125070693025842e-04 2.161880018413027697e-04 2.126141366943375924e-04 2.087969025598929509e-04 2.047424899560227197e-04 2.004572240055076874e-04 1.959474910658668431e-04 1.912196553783268712e-04 1.862799635975712249e-04 1.811344343145789612e-04 1.757887286417546984e-04 1.702479964574806816e-04 1.645166907971055753e-04 1.585983397992423750e-04
5.498277232971110484e-01 1.389621379836387179e-04 1.442894616169278156e-04 1.494465408653307859e-04 1.544306489593845727e-04 1.592381378527256766e-04 1.638646634848804824e-04 1.683053676016575781e-04 1.725550272212591726e-04 1.766081795564523351e-04 1.804592279753794882e-04 1.841025330414373582e-04 1.875324915873762671e-04 1.907436060038280104e-04 1.937305453617892061e-04 1.964881995783309733e-04 1.990117275316190108e-04 2.012965998053881697e-04 2.033386365735231254e-04 2.051340410075794577e-04 2.066794284933363578e-04 2.079718518691250093e-04 2.090088228429592986e-04 2.097883297032220311e-04 2.103088514054930161e-04 2.105693680935402906e-04 2.105693680935404261e-04 2.103088514054930161e-04 2.097883297032219769e-04 2.090088228429594071e-04 2.079718518691251177e-04 2.066794284933364662e-04 2.051340410075797559e-04 2.033386365735232880e-04 2.012965998053881697e-04 1.990117275316191192e-04 1.964881995783308920e-04 1.937305453617893145e-04 1.907436060038280646e-04 1.875324915873763214e-04 1.841025330414373311e-04 1.804592279753796508e-04 1.766081795564523080e-04 1.725550272212593352e-04 1.683053676016574697e-04 1.638646634848804011e-04 1.592381378527257037e-04 1.544306489593844913e-04 1.494465408653308130e-04 1.442894616169278156e-04 1.389621379836386908e-04
5.560561887092498878e-01 1.236418669473837186e-04 1.285004120791038919e-04 1.332012951891478386e-04 1.377425410836074680e-04 1.421212414940393012e-04 1.463337816928524386e-04 1.503760217820315802e-04 1.542434444845736119e-04 1.579312777112222533e-04 1.614345977789581556e-04 1.647484175120845183e-04 1.678677623069132151e-04 1.707877364251448400e-04 1.735035811941021313e-04 1.760107263646239293e-04 1.783048355629613833e-04 1.803818465395218512e-04 1.822380067426432131e-04 1.838699046141369325e-04 1.852744969039514457e-04 1.864491322259507729e-04 1.873915710195040558e-04 1.881000020379384129e-04 1.885730554515741984e-04 1.888098126273929356e-04 1.888098126273932067e-04 1.885730554515741442e-04 1.881000020379384400e-04 1.873915710195039473e-04 1.864491322259508542e-04 1.852744969039515270e-04 1.838699046141368512e-04 1.822380067426432131e-04 1.803818465395219054e-04 1.783048355629616544e-04 1.760107263646240377e-04 1.735035811941021584e-04 1.707877364251450840e-04 1.678677623069131880e-04 1.647484175120844099e-04 1.614345977789581285e-04 1.579312777112222804e-04 1.542434444845735577e-04 1.503760217820314176e-04 1.463337816928525742e-04 1.421212414940392469e-04 1.377425410836075493e-04 1.332012951891478386e-04 1.285004120791038919e-04 1.236418669473837186e-04
5.622846541213888383e-01 1.097585328455891597e-04 1.141801204189485971e-04 1.184558905096800511e-04 1.225845465505622043e-04 1.265638502660709308e-04 1.303908495212202732e-04 1.340620589671907001e-04 1.375736060756309993e-04 1.409213513014774522e-04 1.441009885425975309e-04 1.471081303127794084e-04 1.499383808294396658e-04 1.525873993607937374e-04 1.550509555645683372e-04 1.573249781065471178e-04 1.594055975221038402e-04 1.612891840434276674e-04 1.629723809357824544e-04 1.644521337514746212e-04 1.657257158085514602e-04 1.667907501241707531e-04 1.676452279739275080e-04 1.682875242036604426e-04 1.687164093859085709e-04 1.689310588865940729e-04 1.689310588865940187e-04 1.687164093859087877e-04 1.682875242036604426e-04 1.676452279739271828e-04 1.667907501241708615e-04 1.657257158085513517e-04 1.644521337514747838e-04 1.629723809357824273e-04 1.612891840434276674e-04 1.594055975221037318e-04 1.573249781065471991e-04 1.550509555645683915e-04 1.525873993607935748e-04 1.499383808294398014e-04 1.471081303127792187e-04 1.441009885425975038e-04 1.409213513014774793e-04 1.375736060756309722e-04 1.340620589671907544e-04 1.303908495212201919e-04 1.265638502660709579e-04 1.225845465505624211e-04 1.184558905096800646e-04 1.141801204189485023e-04 1.097585328455891597e-04
5.685131195335276777e-01 9.700808519124302031e-05 1.010154337971183515e-04 1.048883851101133167e-04 1.086262499891754512e-04 1.122273940166993892e-04 1.156894659644580413e-04 1.190095772996775024e-04 1.221844460770689811e-04 1.252105144076873472e-04 1.280840459475698478e-04 1.308012079926687934e-04 1.333581414884713089e-04 1.357510213676502251e-04 1.379761089927752221e-04 1.400297980226049852e-04 1.419086546861565213e-04 1.436094532024228556e-04 1.451292069004959213e-04 1.464651954577323031e-04 1.476149885702191878e-04 1.485764662914989111e-04 1.493478362159053900e-04 1.499276476372686051e-04 1.503148027786781931e-04 1.505085651616789200e-04 1.505085651616789200e-04 1.503148027786780575e-04 1.499276476372686593e-04 1.493478362159053900e-04 1.485764662914988840e-04 1.476149885702191336e-04 1.464651954577323844e-04 1.451292069004957587e-04 1.436094532024228556e-04 1.419086546861564942e-04 1.400297980226050394e-04 1.379761089927750866e-04 1.357510213676504961e-04 1.333581414884712005e-04 1.308012079926687934e-04 1.280840459475698749e-04 1.252105144076873201e-04 1.221844460770690624e-04 1.190095772996774753e-04 1.156894659644579871e-04 1.122273940166997687e-04 1.086262499891754919e-04 1.048883851101132760e-04 1.010154337971183651e-04 9.700808519124293899e-05
5.747415849456666281e-01 8.579433354710543460e-05 8.942913704791304399e-05 9.293985886151065066e-05 9.632634953307472403e-05 9.958751074062646160e-05 1.027215249158933120e-04 1.057260340226344111e-04 1.085982816507910205e-04 1.113352280979322697e-04 1.139336451703389688e-04 1.163901954673738292e-04 1.187014995676838927e-04 1.208641936002687105e-04 1.228749790224111849e-04 1.247306659527331241e-04 1.264282110638450477e-04 1.279647507868162044e-04 1.293376303928157325e-04 1.305444293777057699e-04 1.315829834703665204e-04 1.324514035060658909e-04 1.331480913457035772e-04 1.336717529754383226e-04 1.340214088854715523e-04 1.341964017988370953e-04 1.341964017988369869e-04 1.340214088854716065e-04 1.336717529754384039e-04 1.331480913457034146e-04 1.324514035060659180e-04 1.315829834703664120e-04 1.305444293777058512e-04 1.293376303928157325e-04 1.279647507868162857e-04 1.264282110638450206e-04 1.247306659527331241e-04 1.228749790224112934e-04 1.208641936002687376e-04 1.187014995676839198e-04 1.163901954673738157e-04 1.139336451703389823e-04 1.113352280979322968e-04 1.085982816507910205e-04 1.057260340226344925e-04 1.027215249158932171e-04 9.958751074062671910e-05 9.632634953307458851e-05 9.293985886151085395e-05 8.942913704791311176e-05 8.579433354710544815e-05
5.809700503578054676e-01 7.591372516134419748e-05 7.921288526138419036e-05 8.239731306174895959e-05 8.546733758291764763e-05 8.842233537918155401e-05 9.126096181071991214e-05 9.398132946331041375e-05 9.658114874867420132e-05 9.905784086807467028e-05 1.014086301757202295e-04 1.036306208896101881e-04 1.057208616813529769e-04 1.076764006984543877e-04 1.094943328858191082e-04 1.111718409837707510e-04 1.127062312264444192e-04 1.140949645061869902e-04 1.153356835789994553e-04 1.164262367440797570e-04 1.173646983239985312e-04 1.181493861914700893e-04 1.187788765274240278e-04 1.192520159481112290e-04 1.195679311026694690e-04 1.197260358141358759e-04 1.197260358141358894e-04 1.195679311026694961e-04 1.192520159481112290e-04 1.187788765274241091e-04 1.181493861914701435e-04 1.173646983239985041e-04 1.164262367440797435e-04 1.153356835789994417e-04 1.140949645061870173e-04 1.127062312264445683e-04 1.111718409837708594e-04 1.094943328858191353e-04 1.076764006984543877e-04 1.057208616813529769e-04 1.036306208896102424e-04 1.014086301757202973e-04 9.905784086807465673e-05 9.658114874867421487e-05 9.398132946331041375e-05 9.126096181071991214e-05 8.842233537918168954e-05 8.546733758291757987e-05 8.239731306174890538e-05 7.921288526138416325e-05 7.591372516134427880e-05
5.871985157699444180e-01 6.726659983096135219e-05 7.026244827284374372e-05 7.315187549612773437e-05 7.593566219324940966e-05 7.861363051235268371e-05 8.118487794225084106e-05 8.364795605640465144e-05 8.600101013299613225e-05 8.824189040604346352e-05 9.036824232372926507e-05 9.237758096681397690e-05 9.426735328478513104e-05 9.603499078212714070e-05 9.767795457173247028e-05 9.919377420555317948e-05 1.005800813283605797e-04 1.018346389355269513e-04 1.029553668208824725e-04 1.039403636560425461e-04 1.047879260342028765e-04 1.054965647296396192e-04 1.060650183619117853e-04 1.064922646060851674e-04 1.067775290533111405e-04 1.069202917970760847e-04 1.069202917970759627e-04 1.067775290533110998e-04 1.064922646060852081e-04 1.060650183619117582e-04 1.054965647296395514e-04 1.047879260342029036e-04 1.039403636560424783e-04 1.029553668208825674e-04 1.018346389355268564e-04 1.005800813283606610e-04 9.919377420555328790e-05 9.767795457173259225e-05 9.603499078212714070e-05 9.426735328478503618e-05 9.237758096681392269e-05 9.036824232372931928e-05 8.824189040604355839e-05 8.600101013299613225e-05 8.364795605640469210e-05 8.118487794225077330e-05 7.861363051235275147e-05 7.593566219324940966e-05 7.315187549612772082e-05 7.026244827284373017e-05 6.726659983096129798e-05
5.934269811820832574e-01 5.956468325671693904e-05 6.228375474617804447e-05 6.490407114427704791e-05 6.742681346737415082e-05 6.985219877500107872e-05 7.217971695377629665e-05 7.440830996876999462e-05 7.653651064689557778e-05 7.856255234740335436e-05 8.048445724652007662e-05 8.230010859787564121e-05 8.400731075256901933e-05 8.560383964872668656e-05 8.708748573593548406e-05 8.845609077545034296e-05 8.970757958215593670e-05 9.083998750276785987e-05 9.185148422586459065e-05 9.274039437212898461e-05 9.350521520318394746e-05 9.414463170452020747e-05 9.465752923503110972e-05 9.504300388734373932e-05 9.530037066566000262e-05 9.542916955829548839e-05 9.542916955829556971e-05 9.530037066565997552e-05 9.504300388734380708e-05 9.465752923503100130e-05 9.414463170452018036e-05 9.350521520318393390e-05 9.274039437212899817e-05 9.185148422586464486e-05 9.083998750276794118e-05 8.970757958215596381e-05 8.845609077545041072e-05 8.708748573593553827e-05 8.560383964872674077e-05 8.400731075256904644e-05 8.230010859787553279e-05 8.048445724652011728e-05 7.856255234740342213e-05 7.653651064689561843e-05 7.440830996876998107e-05 7.217971695377632375e-05 6.985219877500111938e-05 6.742681346737413727e-05 6.490407114427706146e-05 6.228375474617804447e-05 5.956468325671690516e-05
5.996554465942220968e-01 5.270533731660293104e-05 5.517252155343623513e-05 5.754804519900632692e-05 5.983343708232636101e-05 6.202925761850091181e-05 6.413533869863391294e-05 6.615096357076680504e-05 6.807500488491766697e-05 6.990603288195002929e-05 7.164240181249250197e-05 7.328232015750624012e-05 7.482390855882170859e-05 7.626524824422308609e-05 7.760442195788170552e-05 7.883954886506988461e-05 7.996881451477519766e-05 8.099049666611258364e-05 8.190298758179337824e-05 8.270481324243686579e-05 8.339464982410912215e-05 8.397133769773612079e-05 8.443389314541195428e-05 8.478151793989218787e-05 8.501360689569675030e-05 8.512975347037778280e-05 8.512975347037774214e-05 8.501360689569675030e-05 8.478151793989220143e-05 8.443389314541195428e-05 8.397133769773617500e-05 8.339464982410906794e-05 8.270481324243694711e-05 8.190298758179339180e-05 8.099049666611258364e-05 7.996881451477517056e-05 7.883954886506989816e-05 7.760442195788165131e-05 7.626524824422308609e-05 7.482390855882185767e-05 7.328232015750615880e-05 7.164240181249254262e-05 6.990603288195006994e-05 6.807500488491768052e-05 6.615096357076681859e-05 6.413533869863395360e-05 6.202925761850097957e-05 5.983343708232632035e-05 5.754804519900642856e-05 5.517252155343624868e-05 5.270533731660293104e-05
6.058839120063610473e-01 4.688500879188433739e-05 4.913632583762807704e-05 5.130201462455552481e-05 5.338391945595283555e-05 5.538290648001758718e-05 5.729910840182508830e-05 5.913210622583492046e-05 6.088106749761240725e-05 6.254485375447601343e-05 6.412210569223634213e-05 6.561131186720077111e-05 6.701086498988100221e-05 6.831910868496584720e-05 6.953437678387801204e-05 7.065502665364427814e-05 7.167946766793125270e-05 7.260618564070457973e-05 7.343376383557588506e-05 7.416090101147653694e-05 7.478642685203155688e-05 7.530931504102310174e-05 7.572869418191415826e-05 7.604385671002544778e-05 7.625426590764837692e-05 7.635956110208255395e-05 7.635956110208252684e-05 7.625426590764849890e-05 7.604385671002548844e-05 7.572869418191409050e-05 7.530931504102315595e-05 7.478642685203155688e-05 7.416090101147664536e-05 7.343376383557587150e-05 7.260618564070456618e-05 7.167946766793133401e-05 7.065502665364423748e-05 6.953437678387813401e-05 6.831910868496577944e-05 6.701086498988101576e-05 6.561131186720078467e-05 6.412210569223635568e-05 6.254485375447609474e-05 6.088106749761242081e-05 5.913210622583497467e-05 5.729910840182506797e-05 5.538290648001756007e-05 5.338391945595288298e-05 5.130201462455555192e-05 4.913632583762807027e-05 4.688500879188435772e-05
6.121123774184998867e-01 4.168182988288144557e-05 4.373594219739758334e-05 4.571003124512234883e-05 4.760621741353928424e-05 4.942563373350391533e-05 5.116867570269997145e-05 5.283518503515244081e-05 5.442458819165828845e-05 5.593600316948050763e-05 5.736832349486989944e-05 5.872028549020902202e-05 5.999052302083304359e-05 6.117761268471647897e-05 6.228011156485454300e-05 6.329658908077570763e-05 6.422565406531716853e-05 6.506597789992531709e-05 6.581631432984131138e-05 6.647551642535835814e-05 6.704255104039401878e-05 6.751651103359610482e-05 6.789662545208179729e-05 6.818226782808942382e-05 6.837296270013658382e-05 6.846839043970635906e-05 6.846839043970637262e-05 6.837296270013652961e-05 6.818226782808942382e-05 6.789662545208183795e-05 6.751651103359605061e-05 6.704255104039396457e-05 6.647551642535841235e-05 6.581631432984128428e-05 6.506597789992533065e-05 6.422565406531719563e-05 6.329658908077572118e-05 6.228011156485461076e-05 6.117761268471654673e-05 5.999052302083301649e-05 5.872028549020904913e-05 5.736832349486993332e-05 5.593600316948051440e-05 5.442458819165830878e-05 5.283518503515242725e-05 5.116867570270001211e-05 4.942563373350392889e-05 4.760621741353927746e-05 4.571003124512237594e-05 4.373594219739756979e-05 4.168182988288140491e-05
6.183408428306387261e-01 3.728054852655255091e-05 3.916720385635020282e-05 4.097855849697394848e-05 4.271698706456065700e-05 4.438386145641629076e-05 4.597980778501783213e-05 4.750489351677022104e-05 4.895876730410216780e-05 5.034076589441075444e-05 5.164999757458702944e-05 5.288540852284077210e-05 5.404583645088133865e-05 5.513005460709927423e-05 5.613680832643752220e-05 5.706484570435467826e-05 5.791294354690849634e-05 5.867992944686549218e-05 5.936470061814197593e-05 5.996623996212374744e-05 6.048362972223434922e-05 6.091606299561516441e-05 6.126285330472811637e-05 6.152344238118490711e-05 6.169740627494336386e-05 6.178445987105791765e-05 6.178445987105791765e-05 6.169740627494330965e-05 6.152344238118489356e-05 6.126285330472806216e-05 6.091606299561520507e-05 6.048362972223433567e-05 5.996623996212370678e-05 5.936470061814196238e-05 5.867992944686549218e-05 5.791294354690856410e-05 5.706484570435468504e-05 5.613680832643751543e-05 5.513005460709926746e-05 5.404583645088129122e-05 5.288540852284079921e-05 5.164999757458700911e-05 5.034076589441071378e-05 4.895876730410222202e-05 4.750489351677023459e-05 4.597980778501780503e-05 4.438386145641631109e-05 4.271698706456068410e-05 4.097855849697401624e-05 3.916720385635018926e-05 3.728054852655248992e-05
6.245693082427776766e-01 3.420220952415056807e-05 3.598075394090832562e-05 3.768657003157476984e-05 3.932232318178684757e-05 4.088963401504310387e-05 4.238934982657215989e-05 4.382174033441580091e-05 4.518664264160520452e-05 4.648357116035652754e-05 4.771180276030694966e-05 4.887044399814362825e-05 4.995848511287348802e-05 5.097484404852376530e-05 5.191840281386319087e-05 5.278803783847728901e-05 5.358264553242654088e-05 5.430116393727500387e-05 5.494259112725057297e-05 5.550600085288284833e-05 5.599055579705183270e-05 5.639551872224739780e-05 5.672026171918938329e-05 5.696427371458241093e-05 5.712716635519958470e-05 5.720867835342775641e-05 5.720867835342780385e-05 5.712716635519959148e-05 5.696427371458239060e-05 5.672026171918939685e-05 5.639551872224737069e-05 5.599055579705181914e-05 5.550600085288288899e-05 5.494259112725052553e-05 5.430116393727501064e-05 5.358264553242660187e-05 5.278803783847729579e-05 5.191840281386319087e-05 5.097484404852377886e-05 4.995848511287349480e-05 4.887044399814361470e-05 4.771180276030694288e-05 4.648357116035654109e-05 4.518664264160518419e-05 4.382174033441582124e-05 4.238934982657216666e-05 4.088963401504309709e-05 3.932232318178687468e-05 3.768657003157474951e-05 3.598075394090831885e-05 3.420220952415055452e-05
6.307977736549165160e-01 3.138414630022912300e-05 3.306199622928230356e-05 3.466951082065968675e-05 3.620963597769477464e-05 3.768422848097451727e-05 3.909434318244307740e-05 4.044043804645030822e-05 4.172252462278187374e-05 4.294028121144153546e-05 4.409313985673548578e-05 4.518035455149230938e-05 4.620105565701810457e-05 4.715429400258013053e-05 4.803907710376737985e-05 4.885439924408874066e-05 4.959926668383047937e-05 5.027271892258802853e-05 5.087384670096649282e-05 5.140180725262161226e-05 5.185583719003564353e-05 5.223526331259064134e-05 5.253951155425915740e-05 5.276811423396471541e-05 5.292071572969716349e-05 5.299707666434444296e-05 5.299707666434443618e-05 5.292071572969710928e-05 5.276811423396470863e-05 5.253951155425919128e-05 5.223526331259069556e-05 5.185583719003558932e-05 5.140180725262159193e-05 5.087384670096650638e-05 5.027271892258801497e-05 4.959926668383049292e-05 4.885439924408870000e-05 4.803907710376737307e-05 4.715429400258006954e-05 4.620105565701809102e-05 4.518035455149230938e-05 4.409313985673549933e-05 4.294028121144155579e-05 4.172252462278181953e-05 4.044043804645024723e-05 3.909434318244307740e-05 3.768422848097455793e-05 3.620963597769480174e-05 3.466951082065973419e-05 3.306199622928230356e-05 3.138414630022913655e-05
6.370262390670553554e-01 2.884264486275469290e-05 3.042875159587191518e-05 3.194665144243142023e-05 3.339956747640530666e-05 3.478958510996318134e-05 3.611795685863398683e-05 3.738531770430381210e-05 3.859184170050500659e-05 3.973735877365045980e-05 4.082144383017338610e-05 4.184348612639761248e-05 4.280274425746219294e-05 4.369839044794515546e-05 4.452954672316739623e-05 4.529531479647295241e-05 4.599480099686920856e-05 4.662713720424589556e-05 4.719149850574354369e-05 4.768711810406939060e-05 4.811329987511290553e-05 4.846942887346649797e-05 4.875498001049314770e-05 4.896952507335594775e-05 4.911273821002078811e-05 4.918439997101585009e-05 4.918439997101595174e-05 4.911273821002080166e-05 4.896952507335591387e-05 4.875498001049317481e-05 4.846942887346650475e-05 4.811329987511291231e-05 4.768711810406939738e-05 4.719149850574352336e-05 4.662713720424592945e-05 4.599480099686920856e-05 4.529531479647292531e-05 4.452954672316736912e-05 4.369839044794512157e-05 4.280274425746214551e-05 4.184348612639763281e-05 4.082144383017341320e-05 3.973735877365051401e-05 3.859184170050496593e-05 3.738531770430381210e-05 3.611795685863397327e-05 3.478958510996320845e-05 3.339956747640535409e-05 3.194665144243144734e-05 3.042875159587190502e-05 2.884264486275467935e-05
6.432547044791943058e-01 2.651883375981628678e-05 2.801973643436398470e-05 2.945438830521896208e-05 3.082628456235124133e-05 3.213773084982158744e-05 3.339016727665354475e-05 3.458439499131052625e-05 3.572073941428642851e-05 3.679917096553812468e-05 3.781939646435249599e-05 3.878092978395729644e-05 3.968314749427292516e-05 4.052533340861581563e-05 4.130671476084039282e-05 4.202649194348796041e-05 4.268386319407487754e-05 4.327804523882094399e-05 4.380829063610450929e-05 4.427390237038009976e-05 4.467424610794134459e-05 4.500876042318174554e-05 4.527696522723737558e-05 4.547846857270463141e-05 4.561297196327309382e-05 4.568027426180234525e-05 4.568027426180233170e-05 4.561297196327305993e-05 4.547846857270466530e-05 4.527696522723736880e-05 4.500876042318171166e-05 4.467424610794134459e-05 4.427390237038007266e-05 4.380829063610451607e-05 4.327804523882089656e-05 4.268386319407484365e-05 4.202649194348792653e-05 4.130671476084041315e-05 4.052533340861581563e-05 3.968314749427291160e-05 3.878092978395733032e-05 3.781939646435249599e-05 3.679917096553812468e-05 3.572073941428643529e-05 3.458439499131052625e-05 3.339016727665351764e-05 3.213773084982162809e-05 3.082628456235126166e-05 2.945438830521894175e-05 2.801973643436397114e-05 2.651883375981632405e-05
6.494831698913332563e-01 2.439277372187863608e-05 2.581450263676875838e-05 2.717177448270934013e-05 2.846835330272955313e-05 2.970675799193428802e-05 3.088860741577600889e-05 3.201485916846637464e-05 3.308597996511044182e-05 3.410207060135883150e-05 3.506295983208058709e-05 3.596827643140967570e-05 3.681750557344998378e-05 3.761003369812403776e-05 3.834518474463517116e-05 3.902224978305531672e-05 3.964051149647162918e-05 4.019926456645554812e-05 4.069783273357185000e-05 4.113558310392629393e-05 4.151193812730117325e-05 4.182638556557340142e-05 4.207848669050000712e-05 4.226788288976115809e-05 4.239430081385033835e-05 4.245755616001158241e-05 4.245755616001154853e-05 4.239430081385035191e-05 4.226788288976120552e-05 4.207848669050003423e-05 4.182638556557341497e-05 4.151193812730118003e-05 4.113558310392628037e-05 4.069783273357183644e-05 4.019926456645554812e-05 3.964051149647163596e-05 3.902224978305532350e-05 3.834518474463515761e-05 3.761003369812401743e-05 3.681750557344998378e-05 3.596827643140965538e-05 3.506295983208058709e-05 3.410207060135882472e-05 3.308597996511041472e-05 3.201485916846637464e-05 3.088860741577601567e-05 2.970675799193429819e-05 2.846835330272954635e-05 2.717177448270935029e-05 2.581450263676874482e-05 2.439277372187864285e-05
6.557116353034720957e-01 2.243052879057387609e-05 2.377771173049932443e-05 2.506212359521382105e-05 2.628779267520323107e-05 2.745744332295387273e-05 2.857286398879509614e-05 2.963515904785066145e-05 3.064492679756826253e-05 3.160238888096483101e-05 3.250748676843938427e-05 3.335995529359852223e-05 3.415937981497816392e-05 3.490524143044729493e-05 3.559695328967265357e-05 3.623389013855353441e-05 3.681541261500155901e-05 3.734088739297072878e-05 3.780970397608181819e-05 3.822128873203872431e-05 3.857511660738533051e-05 3.887072085112636111e-05 3.910770099327993304e-05 3.928572926225111251e-05 3.940455557719592015e-05 3.946401121410210270e-05 3.946401121410210948e-05 3.940455557719590659e-05 3.928572926225112606e-05 3.910770099327991271e-05 3.887072085112636111e-05 3.857511660738533729e-05 3.822128873203872431e-05 3.780970397608174365e-05 3.734088739297070168e-05 3.681541261500154545e-05 3.623389013855345987e-05 3.559695328967262646e-05 3.490524143044726783e-05 3.415937981497820457e-05 3.335995529359852901e-05 3.250748676843939105e-05 3.160238888096482423e-05 3.064492679756828286e-05 2.963515904785066484e-05 2.857286398879510970e-05 2.745744332295391678e-05 2.628779267520325478e-05 2.506212359521382444e-05 2.377771173049930071e-05 2.243052879057387609e-05
6.619401007156109351e-01 2.073794316456621737e-05 2.202197923480947559e-05 2.324447064585152147e-05 2.440973386262466357e-05 2.552071089395550473e-05 2.657936460176419971e-05 2.758694614679737012e-05 2.854418217735379916e-05 2.945140975641767620e-05 3.030867616238680157e-05 3.111581441447519933e-05 3.187250159826351731e-05 3.257830472322331743e-05 3.323271734711830068e-05 3.383518922167452010e-05 3.438515055708612968e-05 3.488203205399051360e-05 3.532528153908610306e-05 3.571437781943467772e-05 3.604884221156804850e-05 3.632824808559251690e-05 3.655222867866787838e-05 3.672048336770562387e-05 3.683278254171393955e-05 3.688897117553421488e-05 3.688897117553424198e-05 3.683278254171393277e-05 3.672048336770561709e-05 3.655222867866785805e-05 3.632824808559248302e-05 3.604884221156806206e-05 3.571437781943469805e-05 3.532528153908610306e-05 3.488203205399049327e-05 3.438515055708612291e-05 3.383518922167451332e-05 3.323271734711830068e-05 3.257830472322333776e-05 3.187250159826352408e-05 3.111581441447525354e-05 3.030867616238678463e-05 2.945140975641768975e-05 2.854418217735379577e-05 2.758694614679736674e-05 2.657936460176417600e-05 2.552071089395550473e-05 2.440973386262466357e-05 2.324447064585150115e-05 2.202197923480950269e-05 2.073794316456619704e-05
6.681685661277498856e-01 1.932127688692246822e-05 2.055507022506787934e-05 2.172796729175392475e-05 2.284461446242642258e-05 2.390819617305609354e-05 2.492086364268305304e-05 2.588402156398918904e-05 2.679852675433317915e-05 2.766483008335085945e-05 2.848308062338191423e-05 2.925320390236869957e-05 2.997496193960123780e-05 3.064800016287873215e-05 3.127188467040937700e-05 3.184613223756546803e-05 3.237023476107330297e-05 3.284367935245764084e-05 3.326596495970159497e-05 3.363661616162442976e-05 3.395519461168516136e-05 3.422130848597659407e-05 3.443462020020671859e-05 3.459485259300105629e-05 3.470179372132786521e-05 3.475530037359813435e-05 3.475530037359811402e-05 3.470179372132786521e-05 3.459485259300104952e-05 3.443462020020674570e-05 3.422130848597656019e-05 3.395519461168520879e-05 3.363661616162442976e-05 3.326596495970158141e-05 3.284367935245764084e-05 3.237023476107328941e-05 3.184613223756550192e-05 3.127188467040937023e-05 3.064800016287873893e-05 2.997496193960124457e-05 2.925320390236869957e-05 2.848308062338191762e-05 2.766483008335088995e-05 2.679852675433315204e-05 2.588402156398917549e-05 2.492086364268304626e-05 2.390819617305611048e-05 2.284461446242643274e-05 2.172796729175392814e-05 2.055507022506787256e-05 1.932127688692247499e-05
6.743970315398887250e-01 1.801939696842854851e-05 1.920695704236903521e-05 2.033411681311938734e-05 2.140586677416252134e-05 2.242563919953454943e-05 2.339577434555091881e-05 2.431782848154021877e-05 2.519278514354124178e-05 2.602120471452475464e-05 2.680333331545070404e-05 2.753918403113434440e-05 2.822859881767738461e-05 2.887129659060553173e-05 2.946691120462729426e-05 3.001502188202256088e-05 3.051517788389713833e-05 3.096691870334292098e-05 3.136979070473751589e-05 3.172336088470057607e-05 3.202722825297430489e-05 3.228103320318827089e-05 3.248446514911284015e-05 3.263726863147132162e-05 3.273924804664645458e-05 3.279027110673087860e-05 3.279027110673085149e-05 3.273924804664644103e-05 3.263726863147132162e-05 3.248446514911281982e-05 3.228103320318824378e-05 3.202722825297427779e-05 3.172336088470058285e-05 3.136979070473748879e-05 3.096691870334292775e-05 3.051517788389717560e-05 3.001502188202255411e-05 2.946691120462730103e-05 2.887129659060554189e-05 2.822859881767738122e-05 2.753918403113434778e-05 2.680333331545072437e-05 2.602120471452475125e-05 2.519278514354124856e-05 2.431782848154022216e-05 2.339577434555091881e-05 2.242563919953457653e-05 2.140586677416251457e-05 2.033411681311937379e-05 1.920695704236905215e-05 1.801939696842855867e-05
6.806254969520275644e-01 1.681165294680903982e-05 1.795603027306743116e-05 1.904038940929501890e-05 2.007007872826298958e-05 2.104878316648043718e-05 2.197903225843524268e-05 2.286253166952009481e-05 2.370038818398474285e-05 2.449326755802816303e-05 2.524150850637470092e-05 2.594520711294637103e-05 2.660428074212153079e-05 2.721851738422521749e-05 2.778761441248600708e-05 2.831120947593181316e-05 2.878890543021320940e-05 2.922029065617439263e-05 2.960495573779175742e-05 2.994250720725639817e-05 3.023257887777980178e-05 3.047484114971273173e-05 3.066900857664496939e-05 3.081484590443936341e-05 3.091217274014072526e-05 3.096086696415133632e-05 3.096086696415132955e-05 3.091217274014072526e-05 3.081484590443934308e-05 3.066900857664500328e-05 3.047484114971271818e-05 3.023257887777981194e-05 2.994250720725640156e-05 2.960495573779175403e-05 2.922029065617439602e-05 2.878890543021321956e-05 2.831120947593181316e-05 2.778761441248598336e-05 2.721851738422521749e-05 2.660428074212152741e-05 2.594520711294637442e-05 2.524150850637470092e-05 2.449326755802817997e-05 2.370038818398474963e-05 2.286253166952010836e-05 2.197903225843523590e-05 2.104878316648045751e-05 2.007007872826299636e-05 1.904038940929500534e-05 1.795603027306743116e-05 1.681165294680903304e-05
6.868539623641665148e-01 1.566610911158019929e-05 1.676848171758857451e-05 1.781119977085942721e-05 1.879997639522320888e-05 1.973874882261541928e-05 2.063023235221079252e-05 2.147627724517398823e-05 2.227810831776261911e-05 2.303649148000325855e-05 2.375185301139188856e-05 2.442436724331856503e-05 2.505402250905351764e-05 2.564067175657700184e-05 2.618407208142412422e-05 2.668391607831100223e-05 2.713985702462599539e-05 2.755152931794353194e-05 2.791856518717783696e-05 2.824060841757341316e-05 2.851732563234688405e-05 2.874841553202473328e-05 2.893361638900990044e-05 2.907271201801127453e-05 2.916553638471390008e-05 2.921197696987243525e-05 2.921197696987242170e-05 2.916553638471388991e-05 2.907271201801125759e-05 2.893361638900984962e-05 2.874841553202472311e-05 2.851732563234685356e-05 2.824060841757336911e-05 2.791856518717780985e-05 2.755152931794354210e-05 2.713985702462600556e-05 2.668391607831100223e-05 2.618407208142413438e-05 2.564067175657699167e-05 2.505402250905351764e-05 2.442436724331857180e-05 2.375185301139190211e-05 2.303649148000326194e-05 2.227810831776260895e-05 2.147627724517399840e-05 2.063023235221077558e-05 1.973874882261541928e-05 1.879997639522319532e-05 1.781119977085941365e-05 1.676848171758857790e-05 1.566610911158019590e-05
6.930824277763053543e-01 1.459924120664158986e-05 1.566209560506413520e-05 1.666556072517993170e-05 1.761573072228653941e-05 1.851680097784541760e-05 1.937167333778903376e-05 2.018234089603978767e-05 2.095014345277679193e-05 2.167594339666982322e-05 2.236025062763555399e-05 2.300331371344893565e-05 2.360518799762828006e-05 2.416578755292618700e-05 2.468492553749689956e-05 2.516234603770078643e-05 2.559774952779767584e-05 2.599081344443299085e-05 2.634120894547959180e-05 2.664861462694829110e-05 2.691272776362946308e-05 2.713327349030768734e-05 2.731001223211936785e-05 2.744274561245477255e-05 2.753132100624841900e-05 2.757563485964595264e-05 2.757563485964595942e-05 2.753132100624841900e-05 2.744274561245478271e-05 2.731001223211936447e-05 2.713327349030773817e-05 2.691272776362948002e-05 2.664861462694829110e-05 2.634120894547954436e-05 2.599081344443301457e-05 2.559774952779769616e-05 2.516234603770080338e-05 2.468492553749691311e-05 2.416578755292618361e-05 2.360518799762828345e-05 2.300331371344893565e-05 2.236025062763555060e-05 2.167594339666983338e-05 2.095014345277679531e-05 2.018234089603978090e-05 1.937167333778903376e-05 1.851680097784542438e-05 1.761573072228655635e-05 1.666556072517995203e-05 1.566209560506412842e-05 1.459924120664158986e-05
6.993108931884441937e-01 1.360518612768947630e-05 1.463086531063166775e-05 1.559732092419848759e-05 1.651104712514245710e-05 1.737650466589125132e-05 1.819678353360333509e-05 1.897401845525596115e-05 1.970966161048614420e-05 2.040466857250945431e-05 2.105962926179979824e-05 2.167486279115897878e-05 2.225048785592692290e-05 2.278647610356106075e-05 2.328269336113079695e-05 2.373893200157942325e-05 2.415493670262628103e-05 2.453042517558555913e-05 2.486510498564988681e-05 2.515868727202422576e-05 2.541089795706831679e-05 2.562148687744349372e-05 2.579023515705463146e-05 2.591696105805122959e-05 2.600152448323359811e-05 2.604383025466875480e-05 2.604383025466876835e-05 2.600152448323360827e-05 2.591696105805122959e-05 2.579023515705463146e-05 2.562148687744348355e-05 2.541089795706829985e-05 2.515868727202421899e-05 2.486510498564996813e-05 2.453042517558554558e-05 2.415493670262629458e-05 2.373893200157942325e-05 2.328269336113079018e-05 2.278647610356103026e-05 2.225048785592693645e-05 2.167486279115897200e-05 2.105962926179981857e-05 2.040466857250947125e-05 1.970966161048613065e-05 1.897401845525595099e-05 1.819678353360330798e-05 1.737650466589126826e-05 1.651104712514246727e-05 1.559732092419849098e-05 1.463086531063166775e-05 1.360518612768947630e-05
7.055393586005831441e-01 1.267128158770461996e-05 1.366147996282895338e-05 1.459255854900075062e-05 1.547142835977095824e-05 1.630282046980472750e-05 1.709001263011745566e-05 1.783527840176126413e-05 1.854017847890166999e-05 1.920575734602483845e-05 1.983268059073215746e-05 2.042133360435518629e-05 2.097189434075627773e-05 2.148438814707520039e-05 2.195872988652548200e-05 2.239475684132442707e-05 2.279225477862503445e-05 2.315097883886568168e-05 2.347067042147488709e-05 2.375107091164881321e-05 2.399193286114253138e-05 2.419302907229000955e-05 2.435415991625352244e-05 2.447515912955227667e-05 2.455589826764744698e-05 2.459628994412483427e-05 2.459628994412482749e-05 2.455589826764740632e-05 2.447515912955226312e-05 2.435415991625352922e-05 2.419302907229001632e-05 2.399193286114249750e-05 2.375107091164881999e-05 2.347067042147488370e-05 2.315097883886565119e-05 2.279225477862502428e-05 2.239475684132441352e-05 2.195872988652548878e-05 2.148438814707519362e-05 2.097189434075631161e-05 2.042133360435519646e-05 1.983268059073212697e-05 1.920575734602484523e-05 1.854017847890166660e-05 1.783527840176126752e-05 1.709001263011744888e-05 1.630282046980472750e-05 1.547142835977095824e-05 1.459255854900075739e-05 1.366147996282895169e-05 1.267128158770462504e-05
7.117678240127219835e-01 1.187794468567417091e-05 1.284097402989985994e-05 1.374449735383583549e-05 1.459591604996748397e-05 1.540027467933437379e-05 1.616106485136228343e-05 1.688071474997809694e-05 1.756090280547772296e-05 1.820276728137328384e-05 1.880705133526008324e-05 1.937420649122691322e-05 1.990446839828703966e-05 2.039791357340402453e-05 2.085450275259633301e-05 2.127411458317840485e-05 2.165657219283480118e-05 2.200166439258780549e-05 2.230916275231806107e-05 2.257883543494760046e-05 2.281045843089540419e-05 2.300382466169968254e-05 2.315875129746502694e-05 2.327508554173723048e-05 2.335270906926634169e-05 2.339154124982459210e-05 2.339154124982460226e-05 2.335270906926633153e-05 2.327508554173722031e-05 2.315875129746502694e-05 2.300382466169967238e-05 2.281045843089536692e-05 2.257883543494761401e-05 2.230916275231807462e-05 2.200166439258779871e-05 2.165657219283479440e-05 2.127411458317840485e-05 2.085450275259631607e-05 2.039791357340401776e-05 1.990446839828702611e-05 1.937420649122692000e-05 1.880705133526008662e-05 1.820276728137328723e-05 1.756090280547770941e-05 1.688071474997809694e-05 1.616106485136228004e-05 1.540027467933436701e-05 1.459591604996746364e-05 1.374449735383583888e-05 1.284097402989986163e-05 1.187794468567416413e-05
7.179962894248609340e-01 1.113092477916394218e-05 1.206823850291644225e-05 1.294556031782027955e-05 1.377081540794757409e-05 1.454937641073316013e-05 1.528495472533501526e-05 1.598013488965147034e-05 1.663671269675442407e-05 1.725591875195501120e-05 1.783857182190274308e-05 1.838518736984920727e-05 1.889605647576947183e-05 1.937130458472109698e-05 1.981093614138692131e-05 2.021486910543431810e-05 2.058296204529910721e-05 2.091503567016830172e-05 2.121089010541617743e-05 2.147031884162903221e-05 2.169312002844040726e-05 2.187910560228191890e-05 2.202810860666897322e-05 2.213998896834125390e-05 2.221463792148940347e-05 2.225198121790350600e-05 2.225198121790349245e-05 2.221463792148942041e-05 2.213998896834124035e-05 2.202810860666897660e-05 2.187910560228191890e-05 2.169312002844041404e-05 2.147031884162903560e-05 2.121089010541618420e-05 2.091503567016829494e-05 2.058296204529911060e-05 2.021486910543433165e-05 1.981093614138692809e-05 1.937130458472108342e-05 1.889605647576948538e-05 1.838518736984920388e-05 1.783857182190274308e-05 1.725591875195501459e-05 1.663671269675442746e-05 1.598013488965146017e-05 1.528495472533500509e-05 1.454937641073315335e-05 1.377081540794756901e-05 1.294556031782029479e-05 1.206823850291642701e-05 1.113092477916393710e-05
7.242247548369997734e-01 1.045003006956466649e-05 1.136498044672391675e-05 1.221921133976386997e-05 1.302122906046992193e-05 1.377676402632787260e-05 1.448976349215614446e-05 1.516297712842696174e-05 1.579832272267821171e-05 1.639712537514103049e-05 1.696028007876142248e-05 1.748836587982881383e-05 1.798172831236210270e-05 1.844054038292724108e-05 1.886484864647252396e-05 1.925460865669875762e-05 1.960971266653726923e-05 1.993001155095626414e-05 2.021533233002086198e-05 2.046549227025718556e-05 2.068031026769458490e-05 2.085961602359814453e-05 2.100325738661793122e-05 2.111110613517572303e-05 2.118306239963009020e-05 2.121905786708914640e-05 2.121905786708915996e-05 2.118306239963008681e-05 2.111110613517571964e-05 2.100325738661792783e-05 2.085961602359814114e-05 2.068031026769458490e-05 2.046549227025717878e-05 2.021533233002083827e-05 1.993001155095627431e-05 1.960971266653727601e-05 1.925460865669876100e-05 1.886484864647254090e-05 1.844054038292725802e-05 1.798172831236208915e-05 1.748836587982883754e-05 1.696028007876140893e-05 1.639712537514103049e-05 1.579832272267821510e-05 1.516297712842696005e-05 1.448976349215614446e-05 1.377676402632788785e-05 1.302122906046991854e-05 1.221921133976386997e-05 1.136498044672391675e-05 1.045003006956466649e-05
7.304532202491387238e-01 9.817380977603200264e-06 1.071216311873360163e-05 1.154531468298866186e-05 1.232597907786979318e-05 1.306027153542885183e-05 1.375238871645505910e-05 1.440525217841651735e-05 1.502090481866833774e-05 1.560076730724119928e-05 1.614581075693266132e-05 1.665667699574937830e-05 1.713376480429719759e-05 1.757729331615093379e-05 1.798734965079871738e-05 1.836392537696998083e-05 1.870694487428282296e-05 1.901628768629349094e-05 1.929180632059805412e-05 1.953334052505057144e-05 1.974072877757586831e-05 1.991381752373760388e-05 2.005246855170172087e-05 2.015656478944522457e-05 2.022601473140790582e-05 2.026075564271928077e-05 2.026075564271928416e-05 2.022601473140790920e-05 2.015656478944522457e-05 2.005246855170169715e-05 1.991381752373761065e-05 1.974072877757585475e-05 1.953334052505057482e-05 1.929180632059804396e-05 1.901628768629350110e-05 1.870694487428282296e-05 1.836392537696999099e-05 1.798734965079873093e-05 1.757729331615093379e-05 1.713376480429721453e-05 1.665667699574936814e-05 1.614581075693267826e-05 1.560076730724119928e-05 1.502090481866834621e-05 1.440525217841652752e-05 1.375238871645506758e-05 1.306027153542888571e-05 1.232597907786979827e-05 1.154531468298865847e-05 1.071216311873359993e-05 9.817380977603203652e-06
7.366816856612775632e-01 9.212332982294455205e-06 1.008751837160648006e-05 1.090008068999707190e-05 1.165984675161456096e-05 1.237333522130542435e-05 1.304499916977529465e-05 1.367793389506657316e-05 1.427430691721015678e-05 1.483563294045498920e-05 1.536295723173478127e-05 1.585698230804847967e-05 1.631815812679340627e-05 1.674674797512220331e-05 1.714287769461579421e-05 1.750657317242525787e-05 1.783778936901561293e-05 1.813643310158980282e-05 1.840238111924415301e-05 1.863549455132302020e-05 1.883563050123681360e-05 1.900265134337649723e-05 1.913643212879744419e-05 1.923686639558044856e-05 1.930387059869896166e-05 1.933738731275329209e-05 1.933738731275329209e-05 1.930387059869896843e-05 1.923686639558045872e-05 1.913643212879746113e-05 1.900265134337649045e-05 1.883563050123682715e-05 1.863549455132302020e-05 1.840238111924415640e-05 1.813643310158979605e-05 1.783778936901562310e-05 1.750657317242525787e-05 1.714287769461578744e-05 1.674674797512219992e-05 1.631815812679339610e-05 1.585698230804848645e-05 1.536295723173477788e-05 1.483563294045500445e-05 1.427430691721015508e-05 1.367793389506658333e-05 1.304499916977530820e-05 1.237333522130542605e-05 1.165984675161455419e-05 1.090008068999706681e-05 1.008751837160647159e-05 9.212332982294455205e-06
7.429101510734164027e-01 8.640535254033756686e-06 9.497342056923154728e-06 1.029039395884723886e-05 1.103026168545492267e-05 1.172389337690750708e-05 1.237600992021915639e-05 1.298988504343384179e-05 1.356781232632074762e-05 1.411140031778616716e-05 1.462176742907650214e-05 1.509967545447338357e-05 1.554562393998932981e-05 1.595991868723671775e-05 1.634272264189812397e-05 1.669409445534087048e-05 1.701401820454650612e-05 1.730242662245837012e-05 1.755921945912882685e-05 1.778427810976211220e-05 1.797747731798275391e-05 1.813869453616473367e-05 1.826781736495654724e-05 1.836474937920074107e-05 1.842941456285219581e-05 1.846176051155329082e-05 1.846176051155329760e-05 1.842941456285220259e-05 1.836474937920072413e-05 1.826781736495654046e-05 1.813869453616474045e-05 1.797747731798276407e-05 1.778427810976211559e-05 1.755921945912884379e-05 1.730242662245836673e-05 1.701401820454651289e-05 1.669409445534087387e-05 1.634272264189812735e-05 1.595991868723671436e-05 1.554562393998933998e-05 1.509967545447339034e-05 1.462176742907649029e-05 1.411140031778616378e-05 1.356781232632074593e-05 1.298988504343385365e-05 1.237600992021915639e-05 1.172389337690750538e-05 1.103026168545491758e-05 1.029039395884723886e-05 9.497342056923156422e-06 8.640535254033768545e-06
7.491386164855553531e-01 8.099670178341004199e-06 8.939265637571093201e-06 9.713823771871942498e-06 1.043472824059693225e-05 1.110938578561771518e-05 1.174279775304866738e-05 1.233842153931120646e-05 1.289867849845602516e-05 1.342527100088881779e-05 1.391938971250428364e-05 1.438185439385913742e-05 1.481321268357998660e-05 1.521381134640357499e-05 1.558384889870401642e-05 1.592341528317917578e-05 1.623252230649883235e-05 1.651112733241192972e-05 1.675915193910249758e-05 1.697649673380754079e-05 1.716305317039188509e-05 1.731871297665864133e-05 1.744337563041171947e-05 1.753695420300071826e-05 1.759937980085476636e-05 1.763060476903535945e-05 1.763060476903536284e-05 1.759937980085477313e-05 1.753695420300071826e-05 1.744337563041172963e-05 1.731871297665862439e-05 1.716305317039188170e-05 1.697649673380754079e-05 1.675915193910251452e-05 1.651112733241191956e-05 1.623252230649884252e-05 1.592341528317918933e-05 1.558384889870399271e-05 1.521381134640356821e-05 1.481321268357998830e-05 1.438185439385915436e-05 1.391938971250429211e-05 1.342527100088882287e-05 1.289867849845602516e-05 1.233842153931121324e-05 1.174279775304866399e-05 1.110938578561772026e-05 1.043472824059693564e-05 9.713823771871937416e-06 8.939265637571105059e-06 8.099670178341000811e-06
7.553670818976941925e-01 7.595400485016745958e-06 8.419730492820115200e-06 9.177505363622231975e-06 9.881014041258409777e-06 1.053816319117959910e-05 1.115425456038346579e-05 1.173293922213325280e-05 1.227677131928145101e-05 1.278754938943369726e-05 1.326653720509551326e-05 1.371461248206540038e-05 1.413237043452095798e-05 1.452019797919130397e-05 1.487832822955011925e-05 1.520688136881409968e-05 1.550589586276201337e-05 1.577535265579303679e-05 1.601519415356193591e-05 1.622533924580922760e-05 1.640569525471193230e-05 1.655616744189800224e-05 1.667666653092989676e-05 1.676711457610693737e-05 1.682744941638001596e-05 1.685762788402905927e-05 1.685762788402906943e-05 1.682744941638001935e-05 1.676711457610693398e-05 1.667666653092990354e-05 1.655616744189801579e-05 1.640569525471193907e-05 1.622533924580923438e-05 1.601519415356193930e-05 1.577535265579303340e-05 1.550589586276202692e-05 1.520688136881409968e-05 1.487832822955011755e-05 1.452019797919130566e-05 1.413237043452095967e-05 1.371461248206540208e-05 1.326653720509551156e-05 1.278754938943370064e-05 1.227677131928145101e-05 1.173293922213324602e-05 1.115425456038346918e-05 1.053816319117961604e-05 9.881014041258411471e-06 9.177505363622233669e-06 8.419730492820115200e-06 7.595400485016744264e-06
7.615955473098330319e-01 7.138397300661224487e-06 7.950950747375674292e-06 8.695043070151600617e-06 9.384001431169624346e-06 1.002629552643532084e-05 1.062756051287728263e-05 1.119165952232025411e-05 1.172129007389882711e-05 1.221835299764836333e-05 1.268418859741773682e-05 1.311973426579656761e-05 1.352563340967659732e-05 1.390231298908417927e-05 1.425004013044390755e-05 1.456896437030004523e-05 1.485914976624555915e-05 1.512059968625645578e-05 1.535327618464519181e-05 1.555711528536331780e-05 1.573203910182697834e-05 1.587796545556229182e-05 1.599481547014711030e-05 1.608251948470318190e-05 1.614102153489906756e-05 1.617028257733560780e-05 1.617028257733561458e-05 1.614102153489908111e-05 1.608251948470317512e-05 1.599481547014712046e-05 1.587796545556228843e-05 1.573203910182698512e-05 1.555711528536332118e-05 1.535327618464518164e-05 1.512059968625645748e-05 1.485914976624555577e-05 1.456896437030004523e-05 1.425004013044391602e-05 1.390231298908417419e-05 1.352563340967659732e-05 1.311973426579656591e-05 1.268418859741772157e-05 1.221835299764836163e-05 1.172129007389882711e-05 1.119165952232024564e-05 1.062756051287728263e-05 1.002629552643531915e-05 9.384001431169631123e-06 8.695043070151604005e-06 7.950950747375670904e-06 7.138397300661221946e-06
7.678240127219719824e-01 6.698224114240059833e-06 7.499431540188508236e-06 8.230107573150249702e-06 8.904721025333475163e-06 9.532343794226624117e-06 1.011895978756185468e-05 1.066864981221386785e-05 1.118425617828355600e-05 1.166778156771877613e-05 1.212064157648967111e-05 1.254383173036695901e-05 1.293804201699448317e-05 1.330373787208618682e-05 1.364121896403746566e-05 1.395066283067869548e-05 1.423215789581706082e-05 1.448572885224570913e-05 1.471135642824575412e-05 1.490899292743711323e-05 1.507857451599948355e-05 1.522003094919557684e-05 1.533329323354174419e-05 1.541829958234977612e-05 1.547499992176303618e-05 1.550335912935202345e-05 1.550335912935202684e-05 1.547499992176303279e-05 1.541829958234977951e-05 1.533329323354175436e-05 1.522003094919557515e-05 1.507857451599949371e-05 1.490899292743711831e-05 1.471135642824576259e-05 1.448572885224570913e-05 1.423215789581706082e-05 1.395066283067869717e-05 1.364121896403747413e-05 1.330373787208617665e-05 1.293804201699449164e-05 1.254383173036696070e-05 1.212064157648967619e-05 1.166778156771879646e-05 1.118425617828355600e-05 1.066864981221387971e-05 1.011895978756185299e-05 9.532343794226637670e-06 8.904721025333480245e-06 8.230107573150249702e-06 7.499431540188511624e-06 6.698224114240061527e-06
7.740524781341108218e-01 6.276085743922014410e-06 7.066599524081447084e-06 7.784304182681530630e-06 8.444934109109701129e-06 9.058210073640564808e-06 9.630483445171096775e-06 1.016606012253873999e-05 1.066792972798369569e-05 1.113819710967685972e-05 1.157835247028748270e-05 1.198944835175103160e-05 1.237222004983314847e-05 1.272717018401335785e-05 1.305462972079654866e-05 1.335480303604458021e-05 1.362780185193631047e-05 1.387367121944788279e-05 1.409240967673256905e-05 1.428398504476026831e-05 1.444834688032976774e-05 1.458543630865329463e-05 1.469519375204292903e-05 1.477756492603113843e-05 1.483250536926663514e-05 1.485998369544986414e-05 1.485998369544986075e-05 1.483250536926662836e-05 1.477756492603113165e-05 1.469519375204293242e-05 1.458543630865329124e-05 1.444834688032977282e-05 1.428398504476026153e-05 1.409240967673258091e-05 1.387367121944788787e-05 1.362780185193631894e-05 1.335480303604458191e-05 1.305462972079655375e-05 1.272717018401335446e-05 1.237222004983314170e-05 1.198944835175103499e-05 1.157835247028748947e-05 1.113819710967686311e-05 1.066792972798369061e-05 1.016606012253873491e-05 9.630483445171086611e-06 9.058210073640569890e-06 8.444934109109706211e-06 7.784304182681532324e-06 7.066599524081449625e-06 6.276085743922017798e-06
7.802809435462496612e-01 5.873944162277515626e-06 6.654799225625444312e-06 7.360295918005693206e-06 8.007586594679571640e-06 8.607098416488641776e-06 9.165574045470874660e-06 9.687554722622764965e-06 1.017618165577927129e-05 1.063366334154049621e-05 1.106156472074717796e-05 1.146099482324834795e-05 1.183273341209977697e-05 1.217731931801905173e-05 1.249511379844798841e-05 1.278634707879242958e-05 1.305115323970889709e-05 1.328959681614464367e-05 1.350169335755310085e-05 1.368742548525567905e-05 1.384675551487958646e-05 1.397963539730611128e-05 1.408601451538496095e-05 1.416584572165937291e-05 1.421908989282816202e-05 1.424571919550260743e-05 1.424571919550261082e-05 1.421908989282816880e-05 1.416584572165937122e-05 1.408601451538495756e-05 1.397963539730611636e-05 1.384675551487960001e-05 1.368742548525568752e-05 1.350169335755310424e-05 1.328959681614465045e-05 1.305115323970889878e-05 1.278634707879242958e-05 1.249511379844798333e-05 1.217731931801903479e-05 1.183273341209977020e-05 1.146099482324834456e-05 1.106156472074719659e-05 1.063366334154050130e-05 1.017618165577927468e-05 9.687554722622764965e-06 9.165574045470876354e-06 8.607098416488635000e-06 8.007586594679564864e-06 7.360295918005697442e-06 6.654799225625448547e-06 5.873944162277512238e-06
7.865094089583886117e-01 5.503789286612935093e-06 6.277873873000933483e-06 6.973546690567896610e-06 7.609604106907347012e-06 8.197273231128477370e-06 8.743732732488063318e-06 9.253782800623568393e-06 9.730729575028195281e-06 1.017689308433248058e-05 1.059391776708311350e-05 1.098297201048967613e-05 1.134488172063622781e-05 1.168022283791327954e-05 1.198938729373874773e-05 1.227263120292485530e-05 1.253011081903132504e-05 1.276190983322539392e-05 1.296806039691332121e-05 1.314855948593744448e-05 1.330338172662361738e-05 1.343248947127871721e-05 1.353584068305486269e-05 1.361339503063415487e-05 1.366511847872098189e-05 1.369098657578474721e-05 1.369098657578474721e-05 1.366511847872098528e-05 1.361339503063416842e-05 1.353584068305486269e-05 1.343248947127872060e-05 1.330338172662362077e-05 1.314855948593745634e-05 1.296806039691331105e-05 1.276190983322539392e-05 1.253011081903131827e-05 1.227263120292485191e-05 1.198938729373874434e-05 1.168022283791328801e-05 1.134488172063622950e-05 1.098297201048967443e-05 1.059391776708310503e-05 1.017689308433247550e-05 9.730729575028186811e-06 9.253782800623566699e-06 8.743732732488065012e-06 8.197273231128477370e-06 7.609604106907352094e-06 6.973546690567894069e-06 6.277873873000929248e-06 5.503789286612931705e-06
7.927378743705275621e-01 5.147671876593559939e-06 5.915795925331019319e-06 6.602112181844090249e-06 7.227275078487207258e-06 7.803386140103658010e-06 8.338088993784484687e-06 8.836454534389884654e-06 9.301958437035009509e-06 9.737033703188243840e-06 1.014340426783312685e-05 1.052229722071976001e-05 1.087458367974037521e-05 1.120087567291780979e-05 1.150159478540289647e-05 1.177702204909885203e-05 1.202733498851116860e-05 1.225263562967155629e-05 1.245297198920038000e-05 1.262835474625136130e-05 1.277877027162739116e-05 1.290419083670225072e-05 1.300458258517432087e-05 1.307991168353871554e-05 1.313014894663049593e-05 1.315527314660733603e-05 1.315527314660733603e-05 1.313014894663050948e-05 1.307991168353871554e-05 1.300458258517431917e-05 1.290419083670224733e-05 1.277877027162739455e-05 1.262835474625136130e-05 1.245297198920038339e-05 1.225263562967155798e-05 1.202733498851116521e-05 1.177702204909884187e-05 1.150159478540290155e-05 1.120087567291780809e-05 1.087458367974039046e-05 1.052229722071976170e-05 1.014340426783313024e-05 9.737033703188243840e-06 9.301958437034994263e-06 8.836454534389881265e-06 8.338088993784489769e-06 7.803386140103654622e-06 7.227275078487209799e-06 6.602112181844086861e-06 5.915795925331022707e-06 5.147671876593559939e-06
7.989663397826664015e-01 4.804215215045331849e-06 5.567143547243965946e-06 6.244482819114015430e-06 6.858997011680625019e-06 7.423745088235846838e-06 7.946866505114114009e-06 8.433714815666306069e-06 8.887939595020152413e-06 9.312087949276681167e-06 9.707963032704705787e-06 1.007684976198062466e-05 1.041966336746900145e-05 1.073705081865401550e-05 1.102946224484473396e-05 1.129720256018856138e-05 1.154046961592542953e-05 1.175938292444509116e-05 1.195400561473019709e-05 1.212436140977643910e-05 1.227044785574706858e-05 1.239224666125196295e-05 1.248973175322401260e-05 1.256287548085282795e-05 1.261165327433803180e-05 1.263604697375486290e-05 1.263604697375485781e-05 1.261165327433802333e-05 1.256287548085282286e-05 1.248973175322401260e-05 1.239224666125196465e-05 1.227044785574706011e-05 1.212436140977644588e-05 1.195400561473019371e-05 1.175938292444509454e-05 1.154046961592542614e-05 1.129720256018857155e-05 1.102946224484473396e-05 1.073705081865401550e-05 1.041966336746900314e-05 1.007684976198062974e-05 9.707963032704707481e-06 9.312087949276682861e-06 8.887939595020150719e-06 8.433714815666306069e-06 7.946866505114108927e-06 7.423745088235850226e-06 6.858997011680626713e-06 6.244482819114020512e-06 5.567143547243964252e-06 4.804215215045332696e-06
8.051948051948052409e-01 4.476468968619932744e-06 5.235640684432468860e-06 5.904915700961573597e-06 6.509490055558264300e-06 7.063487015410294521e-06 7.575583480096266295e-06 8.051433503233497961e-06 8.494868586146768732e-06 8.908553537121140158e-06 9.294372198575378950e-06 9.653667715235749057e-06 9.987399283682876609e-06 1.029624838955296923e-05 1.058069314627534044e-05 1.084106173601347244e-05 1.107757171480304835e-05 1.129035947943912942e-05 1.147950270633829419e-05 1.164503764526191907e-05 1.178697255561584170e-05 1.190529818089768121e-05 1.199999589203862493e-05 1.207104394715952213e-05 1.211842218520024473e-05 1.214211537581061196e-05 1.214211537581060179e-05 1.211842218520023964e-05 1.207104394715951874e-05 1.199999589203861985e-05 1.190529818089768290e-05 1.178697255561583323e-05 1.164503764526191060e-05 1.147950270633829419e-05 1.129035947943912603e-05 1.107757171480305005e-05 1.084106173601347075e-05 1.058069314627534044e-05 1.029624838955296923e-05 9.987399283682878303e-06 9.653667715235752446e-06 9.294372198575387420e-06 8.908553537121141852e-06 8.494868586146767038e-06 8.051433503233509819e-06 7.575583480096265448e-06 7.063487015410309768e-06 6.509490055558266841e-06 5.904915700961587149e-06 5.235640684432473095e-06 4.476468968619929356e-06
