nan -7.000000000000000000e+00 -6.714285714285714413e+00 -6.428571428571428825e+00 -6.142857142857143238e+00 -5.857142857142857650e+00 -5.571428571428571175e+00 -5.285714285714285587e+00 -5.000000000000000000e+00 -4.714285714285714413e+00 -4.428571428571428825e+00 -4.142857142857143238e+00 -3.857142857142857206e+00 -3.571428571428571619e+00 -3.285714285714286031e+00 -3.000000000000000000e+00 -2.714285714285714413e+00 -2.428571428571428825e+00 -2.142857142857143238e+00 -1.857142857142857650e+00 -1.571428571428572063e+00 -1.285714285714286476e+00 -1.000000000000000000e+00 -7.142857142857144126e-01 -4.285714285714288252e-01 -1.428571428571432378e-01 1.428571428571423496e-01 4.285714285714279370e-01 7.142857142857135244e-01 1.000000000000000000e+00 1.285714285714284699e+00 1.571428571428571175e+00 1.857142857142855874e+00 2.142857142857142350e+00 2.428571428571428825e+00 2.714285714285713524e+00 3.000000000000000000e+00 3.285714285714284699e+00 3.571428571428571175e+00 3.857142857142855874e+00 4.142857142857142350e+00 4.428571428571427049e+00 4.714285714285713524e+00 5.000000000000000000e+00 5.285714285714284699e+00 5.571428571428571175e+00 5.857142857142855874e+00 6.142857142857142350e+00 6.428571428571427049e+00 6.714285714285713524e+00 7.000000000000000000e+00
5.000000000000000000e-01 5.474752406563174745e-01 5.409319695901588787e-01 5.348025574191207498e-01 5.290624037493838472e-01 5.236898569118167979e-01 5.186657849623599326e-01 5.139732261639213817e-01 5.095971019320439943e-01 5.055239793869747977e-01 5.017418736870992158e-01 4.982400825577202874e-01 4.950090471025991312e-01 4.920402342503586990e-01 4.893260371539369102e-01 4.868596906065849050e-01 4.846351991184579266e-01 4.826472757544011394e-01 4.808912901957742569e-01 4.793632247794624157e-01 4.780596375021388678e-01 4.769776311698890048e-01 4.761148280323825865e-01 4.754693493741601329e-01 4.750397996493364028e-01 4.748252548448186339e-01 4.748252548448185228e-01 4.750397996493362918e-01 4.754693493741603549e-01 4.761148280323825865e-01 4.769776311698886717e-01 4.780596375021385902e-01 4.793632247794622492e-01 4.808912901957738129e-01 4.826472757544012504e-01 4.846351991184577046e-01 4.868596906065848495e-01 4.893260371539375209e-01 4.920402342503584214e-01 4.950090471025992978e-01 4.982400825577200099e-01 5.017418736870994378e-01 5.055239793869753528e-01 5.095971019320433282e-01 5.139732261639213817e-01 5.186657849623600436e-01 5.236898569118171309e-01 5.290624037493838472e-01 5.348025574191204168e-01 5.409319695901589897e-01 5.474752406563171414e-01
5.062284654121388394e-01 5.925300695278082896e-01 5.861319215253383286e-01 5.801326889375992835e-01 5.745090870491078583e-01 5.692406841791847194e-01 5.643094764038487643e-01 5.596995426438280408e-01 5.553967625559739218e-01 5.513885840440760910e-01 5.476638303733888380e-01 5.442125391970066284e-01 5.410258275283404972e-01 5.380957779911631489e-01 5.354153426641927727e-01 5.329782615939525625e-01 5.307789936362479200e-01 5.288126577459623112e-01 5.270749831978954747e-01 5.255622675111288888e-01 5.242713410829791254e-01 5.231995377289684335e-01 5.223446704823347941e-01 5.217050121378887795e-01 5.212792801367128748e-01 5.210666254848576040e-01 5.210666254848578260e-01 5.212792801367127637e-01 5.217050121378885574e-01 5.223446704823345721e-01 5.231995377289687665e-01 5.242713410829790144e-01 5.255622675111295550e-01 5.270749831978955857e-01 5.288126577459624222e-01 5.307789936362483640e-01 5.329782615939527846e-01 5.354153426641925506e-01 5.380957779911631489e-01 5.410258275283404972e-01 5.442125391970054071e-01 5.476638303733877278e-01 5.513885840440759800e-01 5.553967625559739218e-01 5.596995426438281518e-01 5.643094764038490974e-01 5.692406841791844974e-01 5.745090870491078583e-01 5.801326889375989504e-01 5.861319215253379955e-01 5.925300695278084007e-01
5.124569308242777899e-01 6.398878414076164534e-01 6.337677989068687401e-01 6.280239810710699366e-01 6.226348067856195545e-01 6.175814038799031236e-01 6.128471951132045126e-01 6.084175639541197222e-01 6.042795823551103673e-01 6.004217872495365427e-01 5.968339957488204561e-01 5.935071513851050140e-01 5.904331954924265657e-01 5.876049591251708559e-01 5.850160718993180353e-01 5.826608848957715026e-01 5.805344053467281773e-01 5.786322412794616676e-01 5.769505546487464498e-01 5.754860217728566818e-01 5.742358001158918146e-01 5.731975006442632248e-01 5.723691651372124767e-01 5.717492479581206544e-01 5.713366019007266594e-01 5.711304678172397509e-01 5.711304678172396398e-01 5.713366019007266594e-01 5.717492479581204323e-01 5.723691651372120326e-01 5.731975006442628917e-01 5.742358001158921477e-01 5.754860217728553495e-01 5.769505546487461167e-01 5.786322412794617787e-01 5.805344053467280663e-01 5.826608848957717246e-01 5.850160718993180353e-01 5.876049591251707449e-01 5.904331954924270098e-01 5.935071513851044589e-01 5.968339957488209002e-01 6.004217872495369868e-01 6.042795823551105894e-01 6.084175639541198333e-01 6.128471951132041795e-01 6.175814038799030126e-01 6.226348067856196655e-01 6.280239810710698256e-01 6.337677989068682960e-01 6.398878414076170085e-01
5.186853962364166293e-01 6.889795078713287779e-01 6.832782822184633176e-01 6.779227998344750095e-01 6.728935436892679034e-01 6.681735113633718859e-01 6.637478208234837140e-01 6.596033936838640033e-01 6.557286983114977152e-01 6.521135397084715235e-01 6.487488863659394145e-01 6.456267266429204232e-01 6.427399489531350207e-01 6.400822413279328993e-01 6.376480068889622821e-01 6.354322924981464782e-01 6.334307284160995977e-01 6.316394772374456235e-01 6.300551907143245867e-01 6.286749733506610260e-01 6.274963518669600671e-01 6.265172498110260779e-01 6.257359667338846521e-01 6.251511614698246344e-01 6.247618391603163568e-01 6.245673417486441448e-01 6.245673417486439227e-01 6.247618391603161347e-01 6.251511614698247454e-01 6.257359667338846521e-01 6.265172498110248567e-01 6.274963518669612883e-01 6.286749733506609150e-01 6.300551907143243646e-01 6.316394772374458455e-01 6.334307284160999307e-01 6.354322924981468113e-01 6.376480068889622821e-01 6.400822413279330103e-01 6.427399489531351318e-01 6.456267266429194240e-01 6.487488863659396365e-01 6.521135397084720786e-01 6.557286983114974932e-01 6.596033936838635592e-01 6.637478208234837140e-01 6.681735113633724410e-01 6.728935436892681254e-01 6.779227998344741213e-01 6.832782822184634286e-01 6.889795078713295551e-01
5.249138616485555797e-01 7.269395439402467352e-01 7.216231444283650598e-01 7.166278013641922406e-01 7.119353391452257762e-01 7.075299809804436180e-01 7.033979635381371054e-01 6.995272288685244755e-01 6.959071756391497221e-01 6.925284564727833825e-01 6.893828115374840415e-01 6.864629309516566691e-01 6.837623403249539766e-01 6.812753050537528887e-01 6.789967499598884570e-01 6.769221915945511370e-01 6.750476810897607649e-01 6.733697558726317034e-01 6.718853988954898160e-01 6.705920043012330023e-01 6.694873486555659170e-01 6.685695670488507325e-01 6.678371335099491102e-01 6.672888452900200829e-01 6.669238106715926762e-01 6.667414400417568388e-01 6.667414400417567277e-01 6.669238106715930092e-01 6.672888452900201939e-01 6.678371335099493322e-01 6.685695670488512876e-01 6.694873486555661390e-01 6.705920043012331133e-01 6.718853988954902601e-01 6.733697558726318144e-01 6.750476810897607649e-01 6.769221915945509149e-01 6.789967499598873468e-01 6.812753050537520005e-01 6.837623403249537546e-01 6.864629309516570022e-01 6.893828115374841525e-01 6.925284564727826053e-01 6.959071756391497221e-01 6.995272288685240314e-01 7.033979635381373274e-01 7.075299809804439510e-01 7.119353391452257762e-01 7.166278013641926847e-01 7.216231444283656149e-01 7.269395439402469572e-01
5.311423270606944191e-01 7.569003468968339421e-01 7.519180490406274231e-01 7.472371448293376739e-01 7.428403177431539550e-01 7.387125877761198112e-01 7.348409271558736799e-01 7.312139547135293460e-01 7.278216902378248365e-01 7.246553551844745478e-01 7.217072096444745455e-01 7.189704179938386508e-01 7.164389374699065005e-01 7.141074252566015357e-01 7.119711606547092231e-01 7.100259796604779794e-01 7.082682198441447863e-01 7.066946738568915531e-01 7.053025502341734310e-01 7.040894404299469223e-01 7.030532912278144586e-01 7.021923818450914734e-01 7.015053051838492371e-01 7.009909527970438203e-01 7.006485032334203167e-01 7.004774135067626251e-01 7.004774135067630692e-01 7.006485032334203167e-01 7.009909527970442644e-01 7.015053051838495701e-01 7.021923818450913624e-01 7.030532912278144586e-01 7.040894404299459231e-01 7.053025502341734310e-01 7.066946738568912201e-01 7.082682198441450083e-01 7.100259796604778684e-01 7.119711606547091121e-01 7.141074252566017577e-01 7.164389374699066115e-01 7.189704179938387618e-01 7.217072096444748786e-01 7.246553551844753249e-01 7.278216902378250586e-01 7.312139547135293460e-01 7.348409271558736799e-01 7.387125877761201442e-01 7.428403177431538440e-01 7.472371448293371188e-01 7.519180490406265349e-01 7.569003468968339421e-01
5.373707924728332586e-01 7.851511028332455178e-01 7.805247625683536805e-01 7.761790768595417944e-01 7.720976410912570032e-01 7.682663130221989434e-01 7.646728318980725581e-01 7.613065171433692768e-01 7.581580273486664412e-01 7.552191655774763701e-01 7.524827207086928205e-01 7.499423371431163110e-01 7.475924070801469590e-01 7.454279809395717438e-01 7.434446925146659391e-01 7.416386961992159632e-01 7.400066142034250616e-01 7.385454921116756388e-01 7.372527614738677570e-01 7.361262083869732908e-01 7.351639472328725944e-01 7.343643989060512078e-01 7.337262730004868727e-01 7.332485535366282114e-01 7.329304879026689035e-01 7.327715787639613731e-01 7.327715787639612621e-01 7.329304879026691255e-01 7.332485535366278784e-01 7.337262730004867617e-01 7.343643989060506527e-01 7.351639472328728164e-01 7.361262083869735129e-01 7.372527614738677570e-01 7.385454921116763050e-01 7.400066142034251726e-01 7.416386961992161853e-01 7.434446925146657170e-01 7.454279809395716327e-01 7.475924070801467369e-01 7.499423371431163110e-01 7.524827207086922654e-01 7.552191655774764811e-01 7.581580273486661081e-01 7.613065171433691658e-01 7.646728318980730021e-01 7.682663130221986103e-01 7.720976410912568921e-01 7.761790768595415724e-01 7.805247625683541246e-01 7.851511028332448516e-01
5.435992578849722090e-01 8.116793763320367949e-01 8.074259424241577721e-01 8.034315470385747782e-01 7.996807526290951040e-01 7.961602971752026470e-01 7.928587193002917255e-01 7.897660633585114054e-01 7.868736447046181803e-01 7.841738609157714590e-01 7.816600385653434957e-01 7.793263078389578435e-01 7.771674992028250184e-01 7.751790577252275494e-01 7.733569716733479371e-01 7.716977127674767845e-01 7.701981860466017293e-01 7.688556877350605223e-01 7.676678698353912589e-01 7.666327104337161691e-01 7.657484889096781711e-01 7.650137654068410731e-01 7.644273640517420532e-01 7.639883595182100917e-01 7.636960666238267192e-01 7.635500327222753958e-01 7.635500327222749517e-01 7.636960666238262752e-01 7.639883595182102027e-01 7.644273640517414981e-01 7.650137654068412951e-01 7.657484889096782821e-01 7.666327104337160581e-01 7.676678698353913699e-01 7.688556877350612995e-01 7.701981860466013963e-01 7.716977127674764514e-01 7.733569716733472710e-01 7.751790577252271053e-01 7.771674992028252404e-01 7.793263078389580656e-01 7.816600385653436067e-01 7.841738609157709039e-01 7.868736447046187354e-01 7.897660633585115164e-01 7.928587193002918365e-01 7.961602971752022029e-01 7.996807526290952151e-01 8.034315470385747782e-01 8.074259424241579941e-01 8.116793763320364619e-01
5.498277232971110484e-01 8.352127422012296520e-01 8.313175244018858878e-01 8.276608294510424679e-01 8.242281196310091707e-01 8.210069498932331955e-01 8.179865988232618568e-01 8.151577799943777736e-01 8.125124134016395994e-01 8.100434424830973423e-01 8.077446862110561066e-01 8.056107185062242326e-01 8.036367691903582022e-01 8.018186421055570889e-01 8.001526470595042850e-01 7.986355430187914717e-01 7.972644905438215357e-01 7.960370118918057569e-01 7.949509575463492572e-01 7.940044781895104764e-01 7.931960013340386695e-01 7.925242119937431218e-01 7.919880368987717301e-01 7.915866318677851066e-01 7.913193720363748129e-01 7.911858447151213225e-01 7.911858447151214335e-01 7.913193720363744799e-01 7.915866318677856617e-01 7.919880368987722852e-01 7.925242119937432328e-01 7.931960013340391136e-01 7.940044781895108095e-01 7.949509575463494793e-01 7.960370118918055349e-01 7.972644905438217577e-01 7.986355430187908055e-01 8.001526470595048401e-01 8.018186421055575330e-01 8.036367691903584243e-01 8.056107185062238996e-01 8.077446862110561066e-01 8.100434424830971203e-01 8.125124134016398214e-01 8.151577799943778846e-01 8.179865988232617457e-01 8.210069498932330845e-01 8.242281196310091707e-01 8.276608294510430230e-01 8.313175244018854437e-01 8.352127422012289859e-01
5.560561887092498878e-01 8.521414160107941838e-01 8.484986780525441974e-01 8.450809228990416866e-01 8.418740462483496056e-01 8.388660159467160593e-01 8.360464981103566950e-01 8.334065664357342973e-01 8.309384732395314055e-01 8.286354670366279374e-01 8.264916457114190873e-01 8.245018372728136757e-01 8.226615022477583583e-01 8.209666532440060838e-01 8.194137882836779463e-01 8.179998352968951281e-01 8.167221057516451665e-01 8.155782558387597581e-01 8.145662539686930881e-01 8.136843535975487596e-01 8.129310706035371981e-01 8.123051645960677192e-01 8.118056236687355431e-01 8.114316522124385145e-01 8.111826614917553302e-01 8.110582627611344630e-01 8.110582627611354622e-01 8.111826614917554412e-01 8.114316522124384035e-01 8.118056236687350991e-01 8.123051645960679412e-01 8.129310706035370870e-01 8.136843535975483155e-01 8.145662539686931991e-01 8.155782558387604242e-01 8.167221057516453886e-01 8.179998352968957942e-01 8.194137882836781683e-01 8.209666532440055287e-01 8.226615022477588024e-01 8.245018372728142309e-01 8.264916457114187542e-01 8.286354670366279374e-01 8.309384732395308504e-01 8.334065664357338532e-01 8.360464981103576942e-01 8.388660159467165034e-01 8.418740462483496056e-01 8.450809228990415756e-01 8.484986780525438643e-01 8.521414160107940727e-01
5.622846541213888383e-01 8.679300346022881252e-01 8.645406943752702578e-01 8.613626143251893463e-01 8.583821607081461025e-01 8.555877441841982511e-01 8.529694424020648480e-01 8.505187083651910562e-01 8.482281419852248927e-01 8.460913089590688108e-01 8.441025956249628148e-01 8.422570915503757583e-01 8.405504937670781329e-01 8.389790281041846765e-01 8.375393841771678893e-01 8.362286614006212426e-01 8.350443239927187733e-01 8.339841633897959738e-01 8.330462668316822583e-01 8.322289911413733865e-01 8.315309409272785279e-01 8.309509505973823318e-01 8.304880697032961390e-01 8.301415512364413996e-01 8.299108425846210002e-01 8.297955789296881379e-01 8.297955789296880269e-01 8.299108425846213333e-01 8.301415512364409555e-01 8.304880697032952508e-01 8.309509505973824428e-01 8.315309409272790830e-01 8.322289911413736085e-01 8.330462668316818142e-01 8.339841633897953077e-01 8.350443239927182182e-01 8.362286614006215757e-01 8.375393841771683334e-01 8.389790281041845654e-01 8.405504937670783550e-01 8.422570915503749811e-01 8.441025956249624818e-01 8.460913089590683667e-01 8.482281419852250037e-01 8.505187083651913893e-01 8.529694424020646260e-01 8.555877441841983622e-01 8.583821607081459915e-01 8.613626143251895684e-01 8.645406943752698137e-01 8.679300346022885693e-01
5.685131195335276777e-01 8.826319178267727494e-01 8.794958489108629651e-01 8.765571663119829937e-01 8.738027472129427098e-01 8.712214774014677143e-01 8.688038718689298223e-01 8.665417835026135718e-01 8.644281761798805475e-01 8.624569457702775388e-01 8.606227773394793390e-01 8.589210301028639138e-01 8.573476439310856456e-01 8.558990627997273837e-01 8.545721717142071849e-01 8.533642444694430340e-01 8.522729002143496491e-01 8.512960672473204315e-01 8.504319528136174977e-01 8.496790179394779763e-01 8.490359565421591315e-01 8.485016782155064829e-01 8.480752942181699616e-01 8.477561062945963011e-01 8.475435980436337724e-01 8.474374286206858287e-01 8.474374286206858287e-01 8.475435980436328842e-01 8.477561062945961901e-01 8.480752942181700726e-01 8.485016782155064829e-01 8.490359565421586874e-01 8.496790179394780873e-01 8.504319528136164985e-01 8.512960672473199875e-01 8.522729002143496491e-01 8.533642444694428120e-01 8.545721717142059637e-01 8.558990627997276057e-01 8.573476439310873110e-01 8.589210301028634698e-01 8.606227773394794500e-01 8.624569457702773168e-01 8.644281761798806585e-01 8.665417835026132387e-01 8.688038718689288231e-01 8.712214774014686025e-01 8.738027472129425988e-01 8.765571663119829937e-01 8.794958489108628541e-01 8.826319178267720833e-01
5.747415849456666281e-01 8.963014123984546222e-01 8.934176290356468098e-01 8.907172300931025521e-01 8.881876475817338523e-01 8.858182773106361152e-01 8.836000993391583958e-01 8.815253884642922921e-01 8.795874900198769053e-01 8.777806439246773618e-01 8.760998449632551033e-01 8.745407306838132167e-01 8.730994906350254547e-01 8.717727923006047819e-01 8.705577202556409322e-01 8.694517259111752550e-01 8.684525858310054858e-01 8.675583670637768696e-01 8.667673982787059694e-01 8.660782457565001646e-01 8.654896934900236927e-01 8.650007268079275002e-01 8.646105190601215407e-01 8.643184210051688687e-01 8.641239526225150680e-01 8.640267971418924553e-01 8.640267971418922333e-01 8.641239526225156231e-01 8.643184210051693128e-01 8.646105190601215407e-01 8.650007268079273892e-01 8.654896934900238037e-01 8.660782457565007197e-01 8.667673982787056364e-01 8.675583670637767586e-01 8.684525858310051527e-01 8.694517259111745888e-01 8.705577202556413763e-01 8.717727923006042268e-01 8.730994906350266760e-01 8.745407306838123285e-01 8.760998449632552143e-01 8.777806439246786940e-01 8.795874900198761281e-01 8.815253884642920701e-01 8.836000993391585068e-01 8.858182773106367813e-01 8.881876475817327421e-01 8.907172300931028852e-01 8.934176290356476979e-01 8.963014123984556214e-01
5.809700503578054676e-01 9.089930169479238931e-01 9.063598368687461049e-01 9.038959271225968095e-01 9.015893223305576631e-01 8.994299660068950653e-01 8.974093330422990844e-01 8.955201436850777075e-01 8.937561433665361932e-01 8.921119308235931911e-01 8.905828222597771404e-01 8.891647428172573253e-01 8.878541390411985867e-01 8.866479076921044422e-01 8.855433374460852658e-01 8.845380608738891981e-01 8.836300147101562308e-01 8.828174068829888199e-01 8.820986891176552103e-01 8.814725341887605925e-01 8.809378170955844967e-01 8.804935995910323498e-01 8.801391176177306708e-01 8.798737713034094909e-01 8.796971172482963564e-01 8.796088629044240825e-01 8.796088629044243046e-01 8.796971172482963564e-01 8.798737713034092689e-01 8.801391176177295605e-01 8.804935995910323498e-01 8.809378170955840526e-01 8.814725341887593713e-01 8.820986891176552103e-01 8.828174068829884868e-01 8.836300147101566749e-01 8.845380608738895312e-01 8.855433374460845997e-01 8.866479076921044422e-01 8.878541390411978096e-01 8.891647428172577694e-01 8.905828222597773625e-01 8.921119308235928580e-01 8.937561433665357491e-01 8.955201436850772634e-01 8.974093330422991954e-01 8.994299660068946212e-01 9.015893223305569970e-01 9.038959271225961434e-01 9.063598368687455498e-01 9.089930169479246702e-01
5.871985157699444180e-01 9.180081045756769420e-01 9.155443637970956949e-01 9.132410234074448407e-01 9.110863582236717884e-01 9.090705525553968158e-01 9.071853137965835145e-01 9.054235817131677244e-01 9.037793060311158921e-01 9.022472737587184932e-01 9.008229733778356785e-01 8.995024868115553129e-01 8.982824026281691632e-01 8.971597457026593281e-01 8.961319197943593551e-01 8.951966603832821612e-01 8.943519957485327465e-01 8.935962147435577707e-01 8.929278400743972943e-01 8.923456061524449590e-01 8.918484407962163907e-01 8.914354502140131586e-01 8.911059068231087510e-01 8.908592395599578273e-01 8.906950264163878694e-01 8.906129890036900143e-01 8.906129890036897923e-01 8.906950264163876474e-01 8.908592395599580493e-01 8.911059068231081959e-01 8.914354502140126035e-01 8.918484407962162797e-01 8.923456061524450700e-01 8.929278400743979605e-01 8.935962147435573266e-01 8.943519957485323024e-01 8.951966603832828273e-01 8.961319197943597992e-01 8.971597457026595501e-01 8.982824026281688301e-01 8.995024868115558681e-01 9.008229733778361226e-01 9.022472737587187153e-01 9.037793060311155591e-01 9.054235817131681685e-01 9.071853137965834035e-01 9.090705525553981481e-01 9.110863582236717884e-01 9.132410234074442856e-01 9.155443637970956949e-01 9.180081045756761648e-01
5.934269811820832574e-01 9.257947512633905029e-01 9.234798798963135269e-01 9.213177472552303016e-01 9.192968004375735580e-01 9.174074074792045730e-01 9.156414595720425709e-01 9.139920739492629620e-01 9.124533680128183999e-01 9.110202849499037248e-01 9.096884572647044864e-01 9.084540987037582616e-01 9.073139177716660342e-01 9.062650478959661804e-01 9.053049905992317514e-01 9.044315689588433571e-01 9.036428892999097684e-01 9.029373095533855809e-01 9.023134130724187463e-01 9.017699869713111660e-01 9.013060042582486941e-01 9.009206091925046067e-01 9.006131054219224108e-01 9.003829465559837208e-01 9.002297289105429812e-01 9.001531862271646700e-01 9.001531862271658913e-01 9.002297289105423150e-01 9.003829465559838319e-01 9.006131054219209675e-01 9.009206091925040516e-01 9.013060042582485831e-01 9.017699869713103888e-01 9.023134130724187463e-01 9.029373095533863580e-01 9.036428892999099904e-01 9.044315689588432461e-01 9.053049905992315294e-01 9.062650478959664024e-01 9.073139177716665893e-01 9.084540987037577064e-01 9.096884572647055966e-01 9.110202849499029476e-01 9.124533680128188440e-01 9.139920739492625179e-01 9.156414595720435701e-01 9.174074074792041289e-01 9.192968004375727809e-01 9.213177472552304126e-01 9.234798798963139710e-01 9.257947512633903919e-01
5.996554465942220968e-01 9.330281905302325596e-01 9.308590892904997638e-01 9.288350931862262572e-01 9.269448444301361389e-01 9.251789139191493039e-01 9.235293925038082774e-01 9.219895879639585790e-01 9.205537961424130611e-01 9.192171252637835188e-01 9.179753591505888100e-01 9.168248493901289820e-01 9.157624293938186888e-01 9.147853452537348939e-01 9.138911996617121725e-01 9.130779061159647325e-01 9.123436513283408322e-01 9.116868642460194128e-01 9.111061904711710291e-01 9.106004711387699624e-01 9.101687255225877626e-01 9.098101368007892598e-01 9.095240405385067728e-01 9.093099155446158210e-01 9.091673768407443346e-01 9.090961705471886090e-01 9.090961705471888310e-01 9.091673768407440015e-01 9.093099155446163762e-01 9.095240405385052185e-01 9.098101368007895928e-01 9.101687255225876516e-01 9.106004711387704065e-01 9.111061904711706960e-01 9.116868642460195238e-01 9.123436513283409433e-01 9.130779061159640664e-01 9.138911996617119504e-01 9.147853452537347829e-01 9.157624293938176896e-01 9.168248493901287599e-01 9.179753591505882548e-01 9.192171252637832968e-01 9.205537961424130611e-01 9.219895879639580238e-01 9.235293925038084994e-01 9.251789139191498590e-01 9.269448444301354728e-01 9.288350931862265902e-01 9.308590892905004299e-01 9.330281905302330037e-01
6.058839120063610473e-01 9.397453574873564364e-01 9.377189979818626453e-01 9.358301284665777597e-01 9.340676113455973484e-01 9.324222411130643762e-01 9.308863252805325006e-01 9.294533760678010959e-01 9.281178791037109077e-01 9.268751169226839837e-01 9.257210322565968541e-01 9.246521207608808801e-01 9.236653458734177535e-01 9.227580705683410267e-01 9.219280021870056574e-01 9.211731475237951994e-01 9.204917760539171878e-01 9.198823897040202535e-01 9.193436979437353829e-01 9.188745972573569842e-01 9.184741542671819303e-01 9.181415919425760519e-01 9.178762784553058385e-01 9.176777183415092409e-01 9.175455457111454383e-01 9.174795193120844905e-01 9.174795193120849346e-01 9.175455457111456603e-01 9.176777183415092409e-01 9.178762784553068377e-01 9.181415919425769401e-01 9.184741542671817083e-01 9.188745972573570953e-01 9.193436979437350498e-01 9.198823897040206976e-01 9.204917760539169658e-01 9.211731475237943112e-01 9.219280021870065456e-01 9.227580705683408047e-01 9.236653458734180866e-01 9.246521207608813242e-01 9.257210322565976313e-01 9.268751169226844278e-01 9.281178791037117959e-01 9.294533760678016510e-01 9.308863252805327226e-01 9.324222411130638211e-01 9.340676113455976814e-01 9.358301284665772046e-01 9.377189979818627563e-01 9.397453574873566584e-01
6.121123774184998867e-01 9.459808973120588105e-01 9.440943439594634556e-01 9.423376726497872946e-01 9.406999935874130747e-01 9.391723473873184735e-01 9.377472764857274212e-01 9.364185123266466348e-01 9.351807423002346242e-01 9.340294329689805553e-01 9.329606938804434479e-01 9.319711712080246402e-01 9.310579636920833790e-01 9.302185555154933727e-01 9.294507622249306156e-01 9.287526868378342959e-01 9.281226840039483728e-01 9.275593306152142281e-01 9.270614016413689651e-01 9.266278502531708483e-01 9.262577915090106639e-01 9.259504890439173019e-01 9.257053443262975856e-01 9.255218881472541126e-01 9.253997740871650057e-01 9.253387737698302029e-01 9.253387737698300919e-01 9.253997740871650057e-01 9.255218881472541126e-01 9.257053443262975856e-01 9.259504890439157476e-01 9.262577915090099978e-01 9.266278502531712924e-01 9.270614016413692982e-01 9.275593306152150053e-01 9.281226840039483728e-01 9.287526868378340739e-01 9.294507622249308376e-01 9.302185555154937058e-01 9.310579636920827129e-01 9.319711712080247512e-01 9.329606938804441141e-01 9.340294329689806663e-01 9.351807423002349573e-01 9.364185123266466348e-01 9.377472764857276433e-01 9.391723473873183625e-01 9.406999935874137408e-01 9.423376726497872946e-01 9.440943439594637887e-01 9.459808973120588105e-01
6.183408428306387261e-01 9.514623263098220818e-01 9.497018635609442150e-01 9.480644372105719864e-01 9.465393679898671531e-01 9.451179117338559532e-01 9.437928195597282688e-01 9.425580194825277092e-01 9.414083808860717051e-01 9.403395369859133268e-01 9.393477488012893506e-01 9.384297994342338800e-01 9.375829108748747753e-01 9.368046778223819704e-01 9.360930145512396106e-01 9.354461119180321749e-01 9.348624023545005768e-01 9.343405312301074073e-01 9.338793333582016132e-01 9.334778137084462912e-01 9.331351316041045507e-01 9.328505878469339763e-01 9.326236143389636801e-01 9.324537658698145437e-01 9.323407138174919506e-01 9.322842415757506274e-01 9.322842415757507384e-01 9.323407138174922837e-01 9.324537658698139886e-01 9.326236143389636801e-01 9.328505878469318668e-01 9.331351316041046617e-01 9.334778137084466243e-01 9.338793333582013911e-01 9.343405312301078514e-01 9.348624023545010209e-01 9.354461119180322859e-01 9.360930145512391665e-01 9.368046778223814153e-01 9.375829108748749974e-01 9.384297994342341021e-01 9.393477488012897947e-01 9.403395369859131048e-01 9.414083808860728153e-01 9.425580194825272651e-01 9.437928195597288239e-01 9.451179117338565083e-01 9.465393679898673751e-01 9.480644372105725415e-01 9.497018635609438819e-01 9.514623263098216377e-01
6.245693082427776766e-01 9.556835225917226229e-01 9.540143121119669667e-01 9.524635950031933307e-01 9.510207199014437673e-01 9.496770090549367938e-01 9.484252990448149845e-01 9.472596111302565847e-01 9.461749091652997823e-01 9.451669182847822759e-01 9.442319867601988159e-01 9.433669791654096803e-01 9.425691926751205152e-01 9.418362907433794895e-01 9.411662500417562471e-01 9.405573176586566886e-01 9.400079763466803184e-01 9.395169161642891176e-01 9.390830112627115422e-01 9.387053008663878151e-01 9.383829737168483121e-01 9.381153554175851728e-01 9.379018982463139809e-01 9.377421731017109297e-01 9.376358633319246128e-01 9.375827602576721764e-01 9.375827602576726205e-01 9.376358633319233915e-01 9.377421731017109297e-01 9.379018982463138698e-01 9.381153554175846176e-01 9.383829737168482010e-01 9.387053008663875930e-01 9.390830112627115422e-01 9.395169161642894506e-01 9.400079763466804295e-01 9.405573176586571327e-01 9.411662500417566912e-01 9.418362907433798226e-01 9.425691926751200711e-01 9.433669791654101244e-01 9.442319867601988159e-01 9.451669182847820538e-01 9.461749091652994492e-01 9.472596111302569177e-01 9.484252990448149845e-01 9.496770090549359056e-01 9.510207199014444335e-01 9.524635950031939968e-01 9.540143121119671887e-01 9.556835225917230670e-01
6.307977736549165160e-01 9.596434367310143765e-01 9.580644538910907393e-01 9.565993688808661632e-01 9.552375780331157085e-01 9.539704873899846893e-01 9.527910338104755850e-01 9.516933442475336014e-01 9.506724874225699340e-01 9.497242890539479010e-01 9.488451918859847067e-01 9.480321479891697933e-01 9.472825347586120159e-01 9.465940886201206217e-01 9.459648521790362530e-01 9.453931317248847055e-01 9.448774628245987239e-01 9.444165823174699437e-01 9.440094054428985748e-01 9.436550071374497639e-01 9.433526067644666391e-01 9.431015557102914171e-01 9.429013274118828170e-01 9.427515094823550879e-01 9.426517976818955535e-01 9.426019915471313126e-01 9.426019915471307575e-01 9.426517976818948874e-01 9.427515094823547548e-01 9.429013274118821508e-01 9.431015557102924163e-01 9.433526067644660840e-01 9.436550071374488757e-01 9.440094054428983528e-01 9.444165823174701657e-01 9.448774628245987239e-01 9.453931317248852606e-01 9.459648521790356979e-01 9.465940886201205107e-01 9.472825347586117939e-01 9.480321479891694603e-01 9.488451918859845957e-01 9.497242890539476790e-01 9.506724874225693789e-01 9.516933442475331573e-01 9.527910338104756960e-01 9.539704873899846893e-01 9.552375780331164856e-01 9.565993688808662743e-01 9.580644538910908503e-01 9.596434367310149316e-01
6.370262390670553554e-01 9.633571583133633265e-01 9.618674477464562722e-01 9.604869767980918072e-01 9.592052117174273418e-01 9.580136614759928726e-01 9.569053792809846248e-01 9.558746111252329758e-01 9.549165416334236545e-01 9.540271062262406510e-01 9.532028496641892223e-01 9.524408177675066645e-01 9.517384733479549164e-01 9.510936301315576769e-01 9.505044002705429484e-01 9.499691522760637108e-01 9.494864770560184075e-01 9.490551603427869187e-01 9.486741602257795503e-01 9.483425888165292195e-01 9.480596973053049270e-01 9.478248638415918137e-01 9.476375838030525189e-01 9.474974621201400771e-01 9.474042074046328255e-01 9.473576276962383247e-01 9.473576276962392129e-01 9.474042074046330475e-01 9.474974621201398550e-01 9.476375838030530740e-01 9.478248638415899263e-01 9.480596973053050380e-01 9.483425888165297746e-01 9.486741602257794392e-01 9.490551603427876959e-01 9.494864770560179634e-01 9.499691522760631557e-01 9.505044002705426154e-01 9.510936301315574548e-01 9.517384733479543613e-01 9.524408177675063314e-01 9.532028496641901105e-01 9.540271062262408730e-01 9.549165416334225442e-01 9.558746111252324207e-01 9.569053792809841807e-01 9.580136614759933167e-01 9.592052117174282300e-01 9.604869767980922513e-01 9.618674477464561612e-01 9.633571583133636596e-01
6.432547044791943058e-01 9.668388475502956991e-01 9.654375275103155296e-01 9.641407150274037274e-01 9.629379712582684103e-01 9.618209292100888819e-01 9.607827759019014202e-01 9.598178906966441382e-01 9.589215858537094572e-01 9.580899161067464309e-01 9.573195361233902689e-01 9.566075919717851317e-01 9.559516372484746505e-01 9.553495674276640814e-01 9.547995679036220817e-01 9.543000724848531569e-01 9.538497299829759024e-01 9.534473771583198420e-01 9.530920167253178477e-01 9.527827994400807077e-01 9.525190095274371771e-01 9.523000528802232356e-01 9.521254475967855235e-01 9.519948165257086092e-01 9.519078815678925221e-01 9.518644595517333773e-01 9.518644595517326001e-01 9.519078815678919669e-01 9.519948165257093864e-01 9.521254475967855235e-01 9.523000528802234577e-01 9.525190095274372881e-01 9.527827994400804856e-01 9.530920167253178477e-01 9.534473771583193979e-01 9.538497299829753473e-01 9.543000724848529348e-01 9.547995679036217487e-01 9.553495674276640814e-01 9.559516372484742064e-01 9.566075919717856868e-01 9.573195361233899359e-01 9.580899161067462089e-01 9.589215858537093462e-01 9.598178906966444712e-01 9.607827759019011982e-01 9.618209292100889929e-01 9.629379712582686324e-01 9.641407150274036164e-01 9.654375275103155296e-01 9.668388475502964763e-01
6.494831698913332563e-01 9.701017890967031931e-01 9.687880557690785599e-01 9.675740117804225715e-01 9.664493413535705235e-01 9.654058248526333763e-01 9.644368021176580319e-01 9.635368012921167180e-01 9.627012747585533825e-01 9.619264067059406509e-01 9.612089699738028958e-01 9.605462176388572804e-01 9.599357996342119392e-01 9.593756977578525857e-01 9.588641744289100322e-01 9.583997318881626315e-01 9.579810794526760764e-01 9.576071070702804056e-01 9.572768638701827371e-01 9.569895407305838431e-01 9.567444561219232702e-01 9.565410446611830597e-01 9.563788479463520842e-01 9.562575073432590944e-01 9.561767584776778017e-01 9.561364272509044193e-01 9.561364272509041973e-01 9.561767584776778017e-01 9.562575073432592054e-01 9.563788479463527503e-01 9.565410446611828377e-01 9.567444561219252686e-01 9.569895407305836210e-01 9.572768638701827371e-01 9.576071070702809607e-01 9.579810794526761875e-01 9.583997318881619654e-01 9.588641744289102542e-01 9.593756977578529188e-01 9.599357996342122723e-01 9.605462176388566142e-01 9.612089699738034509e-01 9.619264067059406509e-01 9.627012747585537156e-01 9.635368012921161629e-01 9.644368021176580319e-01 9.654058248526333763e-01 9.664493413535701904e-01 9.675740117804232376e-01 9.687880557690785599e-01 9.701017890967031931e-01
6.557116353034720957e-01 9.731584406286053479e-01 9.719315723025373499e-01 9.707994753934539034e-01 9.697519889733716703e-01 9.687810665762419671e-01 9.678802215874869885e-01 9.670441475274027532e-01 9.662684502139688991e-01 9.655494540084398336e-01 9.648840585887320520e-01 9.642696310817805427e-01 9.637039235051256814e-01 9.631850086921857068e-01 9.627112299632983872e-01 9.622811611897730266e-01 9.618935748377764883e-01 9.615474162290423843e-01 9.612417827136235937e-01 9.609759067784545694e-01 9.607491423549637810e-01 9.605609537663477582e-01 9.604109068887362044e-01 9.602986622029946462e-01 9.602239694940487569e-01 9.601866640190749314e-01 9.601866640190750424e-01 9.602239694940483128e-01 9.602986622029948682e-01 9.604109068887362044e-01 9.605609537663475361e-01 9.607491423549660015e-01 9.609759067784543474e-01 9.612417827136218174e-01 9.615474162290414961e-01 9.618935748377761552e-01 9.622811611897724715e-01 9.627112299632976100e-01 9.631850086921848186e-01 9.637039235051260144e-01 9.642696310817807648e-01 9.648840585887328292e-01 9.655494540084402777e-01 9.662684502139691212e-01 9.670441475274025311e-01 9.678802215874877657e-01 9.687810665762420781e-01 9.697519889733720033e-01 9.707994753934542365e-01 9.719315723025367948e-01 9.731584406286053479e-01
6.619401007156109351e-01 9.753932134167203616e-01 9.742231023693421754e-01 9.731450772633731816e-01 9.721489039183763836e-01 9.712265298604315644e-01 9.703714979803966800e-01 9.695785492925931282e-01 9.688433452072175989e-01 9.681622681337723746e-01 9.675322750412287398e-01 9.669507877940398677e-01 9.664156096348592850e-01 9.659248606487582656e-01 9.654769272680688852e-01 9.650704223419545036e-01 9.647041532820510579e-01 9.643770964745153051e-01 9.640883766248314890e-01 9.638372500413124877e-01 9.636230911095852170e-01 9.634453813920826892e-01 9.633037009228996306e-01 9.631977213725148035e-01 9.631272008381184246e-01 9.630919800802868469e-01 9.630919800802877351e-01 9.631272008381184246e-01 9.631977213725154696e-01 9.633037009228992975e-01 9.634453813920819121e-01 9.636230911095853280e-01 9.638372500413127097e-01 9.640883766248325992e-01 9.643770964745153051e-01 9.647041532820509468e-01 9.650704223419545036e-01 9.654769272680682191e-01 9.659248606487584876e-01 9.664156096348590630e-01 9.669507877940413110e-01 9.675322750412287398e-01 9.681622681337731517e-01 9.688433452072181540e-01 9.695785492925930171e-01 9.703714979803966800e-01 9.712265298604315644e-01 9.721489039183767167e-01 9.731450772633736257e-01 9.742231023693422864e-01 9.753932134167203616e-01
6.681685661277498856e-01 9.765591027251863121e-01 9.753994132175839438e-01 9.743327951536915332e-01 9.733485200907587842e-01 9.724382032040298496e-01 9.715951578222365992e-01 9.708139628831500278e-01 9.700901632809140196e-01 9.694200563962165340e-01 9.688005363663289016e-01 9.682289781391678618e-01 9.677031496188679416e-01 9.672211440809287408e-01 9.667813274994045969e-01 9.663822970396721557e-01 9.660228480485845148e-01 9.657019476111188272e-01 9.654187132565105189e-01 9.651723957617760474e-01 9.649623652639166549e-01 9.647881000856300959e-01 9.646491778238969195e-01 9.645452683608718436e-01 9.644761285419676256e-01 9.644415983342622400e-01 9.644415983342624621e-01 9.644761285419677366e-01 9.645452683608705113e-01 9.646491778238969195e-01 9.647881000856295408e-01 9.649623652639170990e-01 9.651723957617757144e-01 9.654187132565108520e-01 9.657019476111191603e-01 9.660228480485842928e-01 9.663822970396722667e-01 9.667813274994045969e-01 9.672211440809284078e-01 9.677031496188686077e-01 9.682289781391681949e-01 9.688005363663293457e-01 9.694200563962169781e-01 9.700901632809144637e-01 9.708139628831498058e-01 9.715951578222369323e-01 9.724382032040297386e-01 9.733485200907588952e-01 9.743327951536919773e-01 9.753994132175829446e-01 9.765591027251864231e-01
6.743970315398887250e-01 9.776731702018748305e-01 9.765233303714566659e-01 9.754676448286064838e-01 9.744948555937285040e-01 9.735962256477999066e-01 9.727648273069104956e-01 9.719950707264423118e-01 9.712823803431265279e-01 9.706229662157331850e-01 9.700136583557936731e-01 9.694517841122325397e-01 9.689350757435353234e-01 9.684615996372226698e-01 9.680297013671670392e-01 9.676379625508834126e-01 9.672851666466443232e-01 9.669702716305325074e-01 9.666923880483524467e-01 9.664507613291665189e-01 9.662447575288359847e-01 9.660738518779358186e-01 9.659376196615637733e-01 9.658357290748842416e-01 9.657679357880796234e-01 9.657340790259635321e-01 9.657340790259626440e-01 9.657679357880795123e-01 9.658357290748836865e-01 9.659376196615641064e-01 9.660738518779348194e-01 9.662447575288357626e-01 9.664507613291650756e-01 9.666923880483532239e-01 9.669702716305331736e-01 9.672851666466447673e-01 9.676379625508834126e-01 9.680297013671678164e-01 9.684615996372231139e-01 9.689350757435356565e-01 9.694517841122327617e-01 9.700136583557944503e-01 9.706229662157329630e-01 9.712823803431268610e-01 9.719950707264424228e-01 9.727648273069112728e-01 9.735962256477999066e-01 9.744948555937283929e-01 9.754676448286058177e-01 9.765233303714571100e-01 9.776731702018757186e-01
6.806254969520275644e-01 9.787381684417401084e-01 9.775976090739010305e-01 9.765523906134886412e-01 9.755906866863950366e-01 9.747033865082040949e-01 9.738833090663997494e-01 9.731246885819052617e-01 9.724228248574361411e-01 9.717738382103984218e-01 9.711744931634208600e-01 9.706220687452321583e-01 9.701142612389715980e-01 9.696491100518036532e-01 9.692249404060617746e-01 9.688403185002538720e-01 9.684940160744516247e-01 9.681849821830155189e-01 9.679123205764716964e-01 9.676752715149854467e-01 9.674731971368751848e-01 9.673055697247083806e-01 9.671719623739257754e-01 9.670720416915532525e-01 9.670055622471795953e-01 9.669723625733045447e-01 9.669723625733043226e-01 9.670055622471798173e-01 9.670720416915525863e-01 9.671719623739258864e-01 9.673055697247073814e-01 9.674731971368754069e-01 9.676752715149870010e-01 9.679123205764715854e-01 9.681849821830158520e-01 9.684940160744524018e-01 9.688403185002536500e-01 9.692249404060614415e-01 9.696491100518038753e-01 9.701142612389719311e-01 9.706220687452327134e-01 9.711744931634211930e-01 9.717738382103981998e-01 9.724228248574361411e-01 9.731246885819058168e-01 9.738833090663997494e-01 9.747033865082050941e-01 9.755906866863949256e-01 9.765523906134883081e-01 9.775976090739006974e-01 9.787381684417404415e-01
6.868539623641665148e-01 9.797566881930906968e-01 9.786248406127888710e-01 9.775896315744674325e-01 9.766386234112727216e-01 9.757623080894096690e-01 9.749532380086566308e-01 9.742054638241725018e-01 9.735141562789964009e-01 9.728753433980390497e-01 9.722857227811292358e-01 9.717425243768501586e-01 9.712434081413831022e-01 9.707863863960632944e-01 9.703697640517896517e-01 9.699920920107223399e-01 9.696521304600633773e-01 9.693488197152068109e-01 9.690812569155038414e-01 9.688486773275314379e-01 9.686504393321890838e-01 9.684860124050748142e-01 9.683549675714920868e-01 9.682569699469465441e-01 9.681917730733510252e-01 9.681592148396769293e-01 9.681592148396760411e-01 9.681917730733505811e-01 9.682569699469463220e-01 9.683549675714911986e-01 9.684860124050734820e-01 9.686504393321899720e-01 9.688486773275314379e-01 9.690812569155036194e-01 9.693488197152070329e-01 9.696521304600640434e-01 9.699920920107227840e-01 9.703697640517900957e-01 9.707863863960631834e-01 9.712434081413832132e-01 9.717425243768500476e-01 9.722857227811291247e-01 9.728753433980390497e-01 9.735141562789961789e-01 9.742054638241729458e-01 9.749532380086561867e-01 9.757623080894098910e-01 9.766386234112729436e-01 9.775896315744672105e-01 9.786248406127885380e-01 9.797566881930906968e-01
6.930824277763053543e-01 9.807311670169930329e-01 9.796074606661987483e-01 9.785818096702503244e-01 9.776411175995319836e-01 9.767754535630986945e-01 9.759770890835900436e-01 9.752398831031205972e-01 9.745588726150454795e-01 9.739299906629937942e-01 9.733498664174689008e-01 9.728156799481005867e-01 9.723250545112076537e-01 9.718759752246015626e-01 9.714667267202561352e-01 9.710958447213018374e-01 9.707620780231985824e-01 9.704643583814306362e-01 9.702017765048812636e-01 9.699735628386539910e-01 9.697790721634103051e-01 9.696177712861012710e-01 9.694892292790756594e-01 9.693931098609788188e-01 9.693291656174375381e-01 9.692972338416460110e-01 9.692972338416455669e-01 9.693291656174375381e-01 9.693931098609788188e-01 9.694892292790755484e-01 9.696177712861007159e-01 9.697790721634100830e-01 9.699735628386546571e-01 9.702017765048803755e-01 9.704643583814308583e-01 9.707620780231995816e-01 9.710958447213018374e-01 9.714667267202559131e-01 9.718759752246012296e-01 9.723250545112082088e-01 9.728156799481008088e-01 9.733498664174683457e-01 9.739299906629944603e-01 9.745588726150461456e-01 9.752398831031204862e-01 9.759770890835903767e-01 9.767754535630991386e-01 9.776411175995329828e-01 9.785818096702506574e-01 9.796074606661987483e-01 9.807311670169930329e-01
6.993108931884441937e-01 9.816639021355496597e-01 9.805477621397277188e-01 9.795312227018645457e-01 9.786004759702665590e-01 9.777451402256169821e-01 9.769571906963548935e-01 9.762302859079231565e-01 9.755593241330201559e-01 9.749401406010581583e-01 9.743692944719948290e-01 9.738439150986263337e-01 9.733615886437441134e-01 9.729202728925249177e-01 9.725182322237575505e-01 9.721539872943499860e-01 9.718262756656438350e-01 9.715340207092278968e-01 9.712763068813815570e-01 9.710523599751568202e-01 9.708615313255919421e-01 9.707032852070039963e-01 9.705771888538785586e-01 9.704829046809252402e-01 9.704201843875405187e-01 9.703888647179614857e-01 9.703888647179614857e-01 9.704201843875417399e-01 9.704829046809260173e-01 9.705771888538786696e-01 9.707032852070045514e-01 9.708615313255916091e-01 9.710523599751547108e-01 9.712763068813823342e-01 9.715340207092272307e-01 9.718262756656440571e-01 9.721539872943499860e-01 9.725182322237581056e-01 9.729202728925250288e-01 9.733615886437447795e-01 9.738439150986263337e-01 9.743692944719953841e-01 9.749401406010586024e-01 9.755593241330199339e-01 9.762302859079233786e-01 9.769571906963547825e-01 9.777451402256176483e-01 9.786004759702675582e-01 9.795312227018649898e-01 9.805477621397276078e-01 9.816639021355494377e-01
7.055393586005831441e-01 9.824954887957935146e-01 9.813824499552467051e-01 9.803710533200635791e-01 9.794466692061936097e-01 9.785983958287582940e-01 9.778178658204644824e-01 9.770985046906688343e-01 9.764350480684167444e-01 9.758232152169736828e-01 9.752594811371595451e-01 9.747409131959042794e-01 9.742650513309389915e-01 9.738298184943069424e-01 9.734334525864366539e-01 9.730744539920151981e-01 9.727515446630471407e-01 9.724636359016471943e-01 9.722098028082986065e-01 9.719892639207187157e-01 9.718013649611265681e-01 9.716455658903961901e-01 9.715214306723655158e-01 9.714286193035771566e-01 9.713668817795214627e-01 9.713360537587018007e-01 9.713360537587024668e-01 9.713668817795199084e-01 9.714286193035776007e-01 9.715214306723657378e-01 9.716455658903958570e-01 9.718013649611254579e-01 9.719892639207204921e-01 9.722098028082972743e-01 9.724636359016459730e-01 9.727515446630466966e-01 9.730744539920151981e-01 9.734334525864372090e-01 9.738298184943069424e-01 9.742650513309394356e-01 9.747409131959041684e-01 9.752594811371597672e-01 9.758232152169737939e-01 9.764350480684171885e-01 9.770985046906690563e-01 9.778178658204647045e-01 9.785983958287581830e-01 9.794466692061941648e-01 9.803710533200651334e-01 9.813824499552470382e-01 9.824954887957950689e-01
7.117678240127219835e-01 9.829987741985585226e-01 9.818687122497623543e-01 9.808443438530350944e-01 9.799098684508236179e-01 9.790536219260402850e-01 9.782667177360013788e-01 9.775422148453166704e-01 9.768745823632608571e-01 9.762593409656830090e-01 9.756928146145417147e-01 9.751719537923493331e-01 9.746942066469772570e-01 9.742574231522899142e-01 9.738597825900719984e-01 9.734997378714129734e-01 9.731759722609941710e-01 9.728873654049596809e-01 9.726329664584673074e-01 9.724119727216613551e-01 9.722237126207956548e-01 9.720676321757322214e-01 9.719432843162372215e-01 9.718503205731708894e-01 9.717884847947214633e-01 9.717576086343087116e-01 9.717576086343097108e-01 9.717884847947214633e-01 9.718503205731706673e-01 9.719432843162381097e-01 9.720676321757322214e-01 9.722237126207950997e-01 9.724119727216614661e-01 9.726329664584659751e-01 9.728873654049597919e-01 9.731759722609937269e-01 9.734997378714129734e-01 9.738597825900719984e-01 9.742574231522898032e-01 9.746942066469774790e-01 9.751719537923492220e-01 9.756928146145420477e-01 9.762593409656830090e-01 9.768745823632605241e-01 9.775422148453178917e-01 9.782667177360011568e-01 9.790536219260402850e-01 9.799098684508229518e-01 9.808443438530357605e-01 9.818687122497620212e-01 9.829987741985585226e-01
7.179962894248609340e-01 9.834939837391294404e-01 9.823460124017161510e-01 9.813080867286215758e-01 9.803631150801633831e-01 9.794986045914808592e-01 9.787051106091056996e-01 9.779753016319572279e-01 9.773033649856028848e-01 9.766846127107329245e-01 9.761152109430251134e-01 9.755919885950128378e-01 9.751122987304239320e-01 9.746739159927712004e-01 9.742749593436741407e-01 9.739138329762703217e-01 9.735891805496840190e-01 9.732998493716779054e-01 9.730448621422558286e-01 9.728233945419693107e-01 9.726347574147836683e-01 9.724783826257648034e-01 9.723538119126226009e-01 9.722606882262888606e-01 9.721987491885888399e-01 9.721678223981460309e-01 9.721678223981458089e-01 9.721987491885890620e-01 9.722606882262887495e-01 9.723538119126234891e-01 9.724783826257643593e-01 9.726347574147838904e-01 9.728233945419695328e-01 9.730448621422558286e-01 9.732998493716775723e-01 9.735891805496851292e-01 9.739138329762705437e-01 9.742749593436746958e-01 9.746739159927707563e-01 9.751122987304247092e-01 9.755919885950119497e-01 9.761152109430256685e-01 9.766846127107331466e-01 9.773033649856028848e-01 9.779753016319575609e-01 9.787051106091058106e-01 9.794986045914808592e-01 9.803631150801638272e-01 9.813080867286215758e-01 9.823460124017162620e-01 9.834939837391292183e-01
7.242247548369997734e-01 9.839816689942338934e-01 9.828148363190586378e-01 9.817627338311333274e-01 9.808068426606463275e-01 9.799337673841296281e-01 9.791334626036161115e-01 9.783981804698355100e-01 9.777218101700779762e-01 9.770994444318723549e-01 9.765270844011212370e-01 9.760014325042916106e-01 9.755197432821296477e-01 9.750797136031492673e-01 9.746794003471181966e-01 9.743171577051240595e-01 9.739915887859159627e-01 9.737015078584272398e-01 9.734459106453616783e-01 9.732239508171260933e-01 9.730349213431397359e-01 9.728782397157457185e-01 9.727534363197311018e-01 9.726601454098557920e-01 9.725980983011949244e-01 9.725671184870513519e-01 9.725671184870517960e-01 9.725980983011953684e-01 9.726601454098555699e-01 9.727534363197316569e-01 9.728782397157463846e-01 9.730349213431399580e-01 9.732239508171257603e-01 9.734459106453624555e-01 9.737015078584281280e-01 9.739915887859160737e-01 9.743171577051242815e-01 9.746794003471185297e-01 9.750797136031488233e-01 9.755197432821296477e-01 9.760014325042928318e-01 9.765270844011204598e-01 9.770994444318724659e-01 9.777218101700781983e-01 9.783981804698347329e-01 9.791334626036167776e-01 9.799337673841294061e-01 9.808068426606461054e-01 9.817627338311336604e-01 9.828148363190589709e-01 9.839816689942335604e-01
7.304532202491387238e-01 9.844623793723517036e-01 9.832756598195748765e-01 9.822087235093294177e-01 9.812414696143534343e-01 9.803595179282507122e-01 9.795521755461754632e-01 9.788112502315198249e-01 9.781303154945915068e-01 9.775042333946661888e-01 9.769288325240315096e-01 9.764006836635596986e-01 9.759169392405439014e-01 9.754752158075021828e-01 9.750735063383263457e-01 9.747101136970092172e-01 9.743835994698155645e-01 9.740927441680217180e-01 9.738365160023439993e-01 9.736140462338669366e-01 9.734246096592324982e-01 9.732676091759738801e-01 9.731425636521843225e-01 9.730490985282292948e-01 9.729869387307171769e-01 9.729559035963023517e-01 9.729559035963030178e-01 9.729869387307171769e-01 9.730490985282286287e-01 9.731425636521843225e-01 9.732676091759734360e-01 9.734246096592322761e-01 9.736140462338673807e-01 9.738365160023436662e-01 9.740927441680223842e-01 9.743835994698158975e-01 9.747101136970092172e-01 9.750735063383260126e-01 9.754752158075017388e-01 9.759169392405437904e-01 9.764006836635602538e-01 9.769288325240313986e-01 9.775042333946661888e-01 9.781303154945908407e-01 9.788112502315203800e-01 9.795521755461754632e-01 9.803595179282518224e-01 9.812414696143537673e-01 9.822087235093293067e-01 9.832756598195753206e-01 9.844623793723514815e-01
7.366816856612775632e-01 9.849366638197645241e-01 9.837289489944712750e-01 9.826464804079122484e-01 9.816673987943020929e-01 9.807762473378568435e-01 9.799616342448246309e-01 9.792148924768190321e-01 9.785292610410488701e-01 9.778993592452932537e-01 9.773208351378178671e-01 9.767901224370605373e-01 9.763042677073171527e-01 9.758608045436525380e-01 9.754576601254674184e-01 9.750930846224146187e-01 9.747655970982160856e-01 9.744739435689183660e-01 9.742170641858405311e-01 9.739940673928748627e-01 9.738042095096459683e-01 9.736468786126376562e-01 9.735215818866069792e-01 9.734279358373236768e-01 9.733656589199204401e-01 9.733345662622794325e-01 9.733345662622798766e-01 9.733656589199202180e-01 9.734279358373236768e-01 9.735215818866070903e-01 9.736468786126378783e-01 9.738042095096459683e-01 9.739940673928746406e-01 9.742170641858389768e-01 9.744739435689181439e-01 9.747655970982161966e-01 9.750930846224142856e-01 9.754576601254674184e-01 9.758608045436520939e-01 9.763042677073169306e-01 9.767901224370603153e-01 9.773208351378178671e-01 9.778993592452936978e-01 9.785292610410486480e-01 9.792148924768196983e-01 9.799616342448250750e-01 9.807762473378573986e-01 9.816673987943020929e-01 9.826464804079114712e-01 9.837289489944716081e-01 9.849366638197650792e-01
7.429101510734164027e-01 9.854050727062554360e-01 9.841751604536992382e-01 9.830764150640765031e-01 9.820850167593195845e-01 9.811843292926045734e-01 9.803622054176855949e-01 9.796094702590696368e-01 9.789190080931262639e-01 9.782851826089169478e-01 9.777034528653988366e-01 9.771701098296331489e-01 9.766820902863970755e-01 9.762368421271361285e-01 9.758322247812554195e-01 9.754664343134032967e-01 9.751379462361269290e-01 9.748454713136249783e-01 9.745879210775989510e-01 9.743643807381783262e-01 9.741740878277679316e-01 9.740164153714665485e-01 9.738908587012476969e-01 9.737970252661909409e-01 9.737346269656772524e-01 9.737034746659445350e-01 9.737034746659444240e-01 9.737346269656776965e-01 9.737970252661902748e-01 9.738908587012473639e-01 9.740164153714663264e-01 9.741740878277688198e-01 9.743643807381783262e-01 9.745879210776018375e-01 9.748454713136246452e-01 9.751379462361268180e-01 9.754664343134032967e-01 9.758322247812557526e-01 9.762368421271360175e-01 9.766820902863975196e-01 9.771701098296334820e-01 9.777034528653978374e-01 9.782851826089168368e-01 9.789190080931265969e-01 9.796094702590697478e-01 9.803622054176855949e-01 9.811843292926052396e-01 9.820850167593193625e-01 9.830764150640768362e-01 9.841751604536990161e-01 9.854050727062559911e-01
7.491386164855553531e-01 9.858681631875165774e-01 9.846147450420668079e-01 9.834989271771337194e-01 9.824946969687637921e-01 9.815841232847040132e-01 9.807542410372664943e-01 9.799953315818750177e-01 9.792999027084660080e-01 9.786620487753473485e-01 9.780770309214170677e-01 9.775409913854506971e-01 9.770507530807559515e-01 9.766036753397068226e-01 9.761975478168049003e-01 9.758305110162319718e-01 9.755009958413914939e-01 9.752076770285725837e-01 9.749494369166129548e-01 9.747253370564705754e-01 9.745345958771534089e-01 9.743765711179344091e-01 9.742507460857464663e-01 9.741567190489833772e-01 9.740941952657740099e-01 9.740629812870726933e-01 9.740629812870723603e-01 9.740941952657742320e-01 9.741567190489838213e-01 9.742507460857471324e-01 9.743765711179337430e-01 9.745345958771534089e-01 9.747253370564704644e-01 9.749494369166132879e-01 9.752076770285722507e-01 9.755009958413921600e-01 9.758305110162323048e-01 9.761975478168050113e-01 9.766036753397069337e-01 9.770507530807565066e-01 9.775409913854509192e-01 9.780770309214176228e-01 9.786620487753475706e-01 9.792999027084665631e-01 9.799953315818755728e-01 9.807542410372662722e-01 9.815841232847040132e-01 9.824946969687641252e-01 9.834989271771326091e-01 9.846147450420679181e-01 9.858681631875162443e-01
7.553670818976941925e-01 9.863265028850436433e-01 9.850481492758242918e-01 9.839144063014044761e-01 9.828968001861452253e-01 9.819759748908206687e-01 9.811380785313342789e-01 9.803728095545916066e-01 9.796722758407024889e-01 9.790302877937576698e-01 9.784418991832763979e-01 9.779030972378275344e-01 9.774105867228765065e-01 9.769616354421266635e-01 9.765539611782195761e-01 9.761856473731537198e-01 9.758550792330847878e-01 9.755608946704481532e-01 9.753019462447206633e-01 9.750772714133731922e-01 9.748860691797696099e-01 9.747276817588068631e-01 9.746015802573242404e-01 9.745073536371474665e-01 9.744447004284094715e-01 9.744134228124181618e-01 9.744134228124184949e-01 9.744447004284092495e-01 9.745073536371479106e-01 9.746015802573247955e-01 9.747276817588070852e-01 9.748860691797701650e-01 9.750772714133737473e-01 9.753019462447211074e-01 9.755608946704482642e-01 9.758550792330835666e-01 9.761856473731537198e-01 9.765539611782195761e-01 9.769616354421267745e-01 9.774105867228767286e-01 9.779030972378284225e-01 9.784418991832766199e-01 9.790302877937581139e-01 9.796722758407028220e-01 9.803728095545901633e-01 9.811380785313342789e-01 9.819759748908215569e-01 9.828968001861456694e-01 9.839144063014043651e-01 9.850481492758254021e-01 9.863265028850431992e-01
7.615955473098330319e-01 9.867154626744878421e-01 9.854042071684799842e-01 9.842459762920775512e-01 9.832093688933103426e-01 9.822733534110423825e-01 9.814230413718542101e-01 9.806474514767117290e-01 9.799382252488508804e-01 9.792888413918889867e-01 9.786941107336142309e-01 9.781498382206670339e-01 9.776525890822076459e-01 9.771995225142970920e-01 9.767882705965058587e-01 9.764168483869807291e-01 9.760835860559253785e-01 9.757870769524442656e-01 9.755261374317230061e-01 9.752997755333522312e-01 9.751071664485579937e-01 9.749476332951312330e-01 9.748206321261257967e-01 9.747257403905162931e-01 9.746626482786068246e-01 9.746311525472899362e-01 9.746311525472904913e-01 9.746626482786077128e-01 9.747257403905166262e-01 9.748206321261261298e-01 9.749476332951312330e-01 9.751071664485582158e-01 9.752997755333524532e-01 9.755261374317234502e-01 9.757870769524440435e-01 9.760835860559253785e-01 9.764168483869802850e-01 9.767882705965063028e-01 9.771995225142974251e-01 9.776525890822079790e-01 9.781498382206658126e-01 9.786941107336141199e-01 9.792888413918889867e-01 9.799382252488513245e-01 9.806474514767117290e-01 9.814230413718546542e-01 9.822733534110421605e-01 9.832093688933100095e-01 9.842459762920779953e-01 9.854042071684799842e-01 9.867154626744871759e-01
7.678240127219719824e-01 9.870992388529082895e-01 9.857524460610369577e-01 9.845679914934635235e-01 9.835111360927584201e-01 9.825589782694680308e-01 9.816954902376459069e-01 9.809089521166538539e-01 9.801905031754508668e-01 9.795332673751673269e-01 9.789317971827966591e-01 9.783817045806993962e-01 9.778794076414654146e-01 9.774219513813743321e-01 9.770068780162383115e-01 9.766321310585305282e-01 9.762959832048369035e-01 9.759969813400694028e-01 9.757339041207364616e-01 9.755057289882812510e-01 9.753116063894082810e-01 9.751508396122364752e-01 9.750228690883040450e-01 9.749272603254223180e-01 9.748636948670225122e-01 9.748319638473385007e-01 9.748319638473391668e-01 9.748636948670227342e-01 9.749272603254230951e-01 9.750228690883046001e-01 9.751508396122360312e-01 9.753116063894080590e-01 9.755057289882814731e-01 9.757339041207366837e-01 9.759969813400694028e-01 9.762959832048363484e-01 9.766321310585300841e-01 9.770068780162385336e-01 9.774219513813743321e-01 9.778794076414654146e-01 9.783817045806997292e-01 9.789317971827969922e-01 9.795332673751681041e-01 9.801905031754514219e-01 9.809089521166540759e-01 9.816954902376461289e-01 9.825589782694675867e-01 9.835111360927594193e-01 9.845679914934634125e-01 9.857524460610372907e-01 9.870992388529087336e-01
7.740524781341108218e-01 9.874859618887189550e-01 9.861015003280396707e-01 9.848896249628742439e-01 9.838117955752536670e-01 9.828430314461714667e-01 9.819660597368379262e-01 9.811683638887680470e-01 9.804405469130902384e-01 9.797753571106483372e-01 9.791670751932427530e-01 9.786111113152573537e-01 9.781037303645659930e-01 9.776418589827791106e-01 9.772229465456669928e-01 9.768448628735382222e-01 9.765058216199203889e-01 9.762043220450443703e-01 9.759391042410608952e-01 9.757091144016106776e-01 9.755134777400297219e-01 9.753514773476901212e-01 9.752225377614890389e-01 9.751262123491544198e-01 9.750621738686761075e-01 9.750302077440390347e-01 9.750302077440383686e-01 9.750621738686762185e-01 9.751262123491541978e-01 9.752225377614883728e-01 9.753514773476898991e-01 9.755134777400309432e-01 9.757091144016103446e-01 9.759391042410610062e-01 9.762043220450447034e-01 9.765058216199207219e-01 9.768448628735375561e-01 9.772229465456666597e-01 9.776418589827792216e-01 9.781037303645665482e-01 9.786111113152579088e-01 9.791670751932430861e-01 9.797753571106482262e-01 9.804405469130902384e-01 9.811683638887672698e-01 9.819660597368379262e-01 9.828430314461716888e-01 9.838117955752533339e-01 9.848896249628747990e-01 9.861015003280396707e-01 9.874859618887193990e-01
7.802809435462496612e-01 9.878761266236874006e-01 9.864516200336986840e-01 9.852110204477447786e-01 9.841114391713358112e-01 9.831255772795193248e-01 9.822347987635774436e-01 9.814257266136681146e-01 9.806883907612113926e-01 9.800151414414424167e-01 9.793999733923491879e-01 9.788380856016825060e-01 9.783255834619060121e-01 9.778592708725135640e-01 9.774365012853268864e-01 9.770550686136537655e-01 9.767131258545508343e-01 9.764091234544476361e-01 9.761417620566854580e-01 9.759099559450498118e-01 9.757128046024762247e-01 9.755495705510859317e-01 9.754196621564532599e-01 9.753226204449937375e-01 9.752581092492207393e-01 9.752259081944218977e-01 9.752259081944224528e-01 9.752581092492211834e-01 9.753226204449938486e-01 9.754196621564528158e-01 9.755495705510863758e-01 9.757128046024760026e-01 9.759099559450493677e-01 9.761417620566850140e-01 9.764091234544471920e-01 9.767131258545509453e-01 9.770550686136539875e-01 9.774365012853267753e-01 9.778592708725132310e-01 9.783255834619050129e-01 9.788380856016833942e-01 9.793999733923492990e-01 9.800151414414421946e-01 9.806883907612110596e-01 9.814257266136675595e-01 9.822347987635778876e-01 9.831255772795186587e-01 9.841114391713357001e-01 9.852110204477444455e-01 9.864516200336990170e-01 9.878761266236874006e-01
7.865094089583886117e-01 9.882702937996502568e-01 9.868030796459096310e-01 9.855323324190087275e-01 9.844101641489630961e-01 9.834066832701034988e-01 9.825017583163521140e-01 9.816810816953637220e-01 9.809340703345358348e-01 9.802526523829788729e-01 9.796305215012577339e-01 9.790626556666334190e-01 9.785449941672895724e-01 9.780742136123496966e-01 9.776475683336302014e-01 9.772627740518231576e-01 9.769179214487344609e-01 9.766114109384933517e-01 9.763419028119795229e-01 9.761082787684567386e-01 9.759096120551098430e-01 9.757451442468343394e-01 9.756142672576019192e-01 9.755165095689545263e-01 9.754515259464412447e-01 9.754190901273565029e-01 9.754190901273565029e-01 9.754515259464411336e-01 9.755165095689549704e-01 9.756142672576016972e-01 9.757451442468343394e-01 9.759096120551105091e-01 9.761082787684571827e-01 9.763419028119795229e-01 9.766114109384935738e-01 9.769179214487349050e-01 9.772627740518229356e-01 9.776475683336309785e-01 9.780742136123498076e-01 9.785449941672892393e-01 9.790626556666335301e-01 9.796305215012576229e-01 9.802526523829795391e-01 9.809340703345358348e-01 9.816810816953637220e-01 9.825017583163518919e-01 9.834066832701036098e-01 9.844101641489634291e-01 9.855323324190088385e-01 9.868030796459099641e-01 9.882702937996500347e-01
7.927378743705275621e-01 9.886691037838132301e-01 9.871561822523916563e-01 9.858537280063304209e-01 9.847080745126371992e-01 9.836864212062039758e-01 9.827669925984849897e-01 9.819344732482558902e-01 9.811776237343484697e-01 9.804879243437339964e-01 9.798587516051806556e-01 9.792848521040909970e-01 9.787619921008814394e-01 9.782867161765798070e-01 9.778561762302150351e-01 9.774680074309315403e-01 9.771202364397961748e-01 9.768112123900036803e-01 9.765395542967179043e-01 9.763041105871895775e-01 9.761039277590736196e-01 9.759382260565371281e-01 9.758063806580615784e-01 9.757079072944268017e-01 9.756424515212618331e-01 9.756097810977291118e-01 9.756097810977291118e-01 9.756424515212622772e-01 9.757079072944265796e-01 9.758063806580611343e-01 9.759382260565373501e-01 9.761039277590736196e-01 9.763041105871901326e-01 9.765395542967186815e-01 9.768112123900034582e-01 9.771202364397965079e-01 9.774680074309309852e-01 9.778561762302149241e-01 9.782867161765794739e-01 9.787619921008812174e-01 9.792848521040913301e-01 9.798587516051809887e-01 9.804879243437345515e-01 9.811776237343475815e-01 9.819344732482553351e-01 9.827669925984856558e-01 9.836864212062039758e-01 9.847080745126366441e-01 9.858537280063295327e-01 9.871561822523924334e-01 9.886691037838130081e-01
7.989663397826664015e-01 9.890732922079685796e-01 9.875112625718396320e-01 9.861753870030528502e-01 9.850052800680014764e-01 9.839648658548486582e-01 9.830305575207267665e-01 9.821859464809270523e-01 9.814190898436249144e-01 9.807209923468607204e-01 9.800846963105676046e-01 9.795047059744184104e-01 9.789766073152167403e-01 9.784968079494752446e-01 9.780623539089575713e-01 9.776707973763419934e-01 9.773200992382625740e-01 9.770085560674034442e-01 9.767347446599075056e-01 9.764974794704379679e-01 9.762957797248068559e-01 9.761288439473497780e-01 9.759960302935293264e-01 9.758968415351283454e-01 9.758309138734492238e-01 9.757980089985187622e-01 9.757980089985185401e-01 9.758309138734494459e-01 9.758968415351281234e-01 9.759960302935297705e-01 9.761288439473492229e-01 9.762957797248061897e-01 9.764974794704389671e-01 9.767347446599077276e-01 9.770085560674032221e-01 9.773200992382626850e-01 9.776707973763423265e-01 9.780623539089575713e-01 9.784968079494754667e-01 9.789766073152168513e-01 9.795047059744191875e-01 9.800846963105684928e-01 9.807209923468604984e-01 9.814190898436245813e-01 9.821859464809270523e-01 9.830305575207269886e-01 9.839648658548488802e-01 9.850052800680018095e-01 9.861753870030532942e-01 9.875112625718396320e-01 9.890732922079689127e-01
8.051948051948052409e-01 9.894837117039507746e-01 9.878686922104958912e-01 9.864975035790607416e-01 9.853018971675826521e-01 9.842420954080900453e-01 9.832925110533971003e-01 9.824355480250230865e-01 9.816585086589284526e-01 9.809518923751164854e-01 9.803083891066909361e-01 9.797222491835331226e-01 9.791888706917597496e-01 9.787045191384567966e-01 9.782661311267437654e-01 9.778711733391146632e-01 9.775175390843330314e-01 9.772034710631867238e-01 9.769275028889651269e-01 9.766884143298444343e-01 9.764851968087695511e-01 9.763170267354793763e-01 9.761832449512017895e-01 9.760833410581299940e-01 9.760169417573477668e-01 9.759838025779088433e-01 9.759838025779086212e-01 9.760169417573478778e-01 9.760833410581299940e-01 9.761832449512011234e-01 9.763170267354794873e-01 9.764851968087689960e-01 9.766884143298442122e-01 9.769275028889651269e-01 9.772034710631860577e-01 9.775175390843330314e-01 9.778711733391148853e-01 9.782661311267443205e-01 9.787045191384563525e-01 9.791888706917601937e-01 9.797222491835343439e-01 9.803083891066909361e-01 9.809518923751172625e-01 9.816585086589283415e-01 9.824355480250236416e-01 9.832925110533964341e-01 9.842420954080903783e-01 9.853018971675829851e-01 9.864975035790615188e-01 9.878686922104958912e-01 9.894837117039505525e-01
