nan -7.000000000000000000e+00 -6.714285714285714413e+00 -6.428571428571428825e+00 -6.142857142857143238e+00 -5.857142857142857650e+00 -5.571428571428571175e+00 -5.285714285714285587e+00 -5.000000000000000000e+00 -4.714285714285714413e+00 -4.428571428571428825e+00 -4.142857142857143238e+00 -3.857142857142857206e+00 -3.571428571428571619e+00 -3.285714285714286031e+00 -3.000000000000000000e+00 -2.714285714285714413e+00 -2.428571428571428825e+00 -2.142857142857143238e+00 -1.857142857142857650e+00 -1.571428571428572063e+00 -1.285714285714286476e+00 -1.000000000000000000e+00 -7.142857142857144126e-01 -4.285714285714288252e-01 -1.428571428571432378e-01 1.428571428571423496e-01 4.285714285714279370e-01 7.142857142857135244e-01 1.000000000000000000e+00 1.285714285714284699e+00 1.571428571428571175e+00 1.857142857142855874e+00 2.142857142857142350e+00 2.428571428571428825e+00 2.714285714285713524e+00 3.000000000000000000e+00 3.285714285714284699e+00 3.571428571428571175e+00 3.857142857142855874e+00 4.142857142857142350e+00 4.428571428571427049e+00 4.714285714285713524e+00 5.000000000000000000e+00 5.285714285714284699e+00 5.571428571428571175e+00 5.857142857142855874e+00 6.142857142857142350e+00 6.428571428571427049e+00 6.714285714285713524e+00 7.000000000000000000e+00
5.000000000000000000e-01 5.175208099918924276e-01 5.188018699873780948e-01 5.185287543042730318e-01 5.155906493175428373e-01 5.111695971148377815e-01 5.066070957513001405e-01 5.025654883607874046e-01 4.991691142137930637e-01 4.962966392373016067e-01 4.937530548720659995e-01 4.913351598060746728e-01 4.888408122154826452e-01 4.860486072997831086e-01 4.826689826398903871e-01 4.782327987020631999e-01 4.717671056030104393e-01 4.602997781836575264e-01 4.134165825937477501e-01 3.958148819635949334e-01 3.973433368370996588e-01 4.194057172112819476e-01 4.574117216582093692e-01 4.985073358644223629e-01 5.303994347886220595e-01 5.470900441822257321e-01 5.470900441822258431e-01 5.303994347886227256e-01 4.985073358644228625e-01 4.574117216582099243e-01 4.194057172112823917e-01 3.973433368371001029e-01 3.958148819635960436e-01 4.134165825937474170e-01 4.602997781836581370e-01 4.717671056030094956e-01 4.782327987020634774e-01 4.826689826398909422e-01 4.860486072997839413e-01 4.888408122154819235e-01 4.913351598060752279e-01 4.937530548720652224e-01 4.962966392373004409e-01 4.991691142137908432e-01 5.025654883607884038e-01 5.066070957512999184e-01 5.111695971148375595e-01 5.155906493175441696e-01 5.185287543042733649e-01 5.188018699873782058e-01 5.175208099918925386e-01
5.062284654121388394e-01 5.535515260228440759e-01 5.307164141265985347e-01 5.129242950561253567e-01 5.014725355087038539e-01 4.951718373421525876e-01 4.921711564999050603e-01 4.909648968109133760e-01 4.905588922405502150e-01 4.903373235451048417e-01 4.899051180754543378e-01 4.889681462571995318e-01 4.872405460816552347e-01 4.843474128156461944e-01 4.796629134898534597e-01 4.719086041654864672e-01 4.576849970683474211e-01 4.188598431882803452e-01 3.312715620376502912e-01 3.344498359694048073e-01 3.823492075102168930e-01 4.501714045311998036e-01 5.098223152405954028e-01 5.507719089350721076e-01 5.746214616658013030e-01 5.853490892983567173e-01 5.853490892983556071e-01 5.746214616658008589e-01 5.507719089350722186e-01 5.098223152405956249e-01 4.501714045311985268e-01 3.823492075102165044e-01 3.344498359694068057e-01 3.312715620376512904e-01 4.188598431882784023e-01 4.576849970683478097e-01 4.719086041654865782e-01 4.796629134898552915e-01 4.843474128156454173e-01 4.872405460816560674e-01 4.889681462571977000e-01 4.899051180754523394e-01 4.903373235451053969e-01 4.905588922405496044e-01 4.909648968109120992e-01 4.921711564999015631e-01 4.951718373421522545e-01 5.014725355087039649e-01 5.129242950561270220e-01 5.307164141265984236e-01 5.535515260228436318e-01
5.124569308242777899e-01 5.430339603132308124e-01 4.935935328766539731e-01 4.665687729742955536e-01 4.575910760568303592e-01 4.583541565167509879e-01 4.630729025139461164e-01 4.687154708141619275e-01 4.738799171783103503e-01 4.779446356542296770e-01 4.806003025135626716e-01 4.815995453950704941e-01 4.805859610615628719e-01 4.768856224816173106e-01 4.690585612289393524e-01 4.534748761568099251e-01 4.167728808480650748e-01 2.473157210335330258e-01 2.816068460824276976e-01 3.835166335794205628e-01 4.789595947816015498e-01 5.433839279778118758e-01 5.819734867426743508e-01 6.040162412864250596e-01 6.158900450278291805e-01 6.210810466854244094e-01 6.210810466854247425e-01 6.158900450278285144e-01 6.040162412864252817e-01 5.819734867426736846e-01 5.433839279778124309e-01 4.789595947816013832e-01 3.835166335794206183e-01 2.816068460824258102e-01 2.473157210335309719e-01 4.167728808480666292e-01 4.534748761568087039e-01 4.690585612289388528e-01 4.768856224816169775e-01 4.805859610615628719e-01 4.815995453950693284e-01 4.806003025135607842e-01 4.779446356542285113e-01 4.738799171783086850e-01 4.687154708141632597e-01 4.630729025139465049e-01 4.583541565167515430e-01 4.575910760568284164e-01 4.665687729742936107e-01 4.935935328766554719e-01 5.430339603132302573e-01
5.186853962364166293e-01 4.733101462896341927e-01 3.940052569384094872e-01 3.707569811905191970e-01 3.794532998137091773e-01 3.990415063899736547e-01 4.195052657133196417e-01 4.372902898731717558e-01 4.515181548036152903e-01 4.621950675100890971e-01 4.694828375026459111e-01 4.733844597423247369e-01 4.735151539594305570e-01 4.687034332710280915e-01 4.558426741071762156e-01 4.250537384136688357e-01 3.051432677013704020e-01 2.709247869446382850e-01 4.281565154055761435e-01 5.299271576570813158e-01 5.873306009827253815e-01 6.192882444087208782e-01 6.373508086568836495e-01 6.476096177469744530e-01 6.531938965114060247e-01 6.556616855084157480e-01 6.556616855084159701e-01 6.531938965114055806e-01 6.476096177469756743e-01 6.373508086568832054e-01 6.192882444087203231e-01 5.873306009827237162e-01 5.299271576570800946e-01 4.281565154055754219e-01 2.709247869446446688e-01 3.051432677013701245e-01 4.250537384136697794e-01 4.558426741071768817e-01 4.687034332710294793e-01 4.735151539594320558e-01 4.733844597423254030e-01 4.694828375026464107e-01 4.621950675100883754e-01 4.515181548036153458e-01 4.372902898731712562e-01 4.195052657133178653e-01 3.990415063899744319e-01 3.794532998137066793e-01 3.707569811905192525e-01 3.940052569384089876e-01 4.733101462896337486e-01
5.249138616485555797e-01 4.657814000759197270e-01 3.387008687206884416e-01 2.844617086642735604e-01 2.931834377661106661e-01 3.274198436443043203e-01 3.644617359597532302e-01 3.963663147291885402e-01 4.216465698281092744e-01 4.407673527164922556e-01 4.544599911984504303e-01 4.631352434528772655e-01 4.665434844619784083e-01 4.631324681455425973e-01 4.477920598556101028e-01 3.983503240817391489e-01 2.969254735867775663e-01 4.839867549876747388e-01 5.731725528399882474e-01 6.189144887584088206e-01 6.437550542548410304e-01 6.578748811040632249e-01 6.661368142021959482e-01 6.709873143485591829e-01 6.736970102163385432e-01 6.749141820813679971e-01 6.749141820813678860e-01 6.736970102163376550e-01 6.709873143485585167e-01 6.661368142021959482e-01 6.578748811040630029e-01 6.437550542548408083e-01 6.189144887584097088e-01 5.731725528399846947e-01 4.839867549876777364e-01 2.969254735867725148e-01 3.983503240817389823e-01 4.477920598556099363e-01 4.631324681455430414e-01 4.665434844619796295e-01 4.631352434528769879e-01 4.544599911984515961e-01 4.407673527164910343e-01 4.216465698281092189e-01 3.963663147291875966e-01 3.644617359597503992e-01 3.274198436443028770e-01 2.931834377661111657e-01 2.844617086642710624e-01 3.387008687206875535e-01 4.657814000759181727e-01
5.311423270606944191e-01 5.734325805630137163e-01 4.755413280121104092e-01 3.775945147283398806e-01 3.256016888427303857e-01 3.261495290037973449e-01 3.538459703726329342e-01 3.875102034998259004e-01 4.181022453849244092e-01 4.432266350056161541e-01 4.628088450330646308e-01 4.771837005534093623e-01 4.862323515359108228e-01 4.884399803200575318e-01 4.775722398646696232e-01 4.049406564718007195e-01 5.248291172055743470e-01 6.011028889039233825e-01 6.373528595763995330e-01 6.567652302028047506e-01 6.678718554613451985e-01 6.744974107552174081e-01 6.785367253133751664e-01 6.809875707527036637e-01 6.823903436376722587e-01 6.830299510260565699e-01 6.830299510260556817e-01 6.823903436376720366e-01 6.809875707527032196e-01 6.785367253133746113e-01 6.744974107552174081e-01 6.678718554613455316e-01 6.567652302028049727e-01 6.373528595764006432e-01 6.011028889039221612e-01 5.248291172055742360e-01 4.049406564718009416e-01 4.775722398646673472e-01 4.884399803200557555e-01 4.862323515359109338e-01 4.771837005534079745e-01 4.628088450330663517e-01 4.432266350056152104e-01 4.181022453849250753e-01 3.875102034998230138e-01 3.538459703726370420e-01 3.261495290037951800e-01 3.256016888427307743e-01 3.775945147283412684e-01 4.755413280121102426e-01 5.734325805630150485e-01
5.373707924728332586e-01 6.164149233871238920e-01 5.747628331542744551e-01 5.138487025489392179e-01 4.525351024902456998e-01 4.179475637971938884e-01 4.169501994389855914e-01 4.361051106863904070e-01 4.615757524175502780e-01 4.862954741961355021e-01 5.077688117868087714e-01 5.253149950089214260e-01 5.384588131007584932e-01 5.455419066214892698e-01 5.388128099789792902e-01 5.480811145537801687e-01 6.208909454157599539e-01 6.506301208357744281e-01 6.661476938273624970e-01 6.750415102827440617e-01 6.804301739295095519e-01 6.838097680000555512e-01 6.859619782094735774e-01 6.873164047405743160e-01 6.881136385090345087e-01 6.884836494485487846e-01 6.884836494485511160e-01 6.881136385090355079e-01 6.873164047405739829e-01 6.859619782094741325e-01 6.838097680000556622e-01 6.804301739295085527e-01 6.750415102827457270e-01 6.661476938273638293e-01 6.506301208357752053e-01 6.208909454157630625e-01 5.480811145537819451e-01 5.388128099789759595e-01 5.455419066214880486e-01 5.384588131007564948e-01 5.253149950089214260e-01 5.077688117868063289e-01 4.862954741961337812e-01 4.615757524175476689e-01 4.361051106863876314e-01 4.169501994389830934e-01 4.179475637971916679e-01 4.525351024902455888e-01 5.138487025489396620e-01 5.747628331542740110e-01 6.164149233871216715e-01
5.435992578849722090e-01 6.151833634274763707e-01 6.033060284951886620e-01 5.788192264708021950e-01 5.450733972147147055e-01 5.152449093010267323e-01 5.034231091215428666e-01 5.106632376575449550e-01 5.284693203354755564e-01 5.491327689764851083e-01 5.686768537857220807e-01 5.854420522576709862e-01 5.983804938425031361e-01 6.052290272889306877e-01 5.918724314437365797e-01 6.339121998706137573e-01 6.594284461663962871e-01 6.720280200386241631e-01 6.792682739202898778e-01 6.837713356385765051e-01 6.867159871365683399e-01 6.886995565477463943e-01 6.900469441924228509e-01 6.909424692246165511e-01 6.914919889340609416e-01 6.917537723240581027e-01 6.917537723240596570e-01 6.914919889340613857e-01 6.909424692246162181e-01 6.900469441924217406e-01 6.886995565477443959e-01 6.867159871365675627e-01 6.837713356385763941e-01 6.792682739202903219e-01 6.720280200386248293e-01 6.594284461663971753e-01 6.339121998706142014e-01 5.918724314437374678e-01 6.052290272889299105e-01 5.983804938425019149e-01 5.854420522576684327e-01 5.686768537857227468e-01 5.491327689764854414e-01 5.284693203354766666e-01 5.106632376575386267e-01 5.034231091215393139e-01 5.152449093010251779e-01 5.450733972147140394e-01 5.788192264708023060e-01 6.033060284951887731e-01 6.151833634274782581e-01
5.498277232971110484e-01 5.939945820929639630e-01 5.967881459304169578e-01 5.926534545185037084e-01 5.819510544458108559e-01 5.695724404174108413e-01 5.643570422166525047e-01 5.710393813019222220e-01 5.862237866021015043e-01 6.040906423531329228e-01 6.208796747362608226e-01 6.348036941723640414e-01 6.445585634847746936e-01 6.467590566072379810e-01 6.378284282660494631e-01 6.619608396219039959e-01 6.721709726358857662e-01 6.781666390249244669e-01 6.821445322059829230e-01 6.849674658787462400e-01 6.870452287013136816e-01 6.885944318913869155e-01 6.897377914122733156e-01 6.905478023704025858e-01 6.910677091177821474e-01 6.913220762560638999e-01 6.913220762560644550e-01 6.910677091177825915e-01 6.905478023704028079e-01 6.897377914122766462e-01 6.885944318913872486e-01 6.870452287013170123e-01 6.849674658787460180e-01 6.821445322059849214e-01 6.781666390249244669e-01 6.721709726358847670e-01 6.619608396219048840e-01 6.378284282660506843e-01 6.467590566072387581e-01 6.445585634847748047e-01 6.348036941723635973e-01 6.208796747362614887e-01 6.040906423531321456e-01 5.862237866021025035e-01 5.710393813019232212e-01 5.643570422166512834e-01 5.695724404174115074e-01 5.819510544458109669e-01 5.926534545185043745e-01 5.967881459304152925e-01 5.939945820929610765e-01
5.560561887092498878e-01 5.622148793583968684e-01 5.725289003209222960e-01 5.786110420059837889e-01 5.809904229541195120e-01 5.821827411122716400e-01 5.872008846607297272e-01 5.995923737456106961e-01 6.170960269102214735e-01 6.348249826163444576e-01 6.496781900050291325e-01 6.603753834933653311e-01 6.655996501145176047e-01 6.584111709486728525e-01 6.507341012748795173e-01 6.583392609674558749e-01 6.633792177669711743e-01 6.673233569439722679e-01 6.705520128275992420e-01 6.732184966770069501e-01 6.754050778328550830e-01 6.771645550185556584e-01 6.785339216099149917e-01 6.795397116313534047e-01 6.802004555846326017e-01 6.805279532797656739e-01 6.805279532797640085e-01 6.802004555846330458e-01 6.795397116313547370e-01 6.785339216099147697e-01 6.771645550185585449e-01 6.754050778328557492e-01 6.732184966770069501e-01 6.705520128276005742e-01 6.673233569439723789e-01 6.633792177669686208e-01 6.583392609674549867e-01 6.507341012748787401e-01 6.584111709486722974e-01 6.655996501145180488e-01 6.603753834933649980e-01 6.496781900050279113e-01 6.348249826163440135e-01 6.170960269102220286e-01 5.995923737456101410e-01 5.872008846607296162e-01 5.821827411122730833e-01 5.809904229541171805e-01 5.786110420059825676e-01 5.725289003209163008e-01 5.622148793583964244e-01
5.622846541213888383e-01 5.389480482762298852e-01 5.520490538495886890e-01 5.615309597415751863e-01 5.681877093976914761e-01 5.741973578047319116e-01 5.840119986629304094e-01 6.016146301164529975e-01 6.244133674323268934e-01 6.453489492000076266e-01 6.603419796858553958e-01 6.685646351536265186e-01 6.684593271854883945e-01 6.341097212410288231e-01 6.357751810745692067e-01 6.397737004154018248e-01 6.444626900239212031e-01 6.490570760469365208e-01 6.532287964437685224e-01 6.568581246045324118e-01 6.599170251479168359e-01 6.624152269075609389e-01 6.643753146409244748e-01 6.658212832464829312e-01 6.667733654916790931e-01 6.672457735500845200e-01 6.672457735500857412e-01 6.667733654916783159e-01 6.658212832464850406e-01 6.643753146409273613e-01 6.624152269075602728e-01 6.599170251479211657e-01 6.568581246045333000e-01 6.532287964437671901e-01 6.490570760469379641e-01 6.444626900239207590e-01 6.397737004153977169e-01 6.357751810745728704e-01 6.341097212410276018e-01 6.684593271854920582e-01 6.685646351536282950e-01 6.603419796858553958e-01 6.453489492000086258e-01 6.244133674323272265e-01 6.016146301164527754e-01 5.840119986629315196e-01 5.741973578047333548e-01 5.681877093976931414e-01 5.615309597415778509e-01 5.520490538495858024e-01 5.389480482762319946e-01
5.685131195335276777e-01 5.355710285158775674e-01 5.486901922334825876e-01 5.582395349189115397e-01 5.645639628937851873e-01 5.687204505225017526e-01 5.739819481948457147e-01 5.865104902361982786e-01 6.091487059561598860e-01 6.338587029200911660e-01 6.511083221384769137e-01 6.578568719367169360e-01 6.496580421645219428e-01 5.996804143109881746e-01 6.010088170601959323e-01 6.082711492912695750e-01 6.164905385393566473e-01 6.241910121142983936e-01 6.309310050749404875e-01 6.366284624974029027e-01 6.413244689664802101e-01 6.450943842578187315e-01 6.480140559085835195e-01 6.501475326641706909e-01 6.515432101215846705e-01 6.522331112757373539e-01 6.522331112757386862e-01 6.515432101215851146e-01 6.501475326641714680e-01 6.480140559085825203e-01 6.450943842578190646e-01 6.413244689664798770e-01 6.366284624974024586e-01 6.309310050749415977e-01 6.241910121143017243e-01 6.164905385393553150e-01 6.082711492912679097e-01 6.010088170601990409e-01 5.996804143109921714e-01 6.496580421645227199e-01 6.578568719367202666e-01 6.511083221384742492e-01 6.338587029200911660e-01 6.091487059561622175e-01 5.865104902362018313e-01 5.739819481948438273e-01 5.687204505225025297e-01 5.645639628937849652e-01 5.582395349189120948e-01 5.486901922334822546e-01 5.355710285158762352e-01
5.747415849456666281e-01 5.534284628002659190e-01 5.649808164181473469e-01 5.735247970916904636e-01 5.788857387079417993e-01 5.807530503642618358e-01 5.792887566257500787e-01 5.770509111242467792e-01 5.812723926589854484e-01 5.967899286324803709e-01 6.138746342144396628e-01 6.192794897748010730e-01 5.772948512018013512e-01 5.312512613840957298e-01 5.462560499522761681e-01 5.643472930933682852e-01 5.806064989266135346e-01 5.942101902438570171e-01 6.053077707957643661e-01 6.142469682231626038e-01 6.213642934933725215e-01 6.269352489252902894e-01 6.311707249164471012e-01 6.342251238254625889e-01 6.362056347540469003e-01 6.371796450878578488e-01 6.371796450878581819e-01 6.362056347540475665e-01 6.342251238254599244e-01 6.311707249164477673e-01 6.269352489252915106e-01 6.213642934933729656e-01 6.142469682231597172e-01 6.053077707957645881e-01 5.942101902438574612e-01 5.806064989266107590e-01 5.643472930933645104e-01 5.462560499522715052e-01 5.312512613840936204e-01 5.772948512017986866e-01 6.192794897747964100e-01 6.138746342144445478e-01 5.967899286324824804e-01 5.812723926589857815e-01 5.770509111242473343e-01 5.792887566257506338e-01 5.807530503642647224e-01 5.788857387079425765e-01 5.735247970916931282e-01 5.649808164181494563e-01 5.534284628002612560e-01
5.809700503578054676e-01 5.855125426013073620e-01 5.942513789666986623e-01 6.009716472522868003e-01 6.052729821136441091e-01 6.062940811283532572e-01 6.024278386272908792e-01 5.910929938892517388e-01 5.702654518045073839e-01 5.461477562644067030e-01 5.344986294188551756e-01 5.252441829250676930e-01 3.882731868442368950e-01 4.239803506439897007e-01 4.717152531837002782e-01 5.106143020081065353e-01 5.403445643460751402e-01 5.629196094697125341e-01 5.801645421997079222e-01 5.934171046724906473e-01 6.036100499236777273e-01 6.113863821105390839e-01 6.171879171431806643e-01 6.213153907400235099e-01 6.239674195762466846e-01 6.252648428254826696e-01 6.252648428254816704e-01 6.239674195762463516e-01 6.213153907400243980e-01 6.171879171431825517e-01 6.113863821105410823e-01 6.036100499236761729e-01 5.934171046724917575e-01 5.801645421997054797e-01 5.629196094697126451e-01 5.403445643460766945e-01 5.106143020081082007e-01 4.717152531836992790e-01 4.239803506439908665e-01 3.882731868442337864e-01 5.252441829250742433e-01 5.344986294188472931e-01 5.461477562644047046e-01 5.702654518045036092e-01 5.910929938892519608e-01 6.024278386272908792e-01 6.062940811283525910e-01 6.052729821136437760e-01 6.009716472522893538e-01 5.942513789666956647e-01 5.855125426013064738e-01
5.871985157699444180e-01 6.172155754404800021e-01 6.220936478177765405e-01 6.259625981128986716e-01 6.283820789465637269e-01 6.285036575695268635e-01 6.246366851425293465e-01 6.132079295271719577e-01 5.865521957423340815e-01 5.309652373251204649e-01 4.394125922199669243e-01 3.097985814860828579e-01 1.515541031659581317e-01 2.744383554644780343e-01 3.753069243859562532e-01 4.456818658772936370e-01 4.942175350586907046e-01 5.284112807274909951e-01 5.531092193744051588e-01 5.713039212112858145e-01 5.848573166139522383e-01 5.949508318543201835e-01 6.023471710824602754e-01 6.075416492229962495e-01 6.108502731730881541e-01 6.124607812470693746e-01 6.124607812470700408e-01 6.108502731730884872e-01 6.075416492229958054e-01 6.023471710824598313e-01 5.949508318543239582e-01 5.848573166139519053e-01 5.713039212112871468e-01 5.531092193744022723e-01 5.284112807274918833e-01 4.942175350586927585e-01 4.456818658772940811e-01 3.753069243859598059e-01 2.744383554644787004e-01 1.515541031659584370e-01 3.097985814860821918e-01 4.394125922199594303e-01 5.309652373251150248e-01 5.865521957423298627e-01 6.132079295271697372e-01 6.246366851425338984e-01 6.285036575695250871e-01 6.283820789465649481e-01 6.259625981128962291e-01 6.220936478177740980e-01 6.172155754404780037e-01
5.934269811820832574e-01 6.490950012478331477e-01 6.495886674038420239e-01 6.498380462771500277e-01 6.494292321126711176e-01 6.476682852199180385e-01 6.432721781885571977e-01 6.335924453012332647e-01 6.125569887988907558e-01 5.650353626731046131e-01 4.517676450216510098e-01 1.021618135682844791e-01 5.047809298247748003e-03 1.252808225374132667e-01 2.759472927845948997e-01 3.845429068967240460e-01 4.560143325945476001e-01 5.035980342227667217e-01 5.362945246798845877e-01 5.594256289660551884e-01 5.761171161768854354e-01 5.882476895479772372e-01 5.969751838759081997e-01 6.030236556562152961e-01 6.068417853416647745e-01 6.086906768140405433e-01 6.086906768140394330e-01 6.068417853416635532e-01 6.030236556562158512e-01 5.969751838759063123e-01 5.882476895479767931e-01 5.761171161768856575e-01 5.594256289660547443e-01 5.362945246798846988e-01 5.035980342227661666e-01 4.560143325945461013e-01 3.845429068967232134e-01 2.759472927845932899e-01 1.252808225374134887e-01 5.047809298247512948e-03 1.021618135682864914e-01 4.517676450216451256e-01 5.650353626731010603e-01 6.125569887988923101e-01 6.335924453012323765e-01 6.432721781885575307e-01 6.476682852199173723e-01 6.494292321126727829e-01 6.498380462771492505e-01 6.495886674038430231e-01 6.490950012478357012e-01
5.996554465942220968e-01 6.809973474556503259e-01 6.774180679330612520e-01 6.740593926567798322e-01 6.705645192734430715e-01 6.663931570310147601e-01 6.606381304367053842e-01 6.515889796327739569e-01 6.356100241589797140e-01 6.039134162729783428e-01 5.308097451472847395e-01 3.385165593180823329e-01 1.228353346143935265e-01 6.528349922880931355e-02 1.933210739605053519e-01 3.336037107834277649e-01 4.306773263783301720e-01 4.932406452652963180e-01 5.342851645419581796e-01 5.621110697568596493e-01 5.814971827093070589e-01 5.952022072143393627e-01 6.048576978522149927e-01 6.114477894311393102e-01 6.155649205014246395e-01 6.175466737650541216e-01 6.175466737650548987e-01 6.155649205014254166e-01 6.114477894311396433e-01 6.048576978522097747e-01 5.952022072143455800e-01 5.814971827093073919e-01 5.621110697568589831e-01 5.342851645419575135e-01 4.932406452652959850e-01 4.306773263783297279e-01 3.336037107834295412e-01 1.933210739605055184e-01 6.528349922880742617e-02 1.228353346143909591e-01 3.385165593180683996e-01 5.308097451472845174e-01 6.039134162729750122e-01 6.356100241589828226e-01 6.515889796327706263e-01 6.606381304367028307e-01 6.663931570310127617e-01 6.705645192734429605e-01 6.740593926567780558e-01 6.774180679330626953e-01 6.809973474556512141e-01
6.058839120063610473e-01 7.132582684387993588e-01 7.065475261290522502e-01 7.002549338136416779e-01 6.940898869695488749e-01 6.876333296819879815e-01 6.802292036371645478e-01 6.707445684654530504e-01 6.569950018786850920e-01 6.341689033957168542e-01 5.872349374800247546e-01 4.838239784018987799e-01 3.257612765974878810e-01 1.565286118609168498e-01 1.558254391999471522e-01 2.906417957310389877e-01 4.134864933390229869e-01 4.941423982930060466e-01 5.449628281602070246e-01 5.778008847685001115e-01 5.997250171722723344e-01 6.146984759083465866e-01 6.249704599259651161e-01 6.318454916044842218e-01 6.360837381600218388e-01 6.381080548151473186e-01 6.381080548151466525e-01 6.360837381600223939e-01 6.318454916044832226e-01 6.249704599259694460e-01 6.146984759083433669e-01 5.997250171722730006e-01 5.778008847685001115e-01 5.449628281602073576e-01 4.941423982930042702e-01 4.134864933390246522e-01 2.906417957310383771e-01 1.558254391999477906e-01 1.565286118609185706e-01 3.257612765974792213e-01 4.838239784018951717e-01 5.872349374800216459e-01 6.341689033957196298e-01 6.569950018786864243e-01 6.707445684654523843e-01 6.802292036371642148e-01 6.876333296819884255e-01 6.940898869695490969e-01 7.002549338136396795e-01 7.065475261290520281e-01 7.132582684387993588e-01
6.121123774184998867e-01 7.463955801376119803e-01 7.377704716177856392e-01 7.295697684563908769e-01 7.215616919188603262e-01 7.134147170380426006e-01 7.046249841427175697e-01 6.943640128842910597e-01 6.811198935999629445e-01 6.615825706126015060e-01 6.206506914212345238e-01 5.667045577673359702e-01 4.700594283397763196e-01 3.175866454614780232e-01 1.956191049488273381e-01 2.525483512930211671e-01 3.908354670906989403e-01 4.960773024430812361e-01 5.611762146150468533e-01 6.010644802503913864e-01 6.263156056171633734e-01 6.428028541485397707e-01 6.537195365595449559e-01 6.608357593859673917e-01 6.651437741173865659e-01 6.671797157130707756e-01 6.671797157130709977e-01 6.651437741173860108e-01 6.608357593859691681e-01 6.537195365595451779e-01 6.428028541485399927e-01 6.263156056171639285e-01 6.010644802503981587e-01 5.611762146150487407e-01 4.960773024430803479e-01 3.908354670906969974e-01 2.525483512930209451e-01 1.956191049488199274e-01 3.175866454614850731e-01 4.700594283397684925e-01 5.667045577673351930e-01 6.206506914212337467e-01 6.615825706126009509e-01 6.811198935999617232e-01 6.943640128842918369e-01 7.046249841427169036e-01 7.134147170380402692e-01 7.215616919188597711e-01 7.295697684563897667e-01 7.377704716177854172e-01 7.463955801376094268e-01
6.183408428306387261e-01 7.791772478976528582e-01 7.697571735184258745e-01 7.606747762782016808e-01 7.517443017294563878e-01 7.426973111293473373e-01 7.331252320351754337e-01 7.223575358187144246e-01 7.091399729052405565e-01 6.899916434890440708e-01 6.611414643395264745e-01 6.269019244216078590e-01 5.661467768365732178e-01 4.596216173229575874e-01 3.095673489328369388e-01 2.401074137147767018e-01 3.471316001951835206e-01 4.827099384011182548e-01 5.715573342718101024e-01 6.235247897536940753e-01 6.544292126409975152e-01 6.734990051809658373e-01 6.855605212782369673e-01 6.931549763468363157e-01 6.976428151353084584e-01 6.997338021274860376e-01 6.997338021274857045e-01 6.976428151353084584e-01 6.931549763468359826e-01 6.855605212782396318e-01 6.734990051809663925e-01 6.544292126409959609e-01 6.235247897536907447e-01 5.715573342718082150e-01 4.827099384011129812e-01 3.471316001951794128e-01 2.401074137147796994e-01 3.095673489328351624e-01 4.596216173229575874e-01 5.661467768365735509e-01 6.269019244216074149e-01 6.611414643395254753e-01 6.899916434890404071e-01 7.091399729052404455e-01 7.223575358187147577e-01 7.331252320351758778e-01 7.426973111293475593e-01 7.517443017294525021e-01 7.606747762782011257e-01 7.697571735184265407e-01 7.791772478976546346e-01
6.245693082427776766e-01 8.086069482455811031e-01 7.991448886835929022e-01 7.899206143905029842e-01 7.807823531159201469e-01 7.715080258075270869e-01 7.617533445240614043e-01 7.509327715800784286e-01 7.378256276290314775e-01 7.143270630350656569e-01 7.008305405048107506e-01 6.768851376372941875e-01 6.365044592277991908e-01 5.660670941973812154e-01 4.462910608161849702e-01 3.008683278218562962e-01 2.913907621496600320e-01 4.349515945832176378e-01 5.611465530148013192e-01 6.349357466303953146e-01 6.761635600510796928e-01 6.999911698867833376e-01 7.142524351183754394e-01 7.228576347880271147e-01 7.277925307574318881e-01 7.300512545552985122e-01 7.300512545552998445e-01 7.277925307574328873e-01 7.228576347880267816e-01 7.142524351183758835e-01 6.999911698867875565e-01 6.761635600510795818e-01 6.349357466303947595e-01 5.611465530147985437e-01 4.349515945832203578e-01 2.913907621496621969e-01 3.008683278218514112e-01 4.462910608161886894e-01 5.660670941973794390e-01 6.365044592277993019e-01 6.768851376372958528e-01 7.008305405048087522e-01 7.143270630350644357e-01 7.378256276290324767e-01 7.509327715800804270e-01 7.617533445240594059e-01 7.715080258075273090e-01 7.807823531159194808e-01 7.899206143905055377e-01 7.991448886835936793e-01 8.086069482455786606e-01
6.307977736549165160e-01 8.362033650683973196e-01 8.272655669050156257e-01 8.184812599629577301e-01 8.097238856113772032e-01 8.008067667304656911e-01 7.914327325515697620e-01 7.810637764190867527e-01 7.683428468688519031e-01 7.520275514856196164e-01 7.409178191723413409e-01 7.230867621520244981e-01 6.949187739719691059e-01 6.480302570276021967e-01 5.660451597509315036e-01 4.297979311531696101e-01 2.955315659211139034e-01 3.520237323963618103e-01 5.159150524426968643e-01 6.282905081282000870e-01 6.887936962265349683e-01 7.214382591971203462e-01 7.397909215773076363e-01 7.503337895517583345e-01 7.561729209581646849e-01 7.587906317535798584e-01 7.587906317535799694e-01 7.561729209581633526e-01 7.503337895517584455e-01 7.397909215773098568e-01 7.214382591971215675e-01 6.887936962265330809e-01 6.282905081282006421e-01 5.159150524426969753e-01 3.520237323963607001e-01 2.955315659211101842e-01 4.297979311531711089e-01 5.660451597509296162e-01 6.480302570276017526e-01 6.949187739719685508e-01 7.230867621520248312e-01 7.409178191723430063e-01 7.520275514856180621e-01 7.683428468688506818e-01 7.810637764190879739e-01 7.914327325515695399e-01 8.008067667304669124e-01 8.097238856113783134e-01 8.184812599629579521e-01 8.272655669050139604e-01 8.362033650683963204e-01
6.370262390670553554e-01 8.608748962690165873e-01 8.527605867754508573e-01 8.447446709484708327e-01 8.367201577092333586e-01 8.285287614172249793e-01 8.199104597569525366e-01 8.103519623548146589e-01 7.980648389549528376e-01 7.880984864774703835e-01 7.787376562192522833e-01 7.650280426264708389e-01 7.447631412804678330e-01 7.129862016140046110e-01 6.593732688356191973e-01 5.638601289296129027e-01 4.086974538539867030e-01 2.986568433075985629e-01 4.206980213915779143e-01 5.880615820086022572e-01 6.843804694222007656e-01 7.334185554428764853e-01 7.591761162844410382e-01 7.731781766627379149e-01 7.806353363942432066e-01 7.839015818011194625e-01 7.839015818011253467e-01 7.806353363942436507e-01 7.731781766627359165e-01 7.591761162844435917e-01 7.334185554428711562e-01 6.843804694222064278e-01 5.880615820085982604e-01 4.206980213915768596e-01 2.986568433075991180e-01 4.086974538539882018e-01 5.638601289296176766e-01 6.593732688356170879e-01 7.129862016140054992e-01 7.447631412804677220e-01 7.650280426264688405e-01 7.787376562192536156e-01 7.880984864774736032e-01 7.980648389549547250e-01 8.103519623548166573e-01 8.199104597569522035e-01 8.285287614172263115e-01 8.367201577092343578e-01 8.447446709484707217e-01 8.527605867754499691e-01 8.608748962690158102e-01
6.432547044791943058e-01 8.822594561388107381e-01 8.750741216914879050e-01 8.679582984634365284e-01 8.608207638157098218e-01 8.535264842697493082e-01 8.458450089091629209e-01 8.372643156559506084e-01 8.249997295800842734e-01 8.205114327424722909e-01 8.126245585694593654e-01 8.019232334347028424e-01 7.870467343419408346e-01 7.650901590572269928e-01 7.300792035673953073e-01 6.693185973922025633e-01 5.578718893362126785e-01 3.831439855795768512e-01 3.175795078065857258e-01 4.943296461647214701e-01 6.509244861976174468e-01 7.307552522092398695e-01 7.699148732150681296e-01 7.899078599187561167e-01 8.000870815980712925e-01 8.044287226679255332e-01 8.044287226679298630e-01 8.000870815980660744e-01 7.899078599187554506e-01 7.699148732150686847e-01 7.307552522092432001e-01 6.509244861976171137e-01 4.943296461647229689e-01 3.175795078065802302e-01 3.831439855795766847e-01 5.578718893362136777e-01 6.693185973922031184e-01 7.300792035673926428e-01 7.650901590572275479e-01 7.870467343419403905e-01 8.019232334347040636e-01 8.126245585694601425e-01 8.205114327424746223e-01 8.249997295800830521e-01 8.372643156559503863e-01 8.458450089091620328e-01 8.535264842697490861e-01 8.608207638157111541e-01 8.679582984634361953e-01 8.750741216914901255e-01 8.822594561388105161e-01
6.494831698913332563e-01 9.002735151409957393e-01 8.940003722994724900e-01 8.877861225780000476e-01 8.815521220597350993e-01 8.751818743273342971e-01 8.684666543113133130e-01 8.608563902657117017e-01 8.531822384415963523e-01 8.483239174525660786e-01 8.417087892568364538e-01 8.332663208678166011e-01 8.221463743582148043e-01 8.066317844465982212e-01 7.833224222556801619e-01 7.450868008677752341e-01 6.761773849797331204e-01 5.453816483757206734e-01 3.541511974733370649e-01 3.570701992515539769e-01 5.666492208935842712e-01 7.033736356738393702e-01 7.677638060712711487e-01 7.984187360170651448e-01 8.132143075326760950e-01 8.193282612957546451e-01 8.193282612957542010e-01 8.132143075326765391e-01 7.984187360170591496e-01 7.677638060712771439e-01 7.033736356738407025e-01 5.666492208935863806e-01 3.570701992515636358e-01 3.541511974733320134e-01 5.453816483757190081e-01 6.761773849797311220e-01 7.450868008677753451e-01 7.833224222556783856e-01 8.066317844465979991e-01 8.221463743582142492e-01 8.332663208678154909e-01 8.417087892568362317e-01 8.483239174525648574e-01 8.531822384415942429e-01 8.608563902657113687e-01 8.684666543113138681e-01 8.751818743273356294e-01 8.815521220597364316e-01 8.877861225779990484e-01 8.940003722994706026e-01 9.002735151409964054e-01
6.557116353034720957e-01 9.152501152618534030e-01 9.098111548428367001e-01 9.044310906695376406e-01 8.990411749087394711e-01 8.935392105649664352e-01 8.877297566569002374e-01 8.809308959810482342e-01 8.761076095110729156e-01 8.716313205077944604e-01 8.661044999160273372e-01 8.593862641812789471e-01 8.509376622061833872e-01 8.397268849862203899e-01 8.237999361083560013e-01 7.992299843429401252e-01 7.574727999157679914e-01 6.787981426950473463e-01 5.243823279343363675e-01 3.279372955863246730e-01 4.173128147197419646e-01 6.322130254120064130e-01 7.453214628797851793e-01 7.958650994466036632e-01 8.187482204915419448e-01 8.278392911983648572e-01 8.278392911983710745e-01 8.187482204915523809e-01 7.958650994466018869e-01 7.453214628797710795e-01 6.322130254120058579e-01 4.173128147197454618e-01 3.279372955863302797e-01 5.243823279343454713e-01 6.787981426950457919e-01 7.574727999157658820e-01 7.992299843429394590e-01 8.237999361083530037e-01 8.397268849862203899e-01 8.509376622061836093e-01 8.593862641812796133e-01 8.661044999160287805e-01 8.716313205077933501e-01 8.761076095110733597e-01 8.809308959810484563e-01 8.877297566569007925e-01 8.935392105649663241e-01 8.990411749087388049e-01 9.044310906695378627e-01 9.098111548428368112e-01 9.152501152618540692e-01
6.619401007156109351e-01 9.266272393575651911e-01 9.218373470399674474e-01 9.171113622947654198e-01 9.123876191402885416e-01 9.075734117250002786e-01 9.024740603186544030e-01 8.958847170192809628e-01 8.933325878240594431e-01 8.893232817665946977e-01 8.846538669190473492e-01 8.791980559421702646e-01 8.726077059018072513e-01 8.642475278644072834e-01 8.529664760136494994e-01 8.365634856463863844e-01 8.104822996726616102e-01 7.643847950759690146e-01 6.733124901719160782e-01 4.907064545883681461e-01 3.150817087713697062e-01 4.904768481527539969e-01 6.866762476424083106e-01 7.760015785350445894e-01 8.137145662596606543e-01 8.279667196824028741e-01 8.279667196824054276e-01 8.137145662596625417e-01 7.760015785350447004e-01 6.866762476424064232e-01 4.904768481527533308e-01 3.150817087713619347e-01 4.907064545883714213e-01 6.733124901719168554e-01 7.643847950759706800e-01 8.104822996726602780e-01 8.365634856463861624e-01 8.529664760136492774e-01 8.642475278644078385e-01 8.726077059018069182e-01 8.791980559421717079e-01 8.846538669190463500e-01 8.893232817665949197e-01 8.933325878240585549e-01 8.958847170192812959e-01 9.024740603186540699e-01 9.075734117249993904e-01 9.123876191402883196e-01 9.171113622947655308e-01 9.218373470399666703e-01 9.266272393575639699e-01
6.681685661277498856e-01 9.346374252765041746e-01 9.302902739617929795e-01 9.260140082699819253e-01 9.217511931624530197e-01 9.174134185327423863e-01 9.127870497787838877e-01 9.083253163557238885e-01 9.053092013001867722e-01 9.016891862105390620e-01 8.976389652002298991e-01 8.930594703711511873e-01 8.877193563922304298e-01 8.812136487061285051e-01 8.728381197367810485e-01 8.613099310728827840e-01 8.441196846891401151e-01 8.158941407767051901e-01 7.639020372654587998e-01 6.562427797994435652e-01 4.424208120257114851e-01 3.289371082311901007e-01 5.628046793394138048e-01 7.262375825494794546e-01 7.931113114570850220e-01 8.169476340194335995e-01 8.169476340194341546e-01 7.931113114570813583e-01 7.262375825494714610e-01 5.628046793394221314e-01 3.289371082311938199e-01 4.424208120257050458e-01 6.562427797994410117e-01 7.639020372654592439e-01 8.158941407767031917e-01 8.441196846891402261e-01 8.613099310728821179e-01 8.728381197367816036e-01 8.812136487061281720e-01 8.877193563922294306e-01 8.930594703711505211e-01 8.976389652002298991e-01 9.016891862105385069e-01 9.053092013001874383e-01 9.083253163557262200e-01 9.127870497787839987e-01 9.174134185327422752e-01 9.217511931624531307e-01 9.260140082699823694e-01 9.302902739617949779e-01 9.346374252765048407e-01
6.743970315398887250e-01 9.413675243943046000e-01 9.374042737013970061e-01 9.335196706411256207e-01 9.296588427495832141e-01 9.257341148297100197e-01 9.214806900315982707e-01 9.182186799035870761e-01 9.152913476677843052e-01 9.120287836246904201e-01 9.084841613006484629e-01 9.045813547189294201e-01 9.001622337190904322e-01 8.949603605284909280e-01 8.885293541758692015e-01 8.800911126296366849e-01 8.682024533444723247e-01 8.499607639885053967e-01 8.189153581809777149e-01 7.590815904902571409e-01 6.294475333343079182e-01 3.885852184060532011e-01 3.769919572073002767e-01 6.225687372667201291e-01 7.478792140002653577e-01 7.907863323964211544e-01 7.907863323964219315e-01 7.478792140002642475e-01 6.225687372667191299e-01 3.769919572073062164e-01 3.885852184060497039e-01 6.294475333343059198e-01 7.590815904902524780e-01 8.189153581809769378e-01 8.499607639885046195e-01 8.682024533444736569e-01 8.800911126296366849e-01 8.885293541758682023e-01 8.949603605284924823e-01 9.001622337190889889e-01 9.045813547189298642e-01 9.084841613006492400e-01 9.120287836246893098e-01 9.152913476677850824e-01 9.182186799035861879e-01 9.214806900315992699e-01 9.257341148297105748e-01 9.296588427495835472e-01 9.335196706411250656e-01 9.374042737013965620e-01 9.413675243943042670e-01
6.806254969520275644e-01 9.470268101246572812e-01 9.433922475358720305e-01 9.398442856747858398e-01 9.363291382837958254e-01 9.327557804908139794e-01 9.286773898966024232e-01 9.263710827355143840e-01 9.236205240166990293e-01 9.206741344696947049e-01 9.175435190650854667e-01 9.141699532753831958e-01 9.104420693876325021e-01 9.061787456889172088e-01 9.010865968133253689e-01 8.946739352370133291e-01 8.860713575147618482e-01 8.736292794971339815e-01 8.539264106815406263e-01 8.190540852169522212e-01 7.485524155789646805e-01 5.904635249652759876e-01 3.443980410706494188e-01 4.443258101756135114e-01 6.570379344239913877e-01 7.383774878266058384e-01 7.383774878266055053e-01 6.570379344239904995e-01 4.443258101756075718e-01 3.443980410706500850e-01 5.904635249652786522e-01 7.485524155789641254e-01 8.190540852169733155e-01 8.539264106815405153e-01 8.736292794971338704e-01 8.860713575147628474e-01 8.946739352370139953e-01 9.010865968133257020e-01 9.061787456889170977e-01 9.104420693876338344e-01 9.141699532753833068e-01 9.175435190650846895e-01 9.206741344696937057e-01 9.236205240166979191e-01 9.263710827355140509e-01 9.286773898966027563e-01 9.327557804908146455e-01 9.363291382837951593e-01 9.398442856747852847e-01 9.433922475358723636e-01 9.470268101246578363e-01
6.868539623641665148e-01 9.517045151704341954e-01 9.483446400056422254e-01 9.450796150621123548e-01 9.418552216729898507e-01 9.385712008447972821e-01 9.353164791081799434e-01 9.330289209915976212e-01 9.304668478378095298e-01 9.277908700935223463e-01 9.249962543830662076e-01 9.220367433036957827e-01 9.188310767952114766e-01 9.152514438826752086e-01 9.110970797333836080e-01 9.060430978390870971e-01 8.995388083358829556e-01 8.905922458572542721e-01 8.772734536471697986e-01 8.554478222242455354e-01 8.151741081072302331e-01 7.298680113417763682e-01 5.381378544999027014e-01 3.322540327105476532e-01 4.980903776498568081e-01 6.403798353665399734e-01 6.403798353665397514e-01 4.980903776498633029e-01 3.322540327105468205e-01 5.381378544999011471e-01 7.298680113417775894e-01 8.151741081072331196e-01 8.554478222242462016e-01 8.772734536471713529e-01 8.905922458572540501e-01 8.995388083358809572e-01 9.060430978390879853e-01 9.110970797333820537e-01 9.152514438826742094e-01 9.188310767952104774e-01 9.220367433036948945e-01 9.249962543830658745e-01 9.277908700935229014e-01 9.304668478378097518e-01 9.330289209915956228e-01 9.353164791081788332e-01 9.385712008447976151e-01 9.418552216729894067e-01 9.450796150621121328e-01 9.483446400056417813e-01 9.517045151704351946e-01
6.930824277763053543e-01 9.555851896920846134e-01 9.524529149837099862e-01 9.494239245993305598e-01 9.464420150593746417e-01 9.433872638105955666e-01 9.407587921507448714e-01 9.384955425158270081e-01 9.361111983125958158e-01 9.336643625678309188e-01 9.311435700757603184e-01 9.285113210748054957e-01 9.257059973964243405e-01 9.226337096631648249e-01 9.191510539029762450e-01 9.150330545541796035e-01 9.099122373044088441e-01 9.031561265038317021e-01 8.936019842989419981e-01 8.789282113296019716e-01 8.540002082973934261e-01 8.060485110681451237e-01 7.008641807152120595e-01 4.816777450495462465e-01 3.613483866912428066e-01 4.930175681617088856e-01 4.930175681617488537e-01 3.613483866912245990e-01 4.816777450495628998e-01 7.008641807152112824e-01 8.060485110681473442e-01 8.540002082973955355e-01 8.789282113296026377e-01 8.936019842989404438e-01 9.031561265038319242e-01 9.099122373044091772e-01 9.150330545541800475e-01 9.191510539029754678e-01 9.226337096631663792e-01 9.257059973964241184e-01 9.285113210748060508e-01 9.311435700757603184e-01 9.336643625678316960e-01 9.361111983125953717e-01 9.384955425158261200e-01 9.407587921507447604e-01 9.433872638105956776e-01 9.464420150593748637e-01 9.494239245993298937e-01 9.524529149837093200e-01 9.555851896920849464e-01
6.993108931884441937e-01 9.587868927401445029e-01 9.558399606549751182e-01 9.530050634735584003e-01 9.502221663699376153e-01 9.473242328133339996e-01 9.451400856734940570e-01 9.429640109132764181e-01 9.407377458001799919e-01 9.384825866426015351e-01 9.361841714546688120e-01 9.338109557833484953e-01 9.313140954306863284e-01 9.286213507966051273e-01 9.256251171201499428e-01 9.221610326382898570e-01 9.179689445598246955e-01 9.126180883909132957e-01 9.053541452412494639e-01 8.947612065221566269e-01 8.779424833336667566e-01 8.483249285522805883e-01 7.893713363740501032e-01 6.608982076522852411e-01 4.524494004603835662e-01 4.062650846143194272e-01 4.062650846143165961e-01 4.524494004603788477e-01 6.608982076522821325e-01 7.893713363740485489e-01 8.483249285522805883e-01 8.779424833336672007e-01 8.947612065221584032e-01 9.053541452412494639e-01 9.126180883909117414e-01 9.179689445598253617e-01 9.221610326382906342e-01 9.256251171201487216e-01 9.286213507966049052e-01 9.313140954306855512e-01 9.338109557833488283e-01 9.361841714546705884e-01 9.384825866426013130e-01 9.407377458001794368e-01 9.429640109132756409e-01 9.451400856734933908e-01 9.473242328133346657e-01 9.502221663699378373e-01 9.530050634735588444e-01 9.558399606549746741e-01 9.587868927401448360e-01
7.055393586005831441e-01 9.612244238410700969e-01 9.584126278638568364e-01 9.557227744987236706e-01 9.530881612961032978e-01 9.503558323484052606e-01 9.484282449050455144e-01 9.463391941920916706e-01 9.442395660323487094e-01 9.421335978870936101e-01 9.400053990274411797e-01 9.378270999130743357e-01 9.355577463838485874e-01 9.331383768695072911e-01 9.304829987008287340e-01 9.274630187131932546e-01 9.238797966494446401e-01 9.194141188059685721e-01 9.135279300063532393e-01 9.052602933811423336e-01 8.927703086957239353e-01 8.722250903761831209e-01 8.349147648436778812e-01 7.605030946438262607e-01 6.209443267777116082e-01 5.043262509083836775e-01 5.043262509083755729e-01 6.209443267777116082e-01 7.605030946438273709e-01 8.349147648436794356e-01 8.722250903761824548e-01 8.927703086957236023e-01 9.052602933811427777e-01 9.135279300063545715e-01 9.194141188059676839e-01 9.238797966494451952e-01 9.274630187131932546e-01 9.304829987008289560e-01 9.331383768695072911e-01 9.355577463838472552e-01 9.378270999130745578e-01 9.400053990274401805e-01 9.421335978870934991e-01 9.442395660323475992e-01 9.463391941920911155e-01 9.484282449050458474e-01 9.503558323484049275e-01 9.530881612961024096e-01 9.557227744987240037e-01 9.584126278638567253e-01 9.612244238410699859e-01
7.117678240127219835e-01 9.627498230151765313e-01 9.600044443078726841e-01 9.573928603139219007e-01 9.548367332014665587e-01 9.524387114581871483e-01 9.504368895203251233e-01 9.484029263842382873e-01 9.463828720428587582e-01 9.443721172354855309e-01 9.423536194732771154e-01 9.403013739537060545e-01 9.381787422761732609e-01 9.359340817815624547e-01 9.334931677310797093e-01 9.307464384525282464e-01 9.275269888200139423e-01 9.235710420623667316e-01 9.184434137314996249e-01 9.113889276816774521e-01 9.010175299095327661e-01 8.845956832921443302e-01 8.564051410037126777e-01 8.045354922640771678e-01 7.145332079585352547e-01 6.428185135915513992e-01 6.428185135915508441e-01 7.145332079585356988e-01 8.045354922640742812e-01 8.564051410037109013e-01 8.845956832921445523e-01 9.010175299095334323e-01 9.113889276816767859e-01 9.184434137314960722e-01 9.235710420623660655e-01 9.275269888200130541e-01 9.307464384525289125e-01 9.334931677310790432e-01 9.359340817815625657e-01 9.381787422761748152e-01 9.403013739537052773e-01 9.423536194732767823e-01 9.443721172354855309e-01 9.463828720428594243e-01 9.484029263842385093e-01 9.504368895203246792e-01 9.524387114581870373e-01 9.548367332014670028e-01 9.573928603139223448e-01 9.600044443078731282e-01 9.627498230151763092e-01
7.179962894248609340e-01 9.635891563814731331e-01 9.608637558001341672e-01 9.582869492782147836e-01 9.557593941774824575e-01 9.535386212109027149e-01 9.515177219408170739e-01 9.495147717471427162e-01 9.475428732309871815e-01 9.455915741230226379e-01 9.436422121173256850e-01 9.416688816294057629e-01 9.396362606934511863e-01 9.374952689370462666e-01 9.351758121230951959e-01 9.325746585351024631e-01 9.295345097285971914e-01 9.258062574614368545e-01 9.209773366105785675e-01 9.143274351577402870e-01 9.045177638478824056e-01 8.888724027442735931e-01 8.616217790512972208e-01 8.099425536866408093e-01 7.157199907808902140e-01 6.915938074809513392e-01 6.915938074809515612e-01 7.157199907808914352e-01 8.099425536866402542e-01 8.616217790512984420e-01 8.888724027442733711e-01 9.045177638478817395e-01 9.143274351577428405e-01 9.209773366105804548e-01 9.258062574614365214e-01 9.295345097285968583e-01 9.325746585351025741e-01 9.351758121230943077e-01 9.374952689370454895e-01 9.396362606934521855e-01 9.416688816294047637e-01 9.436422121173252409e-01 9.455915741230225269e-01 9.475428732309869595e-01 9.495147717471424942e-01 9.515177219408169629e-01 9.535386212109026038e-01 9.557593941774815693e-01 9.582869492782134513e-01 9.608637558001335011e-01 9.635891563814735772e-01
7.242247548369997734e-01 9.636439480624127141e-01 9.608824346176578768e-01 9.582886103022412172e-01 9.557137533982529298e-01 9.535985454973052722e-01 9.515458505579170723e-01 9.495405997594784653e-01 9.475795789070882158e-01 9.456474819931578457e-01 9.437231174916917986e-01 9.417788029991993604e-01 9.397775744484988536e-01 9.376683254654741839e-01 9.353777782059184975e-01 9.327968662974115421e-01 9.297565866906210008e-01 9.259827808032004004e-01 9.210057541047985685e-01 9.139646030990797865e-01 9.031386070573061975e-01 8.846669035647110046e-01 8.483682116075644819e-01 7.603862862515309295e-01 4.830325329135083945e-01 5.615942020572308735e-01 5.615942020572266546e-01 4.830325329135086165e-01 7.603862862515329279e-01 8.483682116075661472e-01 8.846669035647102275e-01 9.031386070573057534e-01 9.139646030990793424e-01 9.210057541047982355e-01 9.259827808032008445e-01 9.297565866906217780e-01 9.327968662974108760e-01 9.353777782059187196e-01 9.376683254654739619e-01 9.397775744484986316e-01 9.417788029991979171e-01 9.437231174916906884e-01 9.456474819931589559e-01 9.475795789070893260e-01 9.495405997594785763e-01 9.515458505579172943e-01 9.535985454973049391e-01 9.557137533982535960e-01 9.582886103022414392e-01 9.608824346176595421e-01 9.636439480624134912e-01
7.304532202491387238e-01 9.626262173762113461e-01 9.597492192054474236e-01 9.570659201962572471e-01 9.544379085157935760e-01 9.522717722329301360e-01 9.501447269897440595e-01 9.480874242787753481e-01 9.460858037111867791e-01 9.441193350992544975e-01 9.421627184823269108e-01 9.401840122467071126e-01 9.381409060720748982e-01 9.359745879788469169e-01 9.335994828359093223e-01 9.308852506358489265e-01 9.276233225245207326e-01 9.234602702895360338e-01 9.177534824063181551e-01 9.092231253891043252e-01 8.949840918065714579e-01 8.672598743911059671e-01 7.984349538538432212e-01 5.411936496662342888e-01 1.755947595099152381e-01 7.954814839013716332e-01 7.954814839013705230e-01 1.755947595099273395e-01 5.411936496662401730e-01 7.984349538538456637e-01 8.672598743911060781e-01 8.949840918065710138e-01 9.092231253891045473e-01 9.177534824063179331e-01 9.234602702895368109e-01 9.276233225245203995e-01 9.308852506358489265e-01 9.335994828359089892e-01 9.359745879788470280e-01 9.381409060720752313e-01 9.401840122467084448e-01 9.421627184823266887e-01 9.441193350992548305e-01 9.460858037111867791e-01 9.480874242787756812e-01 9.501447269897430603e-01 9.522717722329305801e-01 9.544379085157942422e-01 9.570659201962562479e-01 9.597492192054469795e-01 9.626262173762117902e-01
7.366816856612775632e-01 9.601487240358967945e-01 9.570429964096988096e-01 9.541670895887369719e-01 9.514382756112654826e-01 9.490658192972586393e-01 9.467946047793860398e-01 9.446142242873206696e-01 9.425008976773389113e-01 9.404273006681996838e-01 9.383614888720976932e-01 9.362636509005367591e-01 9.340808299639227208e-01 9.317383012530614517e-01 9.291247069807272441e-01 9.260647836854964954e-01 9.222657019633174746e-01 9.172023612649150559e-01 9.098454730496202680e-01 8.979238730940787283e-01 8.755186227221896100e-01 8.228492846017657625e-01 6.438381208451567916e-01 4.939859573379461882e-02 6.568121448667161300e-01 8.407975777700090747e-01 8.407975777700107400e-01 6.568121448667252338e-01 4.939859573379247470e-02 6.438381208451533499e-01 8.228492846017638751e-01 8.755186227221899431e-01 8.979238730940792834e-01 9.098454730496208231e-01 9.172023612649152779e-01 9.222657019633182518e-01 9.260647836854967174e-01 9.291247069807270220e-01 9.317383012530612296e-01 9.340808299639223877e-01 9.362636509005356489e-01 9.383614888720976932e-01 9.404273006681996838e-01 9.425008976773383562e-01 9.446142242873203365e-01 9.467946047793864839e-01 9.490658192972587504e-01 9.514382756112647055e-01 9.541670895887376380e-01 9.570429964096991426e-01 9.601487240358960173e-01
7.429101510734164027e-01 9.557026548356758466e-01 9.522067970154329819e-01 9.489891955310224558e-01 9.459803783166074176e-01 9.433156618693346873e-01 9.407984242948418396e-01 9.383958950561698265e-01 9.360731261479551257e-01 9.337930551602571239e-01 9.315131379171026627e-01 9.291802224238053798e-01 9.267226238011235795e-01 9.240369230706249049e-01 9.209643239470426401e-01 9.172451314676050016e-01 9.124237883676389327e-01 9.056307302455691710e-01 8.950161002923767706e-01 8.760206666892264016e-01 8.347676417203893084e-01 7.137525679612704010e-01 2.421035017916444987e-01 4.151352053973277889e-01 7.808800285463449731e-01 8.524874911625338614e-01 8.524874911625327512e-01 7.808800285463454172e-01 4.151352053973397238e-01 2.421035017916479681e-01 7.137525679612563012e-01 8.347676417203896415e-01 8.760206666892264016e-01 8.950161002923784359e-01 9.056307302455698371e-01 9.124237883676390437e-01 9.172451314676047796e-01 9.209643239470430842e-01 9.240369230706256820e-01 9.267226238011233574e-01 9.291802224238057129e-01 9.315131379171021075e-01 9.337930551602577900e-01 9.360731261479564580e-01 9.383958950561701595e-01 9.407984242948409515e-01 9.433156618693346873e-01 9.459803783166077507e-01 9.489891955310227889e-01 9.522067970154335370e-01 9.557026548356754025e-01
7.491386164855553531e-01 9.493213659532040438e-01 9.452547787493751352e-01 9.415108782748281557e-01 9.380750537856773486e-01 9.350078042026661596e-01 9.321358755446628175e-01 9.294071091677414964e-01 9.267726467953589786e-01 9.241819276715076414e-01 9.215769149660031356e-01 9.188842651960947849e-01 9.160031626495244161e-01 9.127844405940425121e-01 9.089917122651065551e-01 9.042230289461510306e-01 8.977382581405515261e-01 8.880350395119571694e-01 8.716510400764366784e-01 8.390896433315174763e-01 7.571032085979614301e-01 4.781822071553655795e-01 1.444644545255823476e-01 6.562968602806732443e-01 8.128951740397057923e-01 8.516259453018916181e-01 8.516259453018926173e-01 8.128951740397072356e-01 6.562968602806691365e-01 1.444644545255808488e-01 4.781822071553803455e-01 7.571032085979619852e-01 8.390896433315190306e-01 8.716510400764371225e-01 8.880350395119575024e-01 8.977382581405520812e-01 9.042230289461520298e-01 9.089917122651082204e-01 9.127844405940419570e-01 9.160031626495243051e-01 9.188842651960957841e-01 9.215769149660041348e-01 9.241819276715070863e-01 9.267726467953600888e-01 9.294071091677412744e-01 9.321358755446630395e-01 9.350078042026661596e-01 9.380750537856770155e-01 9.415108782748279337e-01 9.452547787493744691e-01 9.493213659532040438e-01
7.553670818976941925e-01 9.437533601268052186e-01 9.391100422476480469e-01 9.347598725664754138e-01 9.309801939636509482e-01 9.275331810764131379e-01 9.243248969332489295e-01 9.212865784323319707e-01 9.183555117674976342e-01 9.154670116866794327e-01 9.125462848164147545e-01 9.094974531541116791e-01 9.061861195563973848e-01 9.024085393547423006e-01 8.978322222243162454e-01 8.918713474182191625e-01 8.833988795358632684e-01 8.699969647105562087e-01 8.456809984406129521e-01 7.924707593356323798e-01 6.421238765799827108e-01 2.179767021664930082e-01 4.243703001766671590e-01 7.367396407363212552e-01 8.239014681732033107e-01 8.491466300999136463e-01 8.491466300999137573e-01 8.239014681732036438e-01 7.367396407363203670e-01 4.243703001766676586e-01 2.179767021664883730e-01 6.421238765799773818e-01 7.924707593356332680e-01 8.456809984406133962e-01 8.699969647105566528e-01 8.833988795358655999e-01 8.918713474182191625e-01 8.978322222243171336e-01 9.024085393547421896e-01 9.061861195563967186e-01 9.094974531541120122e-01 9.125462848164155316e-01 9.154670116866798768e-01 9.183555117674974122e-01 9.212865784323318596e-01 9.243248969332493736e-01 9.275331810764128049e-01 9.309801939636506152e-01 9.347598725664759689e-01 9.391100422476480469e-01 9.437533601268047745e-01
7.615955473098330319e-01 9.450594865164914093e-01 9.402979735015415397e-01 9.358762728302260081e-01 9.320561992928658723e-01 9.285838451602899113e-01 9.253625245749969030e-01 9.223179281007504171e-01 9.193822331873993114e-01 9.164851584421392916e-01 9.135445720763351041e-01 9.104534804712083318e-01 9.070587694801635070e-01 9.031224556494610312e-01 8.982444417587135410e-01 8.916938635308209182e-01 8.819996460014859485e-01 8.658151215617537755e-01 8.341757626538565118e-01 7.571608239720915012e-01 5.139806360818788278e-01 1.621610872573041595e-01 6.052475755617275910e-01 7.888338262735178352e-01 8.426900550357766528e-01 8.596034683191129400e-01 8.596034683191126069e-01 8.426900550357758757e-01 7.888338262735165030e-01 6.052475755617298114e-01 1.621610872573084061e-01 5.139806360818703901e-01 7.571608239720931666e-01 8.341757626538576220e-01 8.658151215617553298e-01 8.819996460014869477e-01 8.916938635308218064e-01 8.982444417587127639e-01 9.031224556494604760e-01 9.070587694801642842e-01 9.104534804712089979e-01 9.135445720763351041e-01 9.164851584421399577e-01 9.193822331873989784e-01 9.223179281007497510e-01 9.253625245749967920e-01 9.285838451602909105e-01 9.320561992928654282e-01 9.358762728302265632e-01 9.402979735015419838e-01 9.450594865164914093e-01
7.678240127219719824e-01 9.542827756111246229e-01 9.500402632122120217e-01 9.461642833434417144e-01 9.428178687464426888e-01 9.397765496130585650e-01 9.369576252239285585e-01 9.342947641570097383e-01 9.317268914247190947e-01 9.291900113251585491e-01 9.266080044729986254e-01 9.238793061136689744e-01 9.208542732977581524e-01 9.172922396110241294e-01 9.127719148735312649e-01 9.064846125593758464e-01 8.966952129594483178e-01 8.790957489575700334e-01 8.405691065262762551e-01 7.278274596238959449e-01 3.022618170653784686e-01 3.695333175774102585e-01 7.512902081509050811e-01 8.461253860586710474e-01 8.758484976810375633e-01 8.857519987004509598e-01 8.857519987004514039e-01 8.758484976810383404e-01 8.461253860586709363e-01 7.512902081509079677e-01 3.695333175774162537e-01 3.022618170653734171e-01 7.278274596238973881e-01 8.405691065262771433e-01 8.790957489575713657e-01 8.966952129594475407e-01 9.064846125593748472e-01 9.127719148735321530e-01 9.172922396110266829e-01 9.208542732977591516e-01 9.238793061136687523e-01 9.266080044729986254e-01 9.291900113251592153e-01 9.317268914247203160e-01 9.342947641570107375e-01 9.369576252239297798e-01 9.397765496130577878e-01 9.428178687464432439e-01 9.461642833434409372e-01 9.500402632122125768e-01 9.542827756111246229e-01
7.740524781341108218e-01 9.646433795381744725e-01 9.610903267901304003e-01 9.579332542399703332e-01 9.551826901022787419e-01 9.526812555986431397e-01 9.503623487709211837e-01 9.481713048232734975e-01 9.460572966150099239e-01 9.439661949855632228e-01 9.418319534751642408e-01 9.395634580190580509e-01 9.370210583524533066e-01 9.339696839249298499e-01 9.299750286406022193e-01 9.241455555495318164e-01 9.143905726071299700e-01 8.948160835215361875e-01 8.435120908947730811e-01 6.369168246948090362e-01 5.682764497832938633e-02 6.905493036456339384e-01 8.516046084298906083e-01 8.927291024111093654e-01 9.072311901413795399e-01 9.123886888155232633e-01 9.123886888155231523e-01 9.072311901413800950e-01 8.927291024111098094e-01 8.516046084298911634e-01 6.905493036456337164e-01 5.682764497832514666e-02 6.369168246948205825e-01 8.435120908947737473e-01 8.948160835215379638e-01 9.143905726071291928e-01 9.241455555495320384e-01 9.299750286406025523e-01 9.339696839249297389e-01 9.370210583524535286e-01 9.395634580190590501e-01 9.418319534751645739e-01 9.439661949855643330e-01 9.460572966150088137e-01 9.481713048232733865e-01 9.503623487709204065e-01 9.526812555986421405e-01 9.551826901022794081e-01 9.579332542399701111e-01 9.610903267901304003e-01 9.646433795381740284e-01
7.802809435462496612e-01 9.723510857642757577e-01 9.693147682148581801e-01 9.667454993608211034e-01 9.644550607315026669e-01 9.623721396849167498e-01 9.604412180418597789e-01 9.586164371072876111e-01 9.568548036300402737e-01 9.551096424274705399e-01 9.533222132835780238e-01 9.514081841096366787e-01 9.492321316464197301e-01 9.465534967640983899e-01 9.428982115972578404e-01 9.372096967090309816e-01 9.267136566880687099e-01 9.021307915815247602e-01 8.172555579580905727e-01 2.887989145697397730e-01 5.399807996869593341e-01 8.467234029086123659e-01 9.036309777691355904e-01 9.215697613694265877e-01 9.286993952581599210e-01 9.313912622128301955e-01 9.313912622128291963e-01 9.286993952581599210e-01 9.215697613694266987e-01 9.036309777691364786e-01 8.467234029086135871e-01 5.399807996869661064e-01 2.887989145697224536e-01 8.172555579580900176e-01 9.021307915815240941e-01 9.267136566880680437e-01 9.372096967090302044e-01 9.428982115972579514e-01 9.465534967641002773e-01 9.492321316464205072e-01 9.514081841096360126e-01 9.533222132835789120e-01 9.551096424274710950e-01 9.568548036300396076e-01 9.586164371072876111e-01 9.604412180418588907e-01 9.623721396849168608e-01 9.644550607315026669e-01 9.667454993608207703e-01 9.693147682148586242e-01 9.723510857642756466e-01
7.865094089583886117e-01 9.774814357119852026e-01 9.748433258260662537e-01 9.726132646906970880e-01 9.706296360329647044e-01 9.688278352502499580e-01 9.671585827789159762e-01 9.655812782121706572e-01 9.640575567664476653e-01 9.625448371288473082e-01 9.609876102591906610e-01 9.593025597963251716e-01 9.573488254833448785e-01 9.548607380978567649e-01 9.512747885680774562e-01 9.452068359095708860e-01 9.324732024432325073e-01 8.954547785412497740e-01 6.986253588150919125e-01 1.508000558791429135e-01 8.169550689548410460e-01 9.067034971100276231e-01 9.297106813176901907e-01 9.383907033573466450e-01 9.421806205019374048e-01 9.436804071226643220e-01 9.436804071226648771e-01 9.421806205019369607e-01 9.383907033573483103e-01 9.297106813176899687e-01 9.067034971100287333e-01 8.169550689548424893e-01 1.508000558791285639e-01 6.986253588150990179e-01 8.954547785412508842e-01 9.324732024432322852e-01 9.452068359095709971e-01 9.512747885680780113e-01 9.548607380978569870e-01 9.573488254833429911e-01 9.593025597963256157e-01 9.609876102591909941e-01 9.625448371288473082e-01 9.640575567664476653e-01 9.655812782121709903e-01 9.671585827789160872e-01 9.688278352502500690e-01 9.706296360329643713e-01 9.726132646906985313e-01 9.748433258260671419e-01 9.774814357119854247e-01
7.927378743705275621e-01 9.808985197685116120e-01 9.785158861840539402e-01 9.765005234090692321e-01 9.747150874103069906e-01 9.730969095887973541e-01 9.715996197840601756e-01 9.701852006032062326e-01 9.688173702084528216e-01 9.674547895495431149e-01 9.660413848851723273e-01 9.644888039593549900e-01 9.626391039126966920e-01 9.601740964122850164e-01 9.563600256523898668e-01 9.491731969379380018e-01 9.312928562225096796e-01 8.599186420792324093e-01 2.055876630318614340e-01 7.213015732146894621e-01 9.001408133877539797e-01 9.329958161099322078e-01 9.439134058394521576e-01 9.485991350099582942e-01 9.507917891035305713e-01 9.516905532711413818e-01 9.516905532711419369e-01 9.507917891035310154e-01 9.485991350099585162e-01 9.439134058394517135e-01 9.329958161099329850e-01 9.001408133877539797e-01 7.213015732146944581e-01 2.055876630318630716e-01 8.599186420792318541e-01 9.312928562225090134e-01 9.491731969379376688e-01 9.563600256523886456e-01 9.601740964122851274e-01 9.626391039126961369e-01 9.644888039593548790e-01 9.660413848851727714e-01 9.674547895495434480e-01 9.688173702084537098e-01 9.701852006032052333e-01 9.715996197840606197e-01 9.730969095887971321e-01 9.747150874103068796e-01 9.765005234090685660e-01 9.785158861840534961e-01 9.808985197685112789e-01
7.989663397826664015e-01 9.833173369606185155e-01 9.811008797664381165e-01 9.792258033884765345e-01 9.775731024771768807e-01 9.760796804573184104e-01 9.747000585515107618e-01 9.733970813331579430e-01 9.721348037029519107e-01 9.708709705974212234e-01 9.695456584269547262e-01 9.680593450261852917e-01 9.662230492493155687e-01 9.636271901655256711e-01 9.592314677139537338e-01 9.497290428438573962e-01 9.198960315031687873e-01 7.227034046247444721e-01 3.865291553102655486e-01 8.769439556207488939e-01 9.318682280584794642e-01 9.466880985514871671e-01 9.525504770861775716e-01 9.553071247687375811e-01 9.566640642401973427e-01 9.572349592239545180e-01 9.572349592239535188e-01 9.566640642401970096e-01 9.553071247687380252e-01 9.525504770861776827e-01 9.466880985514862790e-01 9.318682280584803523e-01 8.769439556207486719e-01 3.865291553102954691e-01 7.227034046247389210e-01 9.198960315031695645e-01 9.497290428438577292e-01 9.592314677139540668e-01 9.636271901655254490e-01 9.662230492493152356e-01 9.680593450261859578e-01 9.695456584269542821e-01 9.708709705974212234e-01 9.721348037029521327e-01 9.733970813331580541e-01 9.747000585515114279e-01 9.760796804573178553e-01 9.775731024771772137e-01 9.792258033884773116e-01 9.811008797664383385e-01 9.833173369606181824e-01
8.051948051948052409e-01 9.850698002251906393e-01 9.829560813594736546e-01 9.811682348494944472e-01 9.796018350395607754e-01 9.781914657125841961e-01 9.768909414579959316e-01 9.756625384416472979e-01 9.744690694308053569e-01 9.732651626913100262e-01 9.719832102983755329e-01 9.705043604877515717e-01 9.685876242869948527e-01 9.656660076318815955e-01 9.601251151135437034e-01 9.458162336236830559e-01 8.826883121772998164e-01 1.358940428455806815e-01 8.071571969682880265e-01 9.244534847922408760e-01 9.469520365693285813e-01 9.547112018982012449e-01 9.581687889167431749e-01 9.599047776480469363e-01 9.607916477667644006e-01 9.611720385702406944e-01 9.611720385702411384e-01 9.607916477667640676e-01 9.599047776480477134e-01 9.581687889167426198e-01 9.547112018982004678e-01 9.469520365693288033e-01 9.244534847922397658e-01 8.071571969682902470e-01 1.358940428455993055e-01 8.826883121772951535e-01 9.458162336236821677e-01 9.601251151135443695e-01 9.656660076318812624e-01 9.685876242869950747e-01 9.705043604877520158e-01 9.719832102983764210e-01 9.732651626913105813e-01 9.744690694308054679e-01 9.756625384416480751e-01 9.768909414579958206e-01 9.781914657125843071e-01 9.796018350395611085e-01 9.811682348494942252e-01 9.829560813594738766e-01 9.850698002251911944e-01
